 #pulse    Mcore         M_csh         t_csh         Ddredge       lambda        DMh           THeshell       Tbce       THshell     interpulse       Mtot         MaxL          MaxLHe       maxR	   Mbol		Teff
   1   8.399339E-01  4.222870E-03  4.535200E+01  0.000000E+00  0.000000E+00  4.188061E-03  2.287022E+08  9.374176E+06  7.212512E+07  0.000000E+00  4.249891E+00  1.651441E+04  1.572465E+05  4.015456E+02 -5.824658E+00  3.316920E+03
   2   8.412769E-01  4.618168E-03  3.575960E+01  1.398921E-04  1.065462E-01  1.312971E-03  2.444599E+08  1.218970E+07  7.358176E+07  7.180469E+03  4.249855E+00  1.733405E+04  4.394278E+05  4.175280E+02 -5.877250E+00  3.295492E+03
   3   8.426836E-01  4.686236E-03  3.184890E+01  6.671548E-04  4.313793E-01  1.546562E-03  2.559070E+08  1.459500E+07  7.480739E+07  7.796114E+03  4.249789E+00  1.803040E+04  8.536557E+05  4.301703E+02 -5.920013E+00  3.279194E+03
   4   8.438622E-01  4.746020E-03  2.985614E+01  1.166940E-03  6.322214E-01  1.845777E-03  2.668764E+08  1.698978E+07  7.595223E+07  8.309180E+03  4.249671E+00  1.868804E+04  1.675237E+06  4.432823E+02 -5.958910E+00  3.261759E+03
   5   8.448375E-01  4.777789E-03  1.552763E+01  1.652598E-03  7.714310E-01  2.142251E-03  2.765791E+08  1.941573E+07  7.695646E+07  8.904253E+03  4.249473E+00  1.927820E+04  3.148529E+06  4.540852E+02 -5.992667E+00  3.249873E+03
   6   8.456218E-01  4.844546E-03  2.984535E+01  2.083302E-03  8.549066E-01  2.436876E-03  2.854379E+08  2.204993E+07  7.784445E+07  9.503266E+03  4.249147E+00  1.981507E+04  5.944107E+06  4.646193E+02 -6.022489E+00  3.236043E+03
   7   8.462419E-01  4.895151E-03  2.857466E+01  2.421618E-03  8.957580E-01  2.703428E-03  2.937725E+08  2.498115E+07  7.861462E+07  1.004276E+04  4.248641E+00  2.031054E+04  1.029827E+07  4.730970E+02 -6.049304E+00  3.227431E+03
   8   8.467703E-01  4.979432E-03  3.090621E+01  2.700448E-03  9.153837E-01  2.950072E-03  3.010893E+08  2.791666E+07  7.927345E+07  1.057679E+04  4.247887E+00  2.075737E+04  1.719983E+07  4.814240E+02 -6.072932E+00  3.218219E+03
   9   8.472533E-01  5.052149E-03  3.057197E+01  2.999842E-03  9.423318E-01  3.183424E-03  3.078062E+08  3.080110E+07  7.983676E+07  1.109906E+04  4.246793E+00  2.116367E+04  2.698591E+07  4.893415E+02 -6.093978E+00  3.208583E+03
  10   8.476930E-01  5.151331E-03  3.158737E+01  3.231466E-03  9.395037E-01  3.439546E-03  3.142005E+08  3.382679E+07  8.035481E+07  1.165982E+04  4.245229E+00  2.156206E+04  4.190974E+07  4.965701E+02 -6.114226E+00  3.200733E+03
  11   8.480911E-01  5.212247E-03  3.266239E+01  3.409445E-03  9.393536E-01  3.629565E-03  3.190220E+08  3.664990E+07  8.077918E+07  1.206057E+04  4.243124E+00  2.191329E+04  5.922965E+07  5.025293E+02 -6.131770E+00  3.194796E+03
  12   8.484790E-01  5.278111E-03  3.306741E+01  3.628194E-03  9.554537E-01  3.797352E-03  3.241269E+08  3.941033E+07  8.114346E+07  1.238736E+04  4.240378E+00  2.225953E+04  7.932834E+07  5.081626E+02 -6.148790E+00  3.189472E+03
  13   8.488558E-01  5.371630E-03  3.250684E+01  3.801584E-03  9.492201E-01  4.004955E-03  3.289219E+08  4.250705E+07  8.150210E+07  1.280083E+04  4.236734E+00  2.258513E+04  1.086632E+08  5.136394E+02 -6.164557E+00  3.184815E+03
  14   8.491943E-01  5.429566E-03  3.406773E+01  3.857791E-03  9.318025E-01  4.140139E-03  3.326801E+08  4.527226E+07  8.178244E+07  1.303168E+04  4.232111E+00  2.290061E+04  1.363683E+08  5.184928E+02 -6.179618E+00  3.180964E+03
  15   8.495323E-01  5.496621E-03  3.273516E+01  4.071057E-03  9.484801E-01  4.292190E-03  3.358108E+08  4.831352E+07  8.204680E+07  1.329518E+04  4.226345E+00  2.322757E+04  1.700991E+08  5.225804E+02 -6.195011E+00  3.179638E+03
  16   8.498371E-01  5.536199E-03  3.418890E+01  4.098654E-03  9.366606E-01  4.375815E-03  3.374490E+08  5.100664E+07  8.226679E+07  1.336524E+04  4.219619E+00  2.359614E+04  2.025627E+08  5.256365E+02 -6.212102E+00  3.181929E+03
  17   8.501434E-01  5.582035E-03  3.324336E+01  4.110038E-03  9.162725E-01  4.485607E-03  3.367113E+08  5.357687E+07  8.246329E+07  1.351303E+04  4.211528E+00  2.400108E+04  2.376650E+08  5.288915E+02 -6.230577E+00  3.185123E+03
  17   8.501434E-01  5.582035E-03  3.324336E+01  4.255772E-03  9.487616E-01  4.485607E-03  3.367113E+08  5.357687E+07  8.246329E+07  1.351303E+04  4.211528E+00  2.400108E+04  2.376650E+08  5.288915E+02 -6.230577E+00  3.185123E+03
  18   8.504227E-01  5.602181E-03  2.472430E+01  4.341424E-03  9.572983E-01  4.535079E-03  3.392665E+08  5.579308E+07  8.261246E+07  1.350793E+04  4.202376E+00  2.446161E+04  2.672006E+08  5.309405E+02 -6.251213E+00  3.190875E+03
  19   8.507025E-01  5.632520E-03  3.050484E+01  4.178226E-03  9.041415E-01  4.621208E-03  3.365700E+08  5.789594E+07  8.276783E+07  1.358458E+04  4.191734E+00  2.500857E+04  3.021071E+08  5.328705E+02 -6.275222E+00  3.195319E+03
  20   8.509607E-01  5.642414E-03  3.056248E+01  4.446507E-03  9.527946E-01  4.666805E-03  3.365255E+08  5.936182E+07  8.287274E+07  1.359588E+04  4.179002E+00  2.550782E+04  3.327837E+08  5.363652E+02 -6.296684E+00  3.198006E+03
  21   8.512143E-01  5.655468E-03  2.928713E+01  4.214466E-03  8.966711E-01  4.700124E-03  3.379588E+08  5.993790E+07  8.291446E+07  1.360280E+04  4.161793E+00  2.577576E+04  3.587063E+08  5.432767E+02 -6.308029E+00  3.187790E+03
  22   8.514643E-01  5.662858E-03  2.906329E+01  4.509866E-03  9.516162E-01  4.739165E-03  3.366487E+08  6.049370E+07  8.295579E+07  1.362255E+04  4.138447E+00  2.603539E+04  3.842178E+08  5.504192E+02 -6.318910E+00  3.173040E+03
  23   8.516957E-01  5.655229E-03  2.827321E+01  4.522920E-03  9.539506E-01  4.741251E-03  3.375478E+08  6.107102E+07  8.299399E+07  1.355101E+04  4.107687E+00  2.629562E+04  4.080375E+08  5.544161E+02 -6.329709E+00  3.169017E+03
  24   8.519211E-01  5.638301E-03  2.684611E+01  4.532933E-03  9.546345E-01  4.748344E-03  3.404372E+08  6.152643E+07  8.302478E+07  1.349555E+04  4.067142E+00  2.651045E+04  4.251655E+08  5.564105E+02 -6.338542E+00  3.166848E+03
  25   8.521416E-01  5.623400E-03  2.667376E+01  4.539788E-03  9.550710E-01  4.753351E-03  3.388878E+08  6.182347E+07  8.303086E+07  1.344632E+04  4.010433E+00  2.666979E+04  4.362026E+08  5.610740E+02 -6.345049E+00  3.154079E+03
  26   8.523453E-01  5.596876E-03  2.683971E+01  4.516959E-03  9.522266E-01  4.743576E-03  3.390568E+08  6.188641E+07  8.301332E+07  1.337104E+04  3.925346E+00  2.668570E+04  4.457246E+08  5.656826E+02 -6.345697E+00  3.140467E+03
  27   8.525493E-01  5.566120E-03  2.668388E+01  4.501104E-03  9.534487E-01  4.720867E-03  3.418145E+08  6.149806E+07  8.298076E+07  1.327741E+04  3.785846E+00  2.654903E+04  4.439480E+08  5.690529E+02 -6.340122E+00  3.127656E+03
  27   8.525493E-01  5.566120E-03  2.668388E+01  4.501104E-03  9.534487E-01  4.720867E-03  3.418145E+08  6.149806E+07  8.298076E+07  1.327741E+04  3.785846E+00  2.654903E+04  4.439480E+08  5.690529E+02 -6.340122E+00  3.127656E+03
  28   8.527429E-01  5.530715E-03  2.062192E+01  4.128039E-03  8.792865E-01  4.694760E-03  3.470875E+08  6.074110E+07  8.291677E+07  1.321368E+04  3.514708E+00  2.630397E+04  4.495498E+08  5.688902E+02 -6.330054E+00  3.118799E+03
  29   8.529700E-01  5.521417E-03  2.827868E+01  4.529655E-03  9.634621E-01  4.701436E-03  3.439411E+08  5.120115E+07  8.248462E+07  1.361192E+04  3.072627E+00  2.456407E+04  4.494582E+08  5.979292E+02 -6.255751E+00  3.017668E+03
  30   8.533139E-01  5.639255E-03  3.058366E+01  4.579782E-03  9.397175E-01  4.873574E-03  3.403699E+08  2.838192E+07  8.170439E+07  1.474334E+04  2.613734E+00  2.330958E+04  5.321737E+08  7.078910E+02 -6.198837E+00  2.781246E+03
  31   8.535017E-01  5.597353E-03  2.846151E+01  4.443586E-03  9.320390E-01  4.767597E-03  3.512072E+08  2.607709E+03  8.110222E+07  1.476944E+04  2.165016E+00  2.265885E+04  5.242165E+08  7.956682E+02 -6.168095E+00  2.644138E+03
