#
# Initial mass = 1.500, Z =  0.0028, Y =  0.250, M_mix = 2.00E-03
#
# Initial abundances
# El  Z   log e(X)   [X/H]    [X/Fe]     [X/O]      X(i)
  p   1  12.000000  0.000000  0.000000  0.000000 7.53145E-01
 he   2  10.922443 -0.007557  0.710303  0.716176 2.50177E-01
  c   6   7.752133 -0.717867 -0.000007  0.005866 5.07144E-04
  n   7   7.152144 -0.717855  0.000004  0.005877 1.48562E-04
  o   8   8.006267 -0.723733 -0.005873  0.000000 1.21277E-03
  f   9   3.742134 -0.717866 -0.000006  0.005867 7.83899E-08
 ne  10   7.252139 -0.717861 -0.000001  0.005872 2.69450E-04
 na  11   5.592154 -0.717846  0.000014  0.005887 6.71601E-06
 mg  12   6.922137 -0.717863 -0.000003  0.005870 1.51793E-04
 al  13   5.752143 -0.717857  0.000003  0.005876 1.13929E-05
 si  14   6.832143 -0.717857  0.000003  0.005876 1.42578E-04
  p  15   4.752143 -0.717857  0.000003  0.005876 1.30785E-06
  s  16   6.442142 -0.717858  0.000001  0.005875 6.63118E-05
 cl  17   4.512141 -0.717859  0.000000  0.005874 8.61414E-07
 ar  18   5.722135 -0.717865 -0.000005  0.005868 1.57416E-05
  k  19   4.361567 -0.718432 -0.000573  0.005301 6.71646E-07
 ca  20   5.572127 -0.717873 -0.000013  0.005860 1.11802E-05
 sc  21   2.332141 -0.717859  0.000001  0.005874 7.21683E-09
 ti  22   4.192142 -0.717858  0.000001  0.005875 5.56668E-07
  v  23   3.241054 -0.718946 -0.001087  0.004786 6.63053E-08
 cr  24   4.902851 -0.737149 -0.019289 -0.013416 3.10627E-06
 mn  25   4.762147 -0.717853  0.000007  0.005880 2.37377E-06
 fe  26   6.822140 -0.717860  0.000000  0.005873 2.77040E-04
 co  27   4.152139 -0.717861 -0.000001  0.005872 6.25052E-07
 ni  28   5.482144 -0.717855  0.000004  0.005877 1.33091E-05
 cu  29   3.532141 -0.717859  0.000000  0.005874 1.61677E-07
 zn  30   3.912146 -0.717854  0.000005  0.005878 3.99211E-07
 ga  31   2.362142 -0.717858  0.000001  0.005875 1.19932E-08
 ge  32   2.827766 -0.752234 -0.034374 -0.028501 3.65057E-08
 as  33   1.582138 -0.717862 -0.000002  0.005871 2.13878E-09
 se  34   2.578215 -0.761785 -0.043926 -0.038052 2.23378E-08
 br  35   1.822149 -0.717851  0.000009  0.005882 3.96402E-09
 kr  36   2.530568 -0.719432 -0.001572  0.004301 2.12432E-08
 rb  37   1.642153 -0.717847  0.000013  0.005886 2.80140E-09
 sr  38   2.159709 -0.720291 -0.002431  0.003442 9.45650E-09
  y  39   1.452160 -0.717840  0.000020  0.005893 1.88152E-09
 zr  40   1.812142 -0.717858  0.000002  0.005875 4.42252E-09
 nb  41   0.692151 -0.717849  0.000011  0.005884 3.41675E-10
 mo  42   1.100959 -0.839041 -0.121181 -0.115308 9.04433E-10
 tc  43   0.000000 -9.000000  0.000000  0.000000 0.00000E+00
 ru  44   0.911195 -0.848805 -0.130945 -0.125072 6.15510E-10
 rh  45   0.342142 -0.717858  0.000002  0.005875 1.69045E-10
 pd  46   0.872957 -0.777043 -0.059183 -0.053310 5.93470E-10
 ag  47   0.482141 -0.717860  0.000000  0.005873 2.44597E-10
 cd  48   0.952420 -0.757580 -0.039720 -0.033847 7.52744E-10
 in  49   0.023100 -0.736900 -0.019040 -0.013167 9.04749E-11
 sn  50   1.289708 -0.780292 -0.062432 -0.056559 1.72828E-09
 sb  51   0.049609 -0.960391 -0.242531 -0.236658 1.01984E-10
 te  52   0.994768 -1.185232 -0.467372 -0.461499 9.41971E-10
  i  53   0.832136 -0.717864 -0.000004  0.005869 6.44213E-10
 xe  54   1.485059 -0.754941 -0.037081 -0.031208 2.99722E-09
 cs  55   0.362142 -0.717858  0.000001  0.005875 2.28613E-10
 ba  56   1.461242 -0.718758 -0.000899  0.004975 2.96768E-09
 la  57   0.451750 -0.718250 -0.000390  0.005483 2.93690E-10
 ce  58   0.860240 -0.719760 -0.001900  0.003973 7.58832E-10
 pr  59   0.042142 -0.717858  0.000002  0.005875 1.16010E-10
 nd  60   0.707139 -0.742861 -0.025001 -0.019128 5.49089E-10
 pm  61   0.000000 -9.000000  0.000000  0.000000 0.00000E+00
 sm  62   0.092433 -0.847567 -0.129707 -0.123834 1.38990E-10
 eu  63  -0.207857 -0.717857  0.000003  0.005876 7.03563E-11
 gd  64   0.332143 -0.717857  0.000003  0.005876 2.52436E-10
 tb  65  -0.397854 -0.717854  0.000006  0.005879 4.75070E-11
 dy  66   0.411488 -0.718512 -0.000653  0.005221 3.13155E-10
 ho  67  -0.247858 -0.717858  0.000002  0.005875 6.96403E-11
 er  68   0.194519 -0.725481 -0.007621 -0.001748 1.95581E-10
 tm  69  -0.597858 -0.717858  0.000001  0.005875 3.18623E-11
 yb  70   0.141113 -0.778887 -0.061027 -0.055154 1.78928E-10
 lu  71  -0.627858 -0.717858  0.000002  0.005875 3.07975E-11
 hf  72  -0.008569 -0.718569 -0.000709  0.005164 1.30757E-10
 ta  73  -0.837912 -0.717912 -0.000052  0.005821 1.96363E-11
  w  74  -0.068380 -0.718380 -0.000521  0.005353 1.17349E-10
 re  75  -0.457860 -0.717860  0.000000  0.005873 4.84791E-11
 os  76   0.632057 -0.717943 -0.000083  0.005790 6.09192E-10
 ir  77   0.602143 -0.717857  0.000003  0.005876 5.74585E-10
 pt  78   0.869803 -0.750197 -0.032337 -0.026464 1.08001E-09
 au  79   0.082144 -0.717856  0.000004  0.005877 1.77810E-10
 hg  80   0.420526 -0.749474 -0.031615 -0.025741 3.94688E-10
 tl  81   0.052142 -0.717858  0.000002  0.005875 1.72189E-10
 pb  82   1.322138 -0.717862 -0.000002  0.005871 3.25047E-09
 bi  83  -0.067855 -0.717855  0.000005  0.005878 1.33557E-10
 po  84   0.000000 -9.000000  0.000000  0.000000 0.00000E+00
#[ls/Fe]_Thiswork =  -0.0008, [hs/Fe]_Thiswork =  -0.0011
#[hs/ls]_Thiswork =  -0.0003, [Pb/hs]_Thiswork =   0.0011
# Elemental abundance ratios: 
# He/H =  8.3646E-02, C/O =  5.5702E-01, N/O = 1.39919E-01
#
#
# During TP-AGB
#  TP   Mass     Mcore    Menv    log L
#  1 1.499980 0.554661 0.945320 3.270400
# El  Z   log e(X)   [X/H]    [X/Fe]     [X/O]      X(i)
  p   1  12.000000  0.000000  0.000000  0.000000 7.31487E-01
 he   2  10.971036  0.041036  0.758895  0.764769 2.71748E-01
  c   6   7.572893 -0.897107 -0.179247 -0.173374 3.26000E-04
  n   7   7.551003 -0.318997  0.398862  0.404736 3.61488E-04
  o   8   8.018251 -0.711748  0.006112  0.000000 1.21085E-03
  f   9   3.751733 -0.708267  0.009593  0.003481 7.78372E-08
 ne  10   7.263278 -0.706722  0.011138  0.005026 2.68501E-04
 na  11   5.669684 -0.640316  0.077544  0.071432 7.79774E-06
 mg  12   6.934809 -0.705191  0.012669  0.006557 1.51793E-04
 al  13   5.764823 -0.705176  0.012683  0.006572 1.13931E-05
 si  14   6.844816 -0.705184  0.012675  0.006564 1.42578E-04
  p  15   4.764815 -0.705184  0.012675  0.006564 1.30785E-06
  s  16   6.454814 -0.705186  0.012674  0.006562 6.63118E-05
 cl  17   4.524813 -0.705187  0.012672  0.006561 8.61414E-07
 ar  18   5.734807 -0.705193  0.012667  0.006556 1.57416E-05
  k  19   4.374197 -0.705803  0.012056  0.005945 6.71579E-07
 ca  20   5.584802 -0.705198  0.012661  0.006550 1.11803E-05
 sc  21   2.344813 -0.705187  0.012673  0.006562 7.21683E-09
 ti  22   4.204814 -0.705186  0.012674  0.006562 5.56668E-07
  v  23   3.253726 -0.706274  0.011586  0.005474 6.63053E-08
 cr  24   4.915523 -0.724477 -0.006617 -0.012729 3.10627E-06
 mn  25   4.774819 -0.705181  0.012679  0.006567 2.37377E-06
 fe  26   6.834813 -0.705187  0.000000  0.006561 2.77040E-04
 co  27   4.164811 -0.705189 -0.000001  0.006559 6.25052E-07
 ni  28   5.494817 -0.705183  0.000004  0.006565 1.33091E-05
 cu  29   3.544814 -0.705186  0.000001  0.006562 1.61677E-07
 zn  30   3.924818 -0.705182  0.000005  0.006566 3.99211E-07
 ga  31   2.374814 -0.705186  0.000001  0.006562 1.19932E-08
 ge  32   2.840439 -0.739561 -0.034374 -0.027813 3.65057E-08
 as  33   1.594810 -0.705189 -0.000002  0.006559 2.13878E-09
 se  34   2.590886 -0.749114 -0.043926 -0.037366 2.23378E-08
 br  35   1.834822 -0.705178  0.000009  0.006570 3.96403E-09
 kr  36   2.543241 -0.706759 -0.001572  0.004989 2.12432E-08
 rb  37   1.651234 -0.708766 -0.003579  0.002982 2.77833E-09
 sr  38   2.173467 -0.706533 -0.001346  0.005215 9.48016E-09
  y  39   1.464833 -0.705167  0.000021  0.006581 1.88153E-09
 zr  40   1.824815 -0.705185  0.000002  0.006563 4.42252E-09
 nb  41   0.704823 -0.705176  0.000011  0.006572 3.41675E-10
 mo  42   1.113631 -0.826369 -0.121181 -0.114621 9.04433E-10
 tc  43   0.000000 -9.000000  0.000000  0.000000 5.40630E-25
 ru  44   0.923866 -0.836134 -0.130946 -0.124386 6.15510E-10
 rh  45   0.354815 -0.705185  0.000002  0.006563 1.69045E-10
 pd  46   0.885630 -0.764370 -0.059183 -0.052622 5.93470E-10
 ag  47   0.494813 -0.705187  0.000000  0.006561 2.44597E-10
 cd  48   0.965093 -0.744907 -0.039720 -0.033159 7.52744E-10
 in  49   0.035772 -0.724228 -0.019040 -0.012480 9.04750E-11
 sn  50   1.302381 -0.767619 -0.062432 -0.055871 1.72828E-09
 sb  51   0.062283 -0.947717 -0.242530 -0.235969 1.01984E-10
 te  52   1.007441 -1.172559 -0.467372 -0.460811 9.41971E-10
  i  53   0.844809 -0.705191 -0.000004  0.006557 6.44213E-10
 xe  54   1.497731 -0.742269 -0.037081 -0.030521 2.99722E-09
 cs  55   0.374814 -0.705186  0.000001  0.006562 2.28613E-10
 ba  56   1.473915 -0.706085 -0.000898  0.005663 2.96768E-09
 la  57   0.464422 -0.705578 -0.000390  0.006170 2.93690E-10
 ce  58   0.872912 -0.707088 -0.001900  0.004660 7.58833E-10
 pr  59   0.054814 -0.705186  0.000002  0.006562 1.16010E-10
 nd  60   0.719811 -0.730189 -0.025001 -0.018440 5.49089E-10
 pm  61   0.000000 -9.000000  0.000000  0.000000 0.00000E+00
 sm  62   0.105105 -0.834895 -0.129707 -0.123146 1.38990E-10
 eu  63  -0.195184 -0.705184  0.000004  0.006564 7.03563E-11
 gd  64   0.344815 -0.705185  0.000003  0.006563 2.52436E-10
 tb  65  -0.385180 -0.705180  0.000007  0.006568 4.75070E-11
 dy  66   0.424160 -0.705840 -0.000653  0.005908 3.13155E-10
 ho  67  -0.235185 -0.705185  0.000003  0.006563 6.96403E-11
 er  68   0.207191 -0.712809 -0.007621 -0.001060 1.95581E-10
 tm  69  -0.585186 -0.705186  0.000001  0.006562 3.18623E-11
 yb  70   0.153786 -0.766214 -0.061027 -0.054466 1.78928E-10
 lu  71  -0.615642 -0.705642 -0.000454  0.006106 3.07653E-11
 hf  72   0.004214 -0.705786 -0.000598  0.005962 1.30790E-10
 ta  73  -0.825239 -0.705239 -0.000052  0.006509 1.96364E-11
  w  74  -0.055707 -0.705707 -0.000520  0.006041 1.17349E-10
 re  75  -0.454787 -0.714787 -0.009600 -0.003039 4.74193E-11
 os  76   0.645501 -0.704499  0.000688  0.007249 6.10275E-10
 ir  77   0.614817 -0.705183  0.000004  0.006565 5.74585E-10
 pt  78   0.882475 -0.737525 -0.032338 -0.025777 1.08001E-09
 au  79   0.094817 -0.705183  0.000004  0.006565 1.77810E-10
 hg  80   0.433199 -0.736801 -0.031614 -0.025053 3.94688E-10
 tl  81   0.064816 -0.705184  0.000003  0.006564 1.72189E-10
 pb  82   1.334811 -0.705189 -0.000001  0.006559 3.25048E-09
 bi  83  -0.055182 -0.705182  0.000005  0.006566 1.33558E-10
 po  84   0.000000 -9.000000  0.000000  0.000000 6.04812E-25
#[ls/Fe]_Thiswork =  -0.0004, [hs/Fe]_Thiswork =  -0.0011
#[hs/ls]_Thiswork =  -0.0006, [Pb/hs]_Thiswork =   0.0011
# Elemental abundance ratios: 
# He/H =  9.3548E-02, C/O =  3.5863E-01, N/O = 3.40998E-01
#
#  TP   Mass     Mcore    Menv    log L
#  2 1.499980 0.557092 0.942888 3.390980
# El  Z   log e(X)   [X/H]    [X/Fe]     [X/O]      X(i)
  p   1  12.000000  0.000000  0.000000  0.000000 7.31454E-01
 he   2  10.971107  0.041107  0.746294  0.752855 2.71781E-01
  c   6   7.572171 -0.897829 -0.192642 -0.186081 3.25445E-04
  n   7   7.552214 -0.317786  0.387402  0.393962 3.62482E-04
  o   8   8.018129 -0.711870 -0.006683  0.000000 1.21045E-03
  f   9   3.751414 -0.708586 -0.003398  0.003284 7.77766E-08
 ne  10   7.263265 -0.706735 -0.001547  0.005136 2.68481E-04
 na  11   5.670972 -0.639028  0.066159  0.072842 7.82055E-06
 mg  12   6.934827 -0.705173  0.000015  0.006698 1.51792E-04
 al  13   5.764855 -0.705145  0.000042  0.006725 1.13935E-05
 si  14   6.844835 -0.705165  0.000022  0.006705 1.42578E-04
  p  15   4.764835 -0.705165  0.000022  0.006705 1.30785E-06
  s  16   6.454834 -0.705166  0.000021  0.006704 6.63118E-05
 cl  17   4.524832 -0.705168  0.000020  0.006702 8.61414E-07
 ar  18   5.734827 -0.705173  0.000014  0.006697 1.57416E-05
  k  19   4.374216 -0.705784 -0.000597  0.006086 6.71579E-07
 ca  20   5.584821 -0.705179  0.000009  0.006691 1.11803E-05
 sc  21   2.344832 -0.705168  0.000020  0.006703 7.21683E-09
 ti  22   4.204834 -0.705166  0.000021  0.006704 5.56668E-07
  v  23   3.253746 -0.706254 -0.001067  0.005616 6.63053E-08
 cr  24   4.915543 -0.724457 -0.019270 -0.012587 3.10627E-06
 mn  25   4.774839 -0.705161  0.000026  0.006709 2.37377E-06
 fe  26   6.834832 -0.705168  0.000000  0.006702 2.77040E-04
 co  27   4.164831 -0.705169 -0.000001  0.006701 6.25052E-07
 ni  28   5.494836 -0.705163  0.000004  0.006707 1.33091E-05
 cu  29   3.544833 -0.705167  0.000001  0.006703 1.61677E-07
 zn  30   3.924838 -0.705162  0.000006  0.006708 3.99211E-07
 ga  31   2.374834 -0.705166  0.000002  0.006704 1.19932E-08
 ge  32   2.840458 -0.739542 -0.034374 -0.027672 3.65057E-08
 as  33   1.594831 -0.705169 -0.000002  0.006701 2.13878E-09
 se  34   2.590906 -0.749094 -0.043926 -0.037224 2.23378E-08
 br  35   1.834842 -0.705158  0.000010  0.006712 3.96403E-09
 kr  36   2.543261 -0.706739 -0.001572  0.005131 2.12432E-08
 rb  37   1.651253 -0.708747 -0.003579  0.003123 2.77832E-09
 sr  38   2.173486 -0.706514 -0.001347  0.005356 9.48016E-09
  y  39   1.464852 -0.705148  0.000020  0.006722 1.88153E-09
 zr  40   1.824835 -0.705165  0.000003  0.006705 4.42252E-09
 nb  41   0.704843 -0.705157  0.000010  0.006713 3.41675E-10
 mo  42   1.113650 -0.826350 -0.121182 -0.114480 9.04433E-10
 tc  43   0.000000 -9.000000  0.000000  0.000000 1.12199E-24
 ru  44   0.923886 -0.836114 -0.130946 -0.124243 6.15510E-10
 rh  45   0.354835 -0.705165  0.000002  0.006705 1.69045E-10
 pd  46   0.885649 -0.764351 -0.059183 -0.052481 5.93470E-10
 ag  47   0.494833 -0.705167  0.000001  0.006703 2.44597E-10
 cd  48   0.965112 -0.744888 -0.039721 -0.033018 7.52744E-10
 in  49   0.035792 -0.724208 -0.019040 -0.012337 9.04750E-11
 sn  50   1.302400 -0.767600 -0.062433 -0.055730 1.72828E-09
 sb  51   0.062302 -0.947698 -0.242531 -0.235828 1.01984E-10
 te  52   1.007461 -1.172539 -0.467372 -0.460669 9.41971E-10
  i  53   0.844828 -0.705172 -0.000005  0.006698 6.44213E-10
 xe  54   1.497751 -0.742249 -0.037081 -0.030379 2.99722E-09
 cs  55   0.374834 -0.705166  0.000002  0.006704 2.28613E-10
 ba  56   1.473934 -0.706066 -0.000898  0.005804 2.96768E-09
 la  57   0.464442 -0.705558 -0.000390  0.006312 2.93690E-10
 ce  58   0.872931 -0.707069 -0.001901  0.004802 7.58833E-10
 pr  59   0.054834 -0.705166  0.000002  0.006705 1.16010E-10
 nd  60   0.719831 -0.730170 -0.025002 -0.018299 5.49089E-10
 pm  61   0.000000 -9.000000  0.000000  0.000000 0.00000E+00
 sm  62   0.105125 -0.834875 -0.129707 -0.123004 1.38990E-10
 eu  63  -0.195165 -0.705165  0.000003  0.006706 7.03563E-11
 gd  64   0.344835 -0.705165  0.000003  0.006706 2.52436E-10
 tb  65  -0.385161 -0.705161  0.000006  0.006709 4.75070E-11
 dy  66   0.424180 -0.705820 -0.000652  0.006050 3.13155E-10
 ho  67  -0.235166 -0.705166  0.000002  0.006705 6.96403E-11
 er  68   0.207211 -0.712789 -0.007621 -0.000918 1.95581E-10
 tm  69  -0.585167 -0.705167  0.000001  0.006703 3.18623E-11
 yb  70   0.153806 -0.766194 -0.061027 -0.054324 1.78928E-10
 lu  71  -0.615623 -0.705623 -0.000455  0.006248 3.07653E-11
 hf  72   0.004233 -0.705767 -0.000599  0.006104 1.30790E-10
 ta  73  -0.825219 -0.705219 -0.000051  0.006651 1.96364E-11
  w  74  -0.055688 -0.705688 -0.000520  0.006182 1.17349E-10
 re  75  -0.454768 -0.714768 -0.009600 -0.002898 4.74192E-11
 os  76   0.645520 -0.704480  0.000688  0.007390 6.10275E-10
 ir  77   0.614836 -0.705164  0.000003  0.006706 5.74585E-10
 pt  78   0.882495 -0.737505 -0.032337 -0.025635 1.08001E-09
 au  79   0.094836 -0.705164  0.000004  0.006706 1.77810E-10
 hg  80   0.433218 -0.736782 -0.031614 -0.024912 3.94688E-10
 tl  81   0.064835 -0.705165  0.000002  0.006705 1.72189E-10
 pb  82   1.334830 -0.705170 -0.000002  0.006701 3.25048E-09
 bi  83  -0.055162 -0.705162  0.000005  0.006708 1.33558E-10
 po  84   0.000000 -9.000000  0.000000  0.000000 6.71696E-25
#[ls/Fe]_Thiswork =  -0.0004, [hs/Fe]_Thiswork =  -0.0011
#[hs/ls]_Thiswork =  -0.0006, [Pb/hs]_Thiswork =   0.0011
# Elemental abundance ratios: 
# He/H =  9.3564E-02, C/O =  3.5813E-01, N/O = 3.42046E-01
#
#  TP   Mass     Mcore    Menv    log L
#  3 1.499980 0.560335 0.939641 3.454230
# El  Z   log e(X)   [X/H]    [X/Fe]     [X/O]      X(i)
  p   1  12.000000  0.000000  0.000000  0.000000 7.31568E-01
 he   2  10.970858  0.040857  0.746025  0.752728 2.71667E-01
  c   6   7.573222 -0.896779 -0.191611 -0.184908 3.26283E-04
  n   7   7.551188 -0.318811  0.386356  0.393059 3.61683E-04
  o   8   8.017988 -0.712011 -0.006844  0.000000 1.21025E-03
  f   9   3.751187 -0.708813 -0.003645  0.003199 7.77481E-08
 ne  10   7.263190 -0.706810 -0.001642  0.005201 2.68476E-04
 na  11   5.671194 -0.638806  0.066361  0.073205 7.82577E-06
 mg  12   6.934759 -0.705241 -0.000073  0.006771 1.51792E-04
 al  13   5.764795 -0.705205 -0.000037  0.006806 1.13937E-05
 si  14   6.844768 -0.705233 -0.000065  0.006779 1.42578E-04
  p  15   4.764767 -0.705233 -0.000065  0.006778 1.30785E-06
  s  16   6.454765 -0.705235 -0.000067  0.006777 6.63118E-05
 cl  17   4.524765 -0.705235 -0.000068  0.006776 8.61414E-07
 ar  18   5.734759 -0.705241 -0.000073  0.006771 1.57416E-05
  k  19   4.374148 -0.705852 -0.000684  0.006160 6.71579E-07
 ca  20   5.584753 -0.705247 -0.000079  0.006764 1.11803E-05
 sc  21   2.344765 -0.705235 -0.000067  0.006776 7.21683E-09
 ti  22   4.204766 -0.705234 -0.000066  0.006777 5.56668E-07
  v  23   3.253677 -0.706323 -0.001155  0.005689 6.63053E-08
 cr  24   4.915475 -0.724525 -0.019357 -0.012514 3.10627E-06
 mn  25   4.774771 -0.705229 -0.000061  0.006783 2.37377E-06
 fe  26   6.834764 -0.705235  0.000000  0.006776 2.77040E-04
 co  27   4.164763 -0.705237 -0.000001  0.006774 6.25052E-07
 ni  28   5.494768 -0.705232  0.000004  0.006780 1.33091E-05
 cu  29   3.544765 -0.705235  0.000001  0.006777 1.61677E-07
 zn  30   3.924770 -0.705230  0.000006  0.006782 3.99211E-07
 ga  31   2.374765 -0.705235  0.000001  0.006777 1.19932E-08
 ge  32   2.840390 -0.739610 -0.034374 -0.027598 3.65057E-08
 as  33   1.594763 -0.705237 -0.000002  0.006774 2.13878E-09
 se  34   2.590838 -0.749161 -0.043926 -0.037150 2.23378E-08
 br  35   1.834774 -0.705226  0.000010  0.006785 3.96403E-09
 kr  36   2.543193 -0.706807 -0.001572  0.005204 2.12432E-08
 rb  37   1.651185 -0.708815 -0.003579  0.003196 2.77832E-09
 sr  38   2.173418 -0.706582 -0.001347  0.005429 9.48016E-09
  y  39   1.464785 -0.705215  0.000020  0.006796 1.88153E-09
 zr  40   1.824766 -0.705234  0.000002  0.006778 4.42252E-09
 nb  41   0.704775 -0.705225  0.000010  0.006786 3.41675E-10
 mo  42   1.113583 -0.826417 -0.121182 -0.114406 9.04433E-10
 tc  43   0.000000 -9.000000  0.000000  0.000000 1.09916E-24
 ru  44   0.923819 -0.836181 -0.130946 -0.124170 6.15510E-10
 rh  45   0.354766 -0.705234  0.000001  0.006777 1.69045E-10
 pd  46   0.885581 -0.764419 -0.059183 -0.052408 5.93470E-10
 ag  47   0.494765 -0.705235  0.000001  0.006777 2.44597E-10
 cd  48   0.965044 -0.744956 -0.039721 -0.032945 7.52744E-10
 in  49   0.035724 -0.724276 -0.019041 -0.012265 9.04750E-11
 sn  50   1.302332 -0.767668 -0.062433 -0.055657 1.72828E-09
 sb  51   0.062234 -0.947766 -0.242531 -0.235755 1.01984E-10
 te  52   1.007393 -1.172607 -0.467372 -0.460596 9.41971E-10
  i  53   0.844760 -0.705240 -0.000005  0.006771 6.44213E-10
 xe  54   1.497684 -0.742316 -0.037081 -0.030305 2.99722E-09
 cs  55   0.374765 -0.705235  0.000001  0.006777 2.28613E-10
 ba  56   1.473866 -0.706134 -0.000898  0.005878 2.96768E-09
 la  57   0.464374 -0.705626 -0.000391  0.006385 2.93690E-10
 ce  58   0.872864 -0.707136 -0.001901  0.004875 7.58833E-10
 pr  59   0.054766 -0.705234  0.000001  0.006777 1.16010E-10
 nd  60   0.719763 -0.730237 -0.025002 -0.018226 5.49089E-10
 pm  61   0.000000 -9.000000  0.000000  0.000000 0.00000E+00
 sm  62   0.105057 -0.834943 -0.129708 -0.122932 1.38990E-10
 eu  63  -0.195232 -0.705232  0.000003  0.006779 7.03563E-11
 gd  64   0.344768 -0.705232  0.000003  0.006779 2.52436E-10
 tb  65  -0.385229 -0.705229  0.000006  0.006782 4.75070E-11
 dy  66   0.424112 -0.705888 -0.000652  0.006124 3.13155E-10
 ho  67  -0.235233 -0.705233  0.000002  0.006778 6.96403E-11
 er  68   0.207144 -0.712856 -0.007621 -0.000845 1.95581E-10
 tm  69  -0.585235 -0.705235  0.000001  0.006777 3.18623E-11
 yb  70   0.153738 -0.766262 -0.061027 -0.054251 1.78928E-10
 lu  71  -0.615690 -0.705690 -0.000455  0.006321 3.07653E-11
 hf  72   0.004166 -0.705834 -0.000599  0.006177 1.30790E-10
 ta  73  -0.825287 -0.705287 -0.000051  0.006724 1.96364E-11
  w  74  -0.055756 -0.705756 -0.000520  0.006256 1.17349E-10
 re  75  -0.454837 -0.714837 -0.009601 -0.002825 4.74191E-11
 os  76   0.645452 -0.704548  0.000688  0.007464 6.10275E-10
 ir  77   0.614768 -0.705232  0.000003  0.006779 5.74585E-10
 pt  78   0.882427 -0.737573 -0.032337 -0.025561 1.08001E-09
 au  79   0.094769 -0.705231  0.000004  0.006780 1.77810E-10
 hg  80   0.433150 -0.736850 -0.031614 -0.024838 3.94688E-10
 tl  81   0.064767 -0.705233  0.000002  0.006778 1.72189E-10
 pb  82   1.334763 -0.705237 -0.000002  0.006774 3.25048E-09
 bi  83  -0.055231 -0.705231  0.000004  0.006780 1.33558E-10
 po  84   0.000000 -9.000000  0.000000  0.000000 7.20908E-25
#[ls/Fe]_Thiswork =  -0.0004, [hs/Fe]_Thiswork =  -0.0011
#[hs/ls]_Thiswork =  -0.0006, [Pb/hs]_Thiswork =   0.0011
# Elemental abundance ratios: 
# He/H =  9.3510E-02, C/O =  3.5912E-01, N/O = 3.41351E-01
#
#  TP   Mass     Mcore    Menv    log L
#  4 1.499970 0.564913 0.935060 3.527260
# El  Z   log e(X)   [X/H]    [X/Fe]     [X/O]      X(i)
  p   1  12.000000  0.000000  0.000000  0.000000 7.31571E-01
 he   2  10.970850  0.040850  0.746085  0.752861 2.71664E-01
  c   6   7.573255 -0.896746 -0.191510 -0.184734 3.26310E-04
  n   7   7.551149 -0.318851  0.386385  0.393161 3.61652E-04
  o   8   8.017986 -0.712013 -0.006778  0.000000 1.21025E-03
  f   9   3.751186 -0.708814 -0.003578  0.003200 7.77482E-08
 ne  10   7.263188 -0.706811 -0.001576  0.005202 2.68476E-04
 na  11   5.671183 -0.638817  0.066418  0.073196 7.82560E-06
 mg  12   6.934757 -0.705243 -0.000007  0.006771 1.51792E-04
 al  13   5.764791 -0.705208  0.000027  0.006805 1.13936E-05
 si  14   6.844766 -0.705235  0.000001  0.006779 1.42578E-04
  p  15   4.764765 -0.705235  0.000000  0.006778 1.30785E-06
  s  16   6.454763 -0.705236 -0.000001  0.006777 6.63118E-05
 cl  17   4.524763 -0.705237 -0.000002  0.006776 8.61414E-07
 ar  18   5.734757 -0.705243 -0.000007  0.006771 1.57416E-05
  k  19   4.374146 -0.705853 -0.000618  0.006160 6.71579E-07
 ca  20   5.584752 -0.705248 -0.000013  0.006765 1.11803E-05
 sc  21   2.344763 -0.705237 -0.000002  0.006776 7.21683E-09
 ti  22   4.204764 -0.705236  0.000000  0.006777 5.56668E-07
  v  23   3.253675 -0.706325 -0.001089  0.005689 6.63053E-08
 cr  24   4.915473 -0.724527 -0.019291 -0.012514 3.10627E-06
 mn  25   4.774769 -0.705231  0.000005  0.006783 2.37377E-06
 fe  26   6.834763 -0.705237  0.000000  0.006776 2.77040E-04
 co  27   4.164761 -0.705239 -0.000001  0.006774 6.25052E-07
 ni  28   5.494766 -0.705234  0.000004  0.006780 1.33091E-05
 cu  29   3.544764 -0.705236  0.000001  0.006777 1.61677E-07
 zn  30   3.924768 -0.705232  0.000006  0.006782 3.99211E-07
 ga  31   2.374763 -0.705236  0.000001  0.006777 1.19932E-08
 ge  32   2.840388 -0.739612 -0.034374 -0.027598 3.65057E-08
 as  33   1.594761 -0.705239 -0.000002  0.006774 2.13878E-09
 se  34   2.590837 -0.749163 -0.043926 -0.037150 2.23378E-08
 br  35   1.834772 -0.705228  0.000010  0.006785 3.96403E-09
 kr  36   2.543191 -0.706809 -0.001572  0.005204 2.12432E-08
 rb  37   1.651183 -0.708817 -0.003579  0.003196 2.77832E-09
 sr  38   2.173416 -0.706584 -0.001347  0.005429 9.48017E-09
  y  39   1.464783 -0.705217  0.000020  0.006796 1.88153E-09
 zr  40   1.824764 -0.705236  0.000002  0.006778 4.42252E-09
 nb  41   0.704773 -0.705227  0.000010  0.006786 3.41675E-10
 mo  42   1.113581 -0.826419 -0.121182 -0.114406 9.04433E-10
 tc  43   0.000000 -9.000000  0.000000  0.000000 6.53745E-25
 ru  44   0.923817 -0.836183 -0.130946 -0.124170 6.15510E-10
 rh  45   0.354764 -0.705236  0.000001  0.006777 1.69045E-10
 pd  46   0.885579 -0.764421 -0.059183 -0.052408 5.93470E-10
 ag  47   0.494763 -0.705237  0.000001  0.006777 2.44597E-10
 cd  48   0.965042 -0.744958 -0.039721 -0.032945 7.52744E-10
 in  49   0.035723 -0.724277 -0.019040 -0.012264 9.04750E-11
 sn  50   1.302330 -0.767670 -0.062433 -0.055657 1.72828E-09
 sb  51   0.062232 -0.947768 -0.242531 -0.235755 1.01984E-10
 te  52   1.007391 -1.172609 -0.467372 -0.460596 9.41971E-10
  i  53   0.844758 -0.705242 -0.000005  0.006771 6.44213E-10
 xe  54   1.497682 -0.742318 -0.037081 -0.030305 2.99722E-09
 cs  55   0.374764 -0.705236  0.000002  0.006778 2.28613E-10
 ba  56   1.473865 -0.706136 -0.000898  0.005878 2.96768E-09
 la  57   0.464373 -0.705627 -0.000390  0.006386 2.93690E-10
 ce  58   0.872862 -0.707138 -0.001901  0.004875 7.58833E-10
 pr  59   0.054764 -0.705236  0.000001  0.006777 1.16010E-10
 nd  60   0.719761 -0.730239 -0.025002 -0.018226 5.49089E-10
 pm  61   0.000000 -9.000000  0.000000  0.000000 0.00000E+00
 sm  62   0.105055 -0.834945 -0.129708 -0.122932 1.38990E-10
 eu  63  -0.195234 -0.705234  0.000003  0.006779 7.03563E-11
 gd  64   0.344766 -0.705234  0.000003  0.006779 2.52436E-10
 tb  65  -0.385231 -0.705231  0.000006  0.006782 4.75070E-11
 dy  66   0.424110 -0.705890 -0.000652  0.006124 3.13155E-10
 ho  67  -0.235235 -0.705235  0.000002  0.006778 6.96403E-11
 er  68   0.207142 -0.712858 -0.007621 -0.000845 1.95581E-10
 tm  69  -0.585237 -0.705237  0.000001  0.006777 3.18623E-11
 yb  70   0.153736 -0.766264 -0.061027 -0.054251 1.78928E-10
 lu  71  -0.615692 -0.705692 -0.000455  0.006321 3.07653E-11
 hf  72   0.004164 -0.705836 -0.000599  0.006177 1.30790E-10
 ta  73  -0.825289 -0.705289 -0.000051  0.006724 1.96364E-11
  w  74  -0.055758 -0.705757 -0.000520  0.006256 1.17349E-10
 re  75  -0.454839 -0.714839 -0.009601 -0.002825 4.74191E-11
 os  76   0.645451 -0.704549  0.000688  0.007464 6.10275E-10
 ir  77   0.614766 -0.705234  0.000003  0.006779 5.74585E-10
 pt  78   0.882425 -0.737575 -0.032337 -0.025561 1.08001E-09
 au  79   0.094767 -0.705233  0.000004  0.006780 1.77810E-10
 hg  80   0.433148 -0.736852 -0.031614 -0.024838 3.94688E-10
 tl  81   0.064765 -0.705235  0.000002  0.006778 1.72189E-10
 pb  82   1.334761 -0.705239 -0.000002  0.006774 3.25048E-09
 bi  83  -0.055233 -0.705233  0.000004  0.006780 1.33558E-10
 po  84   0.000000 -9.000000  0.000000  0.000000 7.20803E-25
#[ls/Fe]_Thiswork =  -0.0004, [hs/Fe]_Thiswork =  -0.0011
#[hs/ls]_Thiswork =  -0.0006, [Pb/hs]_Thiswork =   0.0011
# Elemental abundance ratios: 
# He/H =  9.3508E-02, C/O =  3.5914E-01, N/O = 3.41321E-01
#
#  TP   Mass     Mcore    Menv    log L
#  5 1.499970 0.570218 0.929750 3.575630
# El  Z   log e(X)   [X/H]    [X/Fe]     [X/O]      X(i)
  p   1  12.000000  0.000000  0.000000  0.000000 7.31790E-01
 he   2  10.970371  0.040371  0.745608  0.752384 2.71446E-01
  c   6   7.575486 -0.894515 -0.189277 -0.182501 3.28088E-04
  n   7   7.548495 -0.321505  0.383733  0.390509 3.59556E-04
  o   8   8.017865 -0.712134 -0.006897  0.000000 1.21027E-03
  f   9   3.751092 -0.708908 -0.003671  0.003226 7.77545E-08
 ne  10   7.263074 -0.706925 -0.001688  0.005209 2.68486E-04
 na  11   5.670432 -0.639568  0.065670  0.072567 7.81443E-06
 mg  12   6.934628 -0.705372 -0.000135  0.006762 1.51792E-04
 al  13   5.764660 -0.705339 -0.000102  0.006795 1.13936E-05
 si  14   6.844635 -0.705365 -0.000127  0.006770 1.42578E-04
  p  15   4.764635 -0.705365 -0.000127  0.006770 1.30785E-06
  s  16   6.454634 -0.705366 -0.000129  0.006768 6.63118E-05
 cl  17   4.524633 -0.705367 -0.000130  0.006767 8.61414E-07
 ar  18   5.734628 -0.705372 -0.000135  0.006762 1.57416E-05
  k  19   4.374016 -0.705984 -0.000746  0.006151 6.71579E-07
 ca  20   5.584621 -0.705379 -0.000141  0.006756 1.11803E-05
 sc  21   2.344633 -0.705367 -0.000129  0.006768 7.21683E-09
 ti  22   4.204634 -0.705366 -0.000128  0.006769 5.56668E-07
  v  23   3.253546 -0.706454 -0.001217  0.005680 6.63053E-08
 cr  24   4.915343 -0.724657 -0.019420 -0.012523 3.10627E-06
 mn  25   4.774639 -0.705361 -0.000124  0.006773 2.37377E-06
 fe  26   6.834633 -0.705367  0.000000  0.006767 2.77040E-04
 co  27   4.164631 -0.705369 -0.000001  0.006766 6.25052E-07
 ni  28   5.494637 -0.705363  0.000004  0.006771 1.33091E-05
 cu  29   3.544634 -0.705366  0.000001  0.006768 1.61677E-07
 zn  30   3.924639 -0.705361  0.000006  0.006773 3.99211E-07
 ga  31   2.374634 -0.705366  0.000001  0.006768 1.19932E-08
 ge  32   2.840259 -0.739741 -0.034374 -0.027607 3.65057E-08
 as  33   1.594631 -0.705369 -0.000002  0.006766 2.13878E-09
 se  34   2.590707 -0.749293 -0.043926 -0.037159 2.23378E-08
 br  35   1.834641 -0.705359  0.000009  0.006776 3.96403E-09
 kr  36   2.543060 -0.706940 -0.001573  0.005195 2.12432E-08
 rb  37   1.651052 -0.708947 -0.003580  0.003187 2.77832E-09
 sr  38   2.173286 -0.706714 -0.001347  0.005421 9.48017E-09
  y  39   1.464653 -0.705347  0.000020  0.006787 1.88153E-09
 zr  40   1.824635 -0.705365  0.000002  0.006769 4.42252E-09
 nb  41   0.704643 -0.705357  0.000010  0.006778 3.41675E-10
 mo  42   1.113451 -0.826549 -0.121182 -0.114415 9.04433E-10
 tc  43   0.000000 -9.000000  0.000000  0.000000 3.80677E-25
 ru  44   0.923687 -0.836313 -0.130946 -0.124179 6.15510E-10
 rh  45   0.354634 -0.705366  0.000001  0.006769 1.69045E-10
 pd  46   0.885449 -0.764551 -0.059183 -0.052416 5.93470E-10
 ag  47   0.494633 -0.705367  0.000000  0.006767 2.44597E-10
 cd  48   0.964912 -0.745088 -0.039721 -0.032953 7.52744E-10
 in  49   0.035592 -0.724408 -0.019041 -0.012274 9.04750E-11
 sn  50   1.302200 -0.767800 -0.062433 -0.055665 1.72828E-09
 sb  51   0.062102 -0.947898 -0.242531 -0.235763 1.01984E-10
 te  52   1.007260 -1.172740 -0.467373 -0.460605 9.41971E-10
  i  53   0.844628 -0.705372 -0.000005  0.006763 6.44213E-10
 xe  54   1.497552 -0.742448 -0.037081 -0.030314 2.99722E-09
 cs  55   0.374634 -0.705366  0.000001  0.006768 2.28613E-10
 ba  56   1.473735 -0.706265 -0.000898  0.005869 2.96768E-09
 la  57   0.464242 -0.705758 -0.000391  0.006376 2.93690E-10
 ce  58   0.872732 -0.707268 -0.001901  0.004866 7.58833E-10
 pr  59   0.054634 -0.705366  0.000001  0.006768 1.16010E-10
 nd  60   0.719631 -0.730369 -0.025002 -0.018234 5.49089E-10
 pm  61   0.000000 -9.000000  0.000000  0.000000 0.00000E+00
 sm  62   0.104925 -0.835075 -0.129708 -0.122940 1.38990E-10
 eu  63  -0.195364 -0.705364  0.000003  0.006770 7.03563E-11
 gd  64   0.344635 -0.705365  0.000002  0.006769 2.52436E-10
 tb  65  -0.385361 -0.705361  0.000006  0.006774 4.75070E-11
 dy  66   0.423980 -0.706020 -0.000653  0.006114 3.13155E-10
 ho  67  -0.235365 -0.705365  0.000002  0.006769 6.96403E-11
 er  68   0.207011 -0.712989 -0.007622 -0.000854 1.95581E-10
 tm  69  -0.585366 -0.705366  0.000001  0.006768 3.18623E-11
 yb  70   0.153605 -0.766395 -0.061027 -0.054260 1.78928E-10
 lu  71  -0.615822 -0.705822 -0.000455  0.006312 3.07653E-11
 hf  72   0.004034 -0.705966 -0.000599  0.006168 1.30790E-10
 ta  73  -0.825419 -0.705419 -0.000052  0.006715 1.96364E-11
  w  74  -0.055887 -0.705887 -0.000520  0.006247 1.17349E-10
 re  75  -0.454970 -0.714970 -0.009603 -0.002836 4.74190E-11
 os  76   0.645321 -0.704679  0.000688  0.007455 6.10275E-10
 ir  77   0.614636 -0.705364  0.000003  0.006771 5.74585E-10
 pt  78   0.882296 -0.737704 -0.032337 -0.025570 1.08001E-09
 au  79   0.094637 -0.705363  0.000004  0.006771 1.77810E-10
 hg  80   0.433019 -0.736981 -0.031614 -0.024847 3.94688E-10
 tl  81   0.064635 -0.705365  0.000002  0.006770 1.72189E-10
 pb  82   1.334631 -0.705369 -0.000002  0.006765 3.25048E-09
 bi  83  -0.055363 -0.705363  0.000004  0.006772 1.33558E-10
 po  84   0.000000 -9.000000  0.000000  0.000000 7.13484E-25
#[ls/Fe]_Thiswork =  -0.0004, [hs/Fe]_Thiswork =  -0.0011
#[hs/ls]_Thiswork =  -0.0006, [Pb/hs]_Thiswork =   0.0011
# Elemental abundance ratios: 
# He/H =  9.3405E-02, C/O =  3.6109E-01, N/O = 3.39336E-01
#
#  TP   Mass     Mcore    Menv    log L
#  6 1.499960 0.576370 0.923591 3.623030
# El  Z   log e(X)   [X/H]    [X/Fe]     [X/O]      X(i)
  p   1  12.000000  0.000000  0.000000  0.000000 7.31794E-01
 he   2  10.970364  0.040363  0.745730  0.752498 2.71442E-01
  c   6   7.575409 -0.894591 -0.189224 -0.182456 3.28032E-04
  n   7   7.548575 -0.321425  0.383942  0.390709 3.59624E-04
  o   8   8.017862 -0.712137 -0.006770  0.000000 1.21027E-03
  f   9   3.751075 -0.708925 -0.003558  0.003212 7.77518E-08
 ne  10   7.263072 -0.706928 -0.001561  0.005209 2.68486E-04
 na  11   5.670438 -0.639562  0.065805  0.072576 7.81458E-06
 mg  12   6.934626 -0.705374 -0.000007  0.006763 1.51792E-04
 al  13   5.764658 -0.705342  0.000025  0.006795 1.13936E-05
 si  14   6.844634 -0.705367  0.000000  0.006771 1.42578E-04
  p  15   4.764633 -0.705367  0.000000  0.006771 1.30785E-06
  s  16   6.454632 -0.705368 -0.000001  0.006769 6.63118E-05
 cl  17   4.524631 -0.705369 -0.000002  0.006768 8.61414E-07
 ar  18   5.734625 -0.705375 -0.000008  0.006763 1.57416E-05
  k  19   4.374014 -0.705986 -0.000618  0.006152 6.71579E-07
 ca  20   5.584620 -0.705380 -0.000013  0.006757 1.11803E-05
 sc  21   2.344631 -0.705369 -0.000002  0.006768 7.21683E-09
 ti  22   4.204632 -0.705368  0.000000  0.006770 5.56668E-07
  v  23   3.253544 -0.706456 -0.001089  0.005681 6.63053E-08
 cr  24   4.915341 -0.724659 -0.019292 -0.012522 3.10627E-06
 mn  25   4.774637 -0.705363  0.000004  0.006774 2.37377E-06
 fe  26   6.834631 -0.705369  0.000000  0.006768 2.77040E-04
 co  27   4.164629 -0.705370 -0.000001  0.006767 6.25052E-07
 ni  28   5.494635 -0.705365  0.000004  0.006772 1.33091E-05
 cu  29   3.544632 -0.705368  0.000001  0.006769 1.61677E-07
 zn  30   3.924637 -0.705363  0.000006  0.006774 3.99211E-07
 ga  31   2.374632 -0.705368  0.000001  0.006769 1.19932E-08
 ge  32   2.840257 -0.739743 -0.034374 -0.027606 3.65057E-08
 as  33   1.594628 -0.705372 -0.000003  0.006766 2.13878E-09
 se  34   2.590705 -0.749295 -0.043926 -0.037158 2.23378E-08
 br  35   1.834640 -0.705360  0.000009  0.006777 3.96403E-09
 kr  36   2.543058 -0.706942 -0.001573  0.005196 2.12432E-08
 rb  37   1.651051 -0.708949 -0.003580  0.003188 2.77832E-09
 sr  38   2.173285 -0.706716 -0.001347  0.005422 9.48017E-09
  y  39   1.464651 -0.705349  0.000020  0.006788 1.88153E-09
 zr  40   1.824633 -0.705367  0.000002  0.006770 4.42252E-09
 nb  41   0.704641 -0.705359  0.000010  0.006779 3.41675E-10
 mo  42   1.113449 -0.826551 -0.121182 -0.114414 9.04433E-10
 tc  43   0.000000 -9.000000  0.000000  0.000000 2.22915E-25
 ru  44   0.923685 -0.836315 -0.130946 -0.124178 6.15510E-10
 rh  45   0.354632 -0.705368  0.000001  0.006770 1.69045E-10
 pd  46   0.885448 -0.764552 -0.059183 -0.052415 5.93470E-10
 ag  47   0.494631 -0.705369  0.000000  0.006768 2.44597E-10
 cd  48   0.964911 -0.745090 -0.039721 -0.032952 7.52744E-10
 in  49   0.035590 -0.724410 -0.019041 -0.012273 9.04750E-11
 sn  50   1.302198 -0.767802 -0.062433 -0.055664 1.72828E-09
 sb  51   0.062100 -0.947900 -0.242531 -0.235762 1.01984E-10
 te  52   1.007258 -1.172742 -0.467373 -0.460604 9.41971E-10
  i  53   0.844626 -0.705374 -0.000005  0.006764 6.44213E-10
 xe  54   1.497549 -0.742451 -0.037082 -0.030314 2.99722E-09
 cs  55   0.374632 -0.705368  0.000001  0.006769 2.28613E-10
 ba  56   1.473733 -0.706267 -0.000898  0.005870 2.96768E-09
 la  57   0.464240 -0.705760 -0.000391  0.006377 2.93690E-10
 ce  58   0.872730 -0.707270 -0.001901  0.004867 7.58833E-10
 pr  59   0.054632 -0.705368  0.000001  0.006769 1.16010E-10
 nd  60   0.719629 -0.730371 -0.025002 -0.018234 5.49089E-10
 pm  61   0.000000 -9.000000  0.000000  0.000000 0.00000E+00
 sm  62   0.104923 -0.835077 -0.129708 -0.122940 1.38990E-10
 eu  63  -0.195366 -0.705366  0.000003  0.006771 7.03563E-11
 gd  64   0.344633 -0.705367  0.000002  0.006770 2.52436E-10
 tb  65  -0.385363 -0.705363  0.000006  0.006775 4.75070E-11
 dy  66   0.423978 -0.706022 -0.000653  0.006115 3.13155E-10
 ho  67  -0.235367 -0.705367  0.000002  0.006770 6.96403E-11
 er  68   0.207009 -0.712991 -0.007622 -0.000853 1.95581E-10
 tm  69  -0.585368 -0.705368  0.000001  0.006769 3.18623E-11
 yb  70   0.153604 -0.766396 -0.061027 -0.054259 1.78928E-10
 lu  71  -0.615824 -0.705824 -0.000455  0.006313 3.07652E-11
 hf  72   0.004032 -0.705968 -0.000599  0.006169 1.30790E-10
 ta  73  -0.825421 -0.705421 -0.000052  0.006716 1.96364E-11
  w  74  -0.055889 -0.705889 -0.000520  0.006248 1.17349E-10
 re  75  -0.454972 -0.714972 -0.009603 -0.002835 4.74189E-11
 os  76   0.645319 -0.704681  0.000688  0.007456 6.10276E-10
 ir  77   0.614635 -0.705366  0.000003  0.006772 5.74585E-10
 pt  78   0.882294 -0.737706 -0.032337 -0.025569 1.08001E-09
 au  79   0.094635 -0.705365  0.000004  0.006772 1.77810E-10
 hg  80   0.433017 -0.736983 -0.031614 -0.024846 3.94688E-10
 tl  81   0.064633 -0.705367  0.000002  0.006771 1.72189E-10
 pb  82   1.334629 -0.705371 -0.000002  0.006766 3.25048E-09
 bi  83  -0.055365 -0.705365  0.000004  0.006773 1.33558E-10
 po  84   0.000000 -9.000000  0.000000  0.000000 7.13371E-25
#[ls/Fe]_Thiswork =  -0.0004, [hs/Fe]_Thiswork =  -0.0011
#[hs/ls]_Thiswork =  -0.0006, [Pb/hs]_Thiswork =   0.0011
# Elemental abundance ratios: 
# He/H =  9.3404E-02, C/O =  3.6103E-01, N/O = 3.39401E-01
#
#  TP   Mass     Mcore    Menv    log L
#  7 1.499950 0.583142 0.916806 3.663850
# El  Z   log e(X)   [X/H]    [X/Fe]     [X/O]      X(i)
  p   1  12.000000  0.000000  0.000000  0.000000 7.32013E-01
 he   2  10.969884  0.039884  0.745253  0.752021 2.71224E-01
  c   6   7.577571 -0.892429 -0.187060 -0.180292 3.29768E-04
  n   7   7.545985 -0.324015  0.381354  0.388122 3.57592E-04
  o   8   8.017735 -0.712265 -0.006896  0.000000 1.21028E-03
  f   9   3.750930 -0.709070 -0.003701  0.003195 7.77491E-08
 ne  10   7.262957 -0.707043 -0.001674  0.005222 2.68495E-04
 na  11   5.669732 -0.640268  0.065101  0.071997 7.80421E-06
 mg  12   6.934495 -0.705504 -0.000135  0.006761 1.51792E-04
 al  13   5.764530 -0.705470 -0.000101  0.006795 1.13936E-05
 si  14   6.844503 -0.705497 -0.000128  0.006768 1.42578E-04
  p  15   4.764503 -0.705497 -0.000128  0.006768 1.30785E-06
  s  16   6.454502 -0.705498 -0.000129  0.006767 6.63118E-05
 cl  17   4.524501 -0.705499 -0.000130  0.006766 8.61414E-07
 ar  18   5.734495 -0.705505 -0.000136  0.006760 1.57416E-05
  k  19   4.373884 -0.706116 -0.000747  0.006149 6.71579E-07
 ca  20   5.584489 -0.705511 -0.000142  0.006754 1.11803E-05
 sc  21   2.344501 -0.705499 -0.000130  0.006766 7.21683E-09
 ti  22   4.204502 -0.705498 -0.000129  0.006767 5.56668E-07
  v  23   3.253414 -0.706586 -0.001217  0.005679 6.63053E-08
 cr  24   4.915211 -0.724789 -0.019420 -0.012524 3.10627E-06
 mn  25   4.774507 -0.705493 -0.000124  0.006772 2.37377E-06
 fe  26   6.834501 -0.705499  0.000000  0.006766 2.77040E-04
 co  27   4.164499 -0.705501 -0.000001  0.006764 6.25052E-07
 ni  28   5.494504 -0.705495  0.000004  0.006770 1.33091E-05
 cu  29   3.544501 -0.705499  0.000000  0.006766 1.61677E-07
 zn  30   3.924506 -0.705494  0.000005  0.006771 3.99211E-07
 ga  31   2.374502 -0.705498  0.000001  0.006767 1.19932E-08
 ge  32   2.840126 -0.739874 -0.034375 -0.027609 3.65057E-08
 as  33   1.594499 -0.705501 -0.000002  0.006764 2.13878E-09
 se  34   2.590574 -0.749426 -0.043926 -0.037161 2.23378E-08
 br  35   1.834510 -0.705490  0.000009  0.006775 3.96403E-09
 kr  36   2.542929 -0.707071 -0.001572  0.005194 2.12432E-08
 rb  37   1.650920 -0.709080 -0.003581  0.003185 2.77832E-09
 sr  38   2.173155 -0.706845 -0.001346  0.005420 9.48017E-09
  y  39   1.464520 -0.705480  0.000020  0.006785 1.88153E-09
 zr  40   1.824503 -0.705497  0.000002  0.006768 4.42252E-09
 nb  41   0.704511 -0.705489  0.000010  0.006776 3.41675E-10
 mo  42   1.113318 -0.826682 -0.121182 -0.114417 9.04433E-10
 tc  43   0.000000 -9.000000  0.000000  0.000000 1.30369E-25
 ru  44   0.923554 -0.836446 -0.130946 -0.124181 6.15510E-10
 rh  45   0.354503 -0.705497  0.000002  0.006768 1.69045E-10
 pd  46   0.885318 -0.764682 -0.059183 -0.052417 5.93470E-10
 ag  47   0.494501 -0.705499  0.000000  0.006766 2.44597E-10
 cd  48   0.964781 -0.745219 -0.039720 -0.032954 7.52744E-10
 in  49   0.035460 -0.724540 -0.019040 -0.012275 9.04750E-11
 sn  50   1.302068 -0.767932 -0.062433 -0.055667 1.72828E-09
 sb  51   0.061970 -0.948030 -0.242531 -0.235765 1.01984E-10
 te  52   1.007129 -1.172871 -0.467372 -0.460606 9.41971E-10
  i  53   0.844496 -0.705504 -0.000005  0.006761 6.44213E-10
 xe  54   1.497419 -0.742581 -0.037081 -0.030316 2.99722E-09
 cs  55   0.374502 -0.705498  0.000001  0.006767 2.28613E-10
 ba  56   1.473602 -0.706398 -0.000899  0.005867 2.96768E-09
 la  57   0.464110 -0.705890 -0.000390  0.006375 2.93690E-10
 ce  58   0.872600 -0.707400 -0.001901  0.004865 7.58833E-10
 pr  59   0.054502 -0.705498  0.000002  0.006768 1.16010E-10
 nd  60   0.719499 -0.730501 -0.025002 -0.018236 5.49089E-10
 pm  61   0.000000 -9.000000  0.000000  0.000000 0.00000E+00
 sm  62   0.104794 -0.835206 -0.129707 -0.122941 1.38990E-10
 eu  63  -0.195496 -0.705496  0.000004  0.006769 7.03563E-11
 gd  64   0.344503 -0.705497  0.000003  0.006768 2.52436E-10
 tb  65  -0.385493 -0.705493  0.000006  0.006772 4.75070E-11
 dy  66   0.423848 -0.706152 -0.000653  0.006113 3.13155E-10
 ho  67  -0.235497 -0.705498  0.000002  0.006768 6.96403E-11
 er  68   0.206880 -0.713120 -0.007621 -0.000855 1.95581E-10
 tm  69  -0.585499 -0.705499  0.000000  0.006766 3.18623E-11
 yb  70   0.153474 -0.766526 -0.061027 -0.054261 1.78928E-10
 lu  71  -0.615954 -0.705954 -0.000455  0.006311 3.07652E-11
 hf  72   0.003901 -0.706098 -0.000599  0.006167 1.30790E-10
 ta  73  -0.825551 -0.705551 -0.000052  0.006714 1.96363E-11
  w  74  -0.056020 -0.706020 -0.000521  0.006245 1.17349E-10
 re  75  -0.455104 -0.715104 -0.009605 -0.002839 4.74188E-11
 os  76   0.645189 -0.704811  0.000688  0.007454 6.10276E-10
 ir  77   0.614504 -0.705496  0.000003  0.006769 5.74585E-10
 pt  78   0.882163 -0.737837 -0.032338 -0.025572 1.08001E-09
 au  79   0.094505 -0.705495  0.000004  0.006770 1.77810E-10
 hg  80   0.432886 -0.737114 -0.031615 -0.024849 3.94688E-10
 tl  81   0.064503 -0.705497  0.000002  0.006768 1.72189E-10
 pb  82   1.334498 -0.705502 -0.000002  0.006763 3.25048E-09
 bi  83  -0.055494 -0.705494  0.000005  0.006771 1.33558E-10
 po  84   0.000000 -9.000000  0.000000  0.000000 7.06039E-25
#[ls/Fe]_Thiswork =  -0.0004, [hs/Fe]_Thiswork =  -0.0011
#[hs/ls]_Thiswork =  -0.0006, [Pb/hs]_Thiswork =   0.0011
# Elemental abundance ratios: 
# He/H =  9.3301E-02, C/O =  3.6294E-01, N/O = 3.37482E-01
#
#  TP   Mass     Mcore    Menv    log L
#  8 1.499930 0.590343 0.909586 3.700600
# El  Z   log e(X)   [X/H]    [X/Fe]     [X/O]      X(i)
  p   1  12.000000  0.000000  0.000000  0.000000 7.32236E-01
 he   2  10.969396  0.039395  0.744895  0.751660 2.71001E-01
  c   6   7.579742 -0.890258 -0.184759 -0.177993 3.31522E-04
  n   7   7.543452 -0.326548  0.378951  0.385717 3.55621E-04
  o   8   8.017572 -0.712427 -0.006928  0.000000 1.21020E-03
  f   9   3.750736 -0.709264 -0.003765  0.003163 7.77383E-08
 ne  10   7.262837 -0.707163 -0.001664  0.005264 2.68503E-04
 na  11   5.669106 -0.640894  0.064605  0.071533 7.79535E-06
 mg  12   6.934361 -0.705639 -0.000140  0.006788 1.51791E-04
 al  13   5.764425 -0.705575 -0.000075  0.006853 1.13944E-05
 si  14   6.844371 -0.705629 -0.000130  0.006798 1.42578E-04
  p  15   4.764370 -0.705629 -0.000130  0.006798 1.30785E-06
  s  16   6.454369 -0.705631 -0.000132  0.006796 6.63118E-05
 cl  17   4.524368 -0.705632 -0.000133  0.006795 8.61414E-07
 ar  18   5.734363 -0.705637 -0.000138  0.006790 1.57416E-05
  k  19   4.373752 -0.706248 -0.000749  0.006179 6.71579E-07
 ca  20   5.584357 -0.705643 -0.000144  0.006784 1.11803E-05
 sc  21   2.344368 -0.705632 -0.000133  0.006795 7.21683E-09
 ti  22   4.204370 -0.705630 -0.000131  0.006797 5.56668E-07
  v  23   3.253282 -0.706718 -0.001219  0.005709 6.63053E-08
 cr  24   4.915078 -0.724922 -0.019423 -0.012495 3.10627E-06
 mn  25   4.774375 -0.705625 -0.000126  0.006802 2.37377E-06
 fe  26   6.834368 -0.705632  0.000000  0.006795 2.77040E-04
 co  27   4.164367 -0.705633 -0.000001  0.006794 6.25052E-07
 ni  28   5.494372 -0.705628  0.000004  0.006799 1.33091E-05
 cu  29   3.544369 -0.705631  0.000000  0.006796 1.61677E-07
 zn  30   3.924374 -0.705626  0.000005  0.006801 3.99211E-07
 ga  31   2.374370 -0.705630  0.000001  0.006797 1.19932E-08
 ge  32   2.839993 -0.740006 -0.034375 -0.027579 3.65057E-08
 as  33   1.594366 -0.705634 -0.000002  0.006793 2.13878E-09
 se  34   2.590442 -0.749558 -0.043926 -0.037131 2.23378E-08
 br  35   1.834377 -0.705623  0.000009  0.006804 3.96403E-09
 kr  36   2.542796 -0.707204 -0.001572  0.005223 2.12432E-08
 rb  37   1.650787 -0.709213 -0.003581  0.003215 2.77831E-09
 sr  38   2.173022 -0.706978 -0.001346  0.005449 9.48017E-09
  y  39   1.464388 -0.705612  0.000020  0.006815 1.88153E-09
 zr  40   1.824370 -0.705630  0.000002  0.006798 4.42252E-09
 nb  41   0.704378 -0.705622  0.000010  0.006805 3.41675E-10
 mo  42   1.113186 -0.826814 -0.121182 -0.114387 9.04433E-10
 tc  43   0.000000 -9.000000  0.000000  0.000000 7.81592E-26
 ru  44   0.923422 -0.836578 -0.130946 -0.124151 6.15510E-10
 rh  45   0.354370 -0.705630  0.000002  0.006797 1.69045E-10
 pd  46   0.885185 -0.764815 -0.059183 -0.052388 5.93470E-10
 ag  47   0.494369 -0.705631  0.000000  0.006796 2.44597E-10
 cd  48   0.964648 -0.745352 -0.039720 -0.032925 7.52744E-10
 in  49   0.035328 -0.724672 -0.019040 -0.012245 9.04750E-11
 sn  50   1.301936 -0.768064 -0.062432 -0.055637 1.72828E-09
 sb  51   0.061837 -0.948163 -0.242531 -0.235736 1.01984E-10
 te  52   1.006996 -1.173004 -0.467372 -0.460577 9.41971E-10
  i  53   0.844363 -0.705637 -0.000005  0.006790 6.44213E-10
 xe  54   1.497287 -0.742713 -0.037081 -0.030286 2.99722E-09
 cs  55   0.374370 -0.705630  0.000001  0.006797 2.28613E-10
 ba  56   1.473470 -0.706530 -0.000899  0.005897 2.96768E-09
 la  57   0.463978 -0.706022 -0.000390  0.006405 2.93690E-10
 ce  58   0.872468 -0.707532 -0.001900  0.004895 7.58833E-10
 pr  59   0.054370 -0.705630  0.000002  0.006797 1.16010E-10
 nd  60   0.719366 -0.730634 -0.025002 -0.018207 5.49089E-10
 pm  61   0.000000 -9.000000  0.000000  0.000000 0.00000E+00
 sm  62   0.104661 -0.835339 -0.129707 -0.122912 1.38990E-10
 eu  63  -0.195628 -0.705628  0.000004  0.006799 7.03563E-11
 gd  64   0.344371 -0.705629  0.000003  0.006798 2.52436E-10
 tb  65  -0.385626 -0.705626  0.000006  0.006801 4.75070E-11
 dy  66   0.423716 -0.706284 -0.000653  0.006143 3.13155E-10
 ho  67  -0.235630 -0.705630  0.000002  0.006797 6.96403E-11
 er  68   0.206747 -0.713253 -0.007621 -0.000826 1.95581E-10
 tm  69  -0.585631 -0.705631  0.000000  0.006796 3.18623E-11
 yb  70   0.153341 -0.766659 -0.061027 -0.054232 1.78928E-10
 lu  71  -0.616087 -0.706087 -0.000455  0.006340 3.07652E-11
 hf  72   0.003769 -0.706231 -0.000599  0.006196 1.30790E-10
 ta  73  -0.825684 -0.705684 -0.000052  0.006744 1.96363E-11
  w  74  -0.056152 -0.706152 -0.000521  0.006275 1.17349E-10
 re  75  -0.455236 -0.715236 -0.009605 -0.002809 4.74187E-11
 os  76   0.645057 -0.704943  0.000688  0.007484 6.10276E-10
 ir  77   0.614371 -0.705629  0.000003  0.006798 5.74585E-10
 pt  78   0.882030 -0.737970 -0.032338 -0.025542 1.08001E-09
 au  79   0.094373 -0.705627  0.000004  0.006800 1.77810E-10
 hg  80   0.432754 -0.737246 -0.031615 -0.024819 3.94688E-10
 tl  81   0.064371 -0.705629  0.000003  0.006798 1.72189E-10
 pb  82   1.334367 -0.705633 -0.000001  0.006794 3.25048E-09
 bi  83  -0.055627 -0.705627  0.000005  0.006800 1.33558E-10
 po  84   0.000000 -9.000000  0.000000  0.000000 6.98538E-25
#[ls/Fe]_Thiswork =  -0.0004, [hs/Fe]_Thiswork =  -0.0011
#[hs/ls]_Thiswork =  -0.0006, [Pb/hs]_Thiswork =   0.0011
# Elemental abundance ratios: 
# He/H =  9.3196E-02, C/O =  3.6490E-01, N/O = 3.35645E-01
#
#  TP   Mass     Mcore    Menv    log L
#  9 1.499900 0.597838 0.902060 3.734170
# El  Z   log e(X)   [X/H]    [X/Fe]     [X/O]      X(i)
  p   1  12.000000  0.000000  0.000000  0.000000 7.32431E-01
 he   2  10.968968  0.038968  0.744600  0.751395 2.70807E-01
  c   6   7.581660 -0.888340 -0.182709 -0.175913 3.33077E-04
  n   7   7.541312 -0.328688  0.376944  0.383739 3.53967E-04
  o   8   8.017391 -0.712608 -0.006977  0.000000 1.21001E-03
  f   9   3.750527 -0.709473 -0.003841  0.003136 7.77215E-08
 ne  10   7.262729 -0.707271 -0.001639  0.005337 2.68507E-04
 na  11   5.668696 -0.641304  0.064328  0.071305 7.79008E-06
 mg  12   6.934238 -0.705761 -0.000130  0.006847 1.51789E-04
 al  13   5.764414 -0.705585  0.000046  0.007023 1.13971E-05
 si  14   6.844255 -0.705745 -0.000113  0.006864 1.42578E-04
  p  15   4.764255 -0.705745 -0.000113  0.006864 1.30785E-06
  s  16   6.454254 -0.705746 -0.000114  0.006862 6.63118E-05
 cl  17   4.524253 -0.705747 -0.000115  0.006861 8.61414E-07
 ar  18   5.734247 -0.705753 -0.000121  0.006855 1.57416E-05
  k  19   4.373636 -0.706364 -0.000732  0.006245 6.71579E-07
 ca  20   5.584241 -0.705759 -0.000127  0.006850 1.11803E-05
 sc  21   2.344253 -0.705747 -0.000116  0.006861 7.21683E-09
 ti  22   4.204254 -0.705746 -0.000114  0.006863 5.56668E-07
  v  23   3.253166 -0.706834 -0.001202  0.005774 6.63053E-08
 cr  24   4.914963 -0.725037 -0.019405 -0.012429 3.10627E-06
 mn  25   4.774259 -0.705741 -0.000109  0.006867 2.37377E-06
 fe  26   6.834253 -0.705747  0.000000  0.006861 2.77040E-04
 co  27   4.164251 -0.705749 -0.000001  0.006860 6.25052E-07
 ni  28   5.494256 -0.705743  0.000004  0.006865 1.33091E-05
 cu  29   3.544253 -0.705747  0.000000  0.006862 1.61677E-07
 zn  30   3.924258 -0.705742  0.000005  0.006866 3.99211E-07
 ga  31   2.374254 -0.705746  0.000001  0.006863 1.19932E-08
 ge  32   2.839878 -0.740122 -0.034375 -0.027514 3.65057E-08
 as  33   1.594251 -0.705749 -0.000002  0.006859 2.13878E-09
 se  34   2.590326 -0.749674 -0.043926 -0.037065 2.23378E-08
 br  35   1.834262 -0.705738  0.000009  0.006870 3.96403E-09
 kr  36   2.542681 -0.707319 -0.001572  0.005289 2.12432E-08
 rb  37   1.650671 -0.709329 -0.003582  0.003279 2.77831E-09
 sr  38   2.172907 -0.707093 -0.001346  0.005515 9.48017E-09
  y  39   1.464272 -0.705728  0.000020  0.006881 1.88153E-09
 zr  40   1.824255 -0.705745  0.000002  0.006863 4.42252E-09
 nb  41   0.704263 -0.705737  0.000010  0.006871 3.41675E-10
 mo  42   1.113070 -0.826930 -0.121182 -0.114321 9.04433E-10
 tc  43   0.000000 -9.000000  0.000000  0.000000 4.92106E-26
 ru  44   0.923306 -0.836694 -0.130946 -0.124085 6.15510E-10
 rh  45   0.354255 -0.705745  0.000002  0.006863 1.69045E-10
 pd  46   0.885070 -0.764930 -0.059183 -0.052322 5.93470E-10
 ag  47   0.494253 -0.705747  0.000000  0.006861 2.44597E-10
 cd  48   0.964533 -0.745467 -0.039720 -0.032859 7.52744E-10
 in  49   0.035213 -0.724787 -0.019040 -0.012179 9.04750E-11
 sn  50   1.301820 -0.768180 -0.062433 -0.055572 1.72828E-09
 sb  51   0.061722 -0.948278 -0.242531 -0.235670 1.01984E-10
 te  52   1.006881 -1.173119 -0.467372 -0.460511 9.41971E-10
  i  53   0.844248 -0.705752 -0.000005  0.006856 6.44213E-10
 xe  54   1.497171 -0.742829 -0.037081 -0.030220 2.99722E-09
 cs  55   0.374254 -0.705746  0.000001  0.006863 2.28613E-10
 ba  56   1.473354 -0.706646 -0.000899  0.005963 2.96768E-09
 la  57   0.463862 -0.706138 -0.000390  0.006471 2.93690E-10
 ce  58   0.872352 -0.707648 -0.001901  0.004960 7.58833E-10
 pr  59   0.054255 -0.705745  0.000002  0.006863 1.16010E-10
 nd  60   0.719251 -0.730749 -0.025002 -0.018141 5.49089E-10
 pm  61   0.000000 -9.000000  0.000000  0.000000 0.00000E+00
 sm  62   0.104546 -0.835454 -0.129707 -0.122846 1.38990E-10
 eu  63  -0.195744 -0.705744  0.000004  0.006865 7.03563E-11
 gd  64   0.344255 -0.705745  0.000003  0.006864 2.52436E-10
 tb  65  -0.385741 -0.705741  0.000006  0.006867 4.75070E-11
 dy  66   0.423600 -0.706400 -0.000653  0.006209 3.13155E-10
 ho  67  -0.235745 -0.705745  0.000002  0.006863 6.96403E-11
 er  68   0.206632 -0.713368 -0.007621 -0.000760 1.95581E-10
 tm  69  -0.585747 -0.705747  0.000000  0.006862 3.18623E-11
 yb  70   0.153226 -0.766774 -0.061027 -0.054166 1.78928E-10
 lu  71  -0.616202 -0.706202 -0.000455  0.006406 3.07652E-11
 hf  72   0.003654 -0.706346 -0.000599  0.006262 1.30790E-10
 ta  73  -0.825799 -0.705799 -0.000052  0.006809 1.96363E-11
  w  74  -0.056268 -0.706268 -0.000521  0.006341 1.17349E-10
 re  75  -0.455353 -0.715353 -0.009606 -0.002744 4.74187E-11
 os  76   0.644941 -0.705059  0.000688  0.007550 6.10276E-10
 ir  77   0.614256 -0.705744  0.000003  0.006864 5.74585E-10
 pt  78   0.881915 -0.738085 -0.032338 -0.025477 1.08001E-09
 au  79   0.094257 -0.705743  0.000004  0.006866 1.77810E-10
 hg  80   0.432638 -0.737362 -0.031615 -0.024753 3.94688E-10
 tl  81   0.064255 -0.705745  0.000002  0.006863 1.72189E-10
 pb  82   1.334250 -0.705750 -0.000002  0.006859 3.25048E-09
 bi  83  -0.055742 -0.705742  0.000005  0.006866 1.33558E-10
 po  84   0.000000 -9.000000  0.000000  0.000000 6.91806E-25
#[ls/Fe]_Thiswork =  -0.0004, [hs/Fe]_Thiswork =  -0.0011
#[hs/ls]_Thiswork =  -0.0006, [Pb/hs]_Thiswork =   0.0011
# Elemental abundance ratios: 
# He/H =  9.3104E-02, C/O =  3.6666E-01, N/O = 3.34134E-01
#
#  TP   Mass     Mcore    Menv    log L
# 10 1.499840 0.605456 0.894386 3.765140
# El  Z   log e(X)   [X/H]    [X/Fe]     [X/O]      X(i)
  p   1  12.000000  0.000000  0.000000  0.000000 7.32590E-01
 he   2  10.968619  0.038619  0.744366  0.751227 2.70649E-01
  c   6   7.583497 -0.886503 -0.180756 -0.173895 3.34562E-04
  n   7   7.539372 -0.330628  0.375119  0.381980 3.52466E-04
  o   8   8.017202 -0.712797 -0.007050  0.000000 1.20975E-03
  f   9   3.750314 -0.709686 -0.003939  0.003111 7.77002E-08
 ne  10   7.262636 -0.707364 -0.001616  0.005434 2.68509E-04
 na  11   5.668456 -0.641544  0.064203  0.071253 7.78746E-06
 mg  12   6.934133 -0.705867 -0.000120  0.006930 1.51785E-04
 al  13   5.764533 -0.705467  0.000280  0.007330 1.14027E-05
 si  14   6.844162 -0.705839 -0.000092  0.006958 1.42578E-04
  p  15   4.764161 -0.705839 -0.000092  0.006958 1.30785E-06
  s  16   6.454159 -0.705841 -0.000093  0.006957 6.63118E-05
 cl  17   4.524158 -0.705842 -0.000094  0.006956 8.61414E-07
 ar  18   5.734153 -0.705847 -0.000100  0.006950 1.57416E-05
  k  19   4.373542 -0.706458 -0.000711  0.006339 6.71579E-07
 ca  20   5.584147 -0.705853 -0.000106  0.006944 1.11803E-05
 sc  21   2.344158 -0.705842 -0.000095  0.006955 7.21683E-09
 ti  22   4.204160 -0.705840 -0.000093  0.006957 5.56668E-07
  v  23   3.253072 -0.706928 -0.001181  0.005869 6.63053E-08
 cr  24   4.914868 -0.725132 -0.019384 -0.012334 3.10627E-06
 mn  25   4.774165 -0.705835 -0.000088  0.006962 2.37377E-06
 fe  26   6.834158 -0.705842  0.000000  0.006956 2.77040E-04
 co  27   4.164157 -0.705843 -0.000001  0.006954 6.25052E-07
 ni  28   5.494162 -0.705838  0.000004  0.006959 1.33091E-05
 cu  29   3.544159 -0.705841  0.000000  0.006956 1.61677E-07
 zn  30   3.924164 -0.705836  0.000005  0.006961 3.99211E-07
 ga  31   2.374160 -0.705840  0.000001  0.006957 1.19932E-08
 ge  32   2.839784 -0.740216 -0.034375 -0.027419 3.65057E-08
 as  33   1.594156 -0.705844 -0.000002  0.006953 2.13878E-09
 se  34   2.590232 -0.749768 -0.043926 -0.036971 2.23378E-08
 br  35   1.834167 -0.705832  0.000009  0.006965 3.96403E-09
 kr  36   2.542586 -0.707414 -0.001572  0.005383 2.12432E-08
 rb  37   1.650577 -0.709423 -0.003582  0.003374 2.77831E-09
 sr  38   2.172812 -0.707188 -0.001346  0.005610 9.48017E-09
  y  39   1.464178 -0.705822  0.000020  0.006975 1.88153E-09
 zr  40   1.824161 -0.705839  0.000002  0.006958 4.42252E-09
 nb  41   0.704168 -0.705832  0.000010  0.006966 3.41675E-10
 mo  42   1.112976 -0.827024 -0.121182 -0.114227 9.04433E-10
 tc  43   0.000000 -9.000000  0.000000  0.000000 1.56771E-25
 ru  44   0.923212 -0.836788 -0.130946 -0.123991 6.15510E-10
 rh  45   0.354160 -0.705840  0.000002  0.006958 1.69045E-10
 pd  46   0.884974 -0.765025 -0.059184 -0.052228 5.93470E-10
 ag  47   0.494159 -0.705841  0.000000  0.006956 2.44597E-10
 cd  48   0.964438 -0.745562 -0.039720 -0.032764 7.52744E-10
 in  49   0.035118 -0.724882 -0.019040 -0.012085 9.04750E-11
 sn  50   1.301725 -0.768275 -0.062433 -0.055477 1.72828E-09
 sb  51   0.061627 -0.948373 -0.242531 -0.235575 1.01984E-10
 te  52   1.006786 -1.173214 -0.467372 -0.460417 9.41971E-10
  i  53   0.844153 -0.705847 -0.000005  0.006951 6.44213E-10
 xe  54   1.497077 -0.742923 -0.037081 -0.030126 2.99722E-09
 cs  55   0.374160 -0.705840  0.000001  0.006957 2.28613E-10
 ba  56   1.473260 -0.706740 -0.000899  0.006057 2.96768E-09
 la  57   0.463768 -0.706232 -0.000390  0.006565 2.93690E-10
 ce  58   0.872257 -0.707743 -0.001901  0.005054 7.58833E-10
 pr  59   0.054160 -0.705840  0.000002  0.006957 1.16010E-10
 nd  60   0.719156 -0.730844 -0.025002 -0.018047 5.49089E-10
 pm  61   0.000000 -9.000000  0.000000  0.000000 0.00000E+00
 sm  62   0.104451 -0.835549 -0.129707 -0.122752 1.38990E-10
 eu  63  -0.195839 -0.705839  0.000003  0.006958 7.03563E-11
 gd  64   0.344161 -0.705839  0.000003  0.006958 2.52436E-10
 tb  65  -0.385836 -0.705836  0.000006  0.006962 4.75070E-11
 dy  66   0.423506 -0.706494 -0.000653  0.006303 3.13155E-10
 ho  67  -0.235840 -0.705840  0.000002  0.006957 6.96403E-11
 er  68   0.206537 -0.713463 -0.007621 -0.000666 1.95581E-10
 tm  69  -0.585841 -0.705841  0.000000  0.006956 3.18623E-11
 yb  70   0.153131 -0.766869 -0.061027 -0.054071 1.78928E-10
 lu  71  -0.616297 -0.706297 -0.000455  0.006500 3.07652E-11
 hf  72   0.003559 -0.706441 -0.000599  0.006356 1.30790E-10
 ta  73  -0.825893 -0.705893 -0.000052  0.006904 1.96363E-11
  w  74  -0.056362 -0.706362 -0.000521  0.006435 1.17349E-10
 re  75  -0.455448 -0.715448 -0.009607 -0.002651 4.74186E-11
 os  76   0.644847 -0.705153  0.000688  0.007644 6.10276E-10
 ir  77   0.614161 -0.705839  0.000003  0.006959 5.74585E-10
 pt  78   0.881821 -0.738179 -0.032338 -0.025382 1.08001E-09
 au  79   0.094163 -0.705837  0.000004  0.006960 1.77810E-10
 hg  80   0.432544 -0.737456 -0.031615 -0.024659 3.94688E-10
 tl  81   0.064160 -0.705840  0.000002  0.006958 1.72189E-10
 pb  82   1.334156 -0.705844 -0.000002  0.006953 3.25048E-09
 bi  83  -0.055837 -0.705837  0.000005  0.006961 1.33558E-10
 po  84   0.000000 -9.000000  0.000000  0.000000 6.89069E-25
#[ls/Fe]_Thiswork =  -0.0004, [hs/Fe]_Thiswork =  -0.0011
#[hs/ls]_Thiswork =  -0.0006, [Pb/hs]_Thiswork =   0.0011
# Elemental abundance ratios: 
# He/H =  9.3029E-02, C/O =  3.6838E-01, N/O = 3.32790E-01
#
#  TP   Mass     Mcore    Menv    log L
# 11 1.499740 0.612891 0.886853 3.794940
# El  Z   log e(X)   [X/H]    [X/Fe]     [X/O]      X(i)
  p   1  12.000000  0.000000  0.000000  0.000000 7.32369E-01
 he   2  10.969028  0.039027  0.744869  0.751824 2.70821E-01
  c   6   7.638490 -0.831510 -0.125669 -0.118713 3.79611E-04
  n   7   7.538568 -0.331432  0.374410  0.381365 3.51708E-04
  o   8   8.017801 -0.712198 -0.006357  0.000000 1.21106E-03
  f   9   3.751753 -0.708247 -0.002406  0.003951 7.79346E-08
 ne  10   7.263341 -0.706659 -0.000817  0.005539 2.68863E-04
 na  11   5.669193 -0.640807  0.065035  0.071392 7.79833E-06
 mg  12   6.934218 -0.705781  0.000060  0.006417 1.51769E-04
 al  13   5.766030 -0.703969  0.001872  0.008229 1.14386E-05
 si  14   6.844298 -0.705702  0.000139  0.006496 1.42580E-04
  p  15   4.764296 -0.705704  0.000137  0.006494 1.30786E-06
  s  16   6.454290 -0.705710  0.000132  0.006488 6.63118E-05
 cl  17   4.524323 -0.705678  0.000164  0.006521 8.61480E-07
 ar  18   5.734282 -0.705718  0.000124  0.006481 1.57415E-05
  k  19   4.373688 -0.706312 -0.000471  0.005886 6.71602E-07
 ca  20   5.584277 -0.705723  0.000118  0.006475 1.11803E-05
 sc  21   2.344337 -0.705662  0.000179  0.006536 7.21762E-09
 ti  22   4.204291 -0.705709  0.000133  0.006489 5.56668E-07
  v  23   3.253191 -0.706809 -0.000968  0.005389 6.63036E-08
 cr  24   4.914999 -0.725000 -0.019159 -0.012802 3.10627E-06
 mn  25   4.774333 -0.705667  0.000175  0.006531 2.37397E-06
 fe  26   6.834289 -0.705711  0.000000  0.006487 2.77040E-04
 co  27   4.164373 -0.705627  0.000084  0.006571 6.25174E-07
 ni  28   5.494289 -0.705710  0.000000  0.006488 1.33090E-05
 cu  29   3.544316 -0.705684  0.000027  0.006515 1.61686E-07
 zn  30   3.924293 -0.705708  0.000003  0.006491 3.99209E-07
 ga  31   2.374309 -0.705691  0.000020  0.006507 1.19937E-08
 ge  32   2.839919 -0.740081 -0.034370 -0.027883 3.65060E-08
 as  33   1.594270 -0.705730 -0.000019  0.006468 2.13869E-09
 se  34   2.590368 -0.749632 -0.043921 -0.037433 2.23380E-08
 br  35   1.834276 -0.705724 -0.000013  0.006474 3.96382E-09
 kr  36   2.542725 -0.707275 -0.001565  0.004923 2.12436E-08
 rb  37   1.650704 -0.709296 -0.003585  0.002903 2.77829E-09
 sr  38   2.172955 -0.707046 -0.001335  0.005153 9.48042E-09
  y  39   1.464312 -0.705688  0.000022  0.006510 1.88153E-09
 zr  40   1.824291 -0.705709  0.000002  0.006490 4.42252E-09
 nb  41   0.704280 -0.705720 -0.000009  0.006478 3.41659E-10
 mo  42   1.113120 -0.826880 -0.121169 -0.114682 9.04460E-10
 tc  43  -4.389778 -9.000000  0.000000  0.000000 2.90214E-15
 ru  44   0.923335 -0.836665 -0.130954 -0.124467 6.15499E-10
 rh  45   0.354254 -0.705746 -0.000035  0.006452 1.69030E-10
 pd  46   0.885119 -0.764881 -0.059170 -0.052682 5.93488E-10
 ag  47   0.494253 -0.705747 -0.000036  0.006451 2.44577E-10
 cd  48   0.964584 -0.745416 -0.039705 -0.033217 7.52771E-10
 in  49   0.035230 -0.724770 -0.019059 -0.012572 9.04710E-11
 sn  50   1.301860 -0.768140 -0.062429 -0.055942 1.72829E-09
 sb  51   0.061736 -0.948264 -0.242553 -0.236066 1.01979E-10
 te  52   1.006915 -1.173085 -0.467374 -0.460887 9.41966E-10
  i  53   0.844240 -0.705760 -0.000049  0.006438 6.44148E-10
 xe  54   1.497215 -0.742785 -0.037074 -0.030586 2.99727E-09
 cs  55   0.374281 -0.705719 -0.000008  0.006479 2.28608E-10
 ba  56   1.473399 -0.706601 -0.000890  0.005597 2.96773E-09
 la  57   0.463899 -0.706101 -0.000390  0.006097 2.93690E-10
 ce  58   0.872389 -0.707611 -0.001900  0.004587 7.58833E-10
 pr  59   0.054280 -0.705720 -0.000009  0.006479 1.16007E-10
 nd  60   0.719289 -0.730711 -0.025000 -0.018513 5.49090E-10
 pm  61   0.000000 -9.000000  0.000000  0.000000 0.00000E+00
 sm  62   0.104576 -0.835424 -0.129713 -0.123226 1.38988E-10
 eu  63  -0.195758 -0.705758 -0.000047  0.006440 7.03480E-11
 gd  64   0.344288 -0.705712 -0.000001  0.006486 2.52434E-10
 tb  65  -0.385739 -0.705739 -0.000028  0.006459 4.75031E-11
 dy  66   0.423645 -0.706355 -0.000644  0.005843 3.13161E-10
 ho  67  -0.235743 -0.705743 -0.000032  0.006456 6.96349E-11
 er  68   0.206678 -0.713322 -0.007611 -0.001123 1.95586E-10
 tm  69  -0.585725 -0.705725 -0.000014  0.006473 3.18611E-11
 yb  70   0.153299 -0.766701 -0.060990 -0.054502 1.78943E-10
 lu  71  -0.616176 -0.706176 -0.000465  0.006023 3.07645E-11
 hf  72   0.003703 -0.706297 -0.000586  0.005901 1.30794E-10
 ta  73  -0.825779 -0.705779 -0.000068  0.006419 1.96356E-11
  w  74  -0.056231 -0.706231 -0.000521  0.005967 1.17349E-10
 re  75  -0.455361 -0.715361 -0.009650 -0.003163 4.74138E-11
 os  76   0.644955 -0.705045  0.000666  0.007153 6.10244E-10
 ir  77   0.614247 -0.705753 -0.000042  0.006446 5.74525E-10
 pt  78   0.881968 -0.738032 -0.032321 -0.025833 1.08006E-09
 au  79   0.094296 -0.705704  0.000007  0.006495 1.77812E-10
 hg  80   0.432741 -0.737259 -0.031548 -0.025061 3.94748E-10
 tl  81   0.064287 -0.705713 -0.000002  0.006485 1.72187E-10
 pb  82   1.334289 -0.705711  0.000000  0.006487 3.25048E-09
 bi  83  -0.055706 -0.705706  0.000005  0.006492 1.33557E-10
 po  84  -5.780720 -9.000000  0.000000  0.000000 2.51592E-16
#[ls/Fe]_Thiswork =  -0.0004, [hs/Fe]_Thiswork =  -0.0011
#[hs/ls]_Thiswork =  -0.0006, [Pb/hs]_Thiswork =   0.0011
# Elemental abundance ratios: 
# He/H =  9.3117E-02, C/O =  4.1753E-01, N/O = 3.31716E-01
#
#  TP   Mass     Mcore    Menv    log L
# 12 1.499590 0.619761 0.879825 3.829730
# El  Z   log e(X)   [X/H]    [X/Fe]     [X/O]      X(i)
  p   1  12.000000  0.000000  0.000000  0.000000 7.31193E-01
 he   2  10.970976  0.040976  0.746686  0.753174 2.71602E-01
  c   6   7.922442 -0.547558  0.158153  0.164640 7.28773E-04
  n   7   7.540067 -0.329933  0.375778  0.382265 3.52357E-04
  o   8   8.024737 -0.705262  0.000449  0.000000 1.22857E-03
  f   9   3.849417 -0.610583  0.095128  0.094679 9.74307E-08
 ne  10   7.291840 -0.678160  0.027551  0.027102 2.86637E-04
 na  11   5.674318 -0.635682  0.070029  0.069581 7.87823E-06
 mg  12   6.934923 -0.705077  0.000634  0.000185 1.51771E-04
 al  13   5.769687 -0.700313  0.005398  0.004949 1.15168E-05
 si  14   6.845047 -0.704953  0.000758  0.000309 1.42597E-04
  p  15   4.766718 -0.703281  0.002429  0.001981 1.31307E-06
  s  16   6.454956 -0.705044  0.000667  0.000218 6.63068E-05
 cl  17   4.526198 -0.703802  0.001909  0.001461 8.63819E-07
 ar  18   5.734894 -0.705106  0.000605  0.000156 1.57384E-05
  k  19   4.374671 -0.705329  0.000381 -0.000067 6.72042E-07
 ca  20   5.584870 -0.705130  0.000581  0.000132 1.11776E-05
 sc  21   2.347430 -0.702570  0.003141  0.002692 7.25754E-09
 ti  22   4.205343 -0.704657  0.001054  0.000606 5.57123E-07
  v  23   3.253622 -0.706378 -0.000667 -0.001116 6.62628E-08
 cr  24   4.915677 -0.724323 -0.018612 -0.019061 3.10612E-06
 mn  25   4.775246 -0.704754  0.000957  0.000508 2.37515E-06
 fe  26   6.834940 -0.705060  0.000000  0.000202 2.77010E-04
 co  27   4.169915 -0.700085  0.004975  0.005177 6.32185E-07
 ni  28   5.495089 -0.704911  0.000149  0.000351 1.33121E-05
 cu  29   3.551077 -0.698923  0.006137  0.006339 1.63960E-07
 zn  30   3.925936 -0.704064  0.000996  0.001198 4.00078E-07
 ga  31   2.382053 -0.697947  0.007113  0.007316 1.21899E-08
 ge  32   2.848376 -0.731624 -0.026564 -0.026361 3.71641E-08
 as  33   1.599508 -0.700492  0.004568  0.004771 2.16117E-09
 se  34   2.605870 -0.734130 -0.029070 -0.028867 2.31126E-08
 br  35   1.841290 -0.698710  0.006350  0.006552 4.02189E-09
 kr  36   2.567232 -0.682768  0.022292  0.022494 2.24408E-08
 rb  37   1.678881 -0.681119  0.023941  0.024143 2.95976E-09
 sr  38   2.270736 -0.609264  0.095796  0.095998 1.18552E-08
  y  39   1.591469 -0.578531  0.126529  0.126731 2.51751E-09
 zr  40   1.960176 -0.569824  0.135236  0.135438 6.03749E-09
 nb  41   0.823308 -0.586692  0.118368  0.118570 4.48666E-10
 mo  42   1.233836 -0.706164 -0.001104 -0.000902 1.19236E-09
 tc  43  -0.875317 -9.000000  0.000000  0.000000 9.47286E-12
 ru  44   1.011761 -0.748239 -0.043179 -0.042977 7.53276E-10
 rh  45   0.383955 -0.676045  0.029015  0.029217 1.80704E-10
 pd  46   0.991213 -0.658787  0.046273  0.046475 7.56497E-10
 ag  47   0.520467 -0.679533  0.025527  0.025729 2.59376E-10
 cd  48   1.094408 -0.615592  0.089468  0.089670 1.01342E-09
 in  49   0.121065 -0.638935  0.066125  0.066327 1.10064E-10
 sn  50   1.474133 -0.595867  0.109193  0.109395 2.56561E-09
 sb  51   0.161369 -0.848631 -0.143571 -0.143368 1.28069E-10
 te  52   1.147183 -1.032817 -0.327757 -0.327554 1.29899E-09
  i  53   0.859098 -0.690902  0.014158  0.014361 6.65496E-10
 xe  54   1.560767 -0.679233  0.025827  0.026029 3.46402E-09
 cs  55   0.465983 -0.614017  0.091043  0.091246 2.81900E-10
 ba  56   1.836122 -0.343879  0.361181  0.361384 6.83044E-09
 la  57   0.842215 -0.327785  0.377275  0.377477 7.00660E-10
 ce  58   1.325916 -0.254084  0.450976  0.451178 2.15266E-09
 pr  59   0.373917 -0.386083  0.318977  0.319179 2.41782E-10
 nd  60   1.131458 -0.318542  0.386518  0.386720 1.41617E-09
 pm  61   0.000000 -9.000000  0.000000  0.000000 0.00000E+00
 sm  62   0.423286 -0.516714  0.188346  0.188549 2.89062E-10
 eu  63  -0.129506 -0.639506  0.065554  0.065756 8.18099E-11
 gd  64   0.491069 -0.558931  0.146129  0.146331 3.53371E-10
 tb  65  -0.305373 -0.625373  0.079687  0.079889 5.70677E-11
 dy  66   0.589961 -0.540039  0.165021  0.165223 4.58549E-10
 ho  67  -0.157765 -0.627765  0.077295  0.077497 8.31966E-11
 er  68   0.390755 -0.529245  0.175815  0.176017 2.98343E-10
 tm  69  -0.445478 -0.565478  0.139582  0.139784 4.39350E-11
 yb  70   0.532783 -0.387217  0.317843  0.318045 4.28056E-10
 lu  71  -0.324838 -0.414838  0.290222  0.290424 6.00745E-11
 hf  72   0.472816 -0.237184  0.467876  0.468078 3.84593E-10
 ta  73  -0.431010 -0.311010  0.394050  0.394252 4.86536E-11
  w  74   0.419546 -0.230454  0.474606  0.474808 3.50395E-10
 re  75  -0.264884 -0.524884  0.180176  0.180378 7.33978E-11
 os  76   0.794909 -0.555092  0.149969  0.150171 8.60516E-10
 ir  77   0.639163 -0.680837  0.024223  0.024425 6.07472E-10
 pt  78   0.964393 -0.655607  0.049453  0.049655 1.30368E-09
 au  79   0.174809 -0.625191  0.079869  0.080072 2.13685E-10
 hg  80   0.909564 -0.260436  0.444624  0.444826 1.18153E-09
 tl  81   0.595478 -0.174522  0.530538  0.530740 5.84109E-10
 pb  82   2.288379  0.248379  0.953439  0.953641 2.91971E-08
 bi  83   0.426774 -0.223226  0.481834  0.482036 4.04995E-10
 po  84   1.003145 -9.000000  0.000000  0.000000 1.52708E-09
#[ls/Fe]_Thiswork =   0.1192, [hs/Fe]_Thiswork =   0.3965
#[hs/ls]_Thiswork =   0.2773, [Pb/hs]_Thiswork =   0.5570
# Elemental abundance ratios: 
# He/H =  9.3535E-02, C/O =  7.9014E-01, N/O = 3.27589E-01
#
#  TP   Mass     Mcore    Menv    log L
# 13 1.499050 0.626122 0.872930 3.862290
# El  Z   log e(X)   [X/H]    [X/Fe]     [X/O]      X(i)
  p   1  12.000000  0.000000  0.000000  0.000000 7.29350E-01
 he   2  10.973961  0.043961  0.749021  0.749223 2.72786E-01
  c   6   8.172112 -0.297889  0.407171  0.407373 1.29171E-03
  n   7   7.541766 -0.328234  0.376826  0.377028 3.52847E-04
  o   8   8.036442 -0.693558  0.011502  0.000000 1.25896E-03
  f   9   4.038592 -0.421408  0.283652  0.272150 1.50236E-07
 ne  10   7.358821 -0.611179  0.093881  0.082379 3.33593E-04
 na  11   5.691371 -0.618629  0.086431  0.074929 8.17307E-06
 mg  12   6.936506 -0.703494  0.001566 -0.009936 1.51942E-04
 al  13   5.775073 -0.694927  0.010133 -0.001369 1.16311E-05
 si  14   6.846233 -0.703767  0.001293 -0.010210 1.42626E-04
  p  15   4.771993 -0.698007  0.007053 -0.004449 1.32576E-06
  s  16   6.455989 -0.704011  0.001049 -0.010453 6.62972E-05
 cl  17   4.529336 -0.700664  0.004396 -0.007106 8.67889E-07
 ar  18   5.735834 -0.704166  0.000894 -0.010609 1.57327E-05
  k  19   4.376346 -0.703654  0.001406 -0.010097 6.72939E-07
 ca  20   5.585780 -0.704220  0.000840 -0.010663 1.11728E-05
 sc  21   2.352744 -0.697256  0.007804 -0.003698 7.32836E-09
 ti  22   4.207419 -0.702581  0.002479 -0.009023 5.58381E-07
  v  23   3.254395 -0.705606 -0.000546 -0.012048 6.62134E-08
 cr  24   4.916730 -0.723269 -0.018209 -0.029712 3.10582E-06
 mn  25   4.776807 -0.703193  0.001867 -0.009635 2.37769E-06
 fe  26   6.835923 -0.704077  0.000000 -0.010519 2.76938E-04
 co  27   4.178916 -0.691084  0.012992  0.002473 6.43798E-07
 ni  28   5.496418 -0.703582  0.000495 -0.010024 1.33192E-05
 cu  29   3.561486 -0.688514  0.015563  0.005044 1.67513E-07
 zn  30   3.930627 -0.699373  0.004704 -0.005816 4.03403E-07
 ga  31   2.404073 -0.675927  0.028150  0.017631 1.27916E-08
 ge  32   2.872572 -0.707428 -0.003351 -0.013870 3.91943E-08
 as  33   1.614328 -0.685672  0.018405  0.007886 2.23056E-09
 se  34   2.646479 -0.693521  0.010556  0.000036 2.53140E-08
 br  35   1.860500 -0.679500  0.024577  0.014058 4.19318E-09
 kr  36   2.622480 -0.627520  0.076557  0.066038 2.54208E-08
 rb  37   1.726191 -0.633809  0.070267  0.059748 3.29207E-09
 sr  38   2.458138 -0.421863  0.282214  0.271695 1.82061E-08
  y  39   1.803846 -0.366154  0.337923  0.327404 4.09499E-09
 zr  40   2.190437 -0.339563  0.364514  0.353995 1.02334E-08
 nb  41   1.028717 -0.381283  0.322794  0.312275 7.18185E-10
 mo  42   1.453789 -0.486211  0.217865  0.207346 1.97362E-09
 tc  43  -0.309289 -9.000000  0.000000  0.000000 3.47867E-11
 ru  44   1.204246 -0.555754  0.148322  0.137803 1.17042E-09
 rh  45   0.462769 -0.597231  0.106845  0.096326 2.16115E-10
 pd  46   1.207146 -0.442854  0.261222  0.250703 1.24063E-09
 ag  47   0.589014 -0.610986  0.093091  0.082572 3.02958E-10
 cd  48   1.333422 -0.376578  0.327498  0.316979 1.75269E-09
 in  49   0.297302 -0.462698  0.241379  0.230860 1.64735E-10
 sn  50   1.754253 -0.315747  0.388330  0.377811 4.87771E-09
 sb  51   0.357459 -0.652541  0.051536  0.041017 2.00650E-10
 te  52   1.402383 -0.777617 -0.073540 -0.084059 2.33189E-09
  i  53   0.899728 -0.650272  0.053805  0.043286 7.28918E-10
 xe  54   1.707490 -0.532510  0.171567  0.161048 4.84403E-09
 cs  55   0.629455 -0.450545  0.253531  0.243012 4.09705E-10
 ba  56   2.283446  0.103446  0.807523  0.797004 1.90844E-08
 la  57   1.299816  0.129816  0.833893  0.823374 2.00453E-09
 ce  58   1.816628  0.236627  0.940704  0.930185 6.64646E-09
 pr  59   0.796662  0.036662  0.740739  0.730220 6.38371E-10
 nd  60   1.603636  0.153636  0.857713  0.847193 4.18984E-09
 pm  61   0.000000 -9.000000  0.000000  0.000000 0.00000E+00
 sm  62   0.860776 -0.079224  0.624853  0.614334 7.89557E-10
 eu  63   0.038342 -0.471658  0.232419  0.221900 1.20104E-10
 gd  64   0.779566 -0.270434  0.433643  0.423124 6.84907E-10
 tb  65  -0.113283 -0.433283  0.270794  0.260275 8.85899E-11
 dy  66   0.899626 -0.230374  0.473703  0.463184 9.33157E-10
 ho  67   0.028738 -0.441262  0.262815  0.252296 1.27501E-10
 er  68   0.709447 -0.210553  0.493524  0.483005 6.19886E-10
 tm  69  -0.170778 -0.290778  0.413298  0.402779 8.24925E-11
 yb  70   0.974016  0.054016  0.758093  0.747574 1.17934E-09
 lu  71   0.072045 -0.017955  0.686122  0.675603 1.49443E-10
 hf  72   0.944497  0.234497  0.938574  0.928055 1.13654E-09
 ta  73   0.029393  0.149393  0.853470  0.842951 1.40095E-10
  w  74   0.892638  0.242638  0.946715  0.936196 1.03885E-09
 re  75   0.037398 -0.222602  0.481475  0.470956 1.46849E-10
 os  76   1.062147 -0.287853  0.416224  0.405705 1.58819E-09
 ir  77   0.704819 -0.615181  0.088895  0.078376 7.04833E-10
 pt  78   1.151588 -0.468412  0.235665  0.225146 2.00112E-09
 au  79   0.364441 -0.435559  0.268518  0.257999 3.29845E-10
 hg  80   1.389921  0.219921  0.923998  0.913479 3.56210E-09
 tl  81   0.975742  0.205742  0.909819  0.899300 1.39850E-09
 pb  82   2.811554  0.771554  1.475631  1.465112 9.71446E-08
 bi  83   0.853293  0.203293  0.907370  0.896851 1.07863E-09
 po  84   1.479522 -9.000000  0.000000  0.000000 4.56188E-09
#[ls/Fe]_Thiswork =   0.3282, [hs/Fe]_Thiswork =   0.8607
#[hs/ls]_Thiswork =   0.5325, [Pb/hs]_Thiswork =   0.6149
# Elemental abundance ratios: 
# He/H =  9.4181E-02, C/O =  1.3667E+00, N/O = 3.20128E-01
#
#  TP   Mass     Mcore    Menv    log L
# 14 1.495400 0.632159 0.863239 3.890820
# El  Z   log e(X)   [X/H]    [X/Fe]     [X/O]      X(i)
  p   1  12.000000  0.000000  0.000000  0.000000 7.27272E-01
 he   2  10.977333  0.047333  0.751410  0.740891 2.74129E-01
  c   6   8.342348 -0.127652  0.576425  0.565906 1.90618E-03
  n   7   7.543608 -0.326392  0.377685  0.367166 3.53337E-04
  o   8   8.048677 -0.681322  0.022755  0.000000 1.29124E-03
  f   9   4.197008 -0.262992  0.441085  0.418330 2.15751E-07
 ne  10   7.437947 -0.532053  0.172024  0.149270 3.99121E-04
 na  11   5.717525 -0.592474  0.111602  0.088848 8.65567E-06
 mg  12   6.938931 -0.701068  0.003008 -0.019746 1.52357E-04
 al  13   5.780879 -0.689120  0.014956 -0.007798 1.17541E-05
 si  14   6.847570 -0.702430  0.001647 -0.021108 1.42658E-04
  p  15   4.778584 -0.691415  0.012661 -0.010093 1.34220E-06
  s  16   6.457156 -0.702844  0.001233 -0.021522 6.62863E-05
 cl  17   4.532698 -0.697302  0.006774 -0.015980 8.72141E-07
 ar  18   5.736897 -0.703103  0.000974 -0.021781 1.57264E-05
  k  19   4.378265 -0.701735  0.002342 -0.020412 6.73994E-07
 ca  20   5.586818 -0.703182  0.000895 -0.021860 1.11676E-05
 sc  21   2.359020 -0.690980  0.013097 -0.009658 7.41385E-09
 ti  22   4.210012 -0.699987  0.004089 -0.018665 5.60125E-07
  v  23   3.255374 -0.704626 -0.000549 -0.023304 6.61738E-08
 cr  24   4.917923 -0.722076 -0.018000 -0.040754 3.10549E-06
 mn  25   4.778725 -0.701275  0.002802 -0.019953 2.38141E-06
 fe  26   6.837020 -0.702980  0.000000 -0.021658 2.76847E-04
 co  27   4.187788 -0.682211  0.020769 -0.000889 6.55214E-07
 ni  28   5.497860 -0.702140  0.000840 -0.020818 1.33255E-05
 cu  29   3.571351 -0.678649  0.024331  0.002673 1.70874E-07
 zn  30   3.936392 -0.693608  0.009372 -0.012286 4.07629E-07
 ga  31   2.431208 -0.648792  0.054188  0.032530 1.35775E-08
 ge  32   2.903469 -0.676531  0.026449  0.004791 4.19644E-08
 as  33   1.634234 -0.665766  0.037215  0.015557 2.32852E-09
 se  34   2.699206 -0.640794  0.062186  0.040529 2.85003E-08
 br  35   1.889006 -0.650994  0.051986  0.030328 4.46488E-09
 kr  36   2.693394 -0.556606  0.146374  0.124716 2.98444E-08
 rb  37   1.786139 -0.573861  0.129119  0.107461 3.76858E-09
 sr  38   2.658326 -0.221674  0.481306  0.459648 2.87849E-08
  y  39   2.013822 -0.156178  0.546802  0.525144 6.62199E-09
 zr  40   2.404831 -0.125169  0.577811  0.556153 1.67177E-08
 nb  41   1.224155 -0.185845  0.517136  0.495478 1.12314E-09
 mo  42   1.655609 -0.284391  0.418589  0.396931 3.13217E-09
 tc  43  -0.021924 -9.000000  0.000000  0.000000 6.72262E-11
 ru  44   1.390635 -0.369365  0.333615  0.311957 1.79264E-09
 rh  45   0.558805 -0.501195  0.201785  0.180127 2.68832E-10
 pd  46   1.406975 -0.243025  0.459955  0.438297 1.95990E-09
 ag  47   0.674198 -0.525802  0.177178  0.155520 3.67559E-10
 cd  48   1.541854 -0.168146  0.534834  0.513176 2.82422E-09
 in  49   0.466941 -0.293059  0.409921  0.388263 2.42766E-10
 sn  50   1.972257 -0.097743  0.605237  0.583579 8.03490E-09
 sb  51   0.530060 -0.479940  0.223040  0.201382 2.97715E-10
 te  52   1.605221 -0.574779  0.128201  0.106543 3.70944E-09
  i  53   0.948666 -0.601334  0.101646  0.079988 8.13536E-10
 xe  54   1.847016 -0.392984  0.309996  0.288338 6.66031E-09
 cs  55   0.775965 -0.304035  0.398945  0.377287 5.72456E-10
 ba  56   2.542813  0.362813  1.065793  1.044135 3.45785E-08
 la  57   1.560463  0.390463  1.093443  1.071785 3.64267E-09
 ce  58   2.085149  0.505149  1.208129  1.186471 1.22991E-08
 pr  59   1.049868  0.289868  0.992848  0.971190 1.14035E-09
 nd  60   1.867036  0.417036  1.120016  1.098358 7.66228E-09
 pm  61   0.000000 -9.000000  0.000000  0.000000 0.00000E+00
 sm  62   1.113558  0.173558  0.876538  0.854880 1.40905E-09
 eu  63   0.185004 -0.324996  0.377984  0.356326 1.67873E-10
 gd  64   0.986542 -0.063458  0.639522  0.617864 1.09994E-09
 tb  65   0.050614 -0.269386  0.433594  0.411936 1.28838E-10
 dy  66   1.117187 -0.012813  0.690167  0.668509 1.53559E-09
 ho  67   0.187548 -0.282452  0.420528  0.398870 1.83267E-10
 er  68   0.929386  0.009386  0.712366  0.690708 1.02568E-09
 tm  69   0.031083 -0.088917  0.614063  0.592405 1.30929E-10
 yb  70   1.229257  0.309257  1.012237  0.990579 2.11660E-09
 lu  71   0.313482  0.223482  0.926462  0.904804 2.59821E-10
 hf  72   1.205667  0.495668  1.198647  1.176990 2.06785E-09
 ta  73   0.291052  0.411052  1.114032  1.092374 2.55177E-10
  w  74   1.154889  0.504889  1.207869  1.186211 1.89481E-09
 re  75   0.250684 -0.009316  0.693664  0.672006 2.39285E-10
 os  76   1.256728 -0.093272  0.609708  0.588050 2.47881E-09
 ir  77   0.774684 -0.545316  0.157664  0.136006 8.25491E-10
 pt  78   1.307694 -0.312306  0.390674  0.369017 2.85850E-09
 au  79   0.522290 -0.277710  0.425270  0.403612 4.73064E-10
 hg  80   1.653902  0.483902  1.186882  1.165224 6.52300E-09
 tl  81   1.200673  0.430673  1.133653  1.111995 2.34075E-09
 pb  82   3.107864  1.067864  1.770844  1.749187 1.91642E-07
 bi  83   1.125772  0.475773  1.178753  1.157095 2.01425E-09
 po  84   1.721051 -9.000000  0.000000  0.000000 7.93294E-09
#[ls/Fe]_Thiswork =   0.5353, [hs/Fe]_Thiswork =   1.1225
#[hs/ls]_Thiswork =   0.5871, [Pb/hs]_Thiswork =   0.6484
# Elemental abundance ratios: 
# He/H =  9.4915E-02, C/O =  1.9664E+00, N/O = 3.12558E-01
#
#  TP   Mass     Mcore    Menv    log L
# 15 1.481990 0.637939 0.844048 3.915970
# El  Z   log e(X)   [X/H]    [X/Fe]     [X/O]      X(i)
  p   1  12.000000  0.000000  0.000000  0.000000 7.25052E-01
 he   2  10.980947  0.050947  0.753927  0.732269 2.75576E-01
  c   6   8.468789 -0.001211  0.701769  0.680111 2.54259E-03
  n   7   7.545746 -0.324254  0.378726  0.357069 3.53997E-04
  o   8   8.060755 -0.669245  0.033735  0.000000 1.32360E-03
  f   9   4.325850 -0.134150  0.568830  0.535095 2.89379E-07
 ne  10   7.516495 -0.453505  0.249475  0.215740 4.76788E-04
 na  11   5.754208 -0.555792  0.147188  0.113453 9.38979E-06
 mg  12   6.942172 -0.697828  0.005152 -0.028584 1.53030E-04
 al  13   5.786744 -0.683256  0.019724 -0.014011 1.18775E-05
 si  14   6.848999 -0.701002  0.001978 -0.031757 1.42691E-04
  p  15   4.785940 -0.684060  0.018920 -0.014815 1.36096E-06
  s  16   6.458407 -0.701593  0.001387 -0.032348 6.62746E-05
 cl  17   4.536199 -0.693801  0.009179 -0.024556 8.76518E-07
 ar  18   5.738038 -0.701962  0.001018 -0.032717 1.57196E-05
  k  19   4.380332 -0.699668  0.003312 -0.030424 6.75142E-07
 ca  20   5.587935 -0.702065  0.000916 -0.032820 1.11622E-05
 sc  21   2.365901 -0.684099  0.018881 -0.014854 7.50927E-09
 ti  22   4.212955 -0.697045  0.005935 -0.027801 5.62211E-07
  v  23   3.256494 -0.703506 -0.000526 -0.034262 6.61422E-08
 cr  24   4.919206 -0.720794 -0.017814 -0.051549 3.10516E-06
 mn  25   4.780879 -0.699121  0.003859 -0.029877 2.38594E-06
 fe  26   6.838186 -0.701814  0.000000 -0.032569 2.76745E-04
 co  27   4.196407 -0.673593  0.028221 -0.004348 6.66308E-07
 ni  28   5.499376 -0.700624  0.001190 -0.031379 1.33313E-05
 cu  29   3.581182 -0.668818  0.032996  0.000427 1.74253E-07
 zn  30   3.942821 -0.687180  0.014634 -0.017935 4.12446E-07
 ga  31   2.459563 -0.620437  0.081377  0.048808 1.44494E-08
 ge  32   2.935372 -0.644628  0.057186  0.024617 4.50253E-08
 as  33   1.655266 -0.644734  0.057080  0.024511 2.43660E-09
 se  34   2.750377 -0.589623  0.112190  0.079622 3.19663E-08
 br  35   1.920370 -0.619630  0.082184  0.049615 4.78461E-09
 kr  36   2.762016 -0.487984  0.213830  0.181261 3.48464E-08
 rb  37   1.845533 -0.514467  0.187347  0.154778 4.30771E-09
 sr  38   2.814818 -0.065182  0.636632  0.604063 4.11462E-08
  y  39   2.177018  0.007018  0.708832  0.676263 9.61298E-09
 zr  40   2.572548  0.042548  0.744362  0.711793 2.45226E-08
 nb  41   1.382146 -0.027854  0.673960  0.641391 1.61101E-09
 mo  42   1.819183 -0.120817  0.580997  0.548428 4.55084E-09
 tc  43   0.160802 -9.000000  0.000000  0.000000 1.02079E-10
 ru  44   1.546573 -0.213427  0.488386  0.455817 2.55920E-09
 rh  45   0.653918 -0.406082  0.295732  0.263163 3.33632E-10
 pd  46   1.571035 -0.078965  0.622849  0.590280 2.85080E-09
 ag  47   0.761677 -0.438323  0.263490  0.230922 4.48207E-10
 cd  48   1.711506  0.001506  0.703320  0.670751 4.16125E-09
 in  49   0.614569 -0.145431  0.556382  0.523813 3.40006E-10
 sn  50   2.146251  0.076251  0.778064  0.745496 1.19577E-08
 sb  51   0.679031 -0.330969  0.370845  0.338276 4.18258E-10
 te  52   1.772119 -0.407881  0.293932  0.261363 5.43097E-09
  i  53   1.003344 -0.546656  0.155157  0.122588 9.19873E-10
 xe  54   1.976516 -0.263484  0.438329  0.405761 8.94676E-09
 cs  55   0.910933 -0.169067  0.532747  0.500178 7.78724E-10
 ba  56   2.730865  0.550864  1.252678  1.220109 5.31531E-08
 la  57   1.746550  0.576550  1.278363  1.245794 5.57416E-09
 ce  58   2.271690  0.691690  1.393504  1.360935 1.88402E-08
 pr  59   1.230301  0.470301  1.172115  1.139546 1.72244E-09
 nd  60   2.049810  0.599810  1.301624  1.269055 1.16360E-08
 pm  61   0.000000 -9.000000  0.000000  0.000000 0.00000E+00
 sm  62   1.290324  0.350324  1.052138  1.019569 2.11040E-09
 eu  63   0.308249 -0.201751  0.500063  0.467494 2.22279E-10
 gd  64   1.143017  0.093017  0.794831  0.762262 1.57223E-09
 tb  65   0.184183 -0.135817  0.565997  0.533428 1.74696E-10
 dy  66   1.279050  0.149050  0.850864  0.818295 2.22235E-09
 ho  67   0.318728 -0.151272  0.550542  0.517973 2.47137E-10
 er  68   1.093734  0.173734  0.875547  0.842979 1.49290E-09
 tm  69   0.186250  0.066250  0.768063  0.735494 1.86584E-10
 yb  70   1.407945  0.487945  1.189758  1.157189 3.18420E-09
 lu  71   0.485802  0.395802  1.097615  1.065046 3.85182E-10
 hf  72   1.386274  0.676274  1.378088  1.345519 3.12462E-09
 ta  73   0.472925  0.592925  1.294739  1.262170 3.86712E-10
  w  74   1.335572  0.685572  1.387386  1.354817 2.86366E-09
 re  75   0.412118  0.152118  0.853932  0.821363 3.45958E-10
 os  76   1.405327  0.055327  0.757141  0.724572 3.47948E-09
 ir  77   0.842540 -0.477460  0.224353  0.191785 9.62145E-10
 pt  78   1.435157 -0.184843  0.516971  0.484402 3.82185E-09
 au  79   0.651471 -0.148529  0.553285  0.520716 6.34999E-10
 hg  80   1.835788  0.665788  1.367602  1.335033 9.88567E-09
 tl  81   1.363929  0.593929  1.295743  1.263174 3.39846E-09
 pb  82   3.306450  1.266450  1.968264  1.935695 3.01820E-07
 bi  83   1.310923  0.660923  1.362736  1.330167 3.07565E-09
 po  84   1.870901 -9.000000  0.000000  0.000000 1.11675E-08
#[ls/Fe]_Thiswork =   0.6966, [hs/Fe]_Thiswork =   1.3082
#[hs/ls]_Thiswork =   0.6116, [Pb/hs]_Thiswork =   0.6601
# Elemental abundance ratios: 
# He/H =  9.5708E-02, C/O =  2.5588E+00, N/O = 3.05486E-01
#
#  TP   Mass     Mcore    Menv    log L
# 16 1.404320 0.643575 0.760746 3.937340
# El  Z   log e(X)   [X/H]    [X/Fe]     [X/O]      X(i)
  p   1  12.000000  0.000000  0.000000  0.000000 7.22682E-01
 he   2  10.984829  0.054829  0.756642  0.724073 2.77141E-01
  c   6   8.569695  0.099694  0.801508  0.768939 3.19713E-03
  n   7   7.549435 -0.320565  0.381248  0.348680 3.55850E-04
  o   8   8.072508 -0.657492  0.044322  0.000000 1.35546E-03
  f   9   4.437872 -0.022128  0.679686  0.635364 3.73307E-07
 ne  10   7.592640 -0.377360  0.324454  0.280132 5.66301E-04
 na  11   5.801934 -0.508066  0.193748  0.149426 1.04462E-05
 mg  12   6.946230 -0.693770  0.008044 -0.036278 1.53961E-04
 al  13   5.792679 -0.677321  0.024493 -0.019829 1.20016E-05
 si  14   6.850526 -0.699474  0.002339 -0.041983 1.42726E-04
  p  15   4.793936 -0.676064  0.025750 -0.018572 1.38172E-06
  s  16   6.459747 -0.700253  0.001561 -0.042761 6.62621E-05
 cl  17   4.539884 -0.690116  0.011698 -0.032624 8.81097E-07
 ar  18   5.739263 -0.700737  0.001076 -0.043246 1.57125E-05
  k  19   4.382560 -0.697440  0.004374 -0.039948 6.76396E-07
 ca  20   5.589137 -0.700863  0.000950 -0.043372 1.11565E-05
 sc  21   2.373414 -0.676586  0.025228 -0.019094 7.61531E-09
 ti  22   4.216201 -0.693799  0.008015 -0.036307 5.64578E-07
  v  23   3.257736 -0.702264 -0.000450 -0.044772 6.61148E-08
 cr  24   4.920580 -0.719420 -0.017606 -0.061928 3.10482E-06
 mn  25   4.783244 -0.696756  0.005057 -0.039265 2.39113E-06
 fe  26   6.839430 -0.700570  0.000000 -0.043078 2.76631E-04
 co  27   4.204907 -0.665092  0.035477 -0.007601 6.77255E-07
 ni  28   5.501007 -0.698993  0.001577 -0.041501 1.33377E-05
 cu  29   3.591821 -0.658179  0.042390 -0.000688 1.77990E-07
 zn  30   3.950554 -0.679446  0.021123 -0.021955 4.18483E-07
 ga  31   2.492620 -0.587380  0.113189  0.070111 1.55411E-08
 ge  32   2.971889 -0.608110  0.092459  0.049381 4.88148E-08
 as  33   1.679669 -0.620331  0.080239  0.037161 2.56901E-09
 se  34   2.804440 -0.535559  0.165010  0.121932 3.60856E-08
 br  35   1.955297 -0.584702  0.115867  0.072789 5.16836E-09
 kr  36   2.829736 -0.420264  0.280305  0.237227 4.05935E-08
 rb  37   1.905057 -0.454943  0.245627  0.202549 4.92433E-09
 sr  38   2.939493  0.059493  0.760063  0.716985 5.46491E-08
  y  39   2.304924  0.134924  0.835494  0.792416 1.28630E-08
 zr  40   2.702875  0.172875  0.873445  0.830367 3.29967E-08
 nb  41   1.507376  0.097376  0.797945  0.754867 2.14243E-09
 mo  42   1.948080  0.008080  0.708650  0.665572 6.10332E-09
 tc  43   0.286127 -9.000000  0.000000  0.000000 1.35781E-10
 ru  44   1.671427 -0.088573  0.611996  0.568918 3.40044E-09
 rh  45   0.738926 -0.321074  0.379496  0.336418 4.04439E-10
 pd  46   1.700392  0.050392  0.750961  0.707883 3.82738E-09
 ag  47   0.841776 -0.358224  0.342345  0.299268 5.37223E-10
 cd  48   1.844977  0.134977  0.835547  0.792469 5.63991E-09
 in  49   0.735553 -0.024447  0.676122  0.633044 4.47764E-10
 sn  50   2.282633  0.212633  0.913203  0.870125 1.63157E-08
 sb  51   0.801225 -0.208775  0.491794  0.448716 5.52352E-10
 te  52   1.905021 -0.274979  0.425590  0.382512 7.35119E-09
  i  53   1.057645 -0.492355  0.208215  0.165137 1.03898E-09
 xe  54   2.087723 -0.152277  0.548292  0.505214 1.15200E-08
 cs  55   1.027770 -0.052230  0.648340  0.605262 1.01578E-09
 ba  56   2.880890  0.700890  1.401459  1.358382 7.48398E-08
 la  57   1.896538  0.726538  1.427107  1.384030 7.84775E-09
 ce  58   2.422500  0.842500  1.543069  1.499991 2.65750E-08
 pr  59   1.377915  0.617915  1.318485  1.275407 2.41178E-09
 nd  60   2.198318  0.748317  1.448887  1.405809 1.63264E-08
 pm  61   0.000000 -9.000000  0.000000  0.000000 0.00000E+00
 sm  62   1.434755  0.494755  1.195325  1.152247 2.93342E-09
 eu  63   0.419946 -0.090054  0.610515  0.567437 2.86532E-10
 gd  64   1.276022  0.226022  0.926592  0.883514 2.12863E-09
 tb  65   0.302582 -0.017418  0.683151  0.640073 2.28697E-10
 dy  66   1.415489  0.285489  0.986059  0.942981 3.03269E-09
 ho  67   0.435961 -0.034039  0.666530  0.623452 3.22661E-10
 er  68   1.232631  0.312631  1.013200  0.970122 2.04883E-09
 tm  69   0.319001  0.199001  0.899571  0.856493 2.52467E-10
 yb  70   1.554162  0.634162  1.334732  1.291654 4.44421E-09
 lu  71   0.628105  0.538105  1.238675  1.195597 5.32779E-10
 hf  72   1.533600  0.823600  1.524169  1.481091 4.37220E-09
 ta  73   0.621342  0.741342  1.441911  1.398833 5.42478E-10
  w  74   1.482008  0.832008  1.532578  1.489500 3.99885E-09
 re  75   0.548885  0.288885  0.989455  0.946377 4.72463E-10
 os  76   1.532185  0.182185  0.882754  0.839676 4.64462E-09
 ir  77   0.910940 -0.409060  0.291510  0.248432 1.12258E-09
 pt  78   1.548279 -0.071721  0.628848  0.585770 4.94281E-09
 au  79   0.766007 -0.033993  0.666577  0.623499 8.23925E-10
 hg  80   1.982001  0.812001  1.512571  1.469493 1.37974E-08
 tl  81   1.498997  0.728997  1.429566  1.386488 4.62304E-09
 pb  82   3.452104  1.412104  2.112673  2.069595 4.20707E-07
 bi  83   1.447165  0.797166  1.497735  1.454657 4.19524E-09
 po  84   1.975237 -9.000000  0.000000  0.000000 1.41537E-08
#[ls/Fe]_Thiswork =   0.8230, [hs/Fe]_Thiswork =   1.4572
#[hs/ls]_Thiswork =   0.6342, [Pb/hs]_Thiswork =   0.6555
# Elemental abundance ratios: 
# He/H =  9.6567E-02, C/O =  3.1419E+00, N/O = 2.99866E-01
#
# Final abundances
# El  Z   log e(X)   [X/H]    [X/Fe]     [X/O]      X(i)
  p   1  12.000000  0.000000  0.000000  0.000000 7.20757E-01
 he   2  10.988019  0.058019  0.757573  0.707145 2.78441E-01
  c   6   8.633979  0.163979  0.863533  0.813105 3.69732E-03
  n   7   7.557676 -0.312324  0.387230  0.336802 3.61701E-04
  o   8   8.080873 -0.649126  0.050428  0.000000 1.37814E-03
  f   9   4.514269  0.054269  0.753823  0.703395 4.43921E-07
 ne  10   7.646426 -0.323574  0.375980  0.325552 6.39258E-04
 na  11   5.843238 -0.466762  0.232792  0.182364 1.14579E-05
 mg  12   6.949858 -0.690142  0.009412 -0.041016 1.54840E-04
 al  13   5.797484 -0.672515  0.027039 -0.023389 1.21028E-05
 si  14   6.851764 -0.698236  0.001318 -0.049110 1.42752E-04
  p  15   4.800259 -0.669741  0.029813 -0.020615 1.39825E-06
  s  16   6.460840 -0.699160  0.000394 -0.050034 6.62522E-05
 cl  17   4.542794 -0.687206  0.012348 -0.038080 8.84658E-07
 ar  18   5.740266 -0.699734 -0.000180 -0.050608 1.57069E-05
  k  19   4.384374 -0.695626  0.003928 -0.046500 6.77418E-07
 ca  20   5.590120 -0.699880 -0.000326 -0.050754 1.11521E-05
 sc  21   2.379475 -0.670525  0.029029 -0.021399 7.70178E-09
 ti  22   4.218840 -0.691160  0.008394 -0.042034 5.66507E-07
  v  23   3.258768 -0.701232 -0.001678 -0.052106 6.60956E-08
 cr  24   4.921701 -0.718299 -0.018745 -0.069173 3.10455E-06
 mn  25   4.785167 -0.694833  0.004721 -0.045707 2.39534E-06
 fe  26   6.840446 -0.699554  0.000000 -0.050428 2.76541E-04
 co  27   4.211529 -0.658471  0.041083 -0.009345 6.85830E-07
 ni  28   5.502294 -0.697706  0.001848 -0.048580 1.33416E-05
 cu  29   3.599737 -0.650263  0.049291 -0.001137 1.80782E-07
 zn  30   3.956504 -0.673496  0.026058 -0.024370 4.23127E-07
 ga  31   2.516904 -0.563096  0.136458  0.086030 1.63911E-08
 ge  32   2.998974 -0.581026  0.118528  0.068100 5.18176E-08
 as  33   1.698471 -0.601529  0.098025  0.047597 2.67553E-09
 se  34   2.844223 -0.495777  0.203777  0.153349 3.94419E-08
 br  35   1.985354 -0.554646  0.144908  0.094481 5.52398E-09
 kr  36   2.880610 -0.369390  0.330163  0.279736 4.55168E-08
 rb  37   1.951621 -0.408379  0.291175  0.240747 5.46706E-09
 sr  38   3.025737  0.145737  0.845291  0.794863 6.64766E-08
  y  39   2.392666  0.222666  0.922220  0.871792 1.57009E-08
 zr  40   2.790880  0.260880  0.960434  0.910006 4.03012E-08
 nb  41   1.592612  0.182612  0.882166  0.831738 2.60007E-09
 mo  42   2.034140  0.094140  0.793694  0.743266 7.42109E-09
 tc  43   0.345550 -9.000000  0.000000  0.000000 1.55276E-10
 ru  44   1.756145 -0.003855  0.695698  0.645271 4.12189E-09
 rh  45   0.800007 -0.259993  0.439561  0.389133 4.64276E-10
 pd  46   1.786208  0.136208  0.835762  0.785334 4.65116E-09
 ag  47   0.900118 -0.299882  0.399672  0.349244 6.12829E-10
 cd  48   1.932739  0.222739  0.922293  0.871865 6.88458E-09
 in  49   0.816640  0.056640  0.756194  0.705766 5.38243E-10
 sn  50   2.370935  0.300936  1.000489  0.950062 1.99412E-08
 sb  51   0.881706 -0.128294  0.571260  0.520832 6.63040E-10
 te  52   1.990623 -0.189377  0.510177  0.459749 8.92900E-09
  i  53   1.097815 -0.452185  0.247369  0.196941 1.13663E-09
 xe  54   2.161462 -0.078538  0.621016  0.570588 1.36155E-08
 cs  55   1.105247  0.025247  0.724800  0.674373 1.21092E-09
 ba  56   2.971385  0.791385  1.490939  1.440511 9.19325E-08
 la  57   1.986613  0.816613  1.516167  1.465739 9.63082E-09
 ce  58   2.513553  0.933553  1.633107  1.582679 3.26865E-08
 pr  59   1.468027  0.708027  1.407581  1.357153 2.96000E-09
 nd  60   2.288762  0.838762  1.538316  1.487888 2.00529E-08
 pm  61   0.000000 -9.000000  0.000000  0.000000 0.00000E+00
 sm  62   1.523014  0.583014  1.282568  1.232140 3.58489E-09
 eu  63   0.492874 -0.017126  0.682428  0.632000 3.38021E-10
 gd  64   1.359763  0.309763  1.009317  0.958889 2.57444E-09
 tb  65   0.378896  0.058896  0.758450  0.708022 2.71905E-10
 dy  66   1.500638  0.370638  1.070192  1.019764 3.67977E-09
 ho  67   0.511768  0.041768  0.741322  0.690894 3.83174E-10
 er  68   1.319936  0.399936  1.099490  1.049062 2.49836E-09
 tm  69   0.403405  0.283405  0.982959  0.932531 3.05810E-10
 yb  70   1.644501  0.724501  1.424055  1.373627 5.45728E-09
 lu  71   0.716633  0.626633  1.326187  1.275759 6.51504E-10
 hf  72   1.625291  0.915291  1.614845  1.564417 5.38560E-09
 ta  73   0.714902  0.834902  1.534456  1.484028 6.71095E-10
  w  74   1.573163  0.923163  1.622717  1.572289 4.91963E-09
 re  75   0.638373  0.378373  1.077927  1.027499 5.79027E-10
 os  76   1.613351  0.263351  0.962905  0.912477 5.58418E-09
 ir  77   0.960471 -0.359529  0.340025  0.289597 1.25485E-09
 pt  78   1.622528  0.002528  0.702082  0.651654 5.84878E-09
 au  79   0.841615  0.041615  0.741169  0.690741 9.77996E-10
 hg  80   2.074098  0.904098  1.603652  1.553224 1.70112E-08
 tl  81   1.587788  0.817788  1.517342  1.466914 5.65668E-09
 pb  82   3.539991  1.499991  2.199545  2.149117 5.13700E-07
 bi  83   1.528063  0.878063  1.577617  1.527189 5.04077E-09
 po  84   2.034213 -9.000000  0.000000  0.000000 1.61692E-08
#[ls/Fe]_Thiswork =   0.9093, [hs/Fe]_Thiswork =   1.5467
#[hs/ls]_Thiswork =   0.6374, [Pb/hs]_Thiswork =   0.6528
# Elemental abundance ratios: 
# He/H =  9.7279E-02, C/O =  3.5736E+00, N/O = 2.99780E-01
