#  TP   Mass     Mcore    Menv    log L
# 20 1.338870 0.654595 0.684278 4.015640
# El  Z   log e(X)   [X/H]    [X/Fe]     [X/O]      X(i)
  p   1  12.000000  0.000000  0.000000  0.000000 7.08543E-01
 he   2  11.003973  0.073973  0.769674  0.673670 2.83965E-01
  c   6   9.039177  0.569177  1.264878  1.168874 9.23979E-03
  n   7   7.599164 -0.270836  0.424865  0.328861 3.91214E-04
  o   8   8.140935 -0.589065  0.106637  0.000000 1.55573E-03
  f   9   5.074222  0.614222  1.309923  1.203287 1.58429E-06
 ne  10   7.986327  0.016327  0.712029  0.605392 1.37453E-03
 na  11   6.120610 -0.189390  0.506311  0.399674 2.13331E-05
 mg  12   6.986821 -0.653179  0.042522 -0.064114 1.65738E-04
 al  13   5.825629 -0.644371  0.051331 -0.055306 1.26943E-05
 si  14   6.859953 -0.690047  0.005654 -0.100982 1.43004E-04
  p  15   4.855606 -0.614394  0.081307 -0.025330 1.56138E-06
  s  16   6.467465 -0.692535  0.003166 -0.103470 6.61305E-05
 cl  17   4.568765 -0.661235  0.034466 -0.072171 9.23259E-07
 ar  18   5.745893 -0.694107  0.001595 -0.105042 1.56421E-05
  k  19   4.399133 -0.680867  0.014834 -0.091803 6.88958E-07
 ca  20   5.595399 -0.694601  0.001101 -0.105536 1.10971E-05
 sc  21   2.442567 -0.607433  0.088268 -0.018368 8.75507E-09
 ti  22   4.239664 -0.670336  0.025365 -0.081272 5.84259E-07
  v  23   3.264185 -0.695815 -0.000114 -0.106750 6.57910E-08
 cr  24   4.928639 -0.711361 -0.015660 -0.122296 3.10109E-06
 mn  25   4.800767 -0.679233  0.016468 -0.090168 2.44087E-06
 fe  26   6.846305 -0.693695  0.000000 -0.104630 2.75547E-04
 co  27   4.292616 -0.577384  0.116311  0.011681 8.12607E-07
 ni  28   5.513751 -0.686249  0.007446 -0.097184 1.34661E-05
 cu  29   3.716690 -0.533310  0.160385  0.055755 2.32640E-07
 zn  30   4.020597 -0.609404  0.084291 -0.020339 4.82103E-07
 ga  31   2.709647 -0.370353  0.323342  0.218712 2.51148E-08
 ge  32   3.203609 -0.376391  0.317303  0.212673 8.15999E-08
 as  33   1.847967 -0.452033  0.241662  0.137032 3.71092E-09
 se  34   3.108462 -0.231538  0.462157  0.357527 7.12484E-08
 br  35   2.208694 -0.331306  0.362388  0.257758 9.08172E-09
 kr  36   3.199421 -0.050579  0.643116  0.538486 9.32309E-08
 rb  37   2.313070 -0.046930  0.646765  0.542135 1.23532E-08
 sr  38   3.442670  0.562670  1.256364  1.151734 1.70679E-07
  y  39   2.819210  0.649210  1.342905  1.238275 4.12141E-08
 zr  40   3.214078  0.684078  1.377773  1.273143 1.04977E-07
 nb  41   2.014851  0.604851  1.298545  1.193915 6.75772E-09
 mo  42   2.452614  0.512614  1.206308  1.101678 1.91214E-08
 tc  43   0.665262 -9.000000  0.000000  0.000000 3.18709E-10
 ru  44   2.161445  0.401445  1.095139  0.990509 1.03032E-08
 rh  45   1.132873  0.072873  0.766567  0.661937 9.82243E-10
 pd  46   2.197026  0.547026  1.240721  1.136091 1.17748E-08
 ag  47   1.224951  0.024951  0.718645  0.614015 1.27277E-09
 cd  48   2.351473  0.641473  1.335167  1.230537 1.77495E-08
 in  49   1.216792  0.456792  1.150487  1.045857 1.32956E-09
 sn  50   2.790303  0.720303  1.413998  1.309368 5.14868E-08
 sb  51   1.277089  0.267089  0.960784  0.856154 1.61994E-09
 te  52   2.398729  0.218729  0.912424  0.807794 2.24639E-08
  i  53   1.345706 -0.204294  0.489401  0.384771 1.97737E-09
 xe  54   2.539340  0.299340  0.993035  0.888405 3.19512E-08
 cs  55   1.543460  0.463460  1.157154  1.052524 3.26518E-09
 ba  56   3.391974  1.211974  1.905669  1.801039 2.38032E-07
 la  57   2.404978  1.234978  1.928672  1.824042 2.48087E-08
 ce  58   2.932068  1.352068  2.045763  1.941132 8.42289E-08
 pr  59   1.893348  1.133348  1.827042  1.722412 7.74799E-09
 nd  60   2.699008  1.249008  1.942703  1.838073 5.06990E-08
 pm  61   0.000000 -9.000000  0.000000  0.000000 0.00000E+00
 sm  62   1.908606  0.968606  1.662300  1.557670 8.56334E-09
 eu  63   0.847292  0.337292  1.030987  0.926357 7.51517E-10
 gd  64   1.756840  0.706840  1.400534  1.295904 6.31445E-09
 tb  65   0.743850  0.423850  1.117544  1.012914 6.19366E-10
 dy  66   1.890272  0.760272  1.453967  1.349337 8.87220E-09
 ho  67   0.876147  0.406147  1.099842  0.995212 8.71670E-10
 er  68   1.737226  0.817226  1.510920  1.406290 6.41978E-09
 tm  69   0.791998  0.671998  1.365692  1.261063 7.35564E-10
 yb  70   2.054912  1.134912  1.828606  1.723976 1.38027E-08
 lu  71   1.105558  1.015558  1.709253  1.604623 1.56827E-09
 hf  72   2.048299  1.338299  2.031993  1.927363 1.40223E-08
 ta  73   1.132992  1.252992  1.946686  1.842056 1.72763E-09
  w  74   1.986683  1.336683  2.030377  1.925748 1.25322E-08
 re  75   1.052209  0.792209  1.485904  1.381274 1.47608E-09
 os  76   1.988645  0.638645  1.332339  1.227709 1.30265E-08
 ir  77   1.230366 -0.089634  0.604060  0.499430 2.29648E-09
 pt  78   1.974236  0.354236  1.047930  0.943300 1.29226E-08
 au  79   1.194267  0.394267  1.087962  0.983332 2.16554E-09
 hg  80   2.480625  1.310625  2.004320  1.899690 4.26423E-08
 tl  81   2.041167  1.271167  1.964862  1.860232 1.57949E-08
 pb  82   3.981221  1.941221  2.634916  2.530286 1.39482E-06
 bi  83   1.983910  1.333910  2.027604  1.922974 1.41553E-08
 po  84   2.242146 -9.000000  0.000000  0.000000 2.56565E-08
