# Final abundances
# El  Z   log e(X)   [X/H]    [X/Fe]     [X/O]      X(i)
  p   1  12.000000  0.000000  0.000000  0.000000 6.52879E-01
 he   2  11.124963  0.194963  0.853163  1.214543 3.45717E-01
 li   3  -1.163442 -4.423442 -3.765242 -3.403862 3.08570E-13
 be   4   0.000000 -1.300000  0.000000  0.000000 2.10199E-34
  b   5   0.000000 -2.790000  0.000000  0.000000 3.77477E-30
  c   6   8.038026 -0.431974  0.226226  0.587606 8.49136E-04
  n   7   8.685486  0.815486  1.473686  1.835066 4.39747E-03
  o   8   7.710419 -1.019580 -0.361380  0.000000 5.31967E-04
  f   9   3.402994 -1.057006 -0.398806 -0.037426 3.11225E-08
 ne  10   7.396474 -0.573525  0.084675  0.446055 3.25663E-04
 na  11   5.717380 -0.592620  0.065580  0.426960 7.76768E-06
 mg  12   6.988611 -0.651389  0.006812  0.368192 1.53349E-04
 al  13   6.174042 -0.295958  0.362242  0.723622 2.60909E-05
 si  14   6.905739 -0.644261  0.013939  0.375319 1.46420E-04
  p  15   4.851977 -0.618023  0.040177  0.401557 1.42675E-06
  s  16   6.502654 -0.657346  0.000854  0.362234 6.60780E-05
 cl  17   4.591064 -0.638936  0.019265  0.380645 8.95550E-07
 ar  18   5.782331 -0.657669  0.000532  0.361912 1.56747E-05
  k  19   4.432607 -0.647393  0.010808  0.372188 6.85700E-07
 ca  20   5.631430 -0.658570 -0.000370  0.361011 1.11099E-05
 sc  21   2.468575 -0.581424  0.076776  0.438156 8.56517E-09
 ti  22   4.254731 -0.655269  0.002932  0.364312 5.57365E-07
  v  23   3.298375 -0.661625 -0.003425  0.357955 6.55879E-08
 cr  24   4.963552 -0.676447 -0.018247  0.343133 3.09667E-06
 mn  25   4.825394 -0.654606  0.003594  0.364974 2.38034E-06
 fe  26   6.881800 -0.658200  0.000000  0.361380 2.75522E-04
 co  27   4.411860 -0.458140  0.200060  0.561440 9.85351E-07
 ni  28   5.575281 -0.624719  0.033482  0.394862 1.42968E-05
 cu  29   3.896536 -0.353464  0.304736  0.666116 3.24337E-07
 zn  30   4.038336 -0.591664  0.066536  0.427917 4.62750E-07
 ga  31   2.656804 -0.423196  0.235004  0.596385 2.04905E-08
 ge  32   3.096836 -0.483164  0.175036  0.536417 5.88009E-08
 as  33   1.759340 -0.540660  0.117541  0.478921 2.78819E-09
 se  34   2.864922 -0.475078  0.183122  0.544502 3.74715E-08
 br  35   2.063113 -0.476887  0.181314  0.542694 5.98487E-09
 kr  36   2.831443 -0.418557  0.239643  0.601023 3.68171E-08
 rb  37   2.074794 -0.285206  0.372994  0.734374 6.57613E-09
 sr  38   2.386352 -0.493649  0.164552  0.525932 1.38143E-08
  y  39   1.646487 -0.523513  0.134687  0.496068 2.55147E-09
 zr  40   1.959876 -0.570124  0.088076  0.449456 5.38713E-09
 nb  41   0.819484 -0.590516  0.067684  0.429064 3.97100E-10
 mo  42   1.231237 -0.708763 -0.050562  0.310818 1.05830E-09
 tc  43  -1.008939 -9.000000  0.000000  0.000000 6.21813E-12
 ru  44   1.000060 -0.759940 -0.101740  0.259640 6.54718E-10
 rh  45   0.401098 -0.658902 -0.000701  0.360679 1.67846E-10
 pd  46   0.956985 -0.693015 -0.034814  0.326566 6.24282E-10
 ag  47   0.543205 -0.656795  0.001405  0.362786 2.44045E-10
 cd  48   1.033971 -0.676029 -0.017829  0.343551 7.87322E-10
 in  49   0.088215 -0.671785 -0.013585  0.347795 9.11167E-11
 sn  50   1.367091 -0.702909 -0.044708  0.316672 1.79041E-09
 sb  51   0.113221 -0.896779 -0.238579  0.122802 1.02353E-10
 te  52   1.065120 -1.114880 -0.456680 -0.095300 9.60159E-10
  i  53   0.881124 -0.668875 -0.010675  0.350705 6.25133E-10
 xe  54   1.551225 -0.688775 -0.030575  0.330805 3.02580E-09
 cs  55   0.419657 -0.660343 -0.002143  0.359237 2.26241E-10
 ba  56   1.543788 -0.636212  0.021988  0.383368 3.11112E-09
 la  57   0.521641 -0.648359  0.009841  0.371221 2.99043E-10
 ce  58   0.929416 -0.650584  0.007616  0.368996 7.71394E-10
 pr  59   0.104187 -0.655813  0.002387  0.363767 1.16010E-10
 nd  60   0.770801 -0.679199 -0.020999  0.340381 5.51136E-10
 pm  61   0.000000 -9.000000  0.000000  0.000000 0.00000E+00
 sm  62   0.154351 -0.785649 -0.127448  0.233932 1.38949E-10
 eu  63  -0.166094 -0.676094 -0.017894  0.343487 6.71460E-11
 gd  64   0.392743 -0.657257  0.000943  0.362324 2.51598E-10
 tb  65  -0.350928 -0.670928 -0.012728  0.348652 4.58815E-11
 dy  66   0.472396 -0.657604  0.000596  0.361976 3.12336E-10
 ho  67  -0.200435 -0.670435 -0.012234  0.349146 6.73345E-11
 er  68   0.256948 -0.663052 -0.004851  0.356529 1.95754E-10
 tm  69  -0.546343 -0.666343 -0.008143  0.353238 3.10990E-11
 yb  70   0.208442 -0.711558 -0.053358  0.308022 1.81118E-10
 lu  71  -0.570062 -0.660062 -0.001861  0.359519 3.04977E-11
 hf  72   0.060101 -0.649899  0.008301  0.369681 1.32766E-10
 ta  73  -0.779774 -0.659774 -0.001573  0.359807 1.94604E-11
  w  74  -0.001332 -0.651332  0.006868  0.368248 1.18708E-10
 re  75  -0.408582 -0.668582 -0.010381  0.350999 4.70747E-11
 os  76   0.688408 -0.661592 -0.003392  0.357988 6.01257E-10
 ir  77   0.647537 -0.672463 -0.014263  0.347118 5.52971E-10
 pt  78   0.933527 -0.686473 -0.028273  0.333107 1.08420E-09
 au  79   0.135896 -0.664104 -0.005904  0.355476 1.74446E-10
 hg  80   0.495292 -0.674708 -0.016508  0.344872 4.06419E-10
 tl  81   0.130954 -0.639046  0.019154  0.380534 1.78966E-10
 pb  82   1.391267 -0.648733  0.009467  0.370847 3.30392E-09
 bi  83  -0.002368 -0.652368  0.005832  0.367212 1.34620E-10
 po  84   0.000000 -9.000000  0.000000  0.000000 0.00000E+00
#[ls/Fe]_Thiswork =   0.1291, [hs/Fe]_Thiswork =   0.0131
#[hs/ls]_Thiswork =  -0.1160, [Pb/hs]_Thiswork =  -0.0037
# He/H =  1.3334E-01, C/O =  2.1262E+00, c12/c13 = 7.39073E+00
# o16/o17 = 3.24807E+02, o16/o18 = 3.40094E+05
# mg24/mg25 =  1.7841E-01, mg24/mg26 =  9.5604E-01 al26/al27 = 
# si28/si29 =  1.8940E+01, si28/si30 =  2.7006E+01
# cl36/cl35 =  8.1454E-04, cl37/cl35 =  3.7251E-01
