 #pulse    Mcore         M_csh         t_csh         Ddredge       lambda        DMh           THeshell       Tbce       THshell     interpulse       Mtot         MaxL          MaxLHe       maxR	   Mbol		Teff
   1   5.474107E-01  2.265042E-02  4.929393E+02  0.000000E+00  0.000000E+00  4.486740E-03  1.767971E+08  5.115521E+06  4.743655E+07  0.000000E+00  2.499974E+00  2.268488E+03  1.470590E+04  1.290124E+02 -3.669342E+00  3.538918E+03
   2   5.491243E-01  2.758890E-02  3.902148E+02  0.000000E+00  0.000000E+00  1.460314E-03  1.844565E+08  5.234213E+06  4.843443E+07  6.737772E+04  2.499974E+00  2.535804E+03  4.489246E+04  1.401733E+02 -3.790289E+00  3.493253E+03
   3   5.510783E-01  2.750456E-02  3.842853E+02  0.000000E+00  0.000000E+00  1.667202E-03  1.892881E+08  5.310554E+06  4.903776E+07  7.625771E+04  2.499972E+00  2.710943E+03  5.370193E+04  1.472209E+02 -3.862801E+00  3.466959E+03
   4   5.532329E-01  2.729213E-02  3.568995E+02  0.000000E+00  0.000000E+00  1.899242E-03  1.927628E+08  5.395477E+06  4.972074E+07  7.804043E+04  2.499971E+00  2.922815E+03  6.688775E+04  1.558029E+02 -3.944503E+00  3.436008E+03
   5   5.557346E-01  2.705413E-02  3.424196E+02  0.000000E+00  0.000000E+00  2.247036E-03  1.971302E+08  5.498007E+06  5.054194E+07  8.132138E+04  2.499969E+00  3.186724E+03  9.270391E+04  1.662056E+02 -4.038361E+00  3.400608E+03
   6   5.585197E-01  2.703595E-02  3.320655E+02  0.000000E+00  0.000000E+00  2.548456E-03  2.006621E+08  5.586479E+06  5.128419E+07  8.353607E+04  2.499967E+00  3.433530E+03  1.179258E+05  1.758071E+02 -4.119352E+00  3.370549E+03
   7   5.615740E-01  2.659911E-02  2.776068E+02  0.000000E+00  0.000000E+00  2.840102E-03  2.045031E+08  5.675490E+06  5.202170E+07  8.461313E+04  2.499964E+00  3.691211E+03  1.520784E+05  1.858774E+02 -4.197922E+00  3.340558E+03
   8   5.649379E-01  2.634478E-02  2.933617E+02  0.000000E+00  0.000000E+00  3.136575E-03  2.082478E+08  5.767792E+06  5.273051E+07  8.592063E+04  2.499961E+00  3.958098E+03  2.009179E+05  1.962691E+02 -4.273716E+00  3.310844E+03
   9   5.685715E-01  2.590197E-02  2.895191E+02  0.000000E+00  0.000000E+00  3.421128E-03  2.118845E+08  5.860360E+06  5.343254E+07  8.604541E+04  2.499957E+00  4.228686E+03  2.614408E+05  2.064512E+02 -4.345514E+00  3.283597E+03
  10   5.724124E-01  2.538198E-02  2.574139E+02  0.000000E+00  0.000000E+00  3.623724E-03  2.150831E+08  5.947814E+06  5.407010E+07  8.523621E+04  2.499951E+00  4.490186E+03  3.249127E+05  2.161896E+02 -4.410661E+00  3.259521E+03
  11   5.764799E-01  2.485698E-02  2.494861E+02  0.000000E+00  0.000000E+00  3.845334E-03  2.184985E+08  6.036216E+06  5.471298E+07  8.420727E+04  2.499943E+00  4.769601E+03  4.173820E+05  2.270072E+02 -4.476205E+00  3.231853E+03
  12   5.807159E-01  2.428257E-02  2.071239E+02  0.000000E+00  0.000000E+00  4.024267E-03  2.213903E+08  6.132110E+06  5.531789E+07  8.251078E+04  2.499933E+00  5.040641E+03  5.091151E+05  2.369098E+02 -4.536214E+00  3.209991E+03
  13   5.850887E-01  2.364922E-02  2.192639E+02  0.000000E+00  0.000000E+00  4.162729E-03  2.241284E+08  6.225018E+06  5.592350E+07  8.037021E+04  2.499920E+00  5.314415E+03  6.108234E+05  2.469671E+02 -4.593639E+00  3.186737E+03
  14   5.896389E-01  2.304816E-02  1.985819E+02  0.000000E+00  0.000000E+00  4.332781E-03  2.273725E+08  6.331162E+06  5.654093E+07  7.866533E+04  2.499902E+00  5.608482E+03  7.737429E+05  2.577069E+02 -4.652113E+00  3.164177E+03
  15   5.943051E-01  2.241009E-02  1.919964E+02  0.000000E+00  0.000000E+00  4.438937E-03  2.298210E+08  6.432769E+06  5.712076E+07  7.642844E+04  2.499876E+00  5.895840E+03  9.204502E+05  2.687580E+02 -4.706364E+00  3.139776E+03
  16   5.990995E-01  2.179492E-02  1.628836E+02  0.000000E+00  0.000000E+00  4.572868E-03  2.324967E+08  6.537908E+06  5.771402E+07  7.428044E+04  2.499839E+00  6.195615E+03  1.115580E+06  2.795573E+02 -4.760211E+00  3.118400E+03
  17   6.039786E-01  2.117670E-02  1.546580E+02  0.000000E+00  0.000000E+00  4.687488E-03  2.351186E+08  6.649062E+06  5.829034E+07  7.185531E+04  2.499784E+00  6.494621E+03  1.348178E+06  2.902657E+02 -4.811385E+00  3.098400E+03
  18   6.089268E-01  2.057940E-02  1.600104E+02  1.419783E-04  2.951636E-02  4.810154E-03  2.377649E+08  6.773312E+06  5.888491E+07  6.968110E+04  2.499698E+00  6.810990E+03  1.628003E+06  3.013997E+02 -4.863026E+00  3.078531E+03
  19   6.138402E-01  2.008694E-02  1.581327E+02  6.101727E-04  1.206966E-01  5.055428E-03  2.411454E+08  6.919550E+06  5.955558E+07  6.801393E+04  2.499558E+00  7.164084E+03  2.093810E+06  3.142764E+02 -4.917902E+00  3.055064E+03
  20   6.186355E-01  1.981026E-02  1.614704E+02  1.317263E-03  2.436900E-01  5.405486E-03  2.457038E+08  7.094571E+06  6.025436E+07  6.701928E+04  2.499314E+00  7.541801E+03  2.971675E+06  3.274422E+02 -4.973688E+00  3.033774E+03
  21   6.232268E-01  1.957697E-02  1.411318E+02  2.223134E-03  3.762572E-01  5.908549E-03  2.500871E+08  7.290122E+06  6.095567E+07  6.698766E+04  2.498855E+00  7.943717E+03  4.391572E+06  3.424718E+02 -5.030059E+00  3.008929E+03
  22   6.275083E-01  1.945031E-02  1.650569E+02  3.264785E-03  5.019152E-01  6.504655E-03  2.547534E+08  7.511790E+06  6.163983E+07  6.746103E+04  2.497957E+00  8.355111E+03  6.764718E+06  3.567989E+02 -5.084880E+00  2.988796E+03
  23   6.314052E-01  1.934391E-02  1.673632E+02  4.220188E-03  5.892737E-01  7.161677E-03  2.592979E+08  7.735170E+06  6.226600E+07  6.828252E+04  2.496143E+00  8.761528E+03  1.038663E+07  3.715271E+02 -5.136450E+00  2.966021E+03
  24   6.349420E-01  1.923138E-02  1.679916E+02  5.236626E-03  6.750883E-01  7.756948E-03  2.634878E+08  7.968592E+06  6.281091E+07  6.888579E+04  2.492541E+00  9.144935E+03  1.527871E+07  3.851133E+02 -5.182952E+00  2.947814E+03
  25   6.381407E-01  1.920676E-02  1.456647E+02  6.146073E-03  7.286127E-01  8.435309E-03  2.677738E+08  8.216958E+06  6.331243E+07  6.980717E+04  2.485237E+00  9.521476E+03  2.282987E+07  3.987637E+02 -5.226760E+00  2.929722E+03
  26   6.409798E-01  1.922208E-02  1.649353E+02  7.082701E-03  7.882664E-01  8.985162E-03  2.723369E+08  8.448193E+06  6.373168E+07  7.018520E+04  2.470920E+00  9.865746E+03  3.263495E+07  4.107541E+02 -5.265325E+00  2.913521E+03
  27   6.435277E-01  1.912934E-02  1.742849E+02  7.634819E-03  7.927650E-01  9.630620E-03  2.758306E+08  8.691223E+06  6.412602E+07  7.086254E+04  2.441151E+00  1.020445E+04  4.351789E+07  4.231794E+02 -5.301974E+00  2.897445E+03
  28   6.456944E-01  1.885378E-02  1.668781E+02  7.921755E-03  8.082181E-01  9.801507E-03  2.787271E+08  8.823960E+06  6.437736E+07  6.963223E+04  2.382520E+00  1.047662E+04  5.034826E+07  4.329083E+02 -5.330554E+00  2.884486E+03
  29   6.477872E-01  1.861179E-02  1.677772E+02  8.040607E-03  8.028938E-01  1.001453E-02  2.806944E+08  3.145186E+03  6.461010E+07  6.840507E+04  2.253659E+00  1.074005E+04  5.934650E+07  4.414551E+02 -5.357516E+00  2.872199E+03
  30   6.496748E-01  1.826257E-02  1.711508E+02  6.509364E-03  6.556382E-01  9.928286E-03  2.818517E+08  8.342420E+06  6.465572E+07  6.635276E+04  1.610796E+00  1.084257E+04  6.320234E+07  5.244608E+02 -5.367832E+00  2.667363E+03
