 #pulse    Mcore         M_csh         t_csh         Ddredge       lambda        DMh           THeshell       Tbce       THshell     interpulse       Mtot         MaxL          MaxLHe       maxR	   Mbol		Teff
   1   5.509306E-01  2.613044E-02  3.745663E+02  0.000000E+00  0.000000E+00  3.015578E-02  1.819503E+08  2.588984E+06  4.845104E+07  0.000000E+00  2.499973E+00  2.586393E+03  2.930188E+04  1.422107E+02 -3.811737E+00  3.485941E+03
   2   5.526575E-01  2.587533E-02  4.179095E+02  0.000000E+00  0.000000E+00  1.649797E-03  1.840032E+08  2.602334E+06  4.864104E+07  6.852462E+04  2.499972E+00  2.649077E+03  3.245626E+04  1.446922E+02 -3.837738E+00  3.477116E+03
   3   5.544766E-01  2.569407E-02  3.729438E+02  0.000000E+00  0.000000E+00  1.783133E-03  1.874583E+08  2.647050E+06  4.922651E+07  6.698984E+04  2.499971E+00  2.834400E+03  4.132649E+04  1.520681E+02 -3.911152E+00  3.450692E+03
   4   5.565456E-01  2.549988E-02  3.632332E+02  0.000000E+00  0.000000E+00  2.017379E-03  1.914249E+08  2.700310E+06  4.999960E+07  6.949203E+04  2.499970E+00  3.068265E+03  5.494232E+04  1.615754E+02 -3.997233E+00  3.416165E+03
   5   5.588907E-01  2.588946E-02  2.630734E+02  0.000000E+00  0.000000E+00  2.306163E-03  1.953046E+08  2.757640E+06  5.073209E+07  7.255246E+04  2.499968E+00  3.317311E+03  7.408147E+04  1.713564E+02 -4.081966E+00  3.384093E+03
   6   5.614902E-01  2.565587E-02  2.829558E+02  0.000000E+00  0.000000E+00  2.561927E-03  1.987424E+08  2.808396E+06  5.141382E+07  7.450638E+04  2.499966E+00  3.551667E+03  9.338134E+04  1.805292E+02 -4.156081E+00  3.355909E+03
   7   5.643424E-01  2.538925E-02  2.805217E+02  0.000000E+00  0.000000E+00  2.818584E-03  2.019561E+08  2.857178E+06  5.208283E+07  7.589431E+04  2.499963E+00  3.793442E+03  1.153707E+05  1.897435E+02 -4.227583E+00  3.329483E+03
   8   5.675628E-01  2.550817E-02  2.653659E+02  0.000000E+00  0.000000E+00  3.177047E-03  2.065922E+08  2.922328E+06  5.289276E+07  7.837923E+04  2.499959E+00  4.095438E+03  1.693102E+05  2.013027E+02 -4.310751E+00  3.297769E+03
   9   5.708920E-01  2.485400E-02  2.614861E+02  0.000000E+00  0.000000E+00  3.290713E-03  2.087364E+08  2.959874E+06  5.339935E+07  7.744351E+04  2.499955E+00  4.306829E+03  1.873987E+05  2.094217E+02 -4.365394E+00  3.275810E+03
   9   5.708920E-01  2.485400E-02  2.614861E+02  0.000000E+00  0.000000E+00  3.290713E-03  2.087364E+08  2.959874E+06  5.339935E+07  7.744351E+04  2.499955E+00  4.306829E+03  1.873987E+05  2.094217E+02 -4.365394E+00  3.275810E+03
  10   5.783823E-01  2.450007E-02  2.202038E+02  0.000000E+00  0.000000E+00  7.451415E-03  2.160066E+08  3.071604E+06  5.474488E+07  1.553758E+05  2.499942E+00  4.867351E+03  3.291599E+05  2.304415E+02 -4.498231E+00  3.224748E+03
  11   5.823670E-01  2.358645E-02  2.261280E+02  0.000000E+00  0.000000E+00  3.932655E-03  2.187158E+08  3.121756E+06  5.532927E+07  7.598995E+04  2.499931E+00  5.125137E+03  3.915242E+05  2.401297E+02 -4.554265E+00  3.202039E+03
  12   5.865303E-01  2.309901E-02  1.908167E+02  0.000000E+00  0.000000E+00  4.133821E-03  2.218340E+08  3.178862E+06  5.593956E+07  7.473774E+04  2.499918E+00  5.407194E+03  4.912575E+05  2.503328E+02 -4.612430E+00  3.179497E+03
  13   5.908461E-01  2.258337E-02  2.075386E+02  0.000000E+00  0.000000E+00  4.279733E-03  2.248270E+08  3.235746E+06  5.652804E+07  7.324948E+04  2.499899E+00  5.685747E+03  6.093471E+05  2.606346E+02 -4.666969E+00  3.157268E+03
  14   5.952656E-01  2.199328E-02  1.833224E+02  0.000000E+00  0.000000E+00  4.379988E-03  2.272080E+08  3.284243E+06  5.700816E+07  7.129884E+04  2.499873E+00  5.930189E+03  7.225441E+05  2.696230E+02 -4.712672E+00  3.138890E+03
  15   5.998312E-01  2.146226E-02  1.765701E+02  0.000000E+00  0.000000E+00  4.526019E-03  2.303643E+08  0.000000E+00  0.000000E+00  6.961375E+04  2.499836E+00  0.000000E+00  9.103922E+05  0.000000E+00  9.999900E+04  9.999900E+04
  16   6.044961E-01  2.083957E-02  1.539719E+02  0.000000E+00  0.000000E+00  4.622221E-03  2.327408E+08  0.000000E+00  0.000000E+00  6.777107E+04  2.499781E+00  0.000000E+00  1.080917E+06  0.000000E+00  9.999900E+04  9.999900E+04
  17   6.092708E-01  2.026105E-02  1.606421E+02  0.000000E+00  0.000000E+00  4.735112E-03  2.353037E+08  0.000000E+00  0.000000E+00  6.586483E+04  2.499697E+00  0.000000E+00  1.299097E+06  0.000000E+00  9.999900E+04  9.999900E+04
  18   6.141245E-01  1.960802E-02  1.641052E+02  0.000000E+00  0.000000E+00  4.810154E-03  2.373673E+08  0.000000E+00  0.000000E+00  6.384975E+04  2.499569E+00  0.000000E+00  1.483931E+06  0.000000E+00  9.999900E+04  9.999900E+04
  19   6.190528E-01  1.906782E-02  1.441823E+02  0.000000E+00  0.000000E+00  4.886925E-03  2.397422E+08  0.000000E+00  0.000000E+00  6.182197E+04  2.499362E+00  0.000000E+00  1.789095E+06  0.000000E+00  9.999900E+04  9.999900E+04
  20   6.240298E-01  1.846749E-02  1.488609E+02  0.000000E+00  0.000000E+00  4.925191E-03  2.419309E+08  0.000000E+00  0.000000E+00  5.970843E+04  2.499020E+00  0.000000E+00  2.062330E+06  0.000000E+00  9.999900E+04  9.999900E+04
  21   6.290644E-01  1.790929E-02  1.412937E+02  0.000000E+00  0.000000E+00  4.982829E-03  2.442262E+08  0.000000E+00  0.000000E+00  5.769144E+04  2.498425E+00  0.000000E+00  2.409923E+06  0.000000E+00  9.999900E+04  9.999900E+04
  22   6.341249E-01  1.737332E-02  1.384588E+02  0.000000E+00  0.000000E+00  5.009830E-03  2.464566E+08  0.000000E+00  0.000000E+00  5.563189E+04  2.497318E+00  0.000000E+00  2.789014E+06  0.000000E+00  9.999900E+04  9.999900E+04
  23   6.392046E-01  1.680732E-02  1.281597E+02  0.000000E+00  0.000000E+00  5.026519E-03  2.482634E+08  0.000000E+00  0.000000E+00  5.350137E+04  2.495120E+00  0.000000E+00  3.149938E+06  0.000000E+00  9.999900E+04  9.999900E+04
  24   6.442965E-01  1.628214E-02  1.209005E+02  0.000000E+00  0.000000E+00  5.042493E-03  2.505293E+08  0.000000E+00  0.000000E+00  5.146047E+04  2.490915E+00  0.000000E+00  3.571037E+06  0.000000E+00  9.999900E+04  9.999900E+04
  25   6.493792E-01  1.571810E-02  1.207141E+02  0.000000E+00  0.000000E+00  5.044401E-03  2.521388E+08  0.000000E+00  0.000000E+00  4.942490E+04  2.484547E+00  0.000000E+00  3.911858E+06  0.000000E+00  9.999900E+04  9.999900E+04
  26   6.544358E-01  1.520580E-02  1.164496E+02  2.098083E-05  4.177496E-03  5.022347E-03  2.539644E+08  0.000000E+00  0.000000E+00  4.738850E+04  2.474968E+00  0.000000E+00  4.351078E+06  0.000000E+00  9.999900E+04  9.999900E+04
  27   6.594362E-01  1.473886E-02  1.040136E+02  1.826286E-04  3.636968E-02  5.021453E-03  2.561185E+08  0.000000E+00  0.000000E+00  4.555575E+04  2.459395E+00  0.000000E+00  4.852621E+06  0.000000E+00  9.999900E+04  9.999900E+04
  28   6.643107E-01  1.431960E-02  1.043119E+02  2.926588E-04  5.787092E-02  5.057096E-03  2.583054E+08  4.226180E+06  6.423961E+07  4.382689E+04  2.429849E+00  1.016176E+04  5.502049E+06  4.271375E+02 -5.297423E+00  2.884966E+03
  29   6.690816E-01  1.389027E-02  1.004545E+02  4.786849E-04  9.453574E-02  5.063534E-03  2.602909E+08  4.270074E+06  6.478135E+07  4.219051E+04  2.346812E+00  1.050788E+04  6.112724E+06  4.445793E+02 -5.333787E+00  2.855578E+03
  30   6.737311E-01  1.354879E-02  9.949908E+01  2.698302E-04  5.261629E-02  5.128264E-03  2.628245E+08  4.112889E+06  6.528871E+07  4.095649E+04  2.034774E+00  1.081910E+04  7.116016E+06  4.854565E+02 -5.365478E+00  2.768844E+03
  31   6.784945E-01  1.308107E-02  8.295438E+01  0.000000E+00  0.000000E+00  5.033135E-03  2.641705E+08  3.403974E+06  6.557990E+07  3.972563E+04  1.578044E+00  1.098044E+04  7.469562E+06  5.773439E+02 -5.381549E+00  2.591587E+03
