 #pulse    Mcore         M_csh         t_csh         Ddredge       lambda        DMh           THeshell       Tbce       THshell     interpulse       Mtot         MaxL          MaxLHe       maxR	   Mbol		Teff
   1   8.513466E-01  3.539026E-03  4.293741E+01  0.000000E+00  0.000000E+00  3.731430E-03  2.266614E+08  1.362294E+07  7.168365E+07  0.000000E+00  4.999780E+00  1.867987E+04  1.107438E+05  4.773503E+02 -5.958435E+00  3.136551E+03
   2   8.525643E-01  3.960788E-03  3.553392E+01  0.000000E+00  0.000000E+00  1.120865E-03  2.404179E+08  1.592235E+07  7.290915E+07  5.365326E+03  4.999666E+00  1.945275E+04  2.820779E+05  4.930869E+02 -6.002452E+00  3.119055E+03
   3   8.539266E-01  4.046977E-03  3.232780E+01  4.696846E-05  3.682415E-02  1.275480E-03  2.498057E+08  1.792779E+07  7.389568E+07  5.790004E+03  4.999472E+00  2.006967E+04  4.783559E+05  5.058014E+02 -6.036351E+00  3.104697E+03
   4   8.553109E-01  4.092038E-03  2.871936E+01  3.526807E-04  2.464082E-01  1.431286E-03  2.580991E+08  2.002999E+07  7.479710E+07  6.030573E+03  4.999152E+00  2.063981E+04  7.759435E+05  5.174113E+02 -6.066764E+00  3.092001E+03
   5   8.565696E-01  4.125476E-03  2.872787E+01  6.878376E-04  4.268541E-01  1.611412E-03  2.662165E+08  2.253278E+07  7.565873E+07  6.242390E+03  4.998624E+00  2.118835E+04  1.257856E+06  5.286558E+02 -6.095243E+00  3.079724E+03
   6   8.576812E-01  4.153073E-03  2.704952E+01  1.008153E-03  5.602888E-01  1.799345E-03  2.737564E+08  2.522536E+07  7.645794E+07  6.490872E+03  4.997781E+00  2.169981E+04  2.031031E+06  5.388148E+02 -6.121140E+00  3.069184E+03
   7   8.586493E-01  4.177690E-03  2.622692E+01  1.290083E-03  6.527731E-01  1.976311E-03  2.806277E+08  2.795099E+07  7.717415E+07  6.739438E+03  4.996460E+00  2.217742E+04  3.207970E+06  5.487515E+02 -6.144778E+00  3.059029E+03
   8   8.594978E-01  4.198194E-03  2.578589E+01  1.526952E-03  7.139911E-01  2.138615E-03  2.870534E+08  3.080711E+07  7.783323E+07  6.967482E+03  4.994446E+00  2.262349E+04  4.955104E+06  5.575269E+02 -6.166399E+00  3.049799E+03
   9   8.602489E-01  4.216850E-03  2.502470E+01  1.801312E-03  7.907531E-01  2.277970E-03  2.926302E+08  3.381316E+07  7.841291E+07  7.163971E+03  4.991528E+00  2.303584E+04  7.261636E+06  5.655374E+02 -6.186010E+00  3.043277E+03
  10   8.608971E-01  4.276991E-03  2.538708E+01  2.008915E-03  8.201085E-01  2.449572E-03  2.988113E+08  3.717772E+07  7.899662E+07  7.398324E+03  4.987073E+00  2.345763E+04  1.099392E+07  5.737985E+02 -6.205711E+00  3.035493E+03
  11   8.614619E-01  4.301310E-03  2.591440E+01  2.183259E-03  8.483059E-01  2.573669E-03  3.035942E+08  4.018202E+07  7.948083E+07  7.582429E+03  4.980682E+00  2.382494E+04  1.515731E+07  5.824346E+02 -6.222579E+00  3.025552E+03
  12   8.619769E-01  4.341662E-03  2.581620E+01  2.364278E-03  8.762287E-01  2.698243E-03  3.082965E+08  4.315252E+07  7.993315E+07  7.752701E+03  4.971535E+00  2.418802E+04  2.063961E+07  5.897720E+02 -6.239001E+00  3.019249E+03
  13   8.624458E-01  4.393399E-03  2.644679E+01  2.459943E-03  8.682600E-01  2.833188E-03  3.129509E+08  4.602934E+07  8.035386E+07  7.952039E+03  4.958153E+00  2.454710E+04  2.788729E+07  5.973967E+02 -6.255001E+00  3.012072E+03
  14   8.628644E-01  4.378021E-03  2.745111E+01  2.569973E-03  8.927839E-01  2.878606E-03  3.157217E+08  4.835001E+07  8.066554E+07  7.998572E+03  4.940033E+00  2.485073E+04  3.291659E+07  6.038323E+02 -6.268348E+00  3.005939E+03
  15   8.633039E-01  4.436314E-03  2.717487E+01  2.717137E-03  9.028718E-01  3.009439E-03  3.197075E+08  5.061154E+07  8.100202E+07  8.190192E+03  4.911978E+00  2.517957E+04  4.266526E+07  6.123526E+02 -6.282621E+00  2.996054E+03
  16   8.637022E-01  4.477441E-03  2.660030E+01  2.850711E-03  9.150341E-01  3.115416E-03  3.230819E+08  5.251292E+07  8.128703E+07  8.352423E+03  4.867639E+00  2.547796E+04  5.309462E+07  6.200476E+02 -6.295412E+00  2.986283E+03
  17   8.640807E-01  4.530430E-03  2.719389E+01  2.983153E-03  9.238053E-01  3.229201E-03  3.265824E+08  5.387907E+07  8.153724E+07  8.547410E+03  4.788618E+00  2.577623E+04  6.606508E+07  6.293260E+02 -6.308050E+00  2.972140E+03
  18   8.644339E-01  4.572093E-03  2.806506E+01  3.084302E-03  9.244319E-01  3.336430E-03  3.293055E+08  5.421783E+07  8.172081E+07  8.763500E+03  4.604198E+00  2.592906E+04  8.024549E+07  6.412532E+02 -6.314468E+00  2.947055E+03
  19   8.647725E-01  4.606426E-03  2.805939E+01  3.139317E-03  9.171630E-01  3.422856E-03  3.320412E+08  5.205242E+07  8.177762E+07  8.998470E+03  4.310143E+00  2.574321E+04  9.402486E+07  6.580525E+02 -6.306657E+00  2.908149E+03
  20   8.650891E-01  4.616857E-03  2.793543E+01  3.192663E-03  9.238199E-01  3.455937E-03  3.342780E+08  4.752383E+07  8.171239E+07  9.162096E+03  4.002863E+00  2.534490E+04  1.049791E+08  6.780953E+02 -6.289727E+00  2.864063E+03
  21   8.654274E-01  4.662037E-03  2.896780E+01  3.319144E-03  9.400067E-01  3.530979E-03  3.370128E+08  4.180075E+07  8.163034E+07  9.431061E+03  3.688218E+00  2.507225E+04  1.238826E+08  7.034545E+02 -6.277983E+00  2.812399E+03
  22   8.657849E-01  4.736900E-03  2.890070E+01  3.433406E-03  9.338402E-01  3.676653E-03  3.399231E+08  3.507564E+07  8.152421E+07  9.905867E+03  3.360721E+00  2.476852E+04  1.513769E+08  7.330466E+02 -6.264750E+00  2.756896E+03
  23   8.661194E-01  4.793346E-03  2.923991E+01  3.500700E-03  9.290980E-01  3.767848E-03  3.426525E+08  2.739496E+07  8.133987E+07  1.026887E+04  3.025301E+00  2.442120E+04  1.762458E+08  7.681024E+02 -6.249418E+00  2.696768E+03
  24   8.664140E-01  4.809260E-03  3.003112E+01  3.484130E-03  9.180199E-01  3.795266E-03  3.445107E+08  1.940838E+07  8.111068E+07  1.047858E+04  2.687519E+00  2.406508E+04  1.942966E+08  8.128861E+02 -6.233469E+00  2.630338E+03
  25   8.666432E-01  4.732072E-03  1.886174E+01  3.517926E-03  9.473523E-01  3.713429E-03  3.443829E+08  2.312586E+03  8.081666E+07  1.037923E+04  2.356728E+00  2.370534E+04  1.891672E+08  8.691913E+02 -6.217115E+00  2.561378E+03
