# Initial mass = 2.750, Z =  0.0007, Y =  0.250, M_mix = 1.00E-03
# Final mass = 0.774, Mass expelled =   1.9762
  species    A      yield       mass(i)_lost    mass(i)_0        <X(i)>         
  X0(i)   log10(<X(i)>/X0(i)) 
      n      1   0.0000000E+00  0.0000000E+00  0.0000000E+00  0.0000000E+00  0.0000000E+00  0.0000000E+00
      p      1  -6.2045336E-02  1.4190450E+00  1.4810903E+00  7.1805727E-01  7.4949098E-01 -1.8607361E-02
      d      2   1.2070625E-17  1.2070625E-17  0.0000000E+00  6.1079107E-18  0.0000000E+00  0.0000000E+00
    he3      3   2.5156455E-04  2.5156455E-04  0.0000000E+00  1.2729529E-04  0.0000000E+00  0.0000000E+00
    he4      4   4.7516316E-02  5.4164791E-01  4.9413159E-01  2.7408168E-01  2.5005037E-01  3.9852530E-02
    li7      7   1.9090729E-08  1.9373378E-08  2.8264918E-10  9.8032089E-09  1.4303181E-10  1.8359356E+00
    be7      7   5.7473224E-16  5.7473224E-16  0.0000000E+00  2.9082283E-16  0.0000000E+00  0.0000000E+00
     b8      8   4.2055203E-27  4.2055203E-27  0.0000000E+00  2.1280542E-27  0.0000000E+00  0.0000000E+00
    c12     12   1.2411939E-02  1.2531351E-02  1.1941224E-04  6.3410453E-03  6.0427374E-05  2.0209272E+00
    c13     13   1.5503792E-05  1.6446818E-05  9.4302635E-07  8.3223276E-06  4.7720908E-07  1.2415361E+00
    c14     14   1.6121049E-07  1.6121049E-07  0.0000000E+00  8.1574839E-08  0.0000000E+00  0.0000000E+00
    n13     13   0.0000000E+00  0.0000000E+00  0.0000000E+00  0.0000000E+00  0.0000000E+00  0.0000000E+00
    n14     14   8.0053360E-05  1.6846339E-04  8.8410030E-05  8.5244916E-05  4.4739012E-05  2.7998209E-01
    n15     15  -3.6868478E-08  1.9803476E-08  5.6671954E-08  1.0020845E-08  2.8678276E-08 -4.5664871E-01
    o14     14   0.0000000E+00  0.0000000E+00  0.0000000E+00  0.0000000E+00  0.0000000E+00  0.0000000E+00
    o15     15   0.0000000E+00  0.0000000E+00  0.0000000E+00  0.0000000E+00  0.0000000E+00  0.0000000E+00
    o16     16   3.4867003E-04  8.1063958E-04  4.6196955E-04  4.1019535E-04  2.3377509E-04  2.4419251E-01
    o17     17   3.1622542E-06  3.2381083E-06  7.5854139E-08  1.6385296E-06  3.8385231E-08  1.6302903E+00
    o18     18  -1.6383936E-07  2.5896333E-07  4.2280269E-07  1.3103919E-07  2.1395509E-07 -2.1292147E-01
    o19     19   0.0000000E+00  0.0000000E+00  0.0000000E+00  0.0000000E+00  0.0000000E+00  0.0000000E+00
    f17     17   0.0000000E+00  0.0000000E+00  0.0000000E+00  0.0000000E+00  0.0000000E+00  0.0000000E+00
    f18     18   0.0000000E+00  0.0000000E+00  0.0000000E+00  0.0000000E+00  0.0000000E+00  0.0000000E+00
    f19     19   1.9250790E-06  1.9372549E-06  1.2175758E-08  9.8027897E-07  6.1614212E-09  2.2016690E+00
    f20     20   0.0000000E+00  0.0000000E+00  0.0000000E+00  0.0000000E+00  0.0000000E+00  0.0000000E+00
   ne19     19   0.0000000E+00  0.0000000E+00  0.0000000E+00  0.0000000E+00  0.0000000E+00  0.0000000E+00
   ne20     20   1.6921302E-05  9.3693539E-05  7.6772238E-05  4.7410285E-05  3.8849827E-05  8.6483486E-02
   ne21     21   1.3196694E-06  1.4166922E-06  9.7022742E-08  7.1686674E-07  4.9097391E-08  1.1643801E+00
   ne22     22   1.3190648E-03  1.3221826E-03  3.1178160E-06  6.6904351E-04  1.5777398E-06  2.6274190E+00
   ne23     23   0.0000000E+00  0.0000000E+00  0.0000000E+00  0.0000000E+00  0.0000000E+00  0.0000000E+00
   na21     21   0.0000000E+00  0.0000000E+00  0.0000000E+00  0.0000000E+00  0.0000000E+00  0.0000000E+00
   na22     22  -6.9630997E-18 -6.9630997E-18  0.0000000E+00 -3.5234292E-18  0.0000000E+00  0.0000000E+00
   na23     23   1.1737568E-05  1.2265677E-05  5.2811004E-07  6.2066101E-06  2.6724481E-07  1.3659453E+00
   na24     24   0.0000000E+00  0.0000000E+00  0.0000000E+00  0.0000000E+00  0.0000000E+00  0.0000000E+00
   mg23     23   0.0000000E+00  0.0000000E+00  0.0000000E+00  0.0000000E+00  0.0000000E+00  0.0000000E+00
   mg24     24   7.5841490E-06  4.8195125E-05  4.0610976E-05  2.4387431E-05  2.0550780E-05  7.4337758E-02
   mg25     25   2.9996037E-05  3.2420889E-05  2.4248518E-06  1.6405438E-05  1.2270722E-06  1.1261177E+00
   mg26     26   2.5398391E-05  2.8174924E-05  2.7765332E-06  1.4256919E-05  1.4050370E-06  1.0063379E+00
   mg27     27   0.0000000E+00  0.0000000E+00  0.0000000E+00  0.0000000E+00  0.0000000E+00  0.0000000E+00
   al25     25   0.0000000E+00  0.0000000E+00  0.0000000E+00  0.0000000E+00  0.0000000E+00  0.0000000E+00
   al-6     26   0.0000000E+00  0.0000000E+00  0.0000000E+00  0.0000000E+00  0.0000000E+00  0.0000000E+00
   al*6     26   0.0000000E+00  0.0000000E+00  0.0000000E+00  0.0000000E+00  0.0000000E+00  0.0000000E+00
   al27     27   2.6015930E-06  3.9274764E-06  1.3258834E-06  1.9873598E-06  6.7095010E-07  4.7158632E-01
   al28     28   0.0000000E+00  0.0000000E+00  0.0000000E+00  0.0000000E+00  0.0000000E+00  0.0000000E+00
   si27     27   0.0000000E+00  0.0000000E+00  0.0000000E+00  0.0000000E+00  0.0000000E+00  0.0000000E+00
   si28     28   2.8980940E-06  3.1538511E-05  2.8640417E-05  1.5958944E-05  1.4493198E-05  4.1839916E-02
   si29     29   3.2582500E-07  1.3966062E-06  1.0707812E-06  7.0670296E-07  5.4185813E-07  1.1535133E-01
   si30     30   4.2376712E-07  1.1539355E-06  7.3016838E-07  5.8390805E-07  3.6949444E-07  1.9873653E-01
    p31     31   2.6265076E-07  4.6594005E-07  2.0328929E-07  2.3577240E-07  1.0287252E-07  3.6019364E-01
    p32     32   0.0000000E+00  0.0000000E+00  0.0000000E+00  0.0000000E+00  0.0000000E+00  0.0000000E+00
    p33     33   0.0000000E+00  0.0000000E+00  0.0000000E+00  0.0000000E+00  0.0000000E+00  0.0000000E+00
    s32     32  -1.5220758E-07  2.0771775E-05  2.0923982E-05  1.0510818E-05  1.0588373E-05 -3.1926781E-03
    s33     33   1.0835201E-08  9.1388536E-08  8.0553335E-08  4.6243922E-08  4.0763211E-08  5.4786261E-02
    s34     34   7.8925552E-08  5.4738996E-07  4.6846441E-07  2.7698724E-07  2.3706176E-07  6.7598253E-02
    s35     35   1.6065056E-35  1.6065056E-35  0.0000000E+00  8.1291504E-36  0.0000000E+00  0.0000000E+00
    s36     36   7.6895574E-09  1.0002022E-08  2.3124647E-09  5.0611679E-09  1.1701997E-09  6.3599080E-01
   cl35     35  -6.4509464E-10  9.9442246E-08  1.0008734E-07  5.0319215E-08  5.0648200E-08 -2.8301508E-03
   cl36     36   0.0000000E+00  0.0000000E+00  0.0000000E+00  0.0000000E+00  0.0000000E+00  0.0000000E+00
   cl37     37   2.5414732E-08  5.9229997E-08  3.3815265E-08  2.9971236E-08  1.7111876E-08  2.4340703E-01
   ar36     36  -9.3000835E-08  4.4318845E-06  4.5248853E-06  2.2425977E-06  2.2897732E-06 -9.0410728E-03
   ar37     37   1.6076089E-36  1.6076089E-36  0.0000000E+00  8.1347335E-37  0.0000000E+00  0.0000000E+00
   ar38     38   3.5441332E-08  3.9313568E-07  3.5769435E-07  1.9893234E-07  1.8100766E-07  4.1008424E-02
   ar39     39   6.4337968E-10  6.4337968E-10  0.0000000E+00  3.2555944E-10  0.0000000E+00  0.0000000E+00
   ar40     40   5.4906071E-09  6.0928071E-09  6.0220018E-10  3.0830485E-09  3.0473737E-10  1.0050547E+00
    k39     39   3.9594426E-09  1.5733453E-07  1.5337508E-07  7.9613550E-08  7.7613940E-08  1.1047247E-02
    k40     40  -1.5707822E-11  0.0000000E+00  1.5707822E-11  0.0000000E+00  7.9487875E-12  0.0000000E+00
    k41     41   1.8362103E-09  9.1976640E-09  7.3614537E-09  4.6541508E-09  3.7251904E-09  9.6691981E-02
   ca40     40  -5.9441618E-08  3.5716746E-06  3.6311162E-06  1.8073190E-06  1.8374901E-06 -7.1901819E-03
   ca41     41   0.0000000E+00  0.0000000E+00  0.0000000E+00  0.0000000E+00  0.0000000E+00  0.0000000E+00
   ca42     42   2.7021505E-09  1.4475211E-08  1.1773061E-08  7.3246662E-09  5.9576402E-09  8.9713566E-02
   ca43     43   7.5420159E-10  3.2692447E-09  2.5150431E-09  1.6542850E-09  1.2727124E-09  1.1388005E-01
   ca44     44   2.0150956E-09  4.1780829E-08  3.9765734E-08  2.1141703E-08  2.0123053E-08  2.1446042E-02
   ca45     45   3.2508744E-28  3.2508744E-28  0.0000000E+00  1.6449895E-28  0.0000000E+00  0.0000000E+00
   ca46     46   1.5277717E-09  1.6074915E-09  7.9719752E-11  8.1341395E-10  4.0341386E-11  1.3045608E+00
   ca47     47   0.0000000E+00  0.0000000E+00  0.0000000E+00  0.0000000E+00  0.0000000E+00  0.0000000E+00
   ca48     48   9.3201002E-12  3.8982702E-09  3.8889501E-09  1.9725810E-09  1.9679645E-09  1.0175752E-03
   sc45     45   7.1445183E-10  2.6687226E-09  1.9542707E-09  1.3504122E-09  9.8893915E-10  1.3529681E-01
   sc46     46   0.0000000E+00  0.0000000E+00  0.0000000E+00  0.0000000E+00  0.0000000E+00  0.0000000E+00
   sc47     47   0.0000000E+00  0.0000000E+00  0.0000000E+00  0.0000000E+00  0.0000000E+00  0.0000000E+00
   sc48     48   1.6985423E-33  7.0929733E-31  7.0759879E-31  3.5891470E-31  3.5807331E-31  0.0000000E+00
   ti46     46   5.9126037E-11  6.9134192E-09  6.8542931E-09  3.4982901E-09  3.4685468E-09  3.7082855E-03
   ti47     47   2.8344438E-11  6.3440222E-09  6.3156778E-09  3.2101670E-09  3.1959857E-09  1.9227923E-03
   ti48     48  -5.0421249E-09  1.7956228E-07  1.8460440E-07  9.0861107E-08  9.3417221E-08 -1.2048895E-02
   ti49     49   1.4202088E-09  6.2080754E-09  4.7878665E-09  3.1413760E-09  2.4228521E-09  1.1279304E-01
   ti50     50   6.5179377E-09  1.1195882E-08  4.6779438E-09  5.6652780E-09  2.3672269E-09  3.7898135E-01
    v51     51  -9.1862518E-11  1.8112123E-08  1.8203986E-08  9.1649968E-09  9.2119459E-09 -2.2190653E-03
   cr52     52  -1.0981410E-08  6.4642632E-07  6.5740772E-07  3.2710108E-07  3.3267460E-07 -7.3376941E-03
   cr53     53  -2.4843061E-10  4.8592959E-08  4.8841390E-08  2.4588740E-08  2.4715698E-08 -2.2366021E-03
   cr54     54   8.2454310E-09  2.0632797E-08  1.2387366E-08  1.0440494E-08  6.2685030E-09  2.2155720E-01
   mn55     55   9.2241237E-10  1.1092500E-07  1.1000259E-07  5.6129654E-08  5.5665712E-08  3.6045830E-03
   fe54     54  -7.1394652E-08  2.3603968E-06  2.4317915E-06  1.1943949E-06  1.2305838E-06 -1.2963256E-02
   fe55     55   3.0583973E-18  3.0583973E-18  0.0000000E+00  1.5475933E-18  0.0000000E+00  0.0000000E+00
   fe56     56  -8.3937994E-07  3.8748389E-05  3.9587769E-05  1.9607245E-05  2.0032996E-05 -9.3293404E-03
   fe57     57   7.8855408E-08  1.0094323E-06  9.3057685E-07  5.1078734E-07  4.7090913E-07  3.5303049E-02
   fe58     58   3.3183744E-07  4.5784810E-07  1.2601066E-07  2.3167776E-07  6.3766443E-08  5.6029218E-01
   fe59     59   1.8227970E-37  1.8227970E-37  0.0000000E+00  9.2236167E-38  0.0000000E+00  0.0000000E+00
   fe60     60   0.0000000E+00  0.0000000E+00  0.0000000E+00  0.0000000E+00  0.0000000E+00  0.0000000E+00
   co59     59   1.1595000E-07  2.1313465E-07  9.7184653E-08  1.0784922E-07  4.9179327E-08  3.4103447E-01
   co60     60   2.4468443E-13  2.4468443E-13  0.0000000E+00  1.2381386E-13  0.0000000E+00  0.0000000E+00
   ni58     58  -4.1304133E-08  1.3492611E-06  1.3905652E-06  6.8274562E-07  7.0368168E-07 -1.3117304E-02
   ni59     59   0.0000000E+00  0.0000000E+00  0.0000000E+00  0.0000000E+00  0.0000000E+00  0.0000000E+00
   ni60     60   1.4119541E-07  6.9529085E-07  5.5409544E-07  3.5182723E-07  2.8039449E-07  9.8559976E-02
   ni61     61   3.5216917E-08  5.9705506E-08  2.4488589E-08  3.0211851E-08  1.2392206E-08  3.8702869E-01
   ni62     62   6.5136774E-08  1.4449300E-07  7.9356226E-08  7.3115551E-08  4.0157428E-08  2.6024389E-01
   ni63     63   0.0000000E+00  0.0000000E+00  0.0000000E+00  0.0000000E+00  0.0000000E+00  0.0000000E+00
   ni64     64   5.5502795E-08  7.6364792E-08  2.0861998E-08  3.8641691E-08  1.0557007E-08  5.6351531E-01
   cu63     63   3.6181007E-08  3.6866609E-08  6.8560108E-10  1.8655038E-08  3.4694159E-10  1.7305398E+00
   cu64     64   0.0000000E+00  0.0000000E+00  0.0000000E+00  0.0000000E+00  0.0000000E+00  0.0000000E+00
   cu65     65   8.9805603E-09  1.6898811E-08  7.9182509E-09  8.5510425E-09  4.0069521E-09  3.2920492E-01
   zn64     64  -2.1566606E-09  7.4641349E-08  7.6798010E-08  3.7769603E-08  3.8862868E-08 -1.2392461E-02
   zn65     65   2.8407766E-26  2.8407766E-26  0.0000000E+00  1.4374741E-26  0.0000000E+00  0.0000000E+00
   zn66     66   8.1315132E-09  2.5585823E-08  1.7454310E-08  1.2946797E-08  8.8325800E-09  1.6607474E-01
   zn67     67   1.7964064E-09  4.4001913E-09  2.6037850E-09  2.2265605E-09  1.3176195E-09  2.2784448E-01
   zn68     68   1.0931831E-08  2.3017018E-08  1.2085186E-08  1.1646944E-08  6.1155880E-09  2.7977380E-01
   zn69     69   0.0000000E+00  0.0000000E+00  0.0000000E+00  0.0000000E+00  0.0000000E+00  0.0000000E+00
   zn70     70   7.1003647E-11  4.8238008E-10  4.1137643E-10  2.4409130E-10  2.0817294E-10  6.9128051E-02
   ga69     69   1.5676064E-09  2.6755738E-09  1.1079674E-09  1.3538790E-09  5.6067584E-10  3.8286799E-01
   ga70     70   0.0000000E+00  0.0000000E+00  0.0000000E+00  0.0000000E+00  0.0000000E+00  0.0000000E+00
   ga71     71   1.3477865E-09  2.1044220E-09  7.5663548E-10  1.0648680E-09  3.8288783E-10  4.4422424E-01
   ge70     70   2.3516697E-09  3.5840417E-09  1.2323720E-09  1.8135770E-09  6.2362959E-10  4.6360928E-01
   ge71     71   0.0000000E+00  0.0000000E+00  0.0000000E+00  0.0000000E+00  0.0000000E+00  0.0000000E+00
   ge72     72   2.1939779E-09  3.8691077E-09  1.6751298E-09  1.9578246E-09  8.4768276E-10  3.6354044E-01
   ge73     73   6.4058764E-10  1.1172956E-09  4.7670795E-10  5.6536775E-10  2.4123328E-10  3.6989379E-01
   ge74     74   2.8066733E-09  5.0746265E-09  2.2679532E-09  2.5678344E-09  1.1476752E-09  3.4974802E-01
   as75     75   2.5471827E-10  5.8723426E-10  3.3251599E-10  2.9714903E-10  1.6826639E-10  2.4697694E-01
   se76     76   9.0976970E-10  1.2559425E-09  3.4617278E-10  6.3552508E-10  1.7517729E-10  5.5965495E-01
   se77     77   3.5654157E-10  6.4214611E-10  2.8560454E-10  3.2493522E-10  1.4452732E-10  3.5184681E-01
   se78     78   2.3028219E-09  3.2041250E-09  9.0130314E-10  1.6213336E-09  4.5609547E-10  5.5081671E-01
   se79     79   0.0000000E+00  0.0000000E+00  0.0000000E+00  0.0000000E+00  0.0000000E+00  0.0000000E+00
   se80     80   2.8560758E-09  4.7854818E-09  1.9294060E-09  2.4215230E-09  9.7635666E-10  3.9448008E-01
   br79     79   5.1061455E-10  8.1914264E-10  3.0852806E-10  4.1449802E-10  1.5612754E-10  4.2404297E-01
   br80     80   0.0000000E+00  0.0000000E+00  0.0000000E+00  0.0000000E+00  0.0000000E+00  0.0000000E+00
   br81     81   3.8037262E-10  6.8811423E-10  3.0774161E-10  3.4819575E-10  1.5572957E-10  3.4945244E-01
   kr80     80  -2.2227289E-12  7.1304046E-11  7.3526775E-11  3.6080878E-11  3.7207494E-11 -1.3353324E-02
   kr81     81   0.0000000E+00  0.0000000E+00  0.0000000E+00  0.0000000E+00  0.0000000E+00  0.0000000E+00
   kr82     82   1.3286668E-09  1.7063020E-09  3.7763512E-10  8.6341351E-10  1.9109848E-10  6.5496165E-01
   kr83     83   4.5381487E-10  8.3249541E-10  3.7868053E-10  4.2125473E-10  1.9162751E-10  3.4208694E-01
   kr84     84   3.1545411E-09  5.0432782E-09  1.8887372E-09  2.5519717E-09  9.5577657E-10  4.2651948E-01
   kr-5     85   3.1672682E-13  3.1672682E-13  0.0000000E+00  1.6026835E-13  0.0000000E+00  0.0000000E+00
   kr*5     85   0.0000000E+00  0.0000000E+00  0.0000000E+00  0.0000000E+00  0.0000000E+00  0.0000000E+00
   kr86     86   1.8076319E-08  1.8661089E-08  5.8476957E-10  9.4427808E-09  2.9591682E-10  1.5039303E+00
   rb85     85   1.1318584E-09  1.4383998E-09  3.0654146E-10  7.2785111E-10  1.5512225E-10  6.7136848E-01
   rb86     86   0.0000000E+00  0.0000000E+00  0.0000000E+00  0.0000000E+00  0.0000000E+00  0.0000000E+00
   rb87     87   3.0025042E-09  3.1316238E-09  1.2911966E-10  1.5846470E-09  6.5339720E-11  1.3847554E+00
   sr86     86   5.9545602E-10  7.3849865E-10  1.4304263E-10  3.7369099E-10  7.2385306E-11  7.1286225E-01
   sr87     87   2.6690816E-10  3.6803482E-10  1.0112666E-10  1.8623095E-10  5.1174141E-11  5.6100130E-01
   sr88     88   1.0021611E-08  1.1247970E-08  1.2263588E-09  5.6916352E-09  6.2058664E-10  9.6243465E-01
   sr89     89   0.0000000E+00  0.0000000E+00  0.0000000E+00  0.0000000E+00  0.0000000E+00  0.0000000E+00
   sr90     90   1.2809725E-11  1.2809725E-11  0.0000000E+00  6.4819062E-12  0.0000000E+00  0.0000000E+00
    y89     89   3.2094645E-09  3.5019867E-09  2.9252215E-10  1.7720559E-09  1.4802791E-10  1.0781338E+00
    y90     90   3.2394805E-15  3.2394805E-15  0.0000000E+00  1.6392240E-15  0.0000000E+00  0.0000000E+00
    y91     91   0.0000000E+00  0.0000000E+00  0.0000000E+00  0.0000000E+00  0.0000000E+00  0.0000000E+00
   zr90     90   2.8370748E-09  3.1857161E-09  3.4864142E-10  1.6120184E-09  1.7642653E-10  9.6080607E-01
   zr91     91   8.3074425E-10  9.0761809E-10  7.6873834E-11  4.5926787E-10  3.8901236E-11  1.0721027E+00
   zr92     92   1.5995940E-09  1.7183885E-09  1.1879453E-10  8.6952945E-10  6.0114788E-11  1.1603030E+00
   zr93     93   0.0000000E+00  0.0000000E+00  0.0000000E+00  0.0000000E+00  0.0000000E+00  0.0000000E+00
   zr94     94   2.1409532E-09  2.2639597E-09  1.2300642E-10  1.1455964E-09  6.2246180E-11  1.2649189E+00
   zr95     95   0.0000000E+00  0.0000000E+00  0.0000000E+00  0.0000000E+00  0.0000000E+00  0.0000000E+00
   zr96     96   2.0142246E-09  2.0344628E-09  2.0238365E-11  1.0294676E-09  1.0241423E-11  2.0022526E+00
   nb93     93   6.1675881E-10  6.6987638E-10  5.3117587E-11  3.3896713E-10  2.6879624E-11  1.1007345E+00
   nb94     94   7.1803863E-17  7.1803863E-17  0.0000000E+00  3.6333793E-17  0.0000000E+00  0.0000000E+00
   nb95     95   0.0000000E+00  0.0000000E+00  0.0000000E+00  0.0000000E+00  0.0000000E+00  0.0000000E+00
   mo94     94  -5.0452871E-13  1.6142754E-11  1.6647283E-11  8.1684668E-12  8.4241910E-12 -1.3387654E-02
   mo95     95   3.6351838E-10  3.9263776E-10  2.9119370E-11  1.9868038E-10  1.4735569E-11  1.1297882E+00
   mo96     96   8.1390256E-10  8.4487678E-10  3.0974223E-11  4.2751988E-10  1.5674198E-11  1.4357711E+00
   mo97     97   3.0839453E-10  3.2641401E-10  1.8019473E-11  1.6517021E-10  9.1185757E-12  1.2580048E+00
   mo98     98   8.0187634E-10  8.4813762E-10  4.6261269E-11  4.2916989E-10  2.3410055E-11  1.2632269E+00
   tc99     99   0.0000000E+00  0.0000000E+00  0.0000000E+00  0.0000000E+00  0.0000000E+00  0.0000000E+00
   ru99     99   9.6689233E-11  1.1284151E-10  1.6152281E-11  5.7099440E-11  8.1737004E-12  8.4421313E-01
  ru100    100   3.1167466E-10  3.2778533E-10  1.6110665E-11  1.6586411E-10  8.1526418E-12  1.3084542E+00
  ru101    101   6.3803851E-11  8.5834923E-11  2.2031075E-11  4.3433711E-11  1.1148606E-11  5.9060639E-01
  ru102    102   3.4150713E-10  3.8265485E-10  4.1147721E-11  1.9362889E-10  2.0822394E-11  9.6843952E-01
  rh103    103   5.4510486E-11  8.0788883E-11  2.6278394E-11  4.0880344E-11  1.3297919E-11  4.8773089E-01
  pd104    104   1.6558670E-10  1.7708586E-10  1.1499161E-11  8.9608009E-11  5.8190358E-12  1.1874958E+00
  pd105    105   4.0135138E-11  6.3406065E-11  2.3270929E-11  3.2084387E-11  1.1776022E-11  4.3529516E-01
  pd106    106   1.7300995E-10  2.0176336E-10  2.8753401E-11  1.0209518E-10  1.4550371E-11  8.4613115E-01
  pd107    107   0.0000000E+00  0.0000000E+00  0.0000000E+00  0.0000000E+00  0.0000000E+00  0.0000000E+00
  pd108    108   2.0279441E-10  2.3115748E-10  2.8363074E-11  1.1696903E-10  1.4352851E-11  9.1113269E-01
  ag107    107   3.3057945E-11  5.2591851E-11  1.9533907E-11  2.6612237E-11  9.8849392E-12  4.3010736E-01
  ag108    108   0.0000000E+00  0.0000000E+00  0.0000000E+00  0.0000000E+00  0.0000000E+00  0.0000000E+00
  ag109    109   4.9309209E-11  6.7796019E-11  1.8486809E-11  3.4305767E-11  9.3550653E-12  5.6432033E-01
  cd108    108  -2.9394347E-14  1.0659579E-12  1.0953522E-12  5.3939009E-13  5.5429207E-13 -1.1835689E-02
  cd109    109   1.6934350E-29  1.6934350E-29  0.0000000E+00  8.5690258E-30  0.0000000E+00  0.0000000E+00
  cd110    110   1.6772478E-10  1.8338148E-10  1.5656698E-11  9.2793682E-11  7.9229167E-12  1.0686333E+00
  cd111    111   5.4425325E-11  7.0616415E-11  1.6191088E-11  3.5732927E-11  8.1933392E-12  6.3960767E-01
  cd112    112   2.0892434E-10  2.3972146E-10  3.0797125E-11  1.2130252E-10  1.5584579E-11  8.9117479E-01
  cd113    113   6.0924453E-11  7.6660400E-11  1.5735947E-11  3.8791272E-11  7.9630191E-12  6.8765628E-01
  cd114    114   3.1191830E-10  3.4924097E-10  3.7322666E-11  1.7672099E-10  1.8886764E-11  9.7113061E-01
  in115    115   5.9710133E-11  7.3783674E-11  1.4073541E-11  3.7335607E-11  7.1217750E-12  7.1953499E-01
  sn116    116   4.7310561E-10  5.1713600E-10  4.4030366E-11  2.6167829E-10  2.2281128E-11  1.0698305E+00
  sn117    117   1.3908209E-10  1.6254045E-10  2.3458364E-11  8.2247820E-11  1.1870871E-11  8.4064180E-01
  sn118    118   7.8652074E-10  8.5805241E-10  7.1531669E-11  4.3418694E-10  3.6197888E-11  1.0789936E+00
  sn119    119   2.3355523E-10  2.6024177E-10  2.6686544E-11  1.3168611E-10  1.3504461E-11  9.8906273E-01
  sn120    120   1.5349183E-09  1.6369830E-09  1.0206466E-10  8.2833707E-10  5.1648803E-11  1.2051469E+00
  sb121    121   1.0996078E-10  1.2570059E-10  1.5739816E-11  6.3606315E-11  7.9649768E-12  9.0231574E-01
  te122    122   1.9532176E-10  2.0578442E-10  1.0462659E-11  1.0412989E-10  5.2945248E-12  1.2937485E+00
  te123    123   7.1913760E-11  7.5595460E-11  3.6816995E-12  3.8252398E-11  1.8630874E-12  1.3124255E+00
  te124    124   3.8556905E-10  4.0533649E-10  1.9767431E-11  2.0510613E-10  1.0003111E-11  1.3118436E+00
  te125    125   1.2943088E-10  1.5915290E-10  2.9722017E-11  8.0533670E-11  1.5040530E-11  7.2871441E-01
  te126    126   7.6202888E-10  8.4186436E-10  7.9835492E-11  4.2599554E-10  4.0399958E-11  1.0230241E+00
   i127    127   9.7761521E-11  1.9788791E-10  1.0012639E-10  1.0013414E-10  5.0667966E-11  2.9584870E-01
   i128    128   0.0000000E+00  0.0000000E+00  0.0000000E+00  0.0000000E+00  0.0000000E+00  0.0000000E+00
   i129    129   2.5169705E-13  2.5169705E-13  0.0000000E+00  1.2736234E-13  0.0000000E+00  0.0000000E+00
  xe128    128   2.4464972E-10  2.5546426E-10  1.0814540E-11  1.2926861E-10  5.4725903E-12  1.3733003E+00
  xe129    129   9.1707822E-11  2.2747015E-10  1.3576233E-10  1.1510319E-10  6.8701177E-11  2.2412319E-01
  xe130    130   5.0052923E-10  5.2249577E-10  2.1966521E-11  2.6439043E-10  1.1115939E-11  1.3762997E+00
  xe131    131   1.9018376E-10  2.9991615E-10  1.0973239E-10  1.5176191E-10  5.5528984E-11  4.3664306E-01
  xe132    132   1.0279176E-09  1.1630620E-09  1.3514435E-10  5.8852617E-10  6.8388455E-11  9.3478304E-01
  xe133    133   0.0000000E+00  0.0000000E+00  0.0000000E+00  0.0000000E+00  0.0000000E+00  0.0000000E+00
  xe134    134   9.0642288E-10  9.5707897E-10  5.0656077E-11  4.8429583E-10  2.5634004E-11  1.2762944E+00
  cs133    133   1.3748452E-10  1.7301512E-10  3.5530592E-11  8.7548149E-11  1.7979902E-11  6.8745965E-01
  cs134    134   2.7599111E-20  2.7599111E-20  0.0000000E+00  1.3965549E-20  0.0000000E+00  0.0000000E+00
  cs135    135   0.0000000E+00  0.0000000E+00  0.0000000E+00  0.0000000E+00  0.0000000E+00  0.0000000E+00
  cs136    136   0.0000000E+00  0.0000000E+00  0.0000000E+00  0.0000000E+00  0.0000000E+00  0.0000000E+00
  cs137    137   0.0000000E+00  0.0000000E+00  0.0000000E+00  0.0000000E+00  0.0000000E+00  0.0000000E+00
  ba134    134   1.3426418E-10  1.4515660E-10  1.0892408E-11  7.3451335E-11  5.5119941E-12  1.1246910E+00
  ba135    135   5.0587518E-10  5.3580562E-10  2.9930440E-11  2.7112540E-10  1.5146001E-11  1.2528722E+00
  ba136    136   1.0667979E-09  1.1027214E-09  3.5923445E-11  5.5799299E-10  1.8178702E-11  1.4870660E+00
  ba137    137   2.4473359E-09  2.4990880E-09  5.1752259E-11  1.2645747E-09  2.6188714E-11  1.6838303E+00
  ba138    138   1.4038004E-08  1.4370771E-08  3.3276798E-10  7.2718183E-09  1.6839392E-10  1.6353167E+00
  la139    139   1.7377001E-09  1.7833421E-09  4.5642087E-11  9.0239693E-10  2.3096722E-11  1.5918474E+00
  ce140    140   5.4841172E-09  5.5887259E-09  1.0460884E-10  2.8279761E-09  5.2936263E-11  1.7277225E+00
  ce141    141   0.0000000E+00  0.0000000E+00  0.0000000E+00  0.0000000E+00  0.0000000E+00  0.0000000E+00
  ce142    142   9.2723268E-10  9.4056518E-10  1.3332512E-11  4.7593957E-10  6.7467850E-12  1.8484550E+00
  pr141    141   5.7028465E-10  5.8831340E-10  1.8028750E-11  2.9769509E-10  9.1232690E-12  1.5136213E+00
  nd142    142   1.1312596E-09  1.1553092E-09  2.4049492E-11  5.8460314E-10  1.2170005E-11  1.6815704E+00
  nd143    143   2.5554656E-10  2.6631386E-10  1.0767296E-11  1.3475866E-10  5.4486827E-12  1.3932652E+00
  nd144    144   7.7821938E-10  7.9961793E-10  2.1398570E-11  4.0461823E-10  1.0828533E-11  1.5724759E+00
  nd145    145   1.4422200E-10  1.5217963E-10  7.9576337E-12  7.7005097E-11  4.0268813E-12  1.2815506E+00
  nd146    146   6.8792388E-10  7.0358647E-10  1.5662579E-11  3.5602493E-10  7.9258926E-12  1.6524323E+00
  nd147    147   0.0000000E+00  0.0000000E+00  0.0000000E+00  0.0000000E+00  0.0000000E+00  0.0000000E+00
  nd148    148   9.3138663E-11  9.8436599E-11  5.2979366E-12  4.9810343E-11  2.6809679E-12  1.2690279E+00
  pm147    147   1.2890120E-19  1.2890120E-19  0.0000000E+00  6.5225873E-20  0.0000000E+00  0.0000000E+00
  pm148    148   0.0000000E+00  0.0000000E+00  0.0000000E+00  0.0000000E+00  0.0000000E+00  0.0000000E+00
  sm147    147   7.9832502E-11  8.4096896E-11  4.2643931E-12  4.2554245E-11  2.1579537E-12  1.2949008E+00
  sm148    148   1.7857181E-10  1.8179135E-10  3.2195401E-12  9.1989048E-11  1.6292162E-12  1.7517574E+00
  sm149    149   3.1603817E-11  3.5589025E-11  3.9852067E-12  1.8008562E-11  2.0166742E-12  9.5084333E-01
  sm150    150   1.4681083E-10  1.4895321E-10  2.1423867E-12  7.5372479E-11  1.0841334E-12  1.8421301E+00
  sm151    151   7.3830937E-13  7.3830937E-13  0.0000000E+00  3.7359522E-13  0.0000000E+00  0.0000000E+00
  sm152    152   1.3228191E-10  1.4015113E-10  7.8692157E-12  7.0918500E-11  3.9821380E-12  1.2506434E+00
  eu151    151   2.0855645E-11  2.6046682E-11  5.1910364E-12  1.3179998E-11  2.6268722E-12  7.0047641E-01
  eu152    152   6.1076211E-17  6.1076211E-17  0.0000000E+00  3.0905446E-17  0.0000000E+00  0.0000000E+00
  eu153    153   2.5294516E-11  3.1036045E-11  5.7415283E-12  1.5704688E-11  2.9054432E-12  7.3281693E-01
  eu154    154   9.2936921E-16  9.2936921E-16  0.0000000E+00  4.7027428E-16  0.0000000E+00  0.0000000E+00
  eu155    155   1.0989599E-17  1.0989599E-17  0.0000000E+00  5.5608962E-18  0.0000000E+00  0.0000000E+00
  gd152    152   3.3246145E-14  1.0903913E-13  7.5792989E-14  5.5175381E-14  3.8354285E-14  1.5793142E-01
  gd153    153   3.4172548E-34  3.4172548E-34  0.0000000E+00  1.7291804E-34  0.0000000E+00  0.0000000E+00
  gd154    154   1.6580929E-11  1.7417928E-11  8.3699811E-13  8.8137241E-12  4.2355453E-13  1.3182502E+00
  gd155    155   4.1695977E-11  4.7415440E-11  5.7194644E-12  2.3992898E-11  2.8942781E-12  9.1854244E-01
  gd156    156   1.0439696E-10  1.1235825E-10  7.9612905E-12  5.6854899E-11  4.0287318E-12  1.1495996E+00
  gd157    157   4.9163212E-11  5.5288822E-11  6.1256113E-12  2.7976944E-11  3.0998045E-12  9.5546597E-01
  gd158    158   1.9828543E-10  2.0807045E-10  9.7850183E-12  1.0528665E-10  4.9516112E-12  1.3276268E+00
  gd159    159   0.0000000E+00  0.0000000E+00  0.0000000E+00  0.0000000E+00  0.0000000E+00  0.0000000E+00
  gd160    160   1.2490693E-11  2.1210811E-11  8.7201184E-12  1.0732977E-11  4.4127289E-12  3.8601297E-01
  tb159    159   4.2502772E-11  4.9884291E-11  7.3815190E-12  2.5242173E-11  3.7353445E-12  8.2979608E-01
  tb160    160   1.2408223E-38  1.2408223E-38  0.0000000E+00  0.0000000E+00  0.0000000E+00  0.0000000E+00
  tb161    161   0.0000000E+00  0.0000000E+00  0.0000000E+00  0.0000000E+00  0.0000000E+00  0.0000000E+00
  dy160    160   5.2197545E-11  5.3314488E-11  1.1169429E-12  2.6977903E-11  5.6521785E-13  1.6787924E+00
  dy161    161   3.1092250E-11  4.0208000E-11  9.1157507E-12  2.0345829E-11  4.6129350E-12  6.4449811E-01
  dy162    162   1.4418346E-10  1.5655396E-10  1.2370501E-11  7.9218569E-11  6.2599687E-12  1.1022549E+00
  dy163    163   6.2641350E-11  7.4805023E-11  1.2163671E-11  3.7852423E-11  6.1553046E-12  7.8884411E-01
  dy164    164   3.0943037E-10  3.2332215E-10  1.3891786E-11  1.6360568E-10  7.0297999E-12  1.3668555E+00
  ho165    165   5.7781901E-11  6.8602138E-11  1.0820236E-11  3.4713673E-11  5.4754729E-12  8.0207890E-01
  er166    166   1.3120370E-10  1.4148252E-10  1.0278822E-11  7.1592204E-11  5.2014955E-12  1.1387376E+00
  er167    167   5.3098498E-11  6.0156928E-11  7.0584285E-12  3.0440275E-11  3.5718475E-12  9.3055570E-01
  er168    168   2.0358253E-10  2.1195898E-10  8.3764549E-12  1.0725431E-10  4.2388220E-12  1.4031696E+00
  er169    169   0.0000000E+00  0.0000000E+00  0.0000000E+00  0.0000000E+00  0.0000000E+00  0.0000000E+00
  er170    170   6.4524885E-11  6.9209527E-11  4.6846442E-12  3.5021021E-11  2.3706176E-12  1.1694673E+00
  tm169    169   5.0411030E-11  5.5361396E-11  4.9503682E-12  2.8013668E-11  2.5050845E-12  1.0485476E+00
  tm170    170   4.8746161E-32  4.8746161E-32  0.0000000E+00  2.4666262E-32  0.0000000E+00  0.0000000E+00
  tm171    171   2.1535491E-20  2.1535491E-20  0.0000000E+00  1.0897270E-20  0.0000000E+00  0.0000000E+00
  yb170    170   6.7083603E-11  6.8019895E-11  9.3629032E-13  3.4419051E-11  4.7380042E-13  1.8612034E+00
  yb171    171   8.9809701E-11  9.4262667E-11  4.4529653E-12  4.7698272E-11  2.2533789E-12  1.3256685E+00
  yb172    172   2.5342148E-10  2.6031660E-10  6.8951203E-12  1.3172397E-10  3.4892070E-12  1.5769382E+00
  yb173    173   1.1635466E-10  1.2150256E-10  5.1478930E-12  6.1482049E-11  2.6050397E-12  1.3729341E+00
  yb174    174   5.3229521E-10  5.4259547E-10  1.0300272E-11  2.7456115E-10  5.2123501E-12  1.7216055E+00
  lu175    175   6.9571057E-11  7.4220192E-11  4.6491357E-12  3.7556493E-11  2.3526489E-12  1.2031280E+00
  lu176    176   5.2100563E-11  5.2236264E-11  1.3570007E-13  2.6432306E-11  6.8669666E-14  2.5853701E+00
  lu177    177   0.0000000E+00  0.0000000E+00  0.0000000E+00  0.0000000E+00  0.0000000E+00  0.0000000E+00
  hf176    176  -3.1491845E-14  1.0126706E-12  1.0441625E-12  5.1242598E-13  5.2838804E-13 -1.3321853E-02
  hf177    177   5.6459382E-11  6.0212522E-11  3.7531393E-12  3.0468409E-11  1.8992386E-12  1.2052703E+00
  hf178    178   2.6106853E-10  2.6660549E-10  5.5369693E-12  1.3490624E-10  2.8019284E-12  1.6825750E+00
  hf179    179   9.1075633E-11  9.3855743E-11  2.7801110E-12  4.7492364E-11  1.4068475E-12  1.5283768E+00
  hf180    180   5.0393950E-10  5.1113930E-10  7.1998132E-12  2.5864388E-10  3.6433937E-12  1.8511962E+00
  hf181    181   0.0000000E+00  0.0000000E+00  0.0000000E+00  0.0000000E+00  0.0000000E+00  0.0000000E+00
  hf182    182   1.7026454E-10  1.7026454E-10  0.0000000E+00  8.6156318E-11  0.0000000E+00  0.0000000E+00
  ta181    181   1.1765780E-10  1.2070830E-10  3.0505095E-12  6.1080148E-11  1.5436799E-12  1.5973430E+00
  ta182    182   1.5621533E-18  1.5621533E-18  0.0000000E+00  7.9047220E-19  0.0000000E+00  0.0000000E+00
  ta183    183   0.0000000E+00  0.0000000E+00  0.0000000E+00  0.0000000E+00  0.0000000E+00  0.0000000E+00
   w182    182   2.2093744E-10  2.2572433E-10  4.7868979E-12  1.1421977E-10  2.4223620E-12  1.6735022E+00
   w183    183   1.6044102E-10  1.6304023E-10  2.5992073E-12  8.2500715E-11  1.3153030E-12  1.7974319E+00
   w184    184   3.9829895E-10  4.0389453E-10  5.5955934E-12  2.0437647E-10  2.8315943E-12  1.8583999E+00
   w185    185   5.1227503E-38  5.1227503E-38  0.0000000E+00  2.5921858E-38  0.0000000E+00  0.0000000E+00
   w186    186   1.8028835E-10  1.8553670E-10  5.2483417E-12  9.3884255E-11  2.6558710E-12  1.5483859E+00
  re185    185   7.5752696E-11  7.8420312E-11  2.6676168E-12  3.9681813E-11  1.3499208E-12  1.4682833E+00
  re186    186   0.0000000E+00  0.0000000E+00  0.0000000E+00  0.0000000E+00  0.0000000E+00  0.0000000E+00
  re187    187   3.9969840E-11  4.4834653E-11  4.8648121E-12  2.2686983E-11  2.4617899E-12  9.6452582E-01
  os186    186   1.5876908E-10  1.6024763E-10  1.4785499E-12  8.1087623E-11  7.4820553E-13  2.0349338E+00
  os187    187   4.6159722E-11  4.7342033E-11  1.1823101E-12  2.3955754E-11  5.9829626E-13  1.6024936E+00
  os188    188   3.3632735E-10  3.4880004E-10  1.2472688E-11  1.7649787E-10  6.3116795E-12  1.4465946E+00
  os189    189   6.7842121E-11  8.3130204E-11  1.5288085E-11  4.2065088E-11  7.7363836E-12  7.3538381E-01
  os190    190   3.2296146E-10  3.4795478E-10  2.4993313E-11  1.7607014E-10  1.2647617E-11  1.1436770E+00
  os191    191   0.0000000E+00  0.0000000E+00  0.0000000E+00  0.0000000E+00  0.0000000E+00  0.0000000E+00
  os192    192   6.5889696E-11  1.0511410E-10  3.9224405E-11  5.3189259E-11  1.9849119E-11  4.2808273E-01
  ir191    191   6.0558253E-11  9.3632477E-11  3.3074224E-11  4.7379389E-11  1.6736881E-11  4.5191494E-01
  ir192    192   2.6504664E-38  2.6504664E-38  0.0000000E+00  1.3411744E-38  0.0000000E+00  0.0000000E+00
  ir193    193   6.9500281E-11  1.2567930E-10  5.6179023E-11  6.3595545E-11  2.8428836E-11  3.4966761E-01
  pt192    192   8.5718453E-11  8.7109181E-11  1.3907284E-12  4.4078505E-11  7.0376420E-13  1.7967997E+00
  pt193    193   3.5815488E-13  3.5815488E-13  0.0000000E+00  1.8123155E-13  0.0000000E+00  0.0000000E+00
  pt194    194   2.4564675E-10  3.0488917E-10  5.9242423E-11  1.5427833E-10  2.9979040E-11  7.1148729E-01
  pt195    195   9.9783515E-11  1.6089613E-10  6.1112615E-11  8.1415770E-11  3.0925429E-11  4.2039281E-01
  pt196    196   4.3100026E-10  4.7682958E-10  4.5829323E-11  2.4128266E-10  2.3191471E-11  1.0171978E+00
  au197    197   1.3845887E-10  1.6607846E-10  2.7619587E-11  8.4038103E-11  1.3976616E-11  7.7907419E-01
  hg198    198   4.7655535E-10  4.8304361E-10  6.4882288E-12  2.4442706E-10  3.2833033E-12  1.8718383E+00
  hg199    199   2.0744646E-10  2.1848012E-10  1.1033657E-11  1.1055410E-10  5.5834725E-12  1.2966706E+00
  hg200    200   6.8552530E-10  7.0070899E-10  1.5183675E-11  3.5456887E-10  7.6835474E-12  1.6641388E+00
  hg201    201   2.8079267E-10  2.8949909E-10  8.7064305E-12  1.4649072E-10  4.4058025E-12  1.5217851E+00
  hg202    202   1.0971409E-09  1.1169645E-09  1.9823575E-11  5.6520022E-10  1.0031522E-11  1.7508355E+00
  tl203    203   5.7259852E-10  5.8044025E-10  7.8417342E-12  2.9371117E-10  3.9682316E-12  1.8693235E+00
  tl204    204   6.0109586E-18  6.0109586E-18  0.0000000E+00  3.0416320E-18  0.0000000E+00  0.0000000E+00
  tl205    205   1.3748567E-09  1.3937603E-09  1.8903637E-11  7.0526290E-10  9.5659973E-12  1.8676208E+00
  pb204    204   4.0451997E-10  4.1444542E-10  9.9254511E-12  2.0971538E-10  5.0226759E-12  1.6206952E+00
  pb205    205   0.0000000E+00  0.0000000E+00  0.0000000E+00  0.0000000E+00  0.0000000E+00  0.0000000E+00
  pb206    206   3.4622776E-08  3.4716038E-08  9.3261010E-11  1.7566817E-08  4.7193808E-11  2.5708082E+00
  pb207    207   8.9988017E-09  9.1025063E-09  1.0370495E-10  4.6060000E-09  5.2478858E-11  1.9433396E+00
  pb208    208   2.0312102E-07  2.0341929E-07  2.9826985E-10  1.0293310E-07  1.5093649E-10  2.8337607E+00
  bi209    209   7.5245019E-09  7.5452462E-09  2.0744340E-11  3.8180037E-09  1.0497467E-11  2.5607519E+00
  bi210    210   0.0000000E+00  0.0000000E+00  0.0000000E+00  0.0000000E+00  0.0000000E+00  0.0000000E+00
  po210    210   0.0000000E+00  0.0000000E+00  0.0000000E+00  0.0000000E+00  0.0000000E+00  0.0000000E+00
