# Initial mass = 4.500, Z =  0.0007, Y =  0.250, M_mix = 0.00E+00
# Final mass = 0.906, Mass expelled =   3.5941
  species    A      yield       mass(i)_lost    mass(i)_0        <X(i)>         
  X0(i)   log10(<X(i)>/X0(i)) 
      n      1   0.0000000E+00  0.0000000E+00  0.0000000E+00  0.0000000E+00  0.0000000E+00  0.0000000E+00
      p      1  -2.9900599E-01  2.3945789E+00  2.6935849E+00  6.6625541E-01  7.4949098E-01 -5.1125698E-02
      d      2   1.8511554E-17  1.8511554E-17  0.0000000E+00  5.1505604E-18  0.0000000E+00  0.0000000E+00
    he3      3   5.3530944E-06  5.3530944E-06  0.0000000E+00  1.4894176E-06  0.0000000E+00  0.0000000E+00
    he4      4   2.8277814E-01  1.1814306E+00  8.9865243E-01  3.2871521E-01  2.5005037E-01  1.1879233E-01
    li7      7   9.9945492E-09  1.0508590E-08  5.1403998E-10  2.9238563E-09  1.4303181E-10  1.3105234E+00
    be7      7   4.4691466E-11  4.4691466E-11  0.0000000E+00  1.2434725E-11  0.0000000E+00  0.0000000E+00
     b8      8   1.1013183E-24  1.1013183E-24  0.0000000E+00  3.0642518E-25  0.0000000E+00  0.0000000E+00
    c12     12   1.2839718E-03  1.5011409E-03  2.1716906E-04  4.1766977E-04  6.0427374E-05  8.3959931E-01
    c13     13   2.5867383E-04  2.6038886E-04  1.7150351E-06  7.2449264E-05  4.7720908E-07  2.1813254E+00
    c14     14   1.4280898E-08  1.4280898E-08  0.0000000E+00  3.9734442E-09  0.0000000E+00  0.0000000E+00
    n13     13   0.0000000E+00  0.0000000E+00  0.0000000E+00  0.0000000E+00  0.0000000E+00  0.0000000E+00
    n14     14   1.4525075E-02  1.4685862E-02  1.6078689E-04  4.0861191E-03  4.4739012E-05  1.9606248E+00
    n15     15   2.2318326E-07  3.2624970E-07  1.0306645E-07  9.0774051E-08  2.8678276E-08  5.0040871E-01
    o14     14   0.0000000E+00  0.0000000E+00  0.0000000E+00  0.0000000E+00  0.0000000E+00  0.0000000E+00
    o15     15   0.0000000E+00  0.0000000E+00  0.0000000E+00  0.0000000E+00  0.0000000E+00  0.0000000E+00
    o16     16  -9.1475144E-05  7.4868579E-04  8.4016094E-04  2.0831052E-04  2.3377509E-04 -5.0087042E-02
    o17     17   2.2243278E-06  2.3622799E-06  1.3795213E-07  6.5726874E-07  3.8385231E-08  1.2335789E+00
    o18     18  -7.6202627E-07  6.9038717E-09  7.6893014E-07  1.9208981E-09  2.1395509E-07 -2.0468185E+00
    o19     19   0.0000000E+00  0.0000000E+00  0.0000000E+00  0.0000000E+00  0.0000000E+00  0.0000000E+00
    f17     17   0.0000000E+00  0.0000000E+00  0.0000000E+00  0.0000000E+00  0.0000000E+00  0.0000000E+00
    f18     18   0.0000000E+00  0.0000000E+00  0.0000000E+00  0.0000000E+00  0.0000000E+00  0.0000000E+00
    f19     19   5.4528236E-08  7.6671682E-08  2.2143444E-08  2.1332738E-08  6.1614212E-09  5.3936577E-01
    f20     20   0.0000000E+00  0.0000000E+00  0.0000000E+00  0.0000000E+00  0.0000000E+00  0.0000000E+00
   ne19     19   0.0000000E+00  0.0000000E+00  0.0000000E+00  0.0000000E+00  0.0000000E+00  0.0000000E+00
   ne20     20  -1.8605351E-06  1.3776129E-04  1.3962183E-04  3.8329999E-05  3.8849827E-05 -5.8502648E-03
   ne21     21  -1.1198856E-07  6.4461858E-08  1.7645041E-07  1.7935539E-08  4.9097391E-08 -4.3734396E-01
   ne22     22   2.1218078E-04  2.1785099E-04  5.6702170E-06  6.0613747E-05  1.5777398E-06  1.5845358E+00
   ne23     23   0.0000000E+00  0.0000000E+00  0.0000000E+00  0.0000000E+00  0.0000000E+00  0.0000000E+00
   na21     21   0.0000000E+00  0.0000000E+00  0.0000000E+00  0.0000000E+00  0.0000000E+00  0.0000000E+00
   na22     22   2.3680039E-11  2.3680039E-11  0.0000000E+00  6.5886133E-12  0.0000000E+00  0.0000000E+00
   na23     23   9.7680531E-06  1.0728500E-05  9.6044732E-07  2.9850432E-06  2.6724481E-07  1.0480413E+00
   na24     24   0.0000000E+00  0.0000000E+00  0.0000000E+00  0.0000000E+00  0.0000000E+00  0.0000000E+00
   mg23     23   0.0000000E+00  0.0000000E+00  0.0000000E+00  0.0000000E+00  0.0000000E+00  0.0000000E+00
   mg24     24  -1.1059361E-05  6.2797793E-05  7.3857154E-05  1.7472537E-05  2.0550780E-05 -7.0472330E-02
   mg25     25   2.3146877E-05  2.7556835E-05  4.4099570E-06  7.6672732E-06  1.2270722E-06  7.9577082E-01
   mg26     26   1.4528407E-05  1.9577948E-05  5.0495419E-06  5.4472684E-06  1.4050370E-06  5.8849108E-01
   mg27     27   0.0000000E+00  0.0000000E+00  0.0000000E+00  0.0000000E+00  0.0000000E+00  0.0000000E+00
   al25     25   0.0000000E+00  0.0000000E+00  0.0000000E+00  0.0000000E+00  0.0000000E+00  0.0000000E+00
   al-6     26   0.0000000E+00  0.0000000E+00  0.0000000E+00  0.0000000E+00  0.0000000E+00  0.0000000E+00
   al*6     26   0.0000000E+00  0.0000000E+00  0.0000000E+00  0.0000000E+00  0.0000000E+00  0.0000000E+00
   al27     27   1.8885119E-06  4.2998299E-06  2.4113181E-06  1.1963627E-06  6.7095010E-07  2.5117269E-01
   al28     28   0.0000000E+00  0.0000000E+00  0.0000000E+00  0.0000000E+00  0.0000000E+00  0.0000000E+00
   si27     27   0.0000000E+00  0.0000000E+00  0.0000000E+00  0.0000000E+00  0.0000000E+00  0.0000000E+00
   si28     28   2.1971864E-06  5.4284086E-05  5.2086900E-05  1.5103727E-05  1.4493198E-05  1.7919909E-02
   si29     29   3.2022581E-07  2.2676022E-06  1.9473764E-06  6.3092608E-07  5.4185813E-07  6.6092901E-02
   si30     30   5.0747087E-07  1.8353916E-06  1.3279207E-06  5.1066996E-07  3.6949444E-07  1.4053237E-01
    p31     31   1.3009887E-07  4.9981094E-07  3.6971207E-07  1.3906485E-07  1.0287252E-07  1.3091798E-01
    p32     32  -4.7843177E-30 -4.7843177E-30  0.0000000E+00 -1.3311641E-30  0.0000000E+00  0.0000000E+00
    p33     33   4.9927522E-30  4.9927522E-30  0.0000000E+00  1.3891579E-30  0.0000000E+00  0.0000000E+00
    s32     32  -2.6529960E-07  3.7788101E-05  3.8053400E-05  1.0513968E-05  1.0588373E-05 -3.0625735E-03
    s33     33   6.8021535E-09  1.5330048E-07  1.4649832E-07  4.2653543E-08  4.0763211E-08  1.9686727E-02
    s34     34   7.2464843E-08  9.2443770E-07  8.5197286E-07  2.5721084E-07  2.3706176E-07  3.5427749E-02
    s35     35   1.7212276E-23  1.7212276E-23  0.0000000E+00  4.7890558E-24  0.0000000E+00  0.0000000E+00
    s36     36   6.1739627E-09  1.0379527E-08  4.2055639E-09  2.8879465E-09  1.1701997E-09  3.9232916E-01
   cl35     35   3.5387870E-10  1.8237772E-07  1.8202384E-07  5.0743846E-08  5.0648200E-08  8.1934588E-04
   cl36     36   0.0000000E+00  0.0000000E+00  0.0000000E+00  0.0000000E+00  0.0000000E+00  0.0000000E+00
   cl37     37   2.5526660E-08  8.7024787E-08  6.1498127E-08  2.4213334E-08  1.7111876E-08  1.5075696E-01
   ar36     36  -9.5583346E-08  8.1335993E-06  8.2291826E-06  2.2630511E-06  2.2897732E-06 -5.0980714E-03
   ar37     37   1.7887282E-23  1.7887282E-23  0.0000000E+00  4.9768663E-24  0.0000000E+00  0.0000000E+00
   ar38     38   3.8247094E-08  6.8876795E-07  6.5052086E-07  1.9163929E-07  1.8100766E-07  2.4787569E-02
   ar39     39   4.4920827E-11  4.4920827E-11  0.0000000E+00  1.2498542E-11  0.0000000E+00  0.0000000E+00
   ar40     40   8.8814875E-09  9.9766790E-09  1.0951913E-09  2.7758602E-09  3.0473737E-10  9.5947188E-01
    k39     39   6.9401267E-09  2.8587573E-07  2.7893560E-07  7.9540605E-08  7.7613940E-08  1.0649147E-02
    k40     40  -2.8567031E-11  0.0000000E+00  2.8567031E-11  0.0000000E+00  7.9487875E-12  0.0000000E+00
    k41     41   2.2398750E-09  1.5627784E-08  1.3387909E-08  4.3481947E-09  3.7251904E-09  6.7160532E-02
   ca40     40  -6.2713752E-08  6.5410154E-06  6.6037292E-06  1.8199388E-06  1.8374901E-06 -4.1682171E-03
   ca41     41   0.0000000E+00  0.0000000E+00  0.0000000E+00  0.0000000E+00  0.0000000E+00  0.0000000E+00
   ca42     42   2.4520048E-09  2.3863082E-08  2.1411077E-08  6.6395422E-09  5.9576402E-09  4.7063880E-02
   ca43     43   7.0199135E-10  5.2759743E-09  4.5739830E-09  1.4679602E-09  1.2727124E-09  6.1984010E-02
   ca44     44   2.2727420E-09  7.4592691E-08  7.2319949E-08  2.0754291E-08  2.0123053E-08  1.3413961E-02
   ca45     45  -4.4199375E-20 -4.4199375E-20  0.0000000E+00 -1.2297809E-20  0.0000000E+00  0.0000000E+00
   ca46     46   1.9586819E-09  2.1036641E-09  1.4498232E-10  5.8531280E-10  4.0341386E-11  1.1616372E+00
   ca47     47  -4.6388552E-33 -4.6388552E-33  0.0000000E+00 -1.2906914E-33  0.0000000E+00  0.0000000E+00
   ca48     48   4.3892001E-11  7.1165314E-09  7.0726394E-09  1.9800674E-09  1.9679645E-09  2.6627346E-03
   sc45     45   7.8986617E-10  4.3440003E-09  3.5541341E-09  1.2086525E-09  9.8893915E-10  8.7131917E-02
   sc46     46   1.9308205E-27  1.9308205E-27  0.0000000E+00  5.3722164E-28  0.0000000E+00  0.0000000E+00
   sc47     47   5.7811429E-32  5.7811429E-32  0.0000000E+00  1.6085158E-32  0.0000000E+00  0.0000000E+00
   sc48     48   7.9871550E-33  1.2948616E-30  1.2868744E-30  3.6027569E-31  3.5807331E-31  0.0000000E+00
   ti46     46   1.2527401E-10  1.2590835E-08  1.2465561E-08  3.5032097E-09  3.4685468E-09  4.3186019E-03
   ti47     47   8.2978069E-11  1.1568985E-08  1.1486007E-08  3.2188954E-09  3.1959857E-09  3.1020453E-03
   ti48     48  -4.6949822E-09  3.3103584E-07  3.3573082E-07  9.2105722E-08  9.3417221E-08 -6.1403071E-03
   ti49     49   1.1653709E-09  9.8728243E-09  8.7074534E-09  2.7469642E-09  2.4228521E-09  5.4526098E-02
   ti50     50   3.7826089E-09  1.2290151E-08  8.5075422E-09  3.4195489E-09  2.3672269E-09  1.5972891E-01
    v51     51  -2.6444269E-10  3.2842237E-08  3.3106680E-08  9.1378567E-09  9.2119459E-09 -3.5070453E-03
   cr52     52  -1.2120722E-08  1.1834737E-06  1.1955945E-06  3.2928369E-07  3.3267460E-07 -4.4494229E-03
   cr53     53  -5.6718363E-10  8.8258211E-08  8.8825395E-08  2.4556515E-08  2.4715698E-08 -2.8061548E-03
   cr54     54   7.2907991E-09  2.9819084E-08  2.2528285E-08  8.2967100E-09  6.2685030E-09  1.2174203E-01
   mn55     55   4.1669921E-09  2.0422320E-07  2.0005621E-07  5.6822021E-08  5.5665712E-08  8.9288931E-03
   fe54     54  -6.9123416E-08  4.3534542E-06  4.4225776E-06  1.2112829E-06  1.2305838E-06 -6.8656434E-03
   fe55     55  -4.1584243E-16 -4.1584243E-16  0.0000000E+00 -1.1570188E-16  0.0000000E+00  0.0000000E+00
   fe56     56  -8.6212094E-07  7.1134178E-05  7.1996299E-05  1.9792011E-05  2.0032996E-05 -5.2560093E-03
   fe57     57   5.0996846E-08  1.7433904E-06  1.6923935E-06  4.8507206E-07  4.7090913E-07  1.2869180E-02
   fe58     58   2.5439499E-07  4.8356429E-07  2.2916930E-07  1.3454446E-07  6.3766443E-08  3.2427368E-01
   fe59     59   5.7771080E-25  5.7771080E-25  0.0000000E+00  1.6073931E-25  0.0000000E+00  0.0000000E+00
   fe60     60   0.0000000E+00  0.0000000E+00  0.0000000E+00  0.0000000E+00  0.0000000E+00  0.0000000E+00
   co59     59   1.0105667E-07  2.7780155E-07  1.7674488E-07  7.7294082E-08  4.9179327E-08  1.9636370E-01
   co60     60  -1.4596364E-13 -1.4596364E-13  0.0000000E+00 -4.0612181E-14  0.0000000E+00  0.0000000E+00
   ni58     58  -3.8739017E-08  2.4902124E-06  2.5289514E-06  6.9286398E-07  7.0368168E-07 -6.7282561E-03
   ni59     59   0.0000000E+00  0.0000000E+00  0.0000000E+00  0.0000000E+00  0.0000000E+00  0.0000000E+00
   ni60     60   2.2526865E-07  1.2329743E-06  1.0077057E-06  3.4305648E-07  2.8039449E-07  8.7596156E-02
   ni61     61   4.6408282E-08  9.0944454E-08  4.4536172E-08  2.5303921E-08  1.2392206E-08  3.1003919E-01
   ni62     62   1.0139652E-07  2.4571773E-07  1.4432121E-07  6.8367250E-08  4.0157428E-08  2.3108223E-01
   ni63     63   0.0000000E+00  0.0000000E+00  0.0000000E+00  0.0000000E+00  0.0000000E+00  0.0000000E+00
   ni64     64   1.0574728E-07  1.4368796E-07  3.7940676E-08  3.9979003E-08  1.0557007E-08  5.7829118E-01
   cu63     63   5.9720691E-08  6.0967558E-08  1.2468684E-09  1.6963302E-08  3.4694159E-10  1.6892540E+00
   cu64     64   0.0000000E+00  0.0000000E+00  0.0000000E+00  0.0000000E+00  0.0000000E+00  0.0000000E+00
   cu65     65   1.7810720E-08  3.2211247E-08  1.4400528E-08  8.9622931E-09  4.0069521E-09  3.4960499E-01
   zn64     64  -2.1062618E-09  1.3756244E-07  1.3966870E-07  3.8274671E-08  3.8862868E-08 -6.6233971E-03
   zn65     65  -4.5603353E-20 -4.5603353E-20  0.0000000E+00 -1.2688444E-20  0.0000000E+00  0.0000000E+00
   zn66     66   1.6284645E-08  4.8027928E-08  3.1743284E-08  1.3363046E-08  8.8325800E-09  1.7981786E-01
   zn67     67   3.5576133E-09  8.2929867E-09  4.7353734E-09  2.3073983E-09  1.3176195E-09  2.4333256E-01
   zn68     68   2.1378836E-08  4.3357559E-08  2.1978723E-08  1.2063587E-08  6.1155880E-09  2.9503825E-01
   zn69     69   0.0000000E+00  0.0000000E+00  0.0000000E+00  0.0000000E+00  0.0000000E+00  0.0000000E+00
   zn70     70   1.2419710E-10  8.7234686E-10  7.4814976E-10  2.4271735E-10  2.0817294E-10  6.6676572E-02
   ga69     69   3.0232485E-09  5.0382534E-09  2.0150048E-09  1.4018179E-09  5.6067584E-10  3.9797974E-01
   ga70     70   0.0000000E+00  0.0000000E+00  0.0000000E+00  0.0000000E+00  0.0000000E+00  0.0000000E+00
   ga71     71   2.6634883E-09  4.0395434E-09  1.3760550E-09  1.1239419E-09  3.8288783E-10  4.6767235E-01
   ge70     70   4.5375792E-09  6.7788326E-09  2.2412534E-09  1.8861077E-09  6.2362959E-10  4.8063982E-01
   ge71     71  -2.4459617E-29 -2.4459617E-29  0.0000000E+00 -6.8055195E-30  0.0000000E+00  0.0000000E+00
   ge72     72   4.3514898E-09  7.3979645E-09  3.0464749E-09  2.0583719E-09  8.4768276E-10  3.8529053E-01
   ge73     73   1.2687732E-09  2.1357380E-09  8.6696483E-10  5.9423688E-10  2.4123328E-10  3.9152238E-01
   ge74     74   5.4143663E-09  9.5389794E-09  4.1246131E-09  2.6540770E-09  1.1476752E-09  3.6409453E-01
   as75     75   4.9308407E-10  1.0978143E-09  6.0473021E-10  3.0545025E-10  1.6826639E-10  2.5894311E-01
   se76     76   1.7307167E-09  2.3602837E-09  6.2956712E-10  6.5671329E-10  1.7517729E-10  5.7389802E-01
   se77     77   6.7975509E-10  1.1991698E-09  5.1941468E-10  3.3365088E-10  1.4452732E-10  3.6334234E-01
   se78     78   4.3246779E-09  5.9638330E-09  1.6391549E-09  1.6593464E-09  4.5609547E-10  5.6088138E-01
   se79     79   0.0000000E+00  0.0000000E+00  0.0000000E+00  0.0000000E+00  0.0000000E+00  0.0000000E+00
   se80     80   5.1984310E-09  8.7073451E-09  3.5089140E-09  2.4226874E-09  9.7635666E-10  3.9468887E-01
   br79     79   9.5871933E-10  1.5198238E-09  5.6110455E-10  4.2286802E-10  1.5612754E-10  4.3272537E-01
   br80     80   0.0000000E+00  0.0000000E+00  0.0000000E+00  0.0000000E+00  0.0000000E+00  0.0000000E+00
   br81     81   6.9151390E-10  1.2511882E-09  5.5967425E-10  3.4812420E-10  1.5572957E-10  3.4936318E-01
   kr80     80   8.6060326E-13  1.3458008E-10  1.3371948E-10  3.7444877E-11  3.7207494E-11  2.7619812E-03
   kr81     81   0.0000000E+00  0.0000000E+00  0.0000000E+00  0.0000000E+00  0.0000000E+00  0.0000000E+00
   kr82     82   2.3266078E-09  3.0133940E-09  6.8678607E-10  8.3843138E-10  1.9109848E-10  6.4221030E-01
   kr83     83   8.0368084E-10  1.4923682E-09  6.8868738E-10  4.1522893E-10  1.9162751E-10  3.3582979E-01
   kr84     84   4.9795208E-09  8.4144727E-09  3.4349517E-09  2.3411999E-09  9.5577657E-10  3.8908213E-01
   kr-5     85  -5.5646698E-15 -5.5646698E-15  0.0000000E+00 -1.5482854E-15  0.0000000E+00  0.0000000E+00
   kr*5     85   0.0000000E+00  0.0000000E+00  0.0000000E+00  0.0000000E+00  0.0000000E+00  0.0000000E+00
   kr86     86   8.6702183E-09  9.7337098E-09  1.0634912E-09  2.7082578E-09  2.9591682E-10  9.6152037E-01
   rb85     85   1.7017827E-09  2.2592743E-09  5.5749166E-10  6.2860894E-10  1.5512225E-10  6.0770649E-01
   rb86     86  -6.9138237E-29 -6.9138237E-29  0.0000000E+00 -1.9236670E-29  0.0000000E+00  0.0000000E+00
   rb87     87   2.2656657E-09  2.5004891E-09  2.3482347E-10  6.9572337E-10  6.5339720E-11  1.0272593E+00
   sr86     86   8.7233754E-10  1.1324820E-09  2.6014449E-10  3.1509600E-10  7.2385306E-11  6.3879251E-01
   sr87     87   3.9416398E-10  5.7807797E-10  1.8391401E-10  1.6084147E-10  5.1174141E-11  4.9734747E-01
   sr88     88   4.2272186E-09  6.4575358E-09  2.2303173E-09  1.7967118E-09  6.2058664E-10  4.6167603E-01
   sr89     89   2.2285376E-26  2.2285376E-26  0.0000000E+00  6.2005692E-27  0.0000000E+00  0.0000000E+00
   sr90     90   7.7479235E-14  7.7479235E-14  0.0000000E+00  2.1557427E-14  0.0000000E+00  0.0000000E+00
    y89     89   9.6472408E-10  1.4967195E-09  5.3199539E-10  4.1643961E-10  1.4802791E-10  4.4920844E-01
    y90     90   1.9593900E-17  1.9593900E-17  0.0000000E+00  5.4517067E-18  0.0000000E+00  0.0000000E+00
    y91     91   2.3036711E-26  2.3036711E-26  0.0000000E+00  6.4096170E-27  0.0000000E+00  0.0000000E+00
   zr90     90   6.3670302E-10  1.2707598E-09  6.3405681E-10  3.5356973E-10  1.7642653E-10  3.0191121E-01
   zr91     91   1.6931080E-10  3.0911740E-10  1.3980660E-10  8.6007250E-11  3.8901236E-11  3.4457165E-01
   zr92     92   2.7180042E-10  4.8784610E-10  2.1604567E-10  1.3573581E-10  6.0114788E-11  3.5371310E-01
   zr93     93   0.0000000E+00  0.0000000E+00  0.0000000E+00  0.0000000E+00  0.0000000E+00  0.0000000E+00
   zr94     94   2.8372577E-10  5.0743143E-10  2.2370565E-10  1.4118513E-10  6.2246180E-11  3.5567629E-01
   zr95     95   1.0992249E-25  1.0992249E-25  0.0000000E+00  3.0584273E-26  0.0000000E+00  0.0000000E+00
   zr96     96   2.8373798E-10  3.2054448E-10  3.6806502E-11  8.9186658E-11  1.0241423E-11  9.3993956E-01
   nb93     93   9.8273410E-11  1.9487570E-10  9.6602289E-11  5.4221221E-11  2.6879624E-11  3.0474609E-01
   nb94     94   1.8618521E-16  1.8618521E-16  0.0000000E+00  5.1803225E-17  0.0000000E+00  0.0000000E+00
   nb95     95   1.3241435E-25  1.3241435E-25  0.0000000E+00  3.6842291E-26  0.0000000E+00  0.0000000E+00
   mo94     94  -1.1164333E-13  3.0163937E-11  3.0275581E-11  8.3926598E-12  8.4241910E-12 -1.6285850E-03
   mo95     95   4.5435673E-11  9.8393620E-11  5.2957947E-11  2.7376539E-11  1.4735569E-11  2.6901162E-01
   mo96     96   9.0539326E-11  1.4687060E-10  5.6331273E-11  4.0864527E-11  1.5674198E-11  4.1616115E-01
   mo97     97   3.6174140E-11  6.8945259E-11  3.2771119E-11  1.9182976E-11  9.1185757E-12  3.2298902E-01
   mo98     98   1.0409940E-10  1.8823246E-10  8.4133062E-11  5.2372839E-11  2.3410055E-11  3.4970367E-01
   tc99     99   0.0000000E+00  0.0000000E+00  0.0000000E+00  0.0000000E+00  0.0000000E+00  0.0000000E+00
   ru99     99   1.2394207E-11  4.1769553E-11  2.9375346E-11  1.1621747E-11  8.1737004E-12  1.5285270E-01
  ru100    100   4.3355059E-11  7.2654723E-11  2.9299663E-11  2.0215080E-11  8.1526418E-12  3.9437708E-01
  ru101    101   8.1198208E-12  4.8186635E-11  4.0066814E-11  1.3407203E-11  1.1148606E-11  8.0117628E-02
  ru102    102   4.9017256E-11  1.2385055E-10  7.4833299E-11  3.4459546E-11  2.0822394E-11  2.1877889E-01
  rh103    103   7.0164638E-12  5.4807665E-11  4.7791202E-11  1.5249406E-11  1.3297919E-11  5.9469234E-02
  pd104    104   2.4367538E-11  4.5280488E-11  2.0912950E-11  1.2598612E-11  5.8190358E-12  3.3547169E-01
  pd105    105   4.9308890E-12  4.7252566E-11  4.2321677E-11  1.3147313E-11  1.1776022E-11  4.7838427E-02
  pd106    106   2.4628220E-11  7.6920588E-11  5.2292368E-11  2.1401991E-11  1.4550371E-11  1.6758011E-01
  pd107    107   0.0000000E+00  0.0000000E+00  0.0000000E+00  0.0000000E+00  0.0000000E+00  0.0000000E+00
  pd108    108   2.7477548E-11  7.9060057E-11  5.1582509E-11  2.1997267E-11  1.4352851E-11  1.8543053E-01
  ag107    107   4.1529315E-12  3.9678275E-11  3.5525343E-11  1.1039881E-11  9.8849392E-12  4.7990363E-02
  ag108    108   0.0000000E+00  0.0000000E+00  0.0000000E+00  0.0000000E+00  0.0000000E+00  0.0000000E+00
  ag109    109   6.1466145E-12  3.9767651E-11  3.3621037E-11  1.1064748E-11  9.3550653E-12  7.2894700E-02
  cd108    108   2.1344059E-13  2.2055029E-12  1.9920623E-12  6.1364786E-13  5.5429207E-13  4.4180587E-02
  cd109    109  -1.0728010E-26 -1.0728010E-26  0.0000000E+00 -2.9849068E-27  0.0000000E+00  0.0000000E+00
  cd110    110   2.1850535E-11  5.0324592E-11  2.8474056E-11  1.4002057E-11  7.9229167E-12  2.4730678E-01
  cd111    111   6.4510099E-12  3.5896935E-11  2.9445925E-11  9.9877797E-12  8.1933392E-12  8.6007990E-02
  cd112    112   2.4320580E-11  8.0329771E-11  5.6009190E-11  2.2350545E-11  1.5584579E-11  1.5659307E-01
  cd113    113   6.6389012E-12  3.5257082E-11  2.8618181E-11  9.8097502E-12  7.9630191E-12  9.0580195E-02
  cd114    114   3.1241378E-11  9.9118248E-11  6.7876871E-11  2.7578155E-11  1.8886764E-11  1.6440767E-01
  in115    115   5.5177859E-12  3.1112630E-11  2.5594844E-11  8.6566197E-12  7.1217750E-12  8.4760115E-02
  sn116    116   3.8210470E-11  1.1828630E-10  8.0075828E-11  3.2911375E-11  2.2281128E-11  1.6940886E-01
  sn117    117   1.0243351E-11  5.2905905E-11  4.2662554E-11  1.4720268E-11  1.1870871E-11  9.3433127E-02
  sn118    118   4.6113544E-11  1.7620462E-10  1.3009108E-10  4.9026276E-11  3.6197888E-11  1.3174567E-01
  sn119    119   1.2468689E-11  6.1002176E-11  4.8533486E-11  1.6972933E-11  1.3504461E-11  9.9279709E-02
  sn120    120   6.2045244E-11  2.4766514E-10  1.8561989E-10  6.8909087E-11  5.1648803E-11  1.2521622E-01
  sb121    121   4.0369340E-12  3.2662151E-11  2.8625217E-11  9.0877505E-12  7.9649768E-12  5.7271864E-02
  te122    122   7.6131063E-12  2.6641023E-11  1.9027916E-11  7.4124621E-12  5.2945248E-12  1.4613549E-01
  te123    123   2.7495966E-12  9.4453195E-12  6.6957230E-12  2.6280176E-12  1.8630874E-12  1.4939502E-01
  te124    124   1.3819321E-11  4.9769359E-11  3.5950038E-11  1.3847572E-11  1.0003111E-11  1.4123856E-01
  te125    125   3.6480853E-12  5.7702031E-11  5.4053945E-11  1.6054718E-11  1.5040530E-11  2.8339559E-02
  te126    126   2.3752042E-11  1.6894487E-10  1.4519283E-10  4.7006361E-11  4.0399958E-11  6.5775722E-02
   i127    127  -7.9339313E-13  1.8130149E-10  1.8209488E-10  5.0444402E-11  5.0667966E-11 -1.9205267E-03
   i128    128   0.0000000E+00  0.0000000E+00  0.0000000E+00  0.0000000E+00  0.0000000E+00  0.0000000E+00
   i129    129   1.0428391E-14  1.0428391E-14  0.0000000E+00  2.9015423E-15  0.0000000E+00  0.0000000E+00
  xe128    128   8.9723159E-12  2.8640179E-11  1.9667863E-11  7.9686969E-12  5.4725903E-12  1.6319440E-01
  xe129    129  -2.4839575E-12  2.4442023E-10  2.4690419E-10  6.8006240E-11  6.8701177E-11 -4.4154259E-03
  xe130    130   1.6938229E-11  5.6887640E-11  3.9949412E-11  1.5828127E-11  1.1115939E-11  1.5348339E-01
  xe131    131   2.0036472E-12  2.0156847E-10  1.9956482E-10  5.6083384E-11  5.5528984E-11  4.3145008E-03
  xe132    132   2.7786051E-11  2.7356634E-10  2.4578029E-10  7.6115704E-11  6.8388455E-11  4.6491507E-02
  xe133    133  -4.0032415E-33 -4.0032415E-33  0.0000000E+00 -1.1138415E-33  0.0000000E+00  0.0000000E+00
  xe134    134   2.5873928E-11  1.1799961E-10  9.2125682E-11  3.2831609E-11  2.5634004E-11  1.0747570E-01
  cs133    133   2.9719699E-12  6.7589684E-11  6.4617714E-11  1.8805809E-11  1.7979902E-11  1.9504711E-02
  cs134    134  -7.4677742E-18 -7.4677742E-18  0.0000000E+00 -2.0777954E-18  0.0000000E+00  0.0000000E+00
  cs135    135   0.0000000E+00  0.0000000E+00  0.0000000E+00  0.0000000E+00  0.0000000E+00  0.0000000E+00
  cs136    136  -3.4680906E-31 -3.4680906E-31  0.0000000E+00 -9.6494386E-32  0.0000000E+00  0.0000000E+00
  cs137    137   0.0000000E+00  0.0000000E+00  0.0000000E+00  0.0000000E+00  0.0000000E+00  0.0000000E+00
  ba134    134   3.7733896E-12  2.3582867E-11  1.9809477E-11  6.5615764E-12  5.5119941E-12  7.5699441E-02
  ba135    135   1.3990767E-11  6.8423760E-11  5.4432993E-11  1.9037877E-11  1.5146001E-11  9.9320531E-02
  ba136    136   3.1633779E-11  9.6965956E-11  6.5332177E-11  2.6979313E-11  1.8178702E-11  1.7146805E-01
  ba137    137   9.5537904E-11  1.8965715E-10  9.4119247E-11  5.2769237E-11  2.6188714E-11  3.0426666E-01
  ba138    138   1.5224727E-10  7.5743578E-10  6.0518851E-10  2.1074507E-10  1.6839392E-10  9.7431019E-02
  la139    139   1.4367341E-11  9.7374317E-11  8.3006976E-11  2.7092934E-11  2.3096722E-11  6.9305688E-02
  ce140    140   2.8028968E-11  2.1827584E-10  1.9024687E-10  6.0731954E-11  5.2936263E-11  5.9663955E-02
  ce141    141   3.5169527E-30  3.5169527E-30  0.0000000E+00  9.7853896E-31  0.0000000E+00  0.0000000E+00
  ce142    142   4.1045865E-12  2.8351762E-11  2.4247175E-11  7.8884494E-12  6.7467850E-12  6.7894764E-02
  pr141    141   2.4849567E-12  3.5272941E-11  3.2787984E-11  9.8141634E-12  9.1232690E-12  3.1702831E-02
  nd142    142   4.7803497E-12  4.8517957E-11  4.3737607E-11  1.3499389E-11  1.2170005E-11  4.5023352E-02
  nd143    143   8.5952946E-13  2.0441471E-11  1.9581942E-11  5.6875307E-12  5.4486827E-12  1.8632220E-02
  nd144    144   2.9935776E-12  4.1910087E-11  3.8916509E-11  1.1660849E-11  1.0828533E-11  3.2160524E-02
  nd145    145   3.8205203E-13  1.4854203E-11  1.4472151E-11  4.1329579E-12  4.0268813E-12  1.1292117E-02
  nd146    146   2.6260227E-12  3.1110774E-11  2.8484751E-11  8.6561027E-12  7.9258926E-12  3.8274173E-02
  nd147    147  -1.3467030E-32 -1.3467030E-32  0.0000000E+00 -3.7469977E-33  0.0000000E+00  0.0000000E+00
  nd148    148   1.9770210E-13  9.8327943E-12  9.6350922E-12  2.7358265E-12  2.6809679E-12  8.7969536E-03
  pm147    147  -2.4062833E-18 -2.4062833E-18  0.0000000E+00 -6.6951197E-19  0.0000000E+00  0.0000000E+00
  pm148    148  -2.1701392E-35 -2.1701392E-35  0.0000000E+00 -6.0380849E-36  0.0000000E+00  0.0000000E+00
  sm147    147   1.7557917E-13  7.9310178E-12  7.7554387E-12  2.2066860E-12  2.1579537E-12  9.6983695E-03
  sm148    148   6.9810043E-13  6.5533169E-12  5.8552165E-12  1.8233616E-12  1.6292162E-12  4.8894100E-02
  sm149    149  -7.6327399E-14  7.1713690E-12  7.2476964E-12  1.9953251E-12  2.0166742E-12 -4.6220641E-03
  sm150    150   6.5874389E-13  4.5549953E-12  3.8962514E-12  1.2673586E-12  1.0841334E-12  6.7816779E-02
  sm151    151   1.4782408E-16  1.4782408E-16  0.0000000E+00  4.1129819E-17  0.0000000E+00  0.0000000E+00
  sm152    152   3.5977818E-13  1.4671127E-11  1.4311349E-11  4.0820194E-12  3.9821380E-12  1.0758756E-02
  eu151    151  -2.3302540E-13  9.2076529E-12  9.4406783E-12  2.5618904E-12  2.6268722E-12 -1.0878412E-02
  eu152    152   2.2602663E-20  2.2602663E-20  0.0000000E+00  6.2888498E-21  0.0000000E+00  0.0000000E+00
  eu153    153  -1.7827753E-13  1.0263553E-11  1.0441831E-11  2.8556786E-12  2.9054432E-12 -7.5030592E-03
  eu154    154  -8.9930497E-19 -8.9930497E-19  0.0000000E+00 -2.5021803E-19  0.0000000E+00  0.0000000E+00
  eu155    155  -3.7125694E-18 -3.7125694E-18  0.0000000E+00 -1.0329664E-18  0.0000000E+00  0.0000000E+00
  gd152    152   3.3005743E-14  1.7084665E-13  1.3784091E-13  4.7535503E-14  3.8354285E-14  9.3204156E-02
  gd153    153  -1.2113984E-28 -1.2113984E-28  0.0000000E+00 -3.3705330E-29  0.0000000E+00  0.0000000E+00
  gd154    154   1.9067105E-13  1.7128776E-12  1.5222065E-12  4.7658232E-13  4.2355453E-13  5.1228587E-02
  gd155    155  -1.1211605E-13  1.0289589E-11  1.0401705E-11  2.8629226E-12  2.8942781E-12 -4.7306535E-03
  gd156    156   2.6597387E-13  1.4744775E-11  1.4478801E-11  4.1025109E-12  4.0287318E-12  7.8813601E-03
  gd157    157  -3.5419584E-14  1.1104923E-11  1.1140343E-11  3.0897773E-12  3.0998045E-12 -1.4071086E-03
  gd158    158   6.3130404E-13  1.8426830E-11  1.7795525E-11  5.1269869E-12  4.9516112E-12  1.5115676E-02
  gd159    159   0.0000000E+00  0.0000000E+00  0.0000000E+00  0.0000000E+00  0.0000000E+00  0.0000000E+00
  gd160    160  -2.5078203E-13  1.5608062E-11  1.5858844E-11  4.3427076E-12  4.4127289E-12 -6.9466764E-03
  tb159    159  -1.6469291E-13  1.3259708E-11  1.3424400E-11  3.6893136E-12  3.7353445E-12 -5.3851213E-03
  tb160    160   4.8613120E-28  4.8613120E-28  0.0000000E+00  1.3525866E-28  0.0000000E+00  0.0000000E+00
  tb161    161   2.2564973E-34  2.2564973E-34  0.0000000E+00  6.2783630E-35  0.0000000E+00  0.0000000E+00
  dy160    160   2.9029773E-13  2.3216260E-12  2.0313282E-12  6.4595735E-13  5.6521785E-13  5.7987981E-02
  dy161    161  -3.2535780E-13  1.6253002E-11  1.6578360E-11  4.5221526E-12  4.6129350E-12 -8.6321216E-03
  dy162    162   3.6401090E-13  2.2861622E-11  2.2497611E-11  6.3609014E-12  6.2599687E-12  6.9464589E-03
  dy163    163  -2.3852968E-13  2.1882933E-11  2.2121463E-11  6.0885958E-12  6.1553046E-12 -4.7324332E-03
  dy164    164   1.0350158E-12  2.6299313E-11  2.5264298E-11  7.3173871E-12  7.0297999E-12  1.7413085E-02
  ho165    165  -2.5311003E-13  1.9425113E-11  1.9678223E-11  5.4047444E-12  5.4754729E-12 -5.6465035E-03
  er166    166   3.0646839E-13  1.9000048E-11  1.8693580E-11  5.2864766E-12  5.2014955E-12  7.0380582E-03
  er167    167  -7.3429110E-14  1.2763382E-11  1.2836811E-11  3.5512183E-12  3.5718475E-12 -2.5155179E-03
  er168    168   7.0726064E-13  1.5941101E-11  1.5233840E-11  4.4353705E-12  4.2388220E-12  1.9684698E-02
  er169    169  -6.4227344E-33 -6.4227344E-33  0.0000000E+00 -1.7870288E-33  0.0000000E+00  0.0000000E+00
  er170    170   8.2296149E-14  8.6020245E-12  8.5197283E-12  2.3933835E-12  2.3706176E-12  4.1507450E-03
  tm169    169   3.8320042E-15  9.0068196E-12  9.0029876E-12  2.5060115E-12  2.5050845E-12  1.6067036E-04
  tm170    170  -2.2998423E-24 -2.2998423E-24  0.0000000E+00 -6.3989641E-25  0.0000000E+00  0.0000000E+00
  tm171    171  -9.0534535E-19 -9.0534535E-19  0.0000000E+00 -2.5189868E-19  0.0000000E+00  0.0000000E+00
  yb170    170   3.0442521E-13  2.0072097E-12  1.7027845E-12  5.5847579E-13  4.7380042E-13  7.1408898E-02
  yb171    171   2.0238845E-13  8.3007741E-12  8.0983857E-12  2.3095651E-12  2.2533789E-12  1.0695973E-02
  yb172    172   7.6996309E-13  1.3309773E-11  1.2539810E-11  3.7032434E-12  3.4892070E-12  2.5855547E-02
  yb173    173   2.4143274E-13  9.6036477E-12  9.3622150E-12  2.6720700E-12  2.6050397E-12  1.1033468E-02
  yb174    174   1.6846143E-12  2.0417204E-11  1.8732590E-11  5.6807788E-12  5.2123501E-12  3.7374310E-02
  lu175    175   4.2479908E-14  8.4976306E-12  8.4551506E-12  2.3643375E-12  2.3526489E-12  2.1523568E-03
  lu176    176   2.4026554E-13  4.8705647E-13  2.4679092E-13  1.3551611E-13  6.8669666E-14  2.9522601E-01
  lu177    177  -3.2848830E-33 -3.2848830E-33  0.0000000E+00 -9.1396908E-34  0.0000000E+00  0.0000000E+00
  hf176    176  -4.4489802E-14  1.8544764E-12  1.8989662E-12  5.1598005E-13  5.2838804E-13 -1.0320077E-02
  hf177    177   5.2101119E-14  6.8777475E-12  6.8256464E-12  1.9136294E-12  1.8992386E-12  3.2783234E-03
  hf178    178   8.4271392E-13  1.0912524E-11  1.0069810E-11  3.0362451E-12  2.8019284E-12  3.4879811E-02
  hf179    179   2.3756171E-13  5.2936106E-12  5.0560489E-12  1.4728672E-12  1.4068475E-12  1.9916540E-02
  hf180    180   1.6078874E-12  1.4701828E-11  1.3093941E-11  4.0905617E-12  3.6433937E-12  5.0276812E-02
  hf181    181   1.3752282E-29  1.3752282E-29  0.0000000E+00  3.8263646E-30  0.0000000E+00  0.0000000E+00
  hf182    182   5.6307021E-13  5.6307021E-13  0.0000000E+00  1.5666578E-13  0.0000000E+00  0.0000000E+00
  ta181    181   3.2452079E-13  5.8723295E-12  5.5478087E-12  1.6338870E-12  1.5436799E-12  2.4664814E-02
  ta182    182   5.1660903E-21  5.1660903E-21  0.0000000E+00  1.4373866E-21  0.0000000E+00  0.0000000E+00
  ta183    183  -1.3728008E-34 -1.3728008E-34  0.0000000E+00 -3.8196111E-35  0.0000000E+00  0.0000000E+00
   w182    182   5.8687517E-13  9.2925667E-12  8.7056915E-12  2.5855164E-12  2.4223620E-12  2.8308272E-02
   w183    183   4.5689928E-13  5.1839479E-12  4.7270486E-12  1.4423552E-12  1.3153030E-12  4.0046375E-02
   w184    184   1.1498484E-12  1.1326275E-11  1.0176427E-11  3.1513650E-12  2.8315943E-12  4.6467688E-02
   w185    185  -1.0248547E-27 -1.0248547E-27  0.0000000E+00 -2.8515035E-28  0.0000000E+00  0.0000000E+00
   w186    186   4.4647099E-13  9.9913680E-12  9.5448970E-12  2.7799473E-12  2.6558710E-12  1.9829594E-02
  re185    185   1.6522027E-13  5.0166815E-12  4.8514612E-12  1.3958159E-12  1.3499208E-12  1.4519805E-02
  re186    186  -5.6455280E-35 -5.6455280E-35  0.0000000E+00 -1.5707829E-35  0.0000000E+00  0.0000000E+00
  re187    187  -1.0672713E-13  8.7406636E-12  8.8473907E-12  2.4319576E-12  2.4617899E-12 -5.2949726E-03
  os186    186   4.6333315E-13  3.1522981E-12  2.6889649E-12  8.7707933E-13  7.4820553E-13  6.9017999E-02
  os187    187   1.0457195E-13  2.2547803E-12  2.1502084E-12  6.2735857E-13  5.9829626E-13  2.0599518E-02
  os188    188   7.4396739E-13  2.3427421E-11  2.2683454E-11  6.5183262E-12  6.3116795E-12  1.3991147E-02
  os189    189  -5.4170557E-13  2.7261972E-11  2.7803678E-11  7.5852319E-12  7.7363836E-12 -8.5691484E-03
  os190    190   5.0737192E-13  4.5961464E-11  4.5454092E-11  1.2788083E-11  1.2647617E-11  4.7967453E-03
  os191    191   2.5978315E-31  2.5978315E-31  0.0000000E+00  7.2280736E-32  0.0000000E+00  0.0000000E+00
  os192    192  -1.1314005E-12  7.0204065E-11  7.1335465E-11  1.9533221E-11  1.9849119E-11 -6.9673778E-03
  ir191    191  -1.4629617E-12  5.8687478E-11  6.0150440E-11  1.6328905E-11  1.6736881E-11 -1.0717488E-02
  ir192    192   3.2742392E-27  3.2742392E-27  0.0000000E+00  9.1100762E-28  0.0000000E+00  0.0000000E+00
  ir193    193  -2.2561536E-12  9.9913827E-11  1.0216998E-10  2.7799514E-11  2.8428836E-11 -9.7218743E-03
  pt192    192   8.4101975E-13  3.3702678E-12  2.5292481E-12  9.3772613E-13  7.0376420E-13  1.2464884E-01
  pt193    193   4.0109617E-17  4.0109617E-17  0.0000000E+00  1.1159896E-17  0.0000000E+00  0.0000000E+00
  pt194    194  -2.8172603E-13  1.0745951E-10  1.0774124E-10  2.9898986E-11  2.9979040E-11 -1.1612425E-03
  pt195    195  -1.9809362E-12  1.0916151E-10  1.1114245E-10  3.0372541E-11  3.0925429E-11 -7.8346115E-03
  pt196    196   1.0131826E-12  8.4360678E-11  8.3347496E-11  2.3472085E-11  2.3191471E-11  5.2233655E-03
  au197    197  -5.0569618E-13  4.9724665E-11  5.0230362E-11  1.3835137E-11  1.3976616E-11 -4.4185640E-03
  hg198    198   1.8483401E-12  1.3648157E-11  1.1799817E-11  3.7973938E-12  3.2833033E-12  6.3174598E-02
  hg199    199   3.1991944E-13  2.0386281E-11  2.0066362E-11  5.6721750E-12  5.5834725E-12  6.8452088E-03
  hg200    200   1.8206738E-12  2.9434465E-11  2.7613791E-11  8.1896954E-12  7.6835474E-12  2.7706007E-02
  hg201    201   6.1139462E-13  1.6445345E-11  1.5833950E-11  4.5756688E-12  4.4058025E-12  1.6429562E-02
  hg202    202   2.6161538E-12  3.8668298E-11  3.6052144E-11  1.0758869E-11  1.0031522E-11  3.0399762E-02
  tl203    203   1.3941123E-12  1.5655482E-11  1.4261370E-11  4.3559015E-12  3.9682316E-12  4.0481027E-02
  tl204    204  -1.0106128E-17 -1.0106128E-17  0.0000000E+00 -2.8118774E-18  0.0000000E+00  0.0000000E+00
  tl205    205   3.0091866E-12  3.7388287E-11  3.4379100E-11  1.0402726E-11  9.5659973E-12  3.6416877E-02
  pb204    204   8.0035631E-13  1.8851278E-11  1.8050922E-11  5.2450834E-12  5.0226759E-12  1.8817279E-02
  pb205    205   0.0000000E+00  0.0000000E+00  0.0000000E+00  0.0000000E+00  0.0000000E+00  0.0000000E+00
  pb206    206   8.7340829E-12  1.7834323E-10  1.6960915E-10  4.9621311E-11  4.7193808E-11  2.1783216E-02
  pb207    207   9.4701746E-12  1.9807318E-10  1.8860301E-10  5.5110871E-11  5.2478858E-11  2.1252831E-02
  pb208    208   1.9109936E-11  5.6155841E-10  5.4244848E-10  1.5624514E-10  1.5093649E-10  1.5012261E-02
  bi209    209   8.1816498E-13  3.8544862E-11  3.7726697E-11  1.0724525E-11  1.0497467E-11  9.2935059E-03
  bi210    210   0.0000000E+00  0.0000000E+00  0.0000000E+00  0.0000000E+00  0.0000000E+00  0.0000000E+00
  po210    210   0.0000000E+00  0.0000000E+00  0.0000000E+00  0.0000000E+00  0.0000000E+00  0.0000000E+00
