# Initial mass = 1.300, Z =  0.0007, Y =  0.250, M_mix = 2.00E-03
# Final mass = 0.667, Mass expelled =   0.6327
  species    A      yield       mass(i)_lost    mass(i)_0        <X(i)>         
  X0(i)   log10(<X(i)>/X0(i)) 
      n      1   0.0000000E+00  0.0000000E+00  0.0000000E+00  0.0000000E+00  0.0000000E+00  0.0000000E+00
      p      1  -2.7471185E-02  4.4665024E-01  4.7412142E-01  7.0595300E-01  7.4949098E-01 -2.5990661E-02
      d      2   2.7579794E-18  2.7579794E-18  0.0000000E+00  4.3591244E-18  0.0000000E+00  0.0000000E+00
    he3      3   1.3451499E-04  1.3451499E-04  0.0000000E+00  2.1260767E-04  0.0000000E+00  0.0000000E+00
    he4      4   2.3819447E-02  1.8199912E-01  1.5817967E-01  2.8765869E-01  2.5005037E-01  6.0850013E-02
    li7      7  -4.0546178E-12  8.6426047E-11  9.0480665E-11  1.3660069E-10  1.4303181E-10 -1.9979749E-02
    be7      7   2.2375586E-17  2.2375586E-17  0.0000000E+00  3.5365733E-17  0.0000000E+00  0.0000000E+00
     b8      8   8.0643246E-28  8.0643246E-28  0.0000000E+00  1.2746068E-27  0.0000000E+00  0.0000000E+00
    c12     12   2.9769596E-03  3.0151855E-03  3.8225829E-05  4.7656512E-03  6.0427374E-05  1.8968886E+00
    c13     13   1.0940785E-06  1.3959568E-06  3.0187832E-07  2.2063796E-06  4.7720908E-07  6.6497159E-01
    c14     14   4.2339088E-09  4.2339088E-09  0.0000000E+00  6.6919044E-09  0.0000000E+00  0.0000000E+00
    n13     13   0.0000000E+00  0.0000000E+00  0.0000000E+00  0.0000000E+00  0.0000000E+00  0.0000000E+00
    n14     14   3.3443750E-05  6.1745261E-05  2.8301509E-05  9.7591466E-05  4.4739012E-05  3.3872542E-01
    n15     15   2.3816686E-08  4.1958312E-08  1.8141627E-08  6.6317206E-08  2.8678276E-08  3.6407322E-01
    o14     14   0.0000000E+00  0.0000000E+00  0.0000000E+00  0.0000000E+00  0.0000000E+00  0.0000000E+00
    o15     15   0.0000000E+00  0.0000000E+00  0.0000000E+00  0.0000000E+00  0.0000000E+00  0.0000000E+00
    o16     16   1.5533721E-04  3.0322128E-04  1.4788407E-04  4.7925639E-04  2.3377509E-04  3.1176966E-01
    o17     17   3.6809547E-07  3.9237764E-07  2.4282162E-08  6.2017244E-07  3.8385231E-08  1.2083484E+00
    o18     18  -1.8961195E-08  1.1638492E-07  1.3534611E-07  1.8395218E-07  2.1395509E-07 -6.5617681E-02
    o19     19   0.0000000E+00  0.0000000E+00  0.0000000E+00  0.0000000E+00  0.0000000E+00  0.0000000E+00
    f17     17   0.0000000E+00  0.0000000E+00  0.0000000E+00  0.0000000E+00  0.0000000E+00  0.0000000E+00
    f18     18   0.0000000E+00  0.0000000E+00  0.0000000E+00  0.0000000E+00  0.0000000E+00  0.0000000E+00
    f19     19   4.2535950E-07  4.2925717E-07  3.8976613E-09  6.7846241E-07  6.1614212E-09  2.0418451E+00
    f20     20   0.0000000E+00  0.0000000E+00  0.0000000E+00  0.0000000E+00  0.0000000E+00  0.0000000E+00
   ne19     19   0.0000000E+00  0.0000000E+00  0.0000000E+00  0.0000000E+00  0.0000000E+00  0.0000000E+00
   ne20     20   2.7284532E-06  2.7304512E-05  2.4576058E-05  4.3156146E-05  3.8849827E-05  4.5653548E-02
   ne21     21   2.6672026E-07  2.9777885E-07  3.1058580E-08  4.7065436E-07  4.9097391E-08  9.8164374E-01
   ne22     22   3.3703868E-04  3.3803674E-04  9.9806448E-07  5.3428393E-04  1.5777398E-06  2.5297368E+00
   ne23     23   0.0000000E+00  0.0000000E+00  0.0000000E+00  0.0000000E+00  0.0000000E+00  0.0000000E+00
   na21     21   0.0000000E+00  0.0000000E+00  0.0000000E+00  0.0000000E+00  0.0000000E+00  0.0000000E+00
   na22     22   1.1651120E-28  1.1651120E-28  0.0000000E+00  1.8415178E-28  0.0000000E+00  0.0000000E+00
   na23     23   3.9061574E-06  4.0752143E-06  1.6905673E-07  6.4410797E-06  2.6724481E-07  1.3820494E+00
   na24     24   0.0000000E+00  0.0000000E+00  0.0000000E+00  0.0000000E+00  0.0000000E+00  0.0000000E+00
   mg23     23   0.0000000E+00  0.0000000E+00  0.0000000E+00  0.0000000E+00  0.0000000E+00  0.0000000E+00
   mg24     24   3.4846707E-06  1.6484913E-05  1.3000243E-05  2.6055230E-05  2.0550780E-05  1.0306659E-01
   mg25     25   8.4623764E-07  1.6224727E-06  7.7623508E-07  2.5643992E-06  1.2270722E-06  3.2011551E-01
   mg26     26   9.3173639E-07  1.8205504E-06  8.8881404E-07  2.8774709E-06  1.4050370E-06  3.1132323E-01
   mg27     27   0.0000000E+00  0.0000000E+00  0.0000000E+00  0.0000000E+00  0.0000000E+00  0.0000000E+00
   al25     25   0.0000000E+00  0.0000000E+00  0.0000000E+00  0.0000000E+00  0.0000000E+00  0.0000000E+00
   al-6     26   0.0000000E+00  0.0000000E+00  0.0000000E+00  0.0000000E+00  0.0000000E+00  0.0000000E+00
   al*6     26   0.0000000E+00  0.0000000E+00  0.0000000E+00  0.0000000E+00  0.0000000E+00  0.0000000E+00
   al27     27   1.6138713E-07  5.8582430E-07  4.2443716E-07  9.2592455E-07  6.7095010E-07  1.3988538E-01
   al28     28   0.0000000E+00  0.0000000E+00  0.0000000E+00  0.0000000E+00  0.0000000E+00  0.0000000E+00
   si27     27   0.0000000E+00  0.0000000E+00  0.0000000E+00  0.0000000E+00  0.0000000E+00  0.0000000E+00
   si28     28   9.8189048E-08  9.2664595E-06  9.1682705E-06  1.4646102E-05  1.4493198E-05  4.5578158E-03
   si29     29   9.7574002E-09  3.5253211E-07  3.4277471E-07  5.5719460E-07  5.4185813E-07  1.2121316E-02
   si30     30   2.3324219E-08  2.5706316E-07  2.3373894E-07  4.0630118E-07  3.6949444E-07  4.1240130E-02
    p31     31   3.7904968E-08  1.0298123E-07  6.5076257E-08  1.6276697E-07  1.0287252E-07  1.9926691E-01
    p32     32   0.0000000E+00  0.0000000E+00  0.0000000E+00  0.0000000E+00  0.0000000E+00  0.0000000E+00
    p33     33   0.0000000E+00  0.0000000E+00  0.0000000E+00  0.0000000E+00  0.0000000E+00  0.0000000E+00
    s32     32  -2.3600023E-08  6.6745120E-06  6.6981120E-06  1.0549399E-05  1.0588373E-05 -1.6014854E-03
    s33     33   2.0302267E-09  2.7816675E-08  2.5786449E-08  4.3965645E-08  4.0763211E-08  3.2845076E-02
    s34     34   1.0750242E-08  1.6071343E-07  1.4996318E-07  2.5401559E-07  2.3706176E-07  2.9998869E-02
    s35     35   0.0000000E+00  0.0000000E+00  0.0000000E+00  0.0000000E+00  0.0000000E+00  0.0000000E+00
    s36     36   2.3150677E-09  3.0553258E-09  7.4025808E-10  4.8290949E-09  1.1701997E-09  6.1560577E-01
   cl35     35  -1.5084112E-10  3.1888767E-08  3.2039608E-08  5.0401791E-08  5.0648200E-08 -2.1180469E-03
   cl36     36   0.0000000E+00  0.0000000E+00  0.0000000E+00  0.0000000E+00  0.0000000E+00  0.0000000E+00
   cl37     37   5.1388174E-09  1.5963641E-08  1.0824824E-08  2.5231332E-08  1.7111876E-08  1.6864257E-01
   ar36     36  -1.3662202E-08  1.4348283E-06  1.4484905E-06  2.2678178E-06  2.2897732E-06 -4.1842903E-03
   ar37     37   0.0000000E+00  0.0000000E+00  0.0000000E+00  0.0000000E+00  0.0000000E+00  0.0000000E+00
   ar38     38   3.9077861E-09  1.1841164E-07  1.1450386E-07  1.8715552E-07  1.8100766E-07  1.4505685E-02
   ar39     39   2.4148234E-13  2.4148234E-13  0.0000000E+00  3.8167492E-13  0.0000000E+00  0.0000000E+00
   ar40     40   1.1980684E-09  1.3908427E-09  1.9277420E-10  2.1982962E-09  3.0473737E-10  8.5816050E-01
    k39     39   4.8129323E-10  4.9579189E-08  4.9097896E-08  7.8362383E-08  7.7613940E-08  4.1678720E-03
    k40     40  -5.0283328E-12  0.0000000E+00  5.0283328E-12  0.0000000E+00  7.9487875E-12  0.0000000E+00
    k41     41   4.9556936E-10  2.8520921E-09  2.3565228E-09  4.5078741E-09  3.7251904E-09  8.2823291E-02
   ca40     40  -9.3243671E-09  1.1530558E-06  1.1623802E-06  1.8224623E-06  1.8374901E-06 -3.5664435E-03
   ca41     41   0.0000000E+00  0.0000000E+00  0.0000000E+00  0.0000000E+00  0.0000000E+00  0.0000000E+00
   ca42     42   4.7921445E-10  4.2479655E-09  3.7687511E-09  6.7141217E-09  5.9576402E-09  5.1914949E-02
   ca43     43   1.0782719E-10  9.1293390E-10  8.0510670E-10  1.4429377E-09  1.2727124E-09  5.4517288E-02
   ca44     44   4.4142734E-10  1.3171094E-08  1.2729666E-08  2.0817572E-08  2.0123053E-08  1.4736151E-02
   ca45     45   0.0000000E+00  0.0000000E+00  0.0000000E+00  0.0000000E+00  0.0000000E+00  0.0000000E+00
   ca46     46   3.9726375E-10  4.2278336E-10  2.5519607E-11  6.6823025E-10  4.0341386E-11  1.2191753E+00
   ca47     47   0.0000000E+00  0.0000000E+00  0.0000000E+00  0.0000000E+00  0.0000000E+00  0.0000000E+00
   ca48     48   8.4798280E-11  1.3297153E-09  1.2449171E-09  2.1016815E-09  1.9679645E-09  2.8549615E-02
   sc45     45   8.3154650E-11  7.0874889E-10  6.2559424E-10  1.1202130E-09  9.8893915E-10  5.4131068E-02
   sc46     46   0.0000000E+00  0.0000000E+00  0.0000000E+00  0.0000000E+00  0.0000000E+00  0.0000000E+00
   sc47     47   0.0000000E+00  0.0000000E+00  0.0000000E+00  0.0000000E+00  0.0000000E+00  0.0000000E+00
   sc48     48   1.5429257E-32  2.4194330E-31  2.2651405E-31  3.8240348E-31  3.5807331E-31  0.0000000E+00
   ti46     46   6.7222672E-11  2.2613951E-09  2.1941724E-09  3.5742478E-09  3.4685468E-09  1.3037117E-02
   ti47     47   3.5093928E-11  2.0568465E-09  2.0217525E-09  3.2509486E-09  3.1959857E-09  7.4052797E-03
   ti48     48  -7.3717032E-10  5.8357745E-08  5.9094916E-08  9.2237329E-08  9.3417221E-08 -5.5201976E-03
   ti49     49   4.9379700E-10  2.0264721E-09  1.5326751E-09  3.2029404E-09  2.4228521E-09  1.2122195E-01
   ti50     50   1.9967730E-09  3.4942600E-09  1.4974870E-09  5.5228524E-09  2.3672269E-09  3.6792353E-01
    v51     51   1.8718360E-12  5.8292682E-09  5.8273963E-09  9.2134496E-09  9.2119459E-09  7.0869995E-05
   cr52     52  -1.3173747E-09  2.0912968E-07  2.1044706E-07  3.3053990E-07  3.3267460E-07 -2.7957594E-03
   cr53     53  -5.7376326E-12  1.5629196E-08  1.5634933E-08  2.4702725E-08  2.4715698E-08 -2.2801168E-04
   cr54     54   9.5530384E-10  4.9207038E-09  3.9654000E-09  7.7774178E-09  6.2685030E-09  9.3671583E-02
   mn55     55   1.9791919E-09  3.7192834E-08  3.5213642E-08  5.8785133E-08  5.5665712E-08  2.3679752E-02
   fe54     54  -1.1425243E-08  7.6703139E-07  7.7845664E-07  1.2123314E-06  1.2305838E-06 -6.4898697E-03
   fe55     55   1.5697058E-31  1.5697058E-31  0.0000000E+00  2.4809984E-31  0.0000000E+00  0.0000000E+00
   fe56     56  -1.1368957E-07  1.2559008E-05  1.2672697E-05  1.9850138E-05  2.0032996E-05 -3.9823805E-03
   fe57     57   1.7337356E-08  3.1523035E-07  2.9789300E-07  4.9823734E-07  4.7090913E-07  2.4499161E-02
   fe58     58   2.7075927E-08  6.7414021E-08  4.0338094E-08  1.0655123E-07  6.3766443E-08  2.2296627E-01
   fe59     59   0.0000000E+00  0.0000000E+00  0.0000000E+00  0.0000000E+00  0.0000000E+00  0.0000000E+00
   fe60     60   0.0000000E+00  0.0000000E+00  0.0000000E+00  0.0000000E+00  0.0000000E+00  0.0000000E+00
   co59     59   6.6102892E-09  3.7720699E-08  3.1110410E-08  5.9619452E-08  4.9179327E-08  8.3605438E-02
   co60     60   2.8457736E-15  2.8457736E-15  0.0000000E+00  4.4978873E-15  0.0000000E+00  0.0000000E+00
   ni58     58  -6.6147834E-09  4.3852808E-07  4.4514286E-07  6.9311551E-07  7.0368168E-07 -6.5706223E-03
   ni59     59   0.0000000E+00  0.0000000E+00  0.0000000E+00  0.0000000E+00  0.0000000E+00  0.0000000E+00
   ni60     60   4.2648480E-09  1.8163993E-07  1.7737509E-07  2.8709098E-07  2.8039449E-07  1.0250073E-02
   ni61     61   2.5242564E-09  1.0363458E-08  7.8392013E-09  1.6379962E-08  1.2392206E-08  1.2116426E-01
   ni62     62   4.9710760E-09  3.0374313E-08  2.5403237E-08  4.8008118E-08  4.0157428E-08  7.7548809E-02
   ni63     63   0.0000000E+00  0.0000000E+00  0.0000000E+00  0.0000000E+00  0.0000000E+00  0.0000000E+00
   ni64     64   9.4584127E-09  1.6136683E-08  6.6782699E-09  2.5504834E-08  1.0557007E-08  3.8308170E-01
   cu63     63   2.7038005E-09  2.9232727E-09  2.1947222E-10  4.6203787E-09  3.4694159E-10  1.1244212E+00
   cu64     64   0.0000000E+00  0.0000000E+00  0.0000000E+00  0.0000000E+00  0.0000000E+00  0.0000000E+00
   cu65     65   2.2532596E-09  4.7880224E-09  2.5347628E-09  7.5677082E-09  4.0069521E-09  2.7615023E-01
   zn64     64  -7.3679729E-11  2.4510630E-08  2.4584310E-08  3.8740275E-08  3.8862868E-08 -1.3721543E-03
   zn65     65   0.0000000E+00  0.0000000E+00  0.0000000E+00  0.0000000E+00  0.0000000E+00  0.0000000E+00
   zn66     66   2.3410576E-09  7.9284703E-09  5.5874128E-09  1.2531343E-08  8.8325800E-09  1.5191002E-01
   zn67     67   5.1950766E-10  1.3530221E-09  8.3351448E-10  2.1385191E-09  1.3176195E-09  2.1032313E-01
   zn68     68   3.2667686E-09  7.1354362E-09  3.8686676E-09  1.1277914E-08  6.1155880E-09  2.6579058E-01
   zn69     69   0.0000000E+00  0.0000000E+00  0.0000000E+00  0.0000000E+00  0.0000000E+00  0.0000000E+00
   zn70     70   1.1950760E-11  1.4363914E-10  1.3168838E-10  2.2702884E-10  2.0817294E-10  3.7656814E-02
   ga69     69   4.9772975E-10  8.5240842E-10  3.5467865E-10  1.3472741E-09  5.6067584E-10  3.8074410E-01
   ga70     70   0.0000000E+00  0.0000000E+00  0.0000000E+00  0.0000000E+00  0.0000000E+00  0.0000000E+00
   ga71     71   5.1020954E-10  7.5242101E-10  2.4221150E-10  1.1892390E-09  3.8288783E-10  4.9219760E-01
   ge70     70   8.1140361E-10  1.2059063E-09  3.9450263E-10  1.9059951E-09  6.2362959E-10  4.8519507E-01
   ge71     71   0.0000000E+00  0.0000000E+00  0.0000000E+00  0.0000000E+00  0.0000000E+00  0.0000000E+00
   ge72     72   9.0900437E-10  1.4452410E-09  5.3623667E-10  2.2842757E-09  8.4768276E-10  4.3051520E-01
   ge73     73   2.6432015E-10  4.1692222E-10  1.5260207E-10  6.5896638E-10  2.4123328E-10  4.3642604E-01
   ge74     74   1.2155672E-09  1.9415765E-09  7.2600925E-10  3.0687586E-09  1.1476752E-09  4.2714372E-01
   as75     75   1.1109241E-10  2.1753625E-10  1.0644385E-10  3.4382691E-10  1.6826639E-10  3.1034252E-01
   se76     76   4.0309278E-10  5.1390842E-10  1.1081562E-10  8.1225793E-10  1.7517729E-10  6.6621619E-01
   se77     77   1.6009291E-10  2.5151964E-10  9.1426720E-11  3.9753936E-10  1.4452732E-10  4.3943018E-01
   se78     78   1.0777625E-09  1.3662845E-09  2.8852198E-10  2.1594810E-09  4.5609547E-10  6.7529368E-01
   se79     79   0.0000000E+00  0.0000000E+00  0.0000000E+00  0.0000000E+00  0.0000000E+00  0.0000000E+00
   se80     80   1.4140958E-09  2.0317306E-09  6.1763472E-10  3.2112517E-09  9.7635666E-10  5.1706588E-01
   br79     79   2.4016991E-10  3.3893482E-10  9.8764920E-11  5.3570343E-10  1.5612754E-10  5.3544497E-01
   br80     80   0.0000000E+00  0.0000000E+00  0.0000000E+00  0.0000000E+00  0.0000000E+00  0.0000000E+00
   br81     81   1.8992072E-10  2.8843389E-10  9.8513163E-11  4.5588416E-10  1.5572957E-10  4.6648347E-01
   kr80     80   1.2440396E-13  2.3661540E-11  2.3537136E-11  3.7398244E-11  3.7207494E-11  2.2207645E-03
   kr81     81   0.0000000E+00  0.0000000E+00  0.0000000E+00  0.0000000E+00  0.0000000E+00  0.0000000E+00
   kr82     82   7.3072670E-10  8.5161395E-10  1.2088723E-10  1.3460184E-09  1.9109848E-10  8.4779376E-01
   kr83     83   2.4606289E-10  3.6728479E-10  1.2122189E-10  5.8051197E-10  1.9162751E-10  4.8135340E-01
   kr84     84   1.8307893E-09  2.4354052E-09  6.0461591E-10  3.8492796E-09  9.5577657E-10  6.0502309E-01
   kr-5     85   4.2554933E-20  4.2554933E-20  0.0000000E+00  6.7260201E-20  0.0000000E+00  0.0000000E+00
   kr*5     85   0.0000000E+00  0.0000000E+00  0.0000000E+00  0.0000000E+00  0.0000000E+00  0.0000000E+00
   kr86     86   7.0732828E-09  7.2604771E-09  1.8719440E-10  1.1475547E-08  2.9591682E-10  1.5886039E+00
   rb85     85   5.0299220E-10  6.0112115E-10  9.8128977E-11  9.5010200E-10  1.5512225E-10  7.8709614E-01
   rb86     86   0.0000000E+00  0.0000000E+00  0.0000000E+00  0.0000000E+00  0.0000000E+00  0.0000000E+00
   rb87     87   8.8220525E-10  9.2353858E-10  4.1333333E-11  1.4596988E-09  6.5339720E-11  1.3490860E+00
   sr86     86   5.3764815E-10  5.8343846E-10  4.5790309E-11  9.2215363E-10  7.2385306E-11  1.1051528E+00
   sr87     87   3.6036679E-10  3.9273912E-10  3.2372313E-11  6.2074379E-10  5.1174141E-11  1.0838618E+00
   sr88     88   6.2481709E-09  6.6407484E-09  3.9257766E-10  1.0496034E-08  6.2058664E-10  1.2282228E+00
   sr89     89   0.0000000E+00  0.0000000E+00  0.0000000E+00  0.0000000E+00  0.0000000E+00  0.0000000E+00
   sr90     90   1.9535017E-17  1.9535017E-17  0.0000000E+00  3.0876068E-17  0.0000000E+00  0.0000000E+00
    y89     89   1.8184102E-09  1.9120514E-09  9.3641157E-11  3.0220928E-09  1.4802791E-10  1.3099642E+00
    y90     90   4.9402550E-21  4.9402550E-21  0.0000000E+00  7.8083200E-21  0.0000000E+00  0.0000000E+00
    y91     91   0.0000000E+00  0.0000000E+00  0.0000000E+00  0.0000000E+00  0.0000000E+00  0.0000000E+00
   zr90     90   1.8788022E-09  1.9904081E-09  1.1160588E-10  3.1459393E-09  1.7642653E-10  1.2511865E+00
   zr91     91   4.9865567E-10  5.2326427E-10  2.4608583E-11  8.2704532E-10  3.8901236E-11  1.3275659E+00
   zr92     92   8.2758195E-10  8.6561003E-10  3.8028088E-11  1.3681399E-09  6.0114788E-11  1.3571492E+00
   zr93     93   0.0000000E+00  0.0000000E+00  0.0000000E+00  0.0000000E+00  0.0000000E+00  0.0000000E+00
   zr94     94   1.0733595E-09  1.1127359E-09  3.9376388E-11  1.7587347E-09  6.2246180E-11  1.4510877E+00
   zr95     95   0.0000000E+00  0.0000000E+00  0.0000000E+00  0.0000000E+00  0.0000000E+00  0.0000000E+00
   zr96     96   2.7693736E-10  2.8341599E-10  6.4786345E-12  4.4795312E-10  1.0241423E-11  1.6408724E+00
   nb93     93   2.9816841E-10  3.1517222E-10  1.7003815E-11  4.9814541E-10  2.6879624E-11  1.2679330E+00
   nb94     94   2.6517546E-15  2.6517546E-15  0.0000000E+00  4.1912304E-15  0.0000000E+00  0.0000000E+00
   nb95     95   0.0000000E+00  0.0000000E+00  0.0000000E+00  0.0000000E+00  0.0000000E+00  0.0000000E+00
   mo94     94   8.2503015E-14  5.4115727E-12  5.3290697E-12  8.5532605E-12  8.4241910E-12  6.6034780E-03
   mo95     95   1.3349136E-10  1.4281296E-10  9.3215921E-12  2.2572301E-10  1.4735569E-11  1.1852089E+00
   mo96     96   2.7710406E-10  2.8701944E-10  9.9153602E-12  4.5364856E-10  1.5674198E-11  1.4615344E+00
   mo97     97   9.6125982E-11  1.0189431E-10  5.7683311E-12  1.6104905E-10  9.1185757E-12  1.2470312E+00
   mo98     98   3.3080969E-10  3.4561867E-10  1.4808996E-11  5.4626759E-10  2.3410055E-11  1.3680030E+00
   tc99     99   0.0000000E+00  0.0000000E+00  0.0000000E+00  0.0000000E+00  0.0000000E+00  0.0000000E+00
   ru99     99   4.1946054E-11  4.7116665E-11  5.1706113E-12  7.4470242E-11  8.1737004E-12  9.5956409E-01
  ru100    100   1.5938846E-10  1.6454575E-10  5.1572900E-12  2.6007277E-10  8.1526418E-12  1.5037966E+00
  ru101    101   3.4292139E-11  4.1344650E-11  7.0525105E-12  6.5347283E-11  1.1148606E-11  7.6800698E-01
  ru102    102   2.2054462E-10  2.3371668E-10  1.3172064E-11  3.6940090E-10  2.0822394E-11  1.2489673E+00
  rh103    103   3.7142012E-11  4.5554158E-11  8.4121468E-12  7.2000621E-11  1.3297919E-11  7.3355258E-01
  pd104    104   1.2177259E-10  1.2545366E-10  3.6810711E-12  1.9828578E-10  5.8190358E-12  1.5324407E+00
  pd105    105   3.0868075E-11  3.8317485E-11  7.4494083E-12  6.0562701E-11  1.1776022E-11  7.1120667E-01
  pd106    106   1.4209875E-10  1.5130319E-10  9.2044376E-12  2.3914226E-10  1.4550371E-11  1.2157823E+00
  pd107    107   0.0000000E+00  0.0000000E+00  0.0000000E+00  0.0000000E+00  0.0000000E+00  0.0000000E+00
  pd108    108   1.8239898E-10  1.9147847E-10  9.0794880E-12  3.0264130E-10  1.4352851E-11  1.3239901E+00
  ag107    107   2.8117644E-11  3.4370770E-11  6.2531256E-12  5.4324718E-11  9.8849392E-12  7.4002349E-01
  ag108    108   0.0000000E+00  0.0000000E+00  0.0000000E+00  0.0000000E+00  0.0000000E+00  0.0000000E+00
  ag109    109   4.6041729E-11  5.1959662E-11  5.9179328E-12  8.2124842E-11  9.3550653E-12  9.4342774E-01
  cd108    108   5.9761224E-15  3.5661646E-13  3.5064033E-13  5.6365015E-13  5.5429207E-13  7.2709429E-03
  cd109    109   0.0000000E+00  0.0000000E+00  0.0000000E+00  0.0000000E+00  0.0000000E+00  0.0000000E+00
  cd110    110   1.5923057E-10  1.6424254E-10  5.0119678E-12  2.5959354E-10  7.9229167E-12  1.5154089E+00
  cd111    111   5.3055539E-11  5.8238574E-11  5.1830346E-12  9.2048973E-11  8.1933392E-12  1.0505580E+00
  cd112    112   2.0402548E-10  2.1388415E-10  9.8586677E-12  3.3805458E-10  1.5584579E-11  1.3362918E+00
  cd113    113   6.0195154E-11  6.5232493E-11  5.0373364E-12  1.0310321E-10  7.9630191E-12  1.1121945E+00
  cd114    114   3.0006411E-10  3.1201172E-10  1.1947602E-11  4.9315013E-10  1.8886764E-11  1.4168217E+00
  in115    115   5.7777991E-11  6.2283165E-11  4.5051723E-12  9.8441651E-11  7.1217750E-12  1.1405907E+00
  sn116    116   4.2986814E-10  4.4396298E-10  1.4094847E-11  7.0170564E-10  2.2281128E-11  1.4982179E+00
  sn117    117   1.2441694E-10  1.3192634E-10  7.5094098E-12  2.0851618E-10  1.1870871E-11  1.2446572E+00
  sn118    118   6.1391625E-10  6.3681471E-10  2.2898468E-11  1.0065174E-09  3.6197888E-11  1.4441382E+00
  sn119    119   1.7802858E-10  1.8657138E-10  8.5428036E-12  2.9488539E-10  1.3504461E-11  1.3391761E+00
  sn120    120   1.0053917E-09  1.0380642E-09  3.2672580E-11  1.6407123E-09  5.1648803E-11  1.5019723E+00
  sb121    121   7.1844385E-11  7.6882958E-11  5.0385750E-12  1.2151735E-10  7.9649768E-12  1.1834538E+00
  te122    122   1.2470376E-10  1.2805303E-10  3.3492699E-12  2.0239420E-10  5.2945248E-12  1.5823711E+00
  te123    123   4.5899805E-11  4.7078376E-11  1.1785728E-12  7.4409728E-11  1.8630874E-12  1.6013966E+00
  te124    124   2.4143840E-10  2.4776628E-10  6.3278805E-12  3.9160697E-10  1.0003111E-11  1.5927154E+00
  te125    125   8.1292355E-11  9.0806862E-11  9.5145072E-12  1.4352478E-10  1.5040530E-11  9.7966379E-01
  te126    126   4.5497534E-10  4.8053200E-10  2.5556659E-11  7.5950485E-10  4.0399958E-11  1.2741497E+00
   i127    127   5.9280920E-11  9.1333031E-11  3.2052111E-11  1.4435642E-10  5.0667966E-11  4.5470262E-01
   i128    128   0.0000000E+00  0.0000000E+00  0.0000000E+00  0.0000000E+00  0.0000000E+00  0.0000000E+00
   i129    129   7.9348285E-14  7.9348285E-14  0.0000000E+00  1.2541393E-13  0.0000000E+00  0.0000000E+00
  xe128    128   1.4424330E-10  1.4770521E-10  3.4619126E-12  2.3345545E-10  5.4725903E-12  1.6300112E+00
  xe129    129   5.5609246E-11  9.9069010E-11  4.3459764E-11  1.5658352E-10  6.8701177E-11  3.5778192E-01
  xe130    130   2.9262712E-10  2.9965896E-10  7.0318456E-12  4.7362597E-10  1.1115939E-11  1.6294895E+00
  xe131    131   1.1112425E-10  1.4625140E-10  3.5127151E-11  2.3115765E-10  5.5528984E-11  6.1938852E-01
  xe132    132   5.8001715E-10  6.2327910E-10  4.3261939E-11  9.8512376E-10  6.8388455E-11  1.1585081E+00
  xe133    133   0.0000000E+00  0.0000000E+00  0.0000000E+00  0.0000000E+00  0.0000000E+00  0.0000000E+00
  xe134    134   5.2081880E-11  6.8297729E-11  1.6215846E-11  1.0794797E-10  2.5634004E-11  6.2439805E-01
  cs133    133   7.6517251E-11  8.7891180E-11  1.1373929E-11  1.3891641E-10  1.7979902E-11  8.8796622E-01
  cs134    134   1.5826356E-37  1.5826356E-37  0.0000000E+00  2.5014346E-37  0.0000000E+00  0.0000000E+00
  cs135    135   0.0000000E+00  0.0000000E+00  0.0000000E+00  0.0000000E+00  0.0000000E+00  0.0000000E+00
  cs136    136   0.0000000E+00  0.0000000E+00  0.0000000E+00  0.0000000E+00  0.0000000E+00  0.0000000E+00
  cs137    137   0.0000000E+00  0.0000000E+00  0.0000000E+00  0.0000000E+00  0.0000000E+00  0.0000000E+00
  ba134    134   8.5752086E-11  8.9238929E-11  3.4868393E-12  1.4104659E-10  5.5119941E-12  1.4080540E+00
  ba135    135   2.0597807E-10  2.1555929E-10  9.5812273E-12  3.4070224E-10  1.5146001E-11  1.3520770E+00
  ba136    136   5.9231353E-10  6.0381322E-10  1.1499687E-11  9.5435693E-10  1.8178702E-11  1.7201480E+00
  ba137    137   5.9969563E-10  6.1626237E-10  1.6566753E-11  9.7403352E-10  2.6188714E-11  1.5704598E+00
  ba138    138   7.5681221E-09  7.6746467E-09  1.0652452E-10  1.2130163E-08  1.6839392E-10  1.8575402E+00
  la139    139   9.0711239E-10  9.2172314E-10  1.4610785E-11  1.4568294E-09  2.3096722E-11  1.7998583E+00
  ce140    140   2.6658151E-09  2.6993021E-09  3.3487015E-11  4.2663819E-09  5.2936263E-11  1.9063065E+00
  ce141    141   0.0000000E+00  0.0000000E+00  0.0000000E+00  0.0000000E+00  0.0000000E+00  0.0000000E+00
  ce142    142   7.5875396E-11  8.0143350E-11  4.2679571E-12  1.2667056E-10  6.7467850E-12  1.2735789E+00
  pr141    141   2.4944330E-10  2.5521460E-10  5.7713001E-12  4.0337941E-10  9.1232690E-12  1.6455634E+00
  nd142    142   7.4490619E-10  7.5260481E-10  7.6986386E-12  1.1895295E-09  1.2170005E-11  1.9900846E+00
  nd143    143   1.0981588E-10  1.1326267E-10  3.4467889E-12  1.7901731E-10  5.4486827E-12  1.5166036E+00
  nd144    144   3.5111894E-10  3.5796899E-10  6.8500357E-12  5.6578786E-10  1.0828533E-11  1.7180840E+00
  nd145    145   6.4161058E-11  6.6708430E-11  2.5473699E-12  1.0543601E-10  4.0268813E-12  1.4180202E+00
  nd146    146   3.2410280E-10  3.2911665E-10  5.0138500E-12  5.2018528E-10  7.9258926E-12  1.8171099E+00
  nd147    147   0.0000000E+00  0.0000000E+00  0.0000000E+00  0.0000000E+00  0.0000000E+00  0.0000000E+00
  nd148    148   2.4903869E-11  2.6599827E-11  1.6959569E-12  4.2042356E-11  2.6809679E-12  1.1953955E+00
  pm147    147   8.4774320E-34  8.4774320E-34  0.0000000E+00  1.3399005E-33  0.0000000E+00  0.0000000E+00
  pm148    148   0.0000000E+00  0.0000000E+00  0.0000000E+00  0.0000000E+00  0.0000000E+00  0.0000000E+00
  sm147    147   3.7577767E-11  3.8942870E-11  1.3651026E-12  6.1551153E-11  2.1579537E-12  1.4551941E+00
  sm148    148   9.1369724E-11  9.2400351E-11  1.0306278E-12  1.4604337E-10  1.6292162E-12  1.9525032E+00
  sm149    149   1.4155697E-11  1.5431427E-11  1.2757304E-12  2.4390141E-11  2.0166742E-12  1.0825787E+00
  sm150    150   6.6642289E-11  6.7328101E-11  6.8581328E-13  1.0641543E-10  1.0841334E-12  1.9919220E+00
  sm151    151   1.5691698E-15  1.5691698E-15  0.0000000E+00  2.4801512E-15  0.0000000E+00  0.0000000E+00
  sm152    152   6.0053018E-11  6.2572086E-11  2.5190657E-12  9.8898306E-11  3.9821380E-12  1.3950727E+00
  eu151    151   9.7501859E-12  1.1411923E-11  1.6617364E-12  1.8037113E-11  2.6268722E-12  8.3672810E-01
  eu152    152   5.7653041E-23  5.7653041E-23  0.0000000E+00  9.1123513E-23  0.0000000E+00  0.0000000E+00
  eu153    153   1.1440513E-11  1.3278470E-11  1.8379580E-12  2.0987287E-11  2.9054432E-12  8.5874391E-01
  eu154    154   9.1173420E-23  9.1173420E-23  0.0000000E+00  1.4410415E-22  0.0000000E+00  0.0000000E+00
  eu155    155   5.5005052E-27  5.5005052E-27  0.0000000E+00  8.6938234E-27  0.0000000E+00  0.0000000E+00
  gd152    152   7.5462690E-15  3.1808855E-14  2.4262586E-14  5.0275485E-14  3.8354285E-14  1.1754234E-01
  gd153    153   0.0000000E+00  0.0000000E+00  0.0000000E+00  0.0000000E+00  0.0000000E+00  0.0000000E+00
  gd154    154   7.2201594E-12  7.4880961E-12  2.6793688E-13  1.1835310E-11  4.2355453E-13  1.4462703E+00
  gd155    155   1.9316824E-11  2.1147719E-11  1.8308950E-12  3.3425027E-11  2.8942781E-12  1.0625316E+00
  gd156    156   4.7059485E-11  4.9608026E-11  2.5485404E-12  7.8407961E-11  4.0287318E-12  1.2891918E+00
  gd157    157   2.1964640E-11  2.3925549E-11  1.9609091E-12  3.7815525E-11  3.0998045E-12  1.0863359E+00
  gd158    158   8.9610465E-11  9.2742813E-11  3.1323459E-12  1.4658465E-10  4.9516112E-12  1.4713421E+00
  gd159    159   0.0000000E+00  0.0000000E+00  0.0000000E+00  0.0000000E+00  0.0000000E+00  0.0000000E+00
  gd160    160   2.5457639E-12  5.3372176E-12  2.7914537E-12  8.4357391E-12  4.4127289E-12  2.8141588E-01
  tb159    159   1.8979200E-11  2.1342147E-11  2.3629462E-12  3.3732329E-11  3.7353445E-12  9.5571566E-01
  tb160    160   0.0000000E+00  0.0000000E+00  0.0000000E+00  0.0000000E+00  0.0000000E+00  0.0000000E+00
  tb161    161   0.0000000E+00  0.0000000E+00  0.0000000E+00  0.0000000E+00  0.0000000E+00  0.0000000E+00
  dy160    160   2.2671746E-11  2.3029299E-11  3.5755185E-13  3.6398957E-11  5.6521785E-13  1.8088731E+00
  dy161    161   1.3710828E-11  1.6628931E-11  2.9181022E-12  2.6282856E-11  4.6129350E-12  7.5569522E-01
  dy162    162   6.3975360E-11  6.7935359E-11  3.9600012E-12  1.0737523E-10  6.2599687E-12  1.2343320E+00
  dy163    163   2.7269156E-11  3.1162947E-11  3.8937920E-12  4.9254593E-11  6.1553046E-12  9.0319717E-01
  dy164    164   1.3558374E-10  1.4003072E-10  4.4469901E-12  2.2132556E-10  7.0297999E-12  1.4980887E+00
  ho165    165   2.5208826E-11  2.8672563E-11  3.4637362E-12  4.5318419E-11  5.4754729E-12  9.1785306E-01
  er166    166   5.7843407E-11  6.1133827E-11  3.2904207E-12  9.6625069E-11  5.2014955E-12  1.2689617E+00
  er167    167   2.3142313E-11  2.5401832E-11  2.2595196E-12  4.0148863E-11  3.5718475E-12  1.0507804E+00
  er168    168   9.0638684E-11  9.3320122E-11  2.6814417E-12  1.4749711E-10  4.2388220E-12  1.5415385E+00
  er169    169   0.0000000E+00  0.0000000E+00  0.0000000E+00  0.0000000E+00  0.0000000E+00  0.0000000E+00
  er170    170   1.8706646E-11  2.0206278E-11  1.4996320E-12  3.1937033E-11  2.3706176E-12  1.1294330E+00
  tm169    169   2.2017624E-11  2.3602318E-11  1.5846946E-12  3.7304642E-11  2.5050845E-12  1.1729405E+00
  tm170    170   0.0000000E+00  0.0000000E+00  0.0000000E+00  0.0000000E+00  0.0000000E+00  0.0000000E+00
  tm171    171   0.0000000E+00  0.0000000E+00  0.0000000E+00  0.0000000E+00  0.0000000E+00  0.0000000E+00
  yb170    170   2.9450307E-11  2.9750029E-11  2.9972200E-13  4.7021408E-11  4.7380042E-13  1.9967004E+00
  yb171    171   3.8122786E-11  3.9548254E-11  1.4254678E-12  6.2507992E-11  2.2533789E-12  1.4431014E+00
  yb172    172   1.0333944E-10  1.0554668E-10  2.2072418E-12  1.6682181E-10  3.4892070E-12  1.6795261E+00
  yb173    173   4.6351239E-11  4.7999164E-11  1.6479254E-12  7.5865078E-11  2.6050397E-12  1.4642277E+00
  yb174    174   2.1501580E-10  2.1831309E-10  3.2972871E-12  3.4505473E-10  5.2123501E-12  1.8208544E+00
  lu175    175   2.7936375E-11  2.9424640E-11  1.4882650E-12  4.6507114E-11  2.3526489E-12  1.2959623E+00
  lu176    176   2.0928577E-11  2.0972016E-11  4.3439831E-14  3.3147318E-11  6.8669666E-14  2.6836834E+00
  lu177    177   0.0000000E+00  0.0000000E+00  0.0000000E+00  0.0000000E+00  0.0000000E+00  0.0000000E+00
  hf176    176  -4.4846397E-15  3.2976898E-13  3.3425362E-13  5.2121637E-13  5.2838804E-13 -5.9349402E-03
  hf177    177   2.2623719E-11  2.3825161E-11  1.2014417E-12  3.7656857E-11  1.8992386E-12  1.2972646E+00
  hf178    178   1.0884367E-10  1.1061615E-10  1.7724754E-12  1.7483434E-10  2.8019284E-12  1.7951697E+00
  hf179    179   3.7844460E-11  3.8734418E-11  8.8995944E-13  6.1221681E-11  1.4068475E-12  1.6386583E+00
  hf180    180   2.2192419E-10  2.2422897E-10  2.3047792E-12  3.5440509E-10  3.6433937E-12  1.9879940E+00
  hf181    181   0.0000000E+00  0.0000000E+00  0.0000000E+00  0.0000000E+00  0.0000000E+00  0.0000000E+00
  hf182    182   4.3725717E-11  4.3725717E-11  0.0000000E+00  6.9110682E-11  0.0000000E+00  0.0000000E+00
  ta181    181   5.0578809E-11  5.1555326E-11  9.7651835E-13  8.1485770E-11  1.5436799E-12  1.7225245E+00
  ta182    182   4.0117732E-19  4.0117732E-19  0.0000000E+00  6.3408078E-19  0.0000000E+00  0.0000000E+00
  ta183    183   0.0000000E+00  0.0000000E+00  0.0000000E+00  0.0000000E+00  0.0000000E+00  0.0000000E+00
   w182    182   1.0362504E-10  1.0515740E-10  1.5323651E-12  1.6620653E-10  2.4223620E-12  1.8364091E+00
   w183    183   6.4533177E-11  6.5365227E-11  8.3204911E-13  1.0331300E-10  1.3153030E-12  1.8951292E+00
   w184    184   1.6021345E-10  1.6200470E-10  1.7912419E-12  2.5605654E-10  2.8315943E-12  1.9563049E+00
   w185    185   0.0000000E+00  0.0000000E+00  0.0000000E+00  0.0000000E+00  0.0000000E+00  0.0000000E+00
   w186    186   6.7350729E-11  6.9030809E-11  1.6800808E-12  1.0910664E-10  2.6558710E-12  1.6136444E+00
  re185    185   3.0661012E-11  3.1514961E-11  8.5394810E-13  4.9810971E-11  1.3499208E-12  1.5670168E+00
  re186    186   0.0000000E+00  0.0000000E+00  0.0000000E+00  0.0000000E+00  0.0000000E+00  0.0000000E+00
  re187    187   1.4691541E-11  1.6248848E-11  1.5573067E-12  2.5682116E-11  2.4617899E-12  1.0183798E+00
  os186    186   6.4879477E-11  6.5352786E-11  4.7330824E-13  1.0329334E-10  7.4820553E-13  2.1400516E+00
  os187    187   1.9034836E-11  1.9413313E-11  3.7847695E-13  3.0683713E-11  5.9829626E-13  1.7099917E+00
  os188    188   1.3545445E-10  1.3944716E-10  3.9927133E-12  2.2040321E-10  6.3116795E-12  1.5430731E+00
  os189    189   2.7019839E-11  3.1913808E-11  4.8939685E-12  5.0441370E-11  7.7363836E-12  8.1424886E-01
  os190    190   1.3429625E-10  1.4229702E-10  8.0007719E-12  2.2490755E-10  1.2647617E-11  1.2499954E+00
  os191    191   0.0000000E+00  0.0000000E+00  0.0000000E+00  0.0000000E+00  0.0000000E+00  0.0000000E+00
  os192    192   2.6065854E-11  3.8622234E-11  1.2556380E-11  6.1044371E-11  1.9849119E-11  4.8790440E-01
  ir191    191   2.5211385E-11  3.5798989E-11  1.0587605E-11  5.6582090E-11  1.6736881E-11  5.2900445E-01
  ir192    192   0.0000000E+00  0.0000000E+00  0.0000000E+00  0.0000000E+00  0.0000000E+00  0.0000000E+00
  ir193    193   2.9990684E-11  4.7974517E-11  1.7983833E-11  7.5826123E-11  2.8428836E-11  4.2605978E-01
  pt192    192   3.6042318E-11  3.6487514E-11  4.4519507E-13  5.7670341E-11  7.0376420E-13  1.9135253E+00
  pt193    193   1.8959988E-16  1.8959988E-16  0.0000000E+00  2.9967208E-16  0.0000000E+00  0.0000000E+00
  pt194    194   1.0623451E-10  1.2519899E-10  1.8964478E-11  1.9788325E-10  2.9979040E-11  8.1959134E-01
  pt195    195   4.3390222E-11  6.2953379E-11  1.9563157E-11  9.9500963E-11  3.0925429E-11  5.0751156E-01
  pt196    196   1.9329946E-10  2.0797018E-10  1.4670721E-11  3.2870726E-10  2.3191471E-11  1.1514810E+00
  au197    197   6.2089736E-11  7.0931219E-11  8.8414848E-12  1.1211033E-10  1.3976616E-11  9.0424359E-01
  hg198    198   2.2477800E-10  2.2685499E-10  2.0769890E-12  3.5855566E-10  3.2833033E-12  2.0382457E+00
  hg199    199   9.8455841E-11  1.0198790E-10  3.5320559E-12  1.6119697E-10  5.5834725E-12  1.4604526E+00
  hg200    200   3.3361794E-10  3.3847850E-10  4.8605451E-12  5.3498217E-10  7.6835474E-12  1.8427776E+00
  hg201    201   1.3499689E-10  1.3778396E-10  2.7870720E-12  2.1777444E-10  4.4058025E-12  1.6939819E+00
  hg202    202   5.6174065E-10  5.6808652E-10  6.3458535E-12  8.9788915E-10  1.0031522E-11  1.9518559E+00
  tl203    203   2.7143343E-10  2.7394370E-10  2.5102685E-12  4.3298171E-10  3.9682316E-12  2.0378728E+00
  tl204    204   2.7505207E-28  2.7505207E-28  0.0000000E+00  4.3473352E-28  0.0000000E+00  0.0000000E+00
  tl205    205   5.0725457E-10  5.1330595E-10  6.0513660E-12  8.1130569E-10  9.5659973E-12  1.9284543E+00
  pb204    204   2.6393263E-10  2.6710992E-10  3.1773007E-12  4.2218057E-10  5.0226759E-12  1.9245632E+00
  pb205    205   0.0000000E+00  0.0000000E+00  0.0000000E+00  0.0000000E+00  0.0000000E+00  0.0000000E+00
  pb206    206   1.1216494E-08  1.1246349E-08  2.9854390E-11  1.7775417E-08  4.7193808E-11  2.5759349E+00
  pb207    207   4.1293315E-09  4.1625294E-09  3.3197667E-11  6.5790857E-09  5.2478858E-11  2.0981812E+00
  pb208    208   7.5449243E-08  7.5544726E-08  9.5481102E-11  1.1940222E-07  1.5093649E-10  2.8982184E+00
  bi209    209   1.5176918E-09  1.5243323E-09  6.6406056E-12  2.4092834E-09  1.0497467E-11  2.3608034E+00
  bi210    210   0.0000000E+00  0.0000000E+00  0.0000000E+00  0.0000000E+00  0.0000000E+00  0.0000000E+00
  po210    210   0.0000000E+00  0.0000000E+00  0.0000000E+00  0.0000000E+00  0.0000000E+00  0.0000000E+00
