# Initial mass = 3.000, Z =  0.0007, Y =  0.250, M_mix = 5.00E-04
# Final mass = 0.822, Mass expelled =   2.1778
  species    A      yield       mass(i)_lost    mass(i)_0        <X(i)>         
  X0(i)   log10(<X(i)>/X0(i)) 
      n      1   0.0000000E+00  0.0000000E+00  0.0000000E+00  0.0000000E+00  0.0000000E+00  0.0000000E+00
      p      1  -6.1550975E-02  1.5705059E+00  1.6320568E+00  7.2115850E-01  7.4949098E-01 -1.6735703E-02
      d      2   1.3404540E-17  1.3404540E-17  0.0000000E+00  6.1552131E-18  0.0000000E+00  0.0000000E+00
    he3      3   2.2307945E-04  2.2307945E-04  0.0000000E+00  1.0243556E-04  0.0000000E+00  0.0000000E+00
    he4      4   4.8460245E-02  5.9295833E-01  5.4449809E-01  2.7227974E-01  2.5005037E-01  3.6987841E-02
    li7      7   4.0252864E-08  4.0564323E-08  3.1145941E-10  1.8626677E-08  1.4303181E-10  2.1147029E+00
    be7      7   1.5795920E-12  1.5795920E-12  0.0000000E+00  7.2533077E-13  0.0000000E+00  0.0000000E+00
     b8      8   3.4211185E-20  3.4211185E-20  0.0000000E+00  1.5709389E-20  0.0000000E+00  0.0000000E+00
    c12     12   1.1308331E-02  1.1439915E-02  1.3158385E-04  5.2530793E-03  6.0427374E-05  1.9391803E+00
    c13     13   2.3990203E-04  2.4094118E-04  1.0391484E-06  1.1063746E-04  4.7720908E-07  2.3651936E+00
    c14     14   2.1208683E-07  2.1208683E-07  0.0000000E+00  9.7387868E-08  0.0000000E+00  0.0000000E+00
    n13     13   0.0000000E+00  0.0000000E+00  0.0000000E+00  0.0000000E+00  0.0000000E+00  0.0000000E+00
    n14     14   1.3340169E-04  2.3082328E-04  9.7421602E-05  1.0599144E-04  4.4739012E-05  3.7458438E-01
    n15     15  -4.8358739E-08  1.4089746E-08  6.2448485E-08  6.4698518E-09  2.8678276E-08 -6.4665878E-01
    o14     14   0.0000000E+00  0.0000000E+00  0.0000000E+00  0.0000000E+00  0.0000000E+00  0.0000000E+00
    o15     15   0.0000000E+00  0.0000000E+00  0.0000000E+00  0.0000000E+00  0.0000000E+00  0.0000000E+00
    o16     16   2.8462446E-04  7.9368229E-04  5.0905783E-04  3.6444992E-04  2.3377509E-04  1.9283965E-01
    o17     17   4.1950029E-06  4.2785887E-06  8.3585903E-08  1.9646795E-06  3.8385231E-08  1.7091275E+00
    o18     18  -2.6614401E-07  1.9975471E-07  4.6589872E-07  9.1725099E-08  2.1395509E-07 -3.6783445E-01
    o19     19   0.0000000E+00  0.0000000E+00  0.0000000E+00  0.0000000E+00  0.0000000E+00  0.0000000E+00
    f17     17   0.0000000E+00  0.0000000E+00  0.0000000E+00  0.0000000E+00  0.0000000E+00  0.0000000E+00
    f18     18   0.0000000E+00  0.0000000E+00  0.0000000E+00  0.0000000E+00  0.0000000E+00  0.0000000E+00
    f19     19   1.1821643E-06  1.1955811E-06  1.3416825E-08  5.4899732E-07  6.1614212E-09  1.9498894E+00
    f20     20   0.0000000E+00  0.0000000E+00  0.0000000E+00  0.0000000E+00  0.0000000E+00  0.0000000E+00
   ne19     19   0.0000000E+00  0.0000000E+00  0.0000000E+00  0.0000000E+00  0.0000000E+00  0.0000000E+00
   ne20     20   1.1373850E-05  9.5971423E-05  8.4597574E-05  4.4068991E-05  3.8849827E-05  5.4744042E-02
   ne21     21   1.0095093E-06  1.1164216E-06  1.0691220E-07  5.1264811E-07  4.9097391E-08  1.0187610E+00
   ne22     22   8.2127715E-04  8.2471274E-04  3.4356131E-06  3.7869875E-04  1.5777398E-06  2.3802586E+00
   ne23     23   0.0000000E+00  0.0000000E+00  0.0000000E+00  0.0000000E+00  0.0000000E+00  0.0000000E+00
   na21     21   0.0000000E+00  0.0000000E+00  0.0000000E+00  0.0000000E+00  0.0000000E+00  0.0000000E+00
   na22     22   3.5670109E-14  3.5670109E-14  0.0000000E+00  1.6379310E-14  0.0000000E+00  0.0000000E+00
   na23     23   8.4032536E-06  8.9851937E-06  5.8193990E-07  4.1258991E-06  2.6724481E-07  1.1886094E+00
   na24     24   0.0000000E+00  0.0000000E+00  0.0000000E+00  0.0000000E+00  0.0000000E+00  0.0000000E+00
   mg23     23   0.0000000E+00  0.0000000E+00  0.0000000E+00  0.0000000E+00  0.0000000E+00  0.0000000E+00
   mg24     24   3.9218939E-06  4.8672322E-05  4.4750428E-05  2.2349779E-05  2.0550780E-05  3.6444921E-02
   mg25     25   2.6857948E-05  2.9529963E-05  2.6720154E-06  1.3559825E-05  1.2270722E-06  1.0433840E+00
   mg26     26   2.6770786E-05  2.9830329E-05  3.0595434E-06  1.3697750E-05  1.4050370E-06  9.8896152E-01
   mg27     27   0.0000000E+00  0.0000000E+00  0.0000000E+00  0.0000000E+00  0.0000000E+00  0.0000000E+00
   al25     25   0.0000000E+00  0.0000000E+00  0.0000000E+00  0.0000000E+00  0.0000000E+00  0.0000000E+00
   al-6     26   0.0000000E+00  0.0000000E+00  0.0000000E+00  0.0000000E+00  0.0000000E+00  0.0000000E+00
   al*6     26   0.0000000E+00  0.0000000E+00  0.0000000E+00  0.0000000E+00  0.0000000E+00  0.0000000E+00
   al27     27   1.5244465E-06  2.9854764E-06  1.4610299E-06  1.3708969E-06  6.7095010E-07  3.1031460E-01
   al28     28   0.0000000E+00  0.0000000E+00  0.0000000E+00  0.0000000E+00  0.0000000E+00  0.0000000E+00
   si27     27   0.0000000E+00  0.0000000E+00  0.0000000E+00  0.0000000E+00  0.0000000E+00  0.0000000E+00
   si28     28   2.8448485E-06  3.4404566E-05  3.1559717E-05  1.5798187E-05  1.4493198E-05  3.7442993E-02
   si29     29   3.8321082E-07  1.5631360E-06  1.1799252E-06  7.1777436E-07  5.4185813E-07  1.2210234E-01
   si30     30   5.2722066E-07  1.3318146E-06  8.0459392E-07  6.1155419E-07  3.6949444E-07  2.1882704E-01
    p31     31   2.5422753E-07  4.7823795E-07  2.2401042E-07  2.1960145E-07  1.0287252E-07  3.2933581E-01
    p32     32   1.3723793E-34  1.3723793E-34  0.0000000E+00  6.3018103E-35  0.0000000E+00  0.0000000E+00
    p33     33   3.2767843E-35  3.2767843E-35  0.0000000E+00  1.5046622E-35  0.0000000E+00  0.0000000E+00
    s32     32  -1.7923958E-07  2.2877510E-05  2.3056749E-05  1.0505093E-05  1.0588373E-05 -3.4293130E-03
    s33     33   8.5371923E-09  9.7301275E-08  8.8764082E-08  4.4679641E-08  4.0763211E-08  3.9841287E-02
    s34     34   8.1272219E-08  5.9748692E-07  5.1621470E-07  2.7435922E-07  2.3706176E-07  6.3458078E-02
    s35     35   9.0025898E-29  9.0025898E-29  0.0000000E+00  4.1338874E-29  0.0000000E+00  0.0000000E+00
    s36     36   7.9459426E-09  1.0494116E-08  2.5481728E-09  4.8187792E-09  1.1701997E-09  6.1467707E-01
   cl35     35  -3.2915182E-10  1.0996003E-07  1.1028918E-07  5.0492400E-08  5.0648200E-08 -1.3380080E-03
   cl36     36   0.0000000E+00  0.0000000E+00  0.0000000E+00  0.0000000E+00  0.0000000E+00  0.0000000E+00
   cl37     37   2.3734284E-08  6.0996314E-08  3.7262030E-08  2.8008817E-08  1.7111876E-08  2.1399713E-01
   ar36     36  -9.2384198E-08  4.8937195E-06  4.9861037E-06  2.2471406E-06  2.2897732E-06 -8.1621967E-03
   ar37     37   6.1575423E-29  6.1575423E-29  0.0000000E+00  2.8274737E-29  0.0000000E+00  0.0000000E+00
   ar38     38   3.5968043E-08  4.3012193E-07  3.9415389E-07  1.9750712E-07  1.8100766E-07  3.7885804E-02
   ar39     39   2.5057440E-11  2.5057440E-11  0.0000000E+00  1.1506093E-11  0.0000000E+00  0.0000000E+00
   ar40     40   6.9610380E-09  7.6246200E-09  6.6358197E-10  3.5011392E-09  3.0473737E-10  1.0602838E+00
    k39     39   5.7600431E-09  1.7476856E-07  1.6900852E-07  8.0251745E-08  7.7613940E-08  1.4514747E-02
    k40     40  -1.7308911E-11  0.0000000E+00  1.7308911E-11  0.0000000E+00  7.9487875E-12  0.0000000E+00
    k41     41   1.5819515E-09  9.6937534E-09  8.1118019E-09  4.4512616E-09  3.7251904E-09  7.7334650E-02
   ca40     40  -6.0384536E-08  3.9408487E-06  4.0012333E-06  1.8095931E-06  1.8374901E-06 -6.6440832E-03
   ca41     41   0.0000000E+00  0.0000000E+00  0.0000000E+00  0.0000000E+00  0.0000000E+00  0.0000000E+00
   ca42     42   2.4566811E-09  1.5429762E-08  1.2973081E-08  7.0851720E-09  5.9576402E-09  7.5276114E-02
   ca43     43   7.1009154E-10  3.4814911E-09  2.7713996E-09  1.5986613E-09  1.2727124E-09  9.9026173E-02
   ca44     44   2.1809790E-09  4.6000004E-08  4.3819025E-08  2.1122680E-08  2.0123053E-08  2.1055095E-02
   ca45     45   5.8736193E-24  5.8736193E-24  0.0000000E+00  2.6970995E-24  0.0000000E+00  0.0000000E+00
   ca46     46   1.7444682E-09  1.8323137E-09  8.7845536E-11  8.4137769E-10  4.0341386E-11  1.3192402E+00
   ca47     47   0.0000000E+00  0.0000000E+00  0.0000000E+00  0.0000000E+00  0.0000000E+00  0.0000000E+00
   ca48     48   2.5970337E-11  4.3113184E-09  4.2853481E-09  1.9797086E-09  1.9679645E-09  2.5840008E-03
   sc45     45   7.5348972E-10  2.9069578E-09  2.1534681E-09  1.3348421E-09  9.8893915E-10  1.3026033E-01
   sc46     46   2.1507472E-32  2.1507472E-32  0.0000000E+00  9.8759878E-33  0.0000000E+00  0.0000000E+00
   sc47     47   1.1478512E-37  1.1478512E-37  0.0000000E+00  5.2708026E-38  0.0000000E+00  0.0000000E+00
   sc48     48   4.7193277E-33  7.8444316E-31  7.7972383E-31  3.6020742E-31  3.5807331E-31  0.0000000E+00
   ti46     46   9.9019459E-11  7.6519662E-09  7.5529467E-09  3.5136962E-09  3.4685468E-09  5.6166565E-03
   ti47     47   6.7742700E-11  7.0271731E-09  6.9594304E-09  3.2267982E-09  3.1959857E-09  4.1669491E-03
   ti48     48  -4.5594817E-09  1.9886151E-07  2.0342100E-07  9.1314952E-08  9.3417221E-08 -9.8850261E-03
   ti49     49   9.7401509E-10  6.2499055E-09  5.2758904E-09  2.8698859E-09  2.4228521E-09  7.3537722E-02
   ti50     50   5.2059836E-09  1.0360747E-08  5.1547633E-09  4.7575375E-09  2.3672269E-09  3.0314234E-01
    v51     51  -1.1559642E-10  1.9943910E-08  2.0059506E-08  9.1580175E-09  9.2119459E-09 -2.5499132E-03
   cr52     52  -1.1293935E-08  7.1312292E-07  7.2441685E-07  3.2745797E-07  3.3267460E-07 -6.8640918E-03
   cr53     53  -4.1886850E-10  5.3400889E-08  5.3819758E-08  2.4521084E-08  2.4715698E-08 -3.4332264E-03
   cr54     54   7.5466557E-09  2.1196659E-08  1.3650003E-08  9.7332657E-09  6.2685030E-09  1.9109474E-01
   mn55     55  -2.1078961E-10  1.2100428E-07  1.2121507E-07  5.5563792E-08  5.5665712E-08 -7.9589401E-04
   fe54     54  -6.5192580E-08  2.6144698E-06  2.6796624E-06  1.2005349E-06  1.2305838E-06 -1.0736432E-02
   fe55     55   4.2863838E-19  4.2863838E-19  0.0000000E+00  1.9682588E-19  0.0000000E+00  0.0000000E+00
   fe56     56  -8.3553823E-07  4.2787382E-05  4.3622920E-05  1.9647481E-05  2.0032996E-05 -8.4390333E-03
   fe57     57   4.8084075E-08  1.0735140E-06  1.0254299E-06  4.9294545E-07  4.7090913E-07  1.9861743E-02
   fe58     58   2.7976230E-07  4.1861716E-07  1.3885486E-07  1.9222426E-07  6.3766443E-08  4.7921604E-01
   fe59     59   5.0221007E-31  5.0221007E-31  0.0000000E+00  2.3060916E-31  0.0000000E+00  0.0000000E+00
   fe60     60   0.0000000E+00  0.0000000E+00  0.0000000E+00  0.0000000E+00  0.0000000E+00  0.0000000E+00
   co59     59   1.0854199E-07  2.1563261E-07  1.0709062E-07  9.9016049E-08  4.9179327E-08  3.0392304E-01
   co60     60   2.7869775E-13  2.7869775E-13  0.0000000E+00  1.2797485E-13  0.0000000E+00  0.0000000E+00
   ni58     58  -3.7525069E-08  1.4947796E-06  1.5323046E-06  6.8638582E-07  7.0368168E-07 -1.0807946E-02
   ni59     59   0.0000000E+00  0.0000000E+00  0.0000000E+00  0.0000000E+00  0.0000000E+00  0.0000000E+00
   ni60     60   1.8704458E-07  7.9761861E-07  6.1057403E-07  3.6625744E-07  2.8039449E-07  1.1601698E-01
   ni61     61   4.1139472E-08  6.8124166E-08  2.6984695E-08  3.1281846E-08  1.2392206E-08  4.0214375E-01
   ni62     62   8.2299742E-08  1.6974469E-07  8.7444953E-08  7.7944840E-08  4.0157428E-08  2.8802150E-01
   ni63     63   0.0000000E+00  0.0000000E+00  0.0000000E+00  0.0000000E+00  0.0000000E+00  0.0000000E+00
   ni64     64   7.7092650E-08  1.0008110E-07  2.2988448E-08  4.5956110E-08  1.0557007E-08  6.3880247E-01
   cu63     63   4.6556007E-08  4.7311492E-08  7.5548395E-10  2.1724901E-08  3.4694159E-10  1.7967014E+00
   cu64     64   0.0000000E+00  0.0000000E+00  0.0000000E+00  0.0000000E+00  0.0000000E+00  0.0000000E+00
   cu65     65   1.2659197E-08  2.1384551E-08  8.7253538E-09  9.8195434E-09  4.0069521E-09  3.8927716E-01
   zn64     64  -1.9283135E-09  8.2697667E-08  8.4625981E-08  3.7973830E-08  3.8862868E-08 -1.0050463E-02
   zn65     65   3.9025103E-24  3.9025103E-24  0.0000000E+00  1.7919885E-24  0.0000000E+00  0.0000000E+00
   zn66     66   1.1490316E-08  3.0723733E-08  1.9233417E-08  1.4107990E-08  8.8325800E-09  2.0337757E-01
   zn67     67   2.5106306E-09  5.3798175E-09  2.8691869E-09  2.4703513E-09  1.3176195E-09  2.7296871E-01
   zn68     68   1.4959806E-08  2.8276826E-08  1.3317020E-08  1.2984398E-08  6.1155880E-09  3.2698363E-01
   zn69     69   0.0000000E+00  0.0000000E+00  0.0000000E+00  0.0000000E+00  0.0000000E+00  0.0000000E+00
   zn70     70   9.9177916E-11  5.5248567E-10  4.5330775E-10  2.5369515E-10  2.0817294E-10  8.5887909E-02
   ga69     69   2.1238882E-09  3.3447898E-09  1.2209017E-09  1.5358895E-09  5.6067584E-10  4.3764815E-01
   ga70     70   0.0000000E+00  0.0000000E+00  0.0000000E+00  0.0000000E+00  0.0000000E+00  0.0000000E+00
   ga71     71   1.8416428E-09  2.6754017E-09  8.3375884E-10  1.2285142E-09  3.8288783E-10  5.0630867E-01
   ge70     70   3.1744087E-09  4.5323958E-09  1.3579869E-09  2.0812247E-09  6.2362959E-10  5.2339226E-01
   ge71     71   7.2457489E-35  7.2457489E-35  0.0000000E+00  3.3271659E-35  0.0000000E+00  0.0000000E+00
   ge72     72   2.9782772E-09  4.8241517E-09  1.8458746E-09  2.2151958E-09  8.4768276E-10  4.1717881E-01
   ge73     73   8.6681501E-10  1.3921134E-09  5.2529842E-10  6.3924271E-10  2.4123328E-10  4.2322856E-01
   ge74     74   3.7259755E-09  6.2250995E-09  2.4991240E-09  2.8584952E-09  1.1476752E-09  3.9631850E-01
   as75     75   3.3948214E-10  7.0589123E-10  3.6640910E-10  3.2413724E-10  1.6826639E-10  2.8473160E-01
   se76     76   1.1932789E-09  1.5747369E-09  3.8145795E-10  7.2310136E-10  1.7517729E-10  6.1572140E-01
   se77     77   4.6888943E-10  7.8360540E-10  3.1471598E-10  3.5982273E-10  1.4452732E-10  3.9613861E-01
   se78     78   2.9709200E-09  3.9640922E-09  9.9317232E-10  1.8202662E-09  4.5609547E-10  6.0107917E-01
   se79     79   0.0000000E+00  0.0000000E+00  0.0000000E+00  0.0000000E+00  0.0000000E+00  0.0000000E+00
   se80     80   3.5529639E-09  5.6790328E-09  2.1260689E-09  2.6077476E-09  9.7635666E-10  4.2665705E-01
   br79     79   6.5818800E-10  9.9816411E-10  3.3997610E-10  4.5834564E-10  1.5612754E-10  4.6771362E-01
   br80     80   0.0000000E+00  0.0000000E+00  0.0000000E+00  0.0000000E+00  0.0000000E+00  0.0000000E+00
   br81     81   4.7122661E-10  8.1033608E-10  3.3910949E-10  3.7209716E-10  1.5572957E-10  3.7828532E-01
   kr80     80  -2.0103433E-12  7.9010971E-11  8.1021315E-11  3.6280944E-11  3.7207494E-11 -1.0951861E-02
   kr81     81   0.0000000E+00  0.0000000E+00  0.0000000E+00  0.0000000E+00  0.0000000E+00  0.0000000E+00
   kr82     82   1.5972401E-09  2.0133673E-09  4.1612719E-10  9.2451541E-10  1.9109848E-10  6.8465692E-01
   kr83     83   5.4653804E-10  9.6381725E-10  4.1727921E-10  4.4257395E-10  1.9162751E-10  3.6352801E-01
   kr84     84   3.4886130E-09  5.5698677E-09  2.0812547E-09  2.5576201E-09  9.5577657E-10  4.2747962E-01
   kr-5     85  -2.5226964E-15 -2.5226964E-15  0.0000000E+00 -1.1583936E-15  0.0000000E+00  0.0000000E+00
   kr*5     85   0.0000000E+00  0.0000000E+00  0.0000000E+00  0.0000000E+00  0.0000000E+00  0.0000000E+00
   kr86     86   1.2087271E-08  1.2731645E-08  6.4437472E-10  5.8462271E-09  2.9591682E-10  1.2957060E+00
   rb85     85   1.2063170E-09  1.5441041E-09  3.3778705E-10  7.0903511E-10  1.5512225E-10  6.5999371E-01
   rb86     86   1.1565097E-33  1.1565097E-33  0.0000000E+00  5.3105616E-34  0.0000000E+00  0.0000000E+00
   rb87     87   2.3800579E-09  2.5223386E-09  1.4228074E-10  1.1582293E-09  6.5339720E-11  1.2486173E+00
   sr86     86   6.2837480E-10  7.8599766E-10  1.5762289E-10  3.6092121E-10  7.2385306E-11  6.9776201E-01
   sr87     87   2.7723612E-10  3.8867057E-10  1.1143444E-10  1.7847313E-10  5.1174141E-11  5.4252231E-01
   sr88     88   6.7953909E-09  8.1467517E-09  1.3513606E-09  3.7408960E-09  6.2058664E-10  7.8017324E-01
   sr89     89   7.4599560E-33  7.4599560E-33  0.0000000E+00  3.4255272E-33  0.0000000E+00  0.0000000E+00
   sr90     90   2.2963280E-14  2.2963280E-14  0.0000000E+00  1.0544478E-14  0.0000000E+00  0.0000000E+00
    y89     89   2.0863591E-09  2.4086977E-09  3.2233871E-10  1.1060467E-09  1.4802791E-10  8.7342989E-01
    y90     90   5.8072368E-18  5.8072368E-18  0.0000000E+00  2.6666173E-18  0.0000000E+00  0.0000000E+00
    y91     91   1.0464406E-32  1.0464406E-32  0.0000000E+00  4.8051366E-33  0.0000000E+00  0.0000000E+00
   zr90     90   1.8233921E-09  2.2075703E-09  3.8417824E-10  1.0136912E-09  1.7642653E-10  7.5934178E-01
   zr91     91   5.2471244E-10  6.0942196E-10  8.4709531E-11  2.7983965E-10  3.8901236E-11  8.5694587E-01
   zr92     92   9.8845498E-10  1.1193582E-09  1.3090318E-10  5.1399657E-10  6.0114788E-11  9.3197888E-01
   zr93     93   0.0000000E+00  0.0000000E+00  0.0000000E+00  0.0000000E+00  0.0000000E+00  0.0000000E+00
   zr94     94   1.3207528E-09  1.4562972E-09  1.3554440E-10  6.6871519E-10  6.2246180E-11  1.0311285E+00
   zr95     95   2.3029796E-31  2.3029796E-31  0.0000000E+00  1.0575021E-31  0.0000000E+00  0.0000000E+00
   zr96     96   1.5471384E-09  1.5694397E-09  2.2301248E-11  7.2066891E-10  1.0241423E-11  1.8473755E+00
   nb93     93   3.7951089E-10  4.3804271E-10  5.8531825E-11  2.0114425E-10  2.6879624E-11  8.7408441E-01
   nb94     94   4.7134432E-17  4.7134432E-17  0.0000000E+00  2.1643598E-17  0.0000000E+00  0.0000000E+00
   nb95     95   2.7553543E-31  2.7553543E-31  0.0000000E+00  1.2652275E-31  0.0000000E+00  0.0000000E+00
   mo94     94  -4.5631381E-13  1.7887814E-11  1.8344128E-11  8.2138818E-12  8.4241910E-12 -1.0979763E-02
   mo95     95   2.1622529E-10  2.4831279E-10  3.2087492E-11  1.1402242E-10  1.4735569E-11  8.8862336E-01
   mo96     96   4.8897547E-10  5.2310689E-10  3.4131406E-11  2.4020474E-10  1.5674198E-11  1.1853963E+00
   mo97     97   1.9913432E-10  2.1899051E-10  1.9856188E-11  1.0055796E-10  9.1185757E-12  1.0424895E+00
   mo98     98   5.6479982E-10  6.1577649E-10  5.0976650E-11  2.8275760E-10  2.3410055E-11  1.0820119E+00
   tc99     99   0.0000000E+00  0.0000000E+00  0.0000000E+00  0.0000000E+00  0.0000000E+00  0.0000000E+00
   ru99     99   6.8981855E-11  8.6780527E-11  1.7798671E-11  3.9848635E-11  8.1737004E-12  6.8799472E-01
  ru100    100   2.3189446E-10  2.4964728E-10  1.7752817E-11  1.1463520E-10  8.1526418E-12  1.1480197E+00
  ru101    101   4.7780502E-11  7.2057187E-11  2.4276687E-11  3.3087845E-11  1.1148606E-11  4.7244793E-01
  ru102    102   2.6471336E-10  3.1005523E-10  4.5341880E-11  1.4237385E-10  2.0822394E-11  8.3489954E-01
  rh103    103   4.2319464E-11  7.1276395E-11  2.8956931E-11  3.2729312E-11  1.3297919E-11  3.9115319E-01
  pd104    104   1.3025205E-10  1.4292331E-10  1.2671262E-11  6.5628766E-11  5.8190358E-12  1.0522432E+00
  pd105    105   3.1508282E-11  5.7151200E-11  2.5642918E-11  2.6243183E-11  1.1776022E-11  3.4801793E-01
  pd106    106   1.3635139E-10  1.6803560E-10  3.1684214E-11  7.7160042E-11  1.4550371E-11  7.2451842E-01
  pd107    107   0.0000000E+00  0.0000000E+00  0.0000000E+00  0.0000000E+00  0.0000000E+00  0.0000000E+00
  pd108    108   1.5765100E-10  1.8890511E-10  3.1254103E-11  8.6743085E-11  1.4352851E-11  7.8129667E-01
  ag107    107   2.5952995E-11  4.7477980E-11  2.1524985E-11  2.1801351E-11  9.8849392E-12  3.4350941E-01
  ag108    108   0.0000000E+00  0.0000000E+00  0.0000000E+00  0.0000000E+00  0.0000000E+00  0.0000000E+00
  ag109    109   3.8023432E-11  5.8394588E-11  2.0371158E-11  2.6814133E-11  9.3550653E-12  4.5731694E-01
  cd108    108  -2.8881086E-14  1.1781196E-12  1.2070006E-12  5.4097915E-13  5.5429207E-13 -1.0558134E-02
  cd109    109   2.6119486E-29  2.6119486E-29  0.0000000E+00  1.1993772E-29  0.0000000E+00  0.0000000E+00
  cd110    110   1.2736104E-10  1.4461361E-10  1.7252576E-11  6.6404930E-11  7.9229167E-12  9.2331523E-01
  cd111    111   4.0890964E-11  5.8732401E-11  1.7841435E-11  2.6969253E-11  8.1933392E-12  5.1740801E-01
  cd112    112   1.5243914E-10  1.8637540E-10  3.3936257E-11  8.5581472E-11  1.5584579E-11  7.3968470E-01
  cd113    113   4.3922803E-11  6.1262703E-11  1.7339902E-11  2.8131140E-11  7.9630191E-12  5.4810959E-01
  cd114    114   2.1425162E-10  2.5537855E-10  4.1126942E-11  1.1726693E-10  1.8886764E-11  7.9301798E-01
  in115    115   4.0515796E-11  5.6023842E-11  1.5508046E-11  2.5725514E-11  7.1217750E-12  5.5777586E-01
  sn116    116   3.0102956E-10  3.4954792E-10  4.8518353E-11  1.6050844E-10  2.2281128E-11  8.5756069E-01
  sn117    117   8.6806076E-11  1.1265554E-10  2.5849460E-11  5.1730148E-11  1.1870871E-11  6.3926113E-01
  sn118    118   4.5661946E-10  5.3544230E-10  7.8822851E-11  2.4586905E-10  3.6197888E-11  8.3202064E-01
  sn119    119   1.3301016E-10  1.6241684E-10  2.9406689E-11  7.4579974E-11  1.3504461E-11  7.4214500E-01
  sn120    120   8.4462481E-10  9.5709285E-10  1.1246804E-10  4.3948620E-10  5.1648803E-11  9.2988497E-01
  sb121    121   6.0273841E-11  7.7618009E-11  1.7344164E-11  3.5641309E-11  7.9649768E-12  6.5076911E-01
  te122    122   1.0705924E-10  1.1858835E-10  1.1529111E-11  5.4454427E-11  5.2945248E-12  1.0122062E+00
  te123    123   3.9360043E-11  4.3417017E-11  4.0569726E-12  1.9936603E-11  1.8630874E-12  1.0294180E+00
  te124    124   2.1096370E-10  2.3274602E-10  2.1782312E-11  1.0687434E-10  1.0003111E-11  1.0287384E+00
  te125    125   7.0553133E-11  1.0330469E-10  3.2751562E-11  4.7436343E-11  1.5040530E-11  4.9884811E-01
  te126    126   4.2023390E-10  5.0820698E-10  8.7973073E-11  2.3336288E-10  4.0399958E-11  7.6165086E-01
   i127    127   5.3022239E-11  1.6335445E-10  1.1033222E-10  7.5010512E-11  5.0667966E-11  1.7038862E-01
   i128    128   0.0000000E+00  0.0000000E+00  0.0000000E+00  0.0000000E+00  0.0000000E+00  0.0000000E+00
   i129    129   1.3542100E-13  1.3542100E-13  0.0000000E+00  6.2183785E-14  0.0000000E+00  0.0000000E+00
  xe128    128   1.3570474E-10  1.4762160E-10  1.1916859E-11  6.7786166E-11  5.4725903E-12  1.0929482E+00
  xe129    129   4.9580257E-11  1.9918076E-10  1.4960050E-10  9.1461547E-11  6.8701177E-11  1.2427434E-01
  xe130    130   2.8067779E-10  3.0488334E-10  2.4205554E-11  1.3999897E-10  1.1115939E-11  1.1001787E+00
  xe131    131   1.0607619E-10  2.2699354E-10  1.2091735E-10  1.0423286E-10  5.5528984E-11  2.7348492E-01
  xe132    132   5.8827893E-10  7.3719847E-10  1.4891953E-10  3.3851319E-10  6.8388455E-11  6.9459283E-01
  xe133    133   4.4783052E-38  4.4783052E-38  0.0000000E+00  2.0563870E-38  0.0000000E+00  0.0000000E+00
  xe134    134   5.5065980E-10  6.0647920E-10  5.5819415E-11  2.7848837E-10  2.5634004E-11  1.0359906E+00
  cs133    133   7.8948841E-11  1.1810104E-10  3.9152202E-11  5.4230662E-11  1.7979902E-11  4.7945759E-01
  cs134    134   6.3165321E-20  6.3165321E-20  0.0000000E+00  2.9004801E-20  0.0000000E+00  0.0000000E+00
  cs135    135   0.0000000E+00  0.0000000E+00  0.0000000E+00  0.0000000E+00  0.0000000E+00  0.0000000E+00
  cs136    136   2.6951735E-35  2.6951735E-35  0.0000000E+00  1.2375931E-35  0.0000000E+00  0.0000000E+00
  cs137    137   0.0000000E+00  0.0000000E+00  0.0000000E+00  0.0000000E+00  0.0000000E+00  0.0000000E+00
  ba134    134   7.5565318E-11  8.7567981E-11  1.2002664E-11  4.0210224E-11  5.5119941E-12  8.6302775E-01
  ba135    135   2.9757505E-10  3.3055628E-10  3.2981229E-11  1.5178769E-10  1.5146001E-11  1.0009387E+00
  ba136    136   6.6044303E-10  7.0002815E-10  3.9585099E-11  3.2144498E-10  1.8178702E-11  1.2475439E+00
  ba137    137   1.7643192E-09  1.8213466E-09  5.7027334E-11  8.3634172E-10  2.6188714E-11  1.5042697E+00
  ba138    138   8.2407032E-09  8.6073904E-09  3.6668679E-10  3.9524162E-09  1.6839392E-10  1.3705363E+00
  la139    139   1.0018830E-09  1.0521773E-09  5.0294352E-11  4.8314791E-10  2.3096722E-11  1.3205298E+00
  ce140    140   3.0979492E-09  3.2132208E-09  1.1527155E-10  1.4754746E-09  5.2936263E-11  1.4451785E+00
  ce141    141   9.8211010E-34  9.8211010E-34  0.0000000E+00  4.5097382E-34  0.0000000E+00  0.0000000E+00
  ce142    142   5.2726118E-10  5.4195265E-10  1.4691486E-11  2.4885852E-10  6.7467850E-12  1.5668557E+00
  pr141    141   3.1850325E-10  3.3836967E-10  1.9866407E-11  1.5537552E-10  9.1232690E-12  1.2312322E+00
  nd142    142   6.5029815E-10  6.7679901E-10  2.6500840E-11  3.1077843E-10  1.2170005E-11  1.4071602E+00
  nd143    143   1.4709158E-10  1.5895638E-10  1.1864799E-11  7.2990967E-11  5.4486827E-12  1.1269777E+00
  nd144    144   4.5067697E-10  4.7425669E-10  2.3579713E-11  2.1777330E-10  1.0828533E-11  1.3034351E+00
  nd145    145   8.3820562E-11  9.2589311E-11  8.7687505E-12  4.2515963E-11  4.0268813E-12  1.0235832E+00
  nd146    146   3.9908313E-10  4.1634218E-10  1.7259057E-11  1.9117961E-10  7.9258926E-12  1.3823935E+00
  nd147    147   5.7763853E-36  5.7763853E-36  0.0000000E+00  2.6524507E-36  0.0000000E+00  0.0000000E+00
  nd148    148   5.0109163E-11  5.5947115E-11  5.8379516E-12  2.5690281E-11  2.6809679E-12  9.8147726E-01
  pm147    147  -1.9632449E-19 -1.9632449E-19  0.0000000E+00 -9.0149982E-20  0.0000000E+00  0.0000000E+00
  pm148    148   0.0000000E+00  0.0000000E+00  0.0000000E+00  0.0000000E+00  0.0000000E+00  0.0000000E+00
  sm147    147   4.6953559E-11  5.1652620E-11  4.6990597E-12  2.3718298E-11  2.1579537E-12  1.0410414E+00
  sm148    148   1.0331078E-10  1.0685848E-10  3.5477055E-12  4.9068204E-11  1.6292162E-12  1.4788215E+00
  sm149    149   1.8303810E-11  2.2695226E-11  4.3914165E-12  1.0421390E-11  2.0166742E-12  7.1328992E-01
  sm150    150   8.4702578E-11  8.7063336E-11  2.3607585E-12  3.9978496E-11  1.0841334E-12  1.5667439E+00
  sm151    151   4.9553829E-15  4.9553829E-15  0.0000000E+00  2.2754558E-15  0.0000000E+00  0.0000000E+00
  sm152    152   7.5803905E-11  8.4475225E-11  8.6713189E-12  3.8790065E-11  3.9821380E-12  9.8860419E-01
  eu151    151   1.2444601E-11  1.8164756E-11  5.7201553E-12  8.3410501E-12  2.6268722E-12  5.0178182E-01
  eu152    152  -1.1727798E-19 -1.1727798E-19  0.0000000E+00 -5.3852718E-20  0.0000000E+00  0.0000000E+00
  eu153    153   1.4433810E-11  2.0760569E-11  6.3267586E-12  9.5330176E-12  2.9054432E-12  5.1601803E-01
  eu154    154  -2.2192793E-17 -2.2192793E-17  0.0000000E+00 -1.0190679E-17  0.0000000E+00  0.0000000E+00
  eu155    155  -9.8392092E-18 -9.8392092E-18  0.0000000E+00 -4.5180535E-18  0.0000000E+00  0.0000000E+00
  gd152    152   1.3801413E-14  9.7319932E-14  8.3518519E-14  4.4688211E-14  3.8354285E-14  6.6379063E-02
  gd153    153   5.5233282E-32  5.5233282E-32  0.0000000E+00  2.5362498E-32  0.0000000E+00  0.0000000E+00
  gd154    154   9.2888891E-12  1.0211202E-11  9.2231268E-13  4.6888682E-12  4.2355453E-13  1.0441587E+00
  gd155    155   2.4405766E-11  3.0708210E-11  6.3024455E-12  1.4100862E-11  2.8942781E-12  6.8770540E-01
  gd156    156   5.9220108E-11  6.7992889E-11  8.7727794E-12  3.1221564E-11  4.0287318E-12  8.8928628E-01
  gd157    157   2.8012752E-11  3.4762741E-11  6.7499903E-12  1.5962657E-11  3.0998045E-12  7.1177089E-01
  gd158    158   1.1316532E-10  1.2394773E-10  1.0782399E-11  5.6915393E-11  4.9516112E-12  1.0604832E+00
  gd159    159   0.0000000E+00  0.0000000E+00  0.0000000E+00  0.0000000E+00  0.0000000E+00  0.0000000E+00
  gd160    160   6.3199220E-12  1.5928876E-11  9.6089543E-12  7.3143592E-12  4.4127289E-12  2.1946901E-01
  tb159    159   2.4333712E-11  3.2467626E-11  8.1339128E-12  1.4908765E-11  3.7353445E-12  6.0111099E-01
  tb160    160   3.8486349E-32  3.8486349E-32  0.0000000E+00  1.7672495E-32  0.0000000E+00  0.0000000E+00
  tb161    161   2.6254582E-38  2.6254582E-38  0.0000000E+00  1.2055806E-38  0.0000000E+00  0.0000000E+00
  dy160    160   2.8605488E-11  2.9836279E-11  1.2307922E-12  1.3700482E-11  5.6521785E-13  1.3845201E+00
  dy161    161   1.8046606E-11  2.8091519E-11  1.0044914E-11  1.2899307E-11  4.6129350E-12  4.4658905E-01
  dy162    162   8.2606658E-11  9.6238073E-11  1.3631417E-11  4.4191432E-11  6.2599687E-12  8.4876591E-01
  dy163    163   3.5843491E-11  4.9246999E-11  1.3403507E-11  2.2613664E-11  6.1553046E-12  5.6512135E-01
  dy164    164   1.7654946E-10  1.9185722E-10  1.5307767E-11  8.8098660E-11  7.0297999E-12  1.0980264E+00
  ho165    165   3.2932553E-11  4.4855689E-11  1.1923136E-11  2.0597224E-11  5.4754729E-12  5.7538706E-01
  er166    166   7.4808514E-11  8.6135050E-11  1.1326536E-11  3.9552240E-11  5.2014955E-12  8.8104284E-01
  er167    167   3.0353862E-11  3.8131751E-11  7.7778903E-12  1.7509667E-11  3.5718475E-12  6.9038504E-01
  er168    168   1.1640448E-10  1.2563474E-10  9.2302615E-12  5.7690047E-11  4.2388220E-12  1.1338558E+00
  er169    169   2.4471039E-36  2.4471039E-36  0.0000000E+00  1.1236824E-36  0.0000000E+00  0.0000000E+00
  er170    170   3.5177201E-11  4.0339350E-11  5.1621468E-12  1.8523372E-11  2.3706176E-12  8.9285851E-01
  tm169    169   2.9199265E-11  3.4654220E-11  5.4549555E-12  1.5912825E-11  2.5050845E-12  8.0292493E-01
  tm170    170   1.7712042E-27  1.7712042E-27  0.0000000E+00  8.1331694E-28  0.0000000E+00  0.0000000E+00
  tm171    171   1.5897768E-19  1.5897768E-19  0.0000000E+00  7.3000751E-20  0.0000000E+00  0.0000000E+00
  yb170    170   3.7036003E-11  3.8067730E-11  1.0317258E-12  1.7480271E-11  4.7380042E-13  1.5669528E+00
  yb171    171   5.2194537E-11  5.7101390E-11  4.9068536E-12  2.6220311E-11  2.2533789E-12  1.0658036E+00
  yb172    172   1.4213088E-10  1.4972881E-10  7.5979353E-12  6.8753774E-11  3.4892070E-12  1.2945698E+00
  yb173    173   6.5652830E-11  7.1325446E-11  5.6726139E-12  3.2751836E-11  2.6050397E-12  1.0994214E+00
  yb174    174   3.0422331E-10  3.1557348E-10  1.1350173E-11  1.4490777E-10  5.2123501E-12  1.4440582E+00
  lu175    175   3.9875006E-11  4.4998026E-11  5.1230188E-12  2.0662584E-11  2.3526489E-12  9.4362754E-01
  lu176    176   2.9927033E-11  3.0076566E-11  1.4953189E-13  1.3810819E-11  6.8669666E-14  2.3034546E+00
  lu177    177   3.0528334E-37  3.0528334E-37  0.0000000E+00  1.4018265E-37  0.0000000E+00  0.0000000E+00
  hf176    176  -2.8041913E-14  1.1225514E-12  1.1505933E-12  5.1546289E-13  5.2838804E-13 -1.0755590E-02
  hf177    177   3.2647888E-11  3.6783583E-11  4.1356940E-12  1.6890605E-11  1.8992386E-12  9.4906569E-01
  hf178    178   1.5031695E-10  1.5641831E-10  6.1013495E-12  7.1825518E-11  2.8019284E-12  1.4088218E+00
  hf179    179   5.2619520E-11  5.5683007E-11  3.0634859E-12  2.5569005E-11  1.4068475E-12  1.2594669E+00
  hf180    180   2.9211758E-10  3.0005126E-10  7.9336858E-12  1.3778013E-10  3.6433937E-12  1.5776806E+00
  hf181    181   3.6578974E-33  3.6578974E-33  0.0000000E+00  1.6796650E-33  0.0000000E+00  0.0000000E+00
  hf182    182   9.3528706E-11  9.3528706E-11  0.0000000E+00  4.2947323E-11  0.0000000E+00  0.0000000E+00
  ta181    181   6.9636172E-11  7.2997615E-11  3.3614457E-12  3.3519677E-11  1.5436799E-12  1.3367426E+00
  ta182    182   8.5811329E-19  8.5811329E-19  0.0000000E+00  3.9403591E-19  0.0000000E+00  0.0000000E+00
  ta183    183   0.0000000E+00  0.0000000E+00  0.0000000E+00  0.0000000E+00  0.0000000E+00  0.0000000E+00
   w182    182   1.2545301E-10  1.3072783E-10  5.2748231E-12  6.0028739E-11  2.4223620E-12  1.3941202E+00
   w183    183   9.1750371E-11  9.4614518E-11  2.8641430E-12  4.3445914E-11  1.3153030E-12  1.5189232E+00
   w184    184   2.2875009E-10  2.3491603E-10  6.1659484E-12  1.0787078E-10  2.8315943E-12  1.5808729E+00
   w185    185   3.5946758E-31  3.5946758E-31  0.0000000E+00  1.6506345E-31  0.0000000E+00  0.0000000E+00
   w186    186   1.0431705E-10  1.1010035E-10  5.7833018E-12  5.0556833E-11  2.6558710E-12  1.2795730E+00
  re185    185   4.4967193E-11  4.7906717E-11  2.9395251E-12  2.1998221E-11  1.3499208E-12  1.2120793E+00
  re186    186   0.0000000E+00  0.0000000E+00  0.0000000E+00  0.0000000E+00  0.0000000E+00  0.0000000E+00
  re187    187   2.3012588E-11  2.8373269E-11  5.3606798E-12  1.3028684E-11  2.4617899E-12  7.2364956E-01
  os186    186   8.9231345E-11  9.0860604E-11  1.6292577E-12  4.1722160E-11  7.4820553E-13  1.7463459E+00
  os187    187   2.6167001E-11  2.7469823E-11  1.3028222E-12  1.2613832E-11  5.9829626E-13  1.3239307E+00
  os188    188   1.9427789E-10  2.0802191E-10  1.3744021E-11  9.5521299E-11  6.3116795E-12  1.1799554E+00
  os189    189   3.9342224E-11  5.6188613E-11  1.6846391E-11  2.5801174E-11  7.7363836E-12  5.2310151E-01
  os190    190   1.8868448E-10  2.1622534E-10  2.7540865E-11  9.9288230E-11  1.2647617E-11  8.9488906E-01
  os191    191   6.6179201E-35  6.6179201E-35  0.0000000E+00  3.0388739E-35  0.0000000E+00  0.0000000E+00
  os192    192   3.8501868E-11  8.1724391E-11  4.3222523E-11  3.7526916E-11  1.9849119E-11  2.7660167E-01
  ir191    191   3.5313974E-11  7.1759432E-11  3.6445458E-11  3.2951118E-11  1.6736881E-11  2.9419562E-01
  ir192    192   6.5388319E-32  6.5388319E-32  0.0000000E+00  3.0025576E-32  0.0000000E+00  0.0000000E+00
  ir193    193   4.0806705E-11  1.0271202E-10  6.1905314E-11  4.7164196E-11  2.8428836E-11  2.1985337E-01
  pt192    192   4.7929334E-11  4.9461820E-11  1.5324842E-12  2.2712308E-11  7.0376420E-13  1.5088342E+00
  pt193    193   1.3408292E-15  1.3408292E-15  0.0000000E+00  6.1569359E-16  0.0000000E+00  0.0000000E+00
  pt194    194   1.4285811E-10  2.0813909E-10  6.5280968E-11  9.5575110E-11  2.9979040E-11  5.0352716E-01
  pt195    195   5.7763620E-11  1.2510540E-10  6.7341778E-11  5.7446981E-11  3.0925429E-11  2.6895148E-01
  pt196    196   2.5256003E-10  3.0306072E-10  5.0500673E-11  1.3916204E-10  2.3191471E-11  7.7819252E-01
  au197    197   8.1337381E-11  1.1177221E-10  3.0434832E-11  5.1324531E-11  1.3976616E-11  5.6492299E-01
  hg198    198   2.8006461E-10  2.8721417E-10  7.1495696E-12  1.3188549E-10  3.2833033E-12  1.6038861E+00
  hg199    199   1.2191748E-10  1.3407579E-10  1.2158312E-11  6.1566086E-11  5.5834725E-12  1.0424372E+00
  hg200    200   3.9963069E-10  4.1636203E-10  1.6731337E-11  1.9118873E-10  7.6835474E-12  1.3959006E+00
  hg201    201   1.6338715E-10  1.7298102E-10  9.5938717E-12  7.9430927E-11  4.4058025E-12  1.2559646E+00
  hg202    202   6.2751598E-10  6.4936018E-10  2.1844179E-11  2.9817884E-10  1.0031522E-11  1.4731101E+00
  tl203    203   3.2696748E-10  3.3560851E-10  8.6410375E-12  1.5410763E-10  3.9682316E-12  1.5892272E+00
  tl204    204  -1.9672224E-17 -1.9672224E-17  0.0000000E+00 -9.0332623E-18  0.0000000E+00  0.0000000E+00
  tl205    205   7.7881146E-10  7.9964191E-10  2.0830471E-11  3.6718650E-10  9.5659973E-12  1.5841565E+00
  pb204    204   2.2766494E-10  2.3860208E-10  1.0937145E-11  1.0956337E-10  5.0226759E-12  1.3387303E+00
  pb205    205   0.0000000E+00  0.0000000E+00  0.0000000E+00  0.0000000E+00  0.0000000E+00  0.0000000E+00
  pb206    206   3.1036322E-08  3.1139088E-08  1.0276705E-10  1.4298716E-08  4.7193808E-11  2.4814122E+00
  pb207    207   4.8244591E-09  4.9387348E-09  1.1427553E-10  2.2678111E-09  5.2478858E-11  1.6356225E+00
  pb208    208   1.5257186E-07  1.5290053E-07  3.2867231E-10  7.0210191E-08  1.5093649E-10  2.6676059E+00
  bi209    209   6.8618182E-09  6.8846768E-09  2.2858798E-11  3.1613656E-09  1.0497467E-11  2.4787903E+00
  bi210    210   0.0000000E+00  0.0000000E+00  0.0000000E+00  0.0000000E+00  0.0000000E+00  0.0000000E+00
  po210    210   0.0000000E+00  0.0000000E+00  0.0000000E+00  0.0000000E+00  0.0000000E+00  0.0000000E+00
