# Initial mass = 3.000, Z =  0.0007, Y =  0.250, M_mix = 5.00E-04
# Final mass = 0.827, Mass expelled =   2.1731
  species    A      yield       mass(i)_lost    mass(i)_0        <X(i)>         
  X0(i)   log10(<X(i)>/X0(i)) 
      n      1   0.0000000E+00  0.0000000E+00  0.0000000E+00  0.0000000E+00  0.0000000E+00  0.0000000E+00
      p      1  -9.6026421E-02  1.5325112E+00  1.6285377E+00  7.0523244E-01  7.4949098E-01 -2.6434153E-02
      d      2   1.2390054E-17  1.2390054E-17  0.0000000E+00  5.7016666E-18  0.0000000E+00  0.0000000E+00
    he3      3   1.6897867E-04  1.6897867E-04  0.0000000E+00  7.7760764E-05  0.0000000E+00  0.0000000E+00
    he4      4   7.2079778E-02  6.1540377E-01  5.4332399E-01  2.8319708E-01  2.5005037E-01  5.4061271E-02
    li7      7   9.7891539E-10  1.2897032E-09  3.1078784E-10  5.9349686E-10  1.4303181E-10  6.1798579E-01
    be7      7   2.5855032E-12  2.5855032E-12  0.0000000E+00  1.1897993E-12  0.0000000E+00  0.0000000E+00
     b8      8   1.5105070E-25  1.5105070E-25  0.0000000E+00  6.9510657E-26  0.0000000E+00  0.0000000E+00
    c12     12   1.9821817E-02  1.9953117E-02  1.3130011E-04  9.1820443E-03  6.0427374E-05  2.1817060E+00
    c13     13   1.1758924E-03  1.1769293E-03  1.0369077E-06  5.4160046E-04  4.7720908E-07  3.0549705E+00
    c14     14   5.6835045E-08  5.6835045E-08  0.0000000E+00  2.6154405E-08  0.0000000E+00  0.0000000E+00
    n13     13   0.0000000E+00  0.0000000E+00  0.0000000E+00  0.0000000E+00  0.0000000E+00  0.0000000E+00
    n14     14   3.3970739E-04  4.3691893E-04  9.7211538E-05  2.0106176E-04  4.4739012E-05  6.5264308E-01
    n15     15  -5.3290837E-08  9.0229930E-09  6.2313831E-08  4.1522092E-09  2.8678276E-08 -8.3927381E-01
    o14     14   0.0000000E+00  0.0000000E+00  0.0000000E+00  0.0000000E+00  0.0000000E+00  0.0000000E+00
    o15     15   0.0000000E+00  0.0000000E+00  0.0000000E+00  0.0000000E+00  0.0000000E+00  0.0000000E+00
    o16     16   5.0489040E-04  1.0128506E-03  5.0796015E-04  4.6609453E-04  2.3377509E-04  2.9967576E-01
    o17     17   3.9279998E-06  4.0114055E-06  8.3405659E-08  1.8459724E-06  3.8385231E-08  1.6820611E+00
    o18     18  -3.5523510E-07  1.0965896E-07  4.6489407E-07  5.0462962E-08  2.1395509E-07 -6.2734991E-01
    o19     19   0.0000000E+00  0.0000000E+00  0.0000000E+00  0.0000000E+00  0.0000000E+00  0.0000000E+00
    f17     17   0.0000000E+00  0.0000000E+00  0.0000000E+00  0.0000000E+00  0.0000000E+00  0.0000000E+00
    f18     18   0.0000000E+00  0.0000000E+00  0.0000000E+00  0.0000000E+00  0.0000000E+00  0.0000000E+00
    f19     19   2.3953655E-06  2.4087535E-06  1.3387894E-08  1.1084625E-06  6.1614212E-09  2.2550404E+00
    f20     20   0.0000000E+00  0.0000000E+00  0.0000000E+00  0.0000000E+00  0.0000000E+00  0.0000000E+00
   ne19     19   0.0000000E+00  0.0000000E+00  0.0000000E+00  0.0000000E+00  0.0000000E+00  0.0000000E+00
   ne20     20   3.2623393E-05  1.1703855E-04  8.4415158E-05  5.3858912E-05  3.8849827E-05  1.4186850E-01
   ne21     21   2.7122080E-06  2.8188897E-06  1.0668167E-07  1.2971993E-06  4.9097391E-08  1.4219484E+00
   ne22     22   1.6664881E-03  1.6699163E-03  3.4282052E-06  7.6846365E-04  1.5777398E-06  2.6875880E+00
   ne23     23   0.0000000E+00  0.0000000E+00  0.0000000E+00  0.0000000E+00  0.0000000E+00  0.0000000E+00
   na21     21   0.0000000E+00  0.0000000E+00  0.0000000E+00  0.0000000E+00  0.0000000E+00  0.0000000E+00
   na22     22   9.3735810E-14  9.3735810E-14  0.0000000E+00  4.3135434E-14  0.0000000E+00  0.0000000E+00
   na23     23   2.0123995E-05  2.0704680E-05  5.8068508E-07  9.5278992E-06  2.6724481E-07  1.5520879E+00
   na24     24   0.0000000E+00  0.0000000E+00  0.0000000E+00  0.0000000E+00  0.0000000E+00  0.0000000E+00
   mg23     23   0.0000000E+00  0.0000000E+00  0.0000000E+00  0.0000000E+00  0.0000000E+00  0.0000000E+00
   mg24     24   8.1149265E-06  5.2768857E-05  4.4653931E-05  2.4283223E-05  2.0550780E-05  7.2478011E-02
   mg25     25   8.3728672E-05  8.6394924E-05  2.6662537E-06  3.9757299E-05  1.2270722E-06  1.5105468E+00
   mg26     26   1.0151714E-04  1.0457009E-04  3.0529463E-06  4.8121165E-05  1.4050370E-06  1.5346485E+00
   mg27     27   0.0000000E+00  0.0000000E+00  0.0000000E+00  0.0000000E+00  0.0000000E+00  0.0000000E+00
   al25     25   0.0000000E+00  0.0000000E+00  0.0000000E+00  0.0000000E+00  0.0000000E+00  0.0000000E+00
   al-6     26   0.0000000E+00  0.0000000E+00  0.0000000E+00  0.0000000E+00  0.0000000E+00  0.0000000E+00
   al*6     26   0.0000000E+00  0.0000000E+00  0.0000000E+00  0.0000000E+00  0.0000000E+00  0.0000000E+00
   al27     27   4.2129745E-06  5.6708541E-06  1.4578795E-06  2.6096191E-06  6.7095010E-07  5.8988696E-01
   al28     28   0.0000000E+00  0.0000000E+00  0.0000000E+00  0.0000000E+00  0.0000000E+00  0.0000000E+00
   si27     27   0.0000000E+00  0.0000000E+00  0.0000000E+00  0.0000000E+00  0.0000000E+00  0.0000000E+00
   si28     28   6.5999266E-06  3.8091595E-05  3.1491669E-05  1.7529026E-05  1.4493198E-05  8.2593575E-02
   si29     29   1.0063616E-06  2.1837425E-06  1.1773809E-06  1.0049166E-06  5.4185813E-07  2.6824445E-01
   si30     30   1.4665657E-06  2.2694246E-06  8.0285901E-07  1.0443459E-06  3.6949444E-07  4.5123646E-01
    p31     31   6.3017114E-07  8.5369857E-07  2.2352741E-07  3.9285581E-07  1.0287252E-07  5.8193386E-01
    p32     32   1.4449219E-33  1.4449219E-33  0.0000000E+00  6.6492550E-34  0.0000000E+00  0.0000000E+00
    p33     33   1.9517635E-34  1.9517635E-34  0.0000000E+00  8.9816435E-35  0.0000000E+00  0.0000000E+00
    s32     32  -4.0109080E-07  2.2605942E-05  2.3007033E-05  1.0402823E-05  1.0588373E-05 -7.6779993E-03
    s33     33   1.6086233E-08  1.0465891E-07  8.8572676E-08  4.8162036E-08  4.0763211E-08  7.2436474E-02
    s34     34   1.8441671E-07  6.9951830E-07  5.1510159E-07  3.2190499E-07  2.3706176E-07  1.3286620E-01
    s35     35  -1.5896655E-26 -1.5896655E-26  0.0000000E+00 -7.3153375E-27  0.0000000E+00  0.0000000E+00
    s36     36   1.7455541E-08  1.9998218E-08  2.5426781E-09  9.2027985E-09  1.1701997E-09  8.9565992E-01
   cl35     35   1.7254820E-10  1.1022391E-07  1.1005136E-07  5.0722942E-08  5.0648200E-08  6.4041239E-04
   cl36     36   0.0000000E+00  0.0000000E+00  0.0000000E+00  0.0000000E+00  0.0000000E+00  0.0000000E+00
   cl37     37   4.1593417E-08  7.8775102E-08  3.7181685E-08  3.6250800E-08  1.7111876E-08  3.2601997E-01
   ar36     36  -1.8675337E-07  4.7885987E-06  4.9753521E-06  2.2036218E-06  2.2897732E-06 -1.6655380E-02
   ar37     37   3.1571040E-28  3.1571040E-28  0.0000000E+00  1.4528391E-28  0.0000000E+00  0.0000000E+00
   ar38     38   7.0694853E-08  4.6399884E-07  3.9330399E-07  2.1352342E-07  1.8100766E-07  7.1748555E-02
   ar39     39   1.1831629E-11  1.1831629E-11  0.0000000E+00  5.4446903E-12  0.0000000E+00  0.0000000E+00
   ar40     40   1.8661364E-08  1.9323515E-08  6.6215111E-10  8.8923136E-09  3.0473737E-10  1.4650892E+00
    k39     39   1.3591006E-08  1.8223508E-07  1.6864408E-07  8.3861110E-08  7.7613940E-08  3.3620846E-02
    k40     40  -1.7271587E-11  0.0000000E+00  1.7271587E-11  0.0000000E+00  7.9487875E-12  0.0000000E+00
    k41     41   2.9732687E-09  1.1067579E-08  8.0943101E-09  5.0930886E-09  3.7251904E-09  1.3583277E-01
   ca40     40  -1.2591727E-07  3.8666881E-06  3.9926053E-06  1.7793761E-06  1.8374901E-06 -1.3957248E-02
   ca41     41   0.0000000E+00  0.0000000E+00  0.0000000E+00  0.0000000E+00  0.0000000E+00  0.0000000E+00
   ca42     42   4.6088688E-09  1.7553976E-08  1.2945107E-08  8.0780049E-09  5.9576402E-09  1.3222986E-01
   ca43     43   1.3710102E-09  4.1364339E-09  2.7654237E-09  1.9035080E-09  1.2727124E-09  1.7482443E-01
   ca44     44   4.8659494E-09  4.8590490E-08  4.3724540E-08  2.2360418E-08  2.0123053E-08  4.5785978E-02
   ca45     45  -6.9752735E-23 -6.9752735E-23  0.0000000E+00 -3.2098880E-23  0.0000000E+00  0.0000000E+00
   ca46     46   4.5732529E-09  4.6609090E-09  8.7656118E-11  2.1448614E-09  4.0341386E-11  1.7256484E+00
   ca47     47   1.4543319E-38  1.4543319E-38  0.0000000E+00  0.0000000E+00  0.0000000E+00  0.0000000E+00
   ca48     48   2.0052937E-10  4.4766373E-09  4.2761079E-09  2.0600632E-09  1.9679645E-09  1.9863278E-02
   sc45     45   1.8364037E-09  3.9852281E-09  2.1488245E-09  1.8339260E-09  9.8893915E-10  2.6821226E-01
   sc46     46   1.1499283E-31  1.1499283E-31  0.0000000E+00  5.2917505E-32  0.0000000E+00  0.0000000E+00
   sc47     47   3.1724364E-36  3.1724364E-36  0.0000000E+00  1.4598948E-36  0.0000000E+00  0.0000000E+00
   sc48     48   3.6494774E-32  8.1453728E-31  7.7804250E-31  3.7483454E-31  3.5807331E-31  0.0000000E+00
   ti46     46   2.3861713E-10  7.7752773E-09  7.5366602E-09  3.5780343E-09  3.4685468E-09  1.3496930E-02
   ti47     47   2.7420288E-10  7.2186266E-09  6.9444237E-09  3.3218743E-09  3.1959857E-09  1.6778372E-02
   ti48     48  -8.2924885E-09  1.9468989E-07  2.0298238E-07  8.9592575E-08  9.3417221E-08 -1.8154891E-02
   ti49     49   1.5293895E-09  6.7939037E-09  5.2645142E-09  3.1264249E-09  2.4228521E-09  1.1072108E-01
   ti50     50   9.0413375E-09  1.4184986E-08  5.1436482E-09  6.5276602E-09  2.3672269E-09  4.4051766E-01
    v51     51  -2.1923618E-10  1.9797016E-08  2.0016252E-08  9.1102095E-09  9.2119459E-09 -4.8230155E-03
   cr52     52  -2.3359235E-08  6.9949556E-07  7.2285479E-07  3.2189453E-07  3.3267460E-07 -1.4306045E-02
   cr53     53  -1.0860894E-09  5.2617615E-08  5.3703705E-08  2.4213623E-08  2.4715698E-08 -8.9130895E-03
   cr54     54   1.3733027E-08  2.7353597E-08  1.3620570E-08  1.2587604E-08  6.2685030E-09  3.0277923E-01
   mn55     55  -1.6168968E-09  1.1933680E-07  1.2095370E-07  5.4916523E-08  5.5665712E-08 -5.8847419E-03
   fe54     54  -1.2192322E-07  2.5519612E-06  2.6738844E-06  1.1743639E-06  1.2305838E-06 -2.0308547E-02
   fe55     55  -2.3541056E-17 -2.3541056E-17  0.0000000E+00 -1.0833145E-17  0.0000000E+00  0.0000000E+00
   fe56     56  -1.6955964E-06  4.1833264E-05  4.3528860E-05  1.9250871E-05  2.0032996E-05 -1.7295538E-02
   fe57     57   4.7901267E-08  1.0711201E-06  1.0232188E-06  4.9290907E-07  4.7090913E-07  1.9829694E-02
   fe58     58   4.3773895E-07  5.7629438E-07  1.3855544E-07  2.6519970E-07  6.3766443E-08  6.1898088E-01
   fe59     59   2.4826170E-30  2.4826170E-30  0.0000000E+00  1.1424530E-30  0.0000000E+00  0.0000000E+00
   fe60     60   0.0000000E+00  0.0000000E+00  0.0000000E+00  0.0000000E+00  0.0000000E+00  0.0000000E+00
   co59     59   1.9482282E-07  3.0168252E-07  1.0685970E-07  1.3882854E-07  4.9179327E-08  4.5069623E-01
   co60     60   7.8054864E-13  7.8054864E-13  0.0000000E+00  3.5919360E-13  0.0000000E+00  0.0000000E+00
   ni58     58  -6.9993234E-08  1.4590073E-06  1.5290005E-06  6.7140735E-07  7.0368168E-07 -2.0390145E-02
   ni59     59   0.0000000E+00  0.0000000E+00  0.0000000E+00  0.0000000E+00  0.0000000E+00  0.0000000E+00
   ni60     60   4.9986522E-07  1.1091226E-06  6.0925743E-07  5.1039711E-07  2.8039449E-07  2.6013878E-01
   ni61     61   8.4043442E-08  1.1096995E-07  2.6926507E-08  5.1066255E-08  1.2392206E-08  6.1498541E-01
   ni62     62   1.8045036E-07  2.6770675E-07  8.7256396E-08  1.2319354E-07  4.0157428E-08  4.8682213E-01
   ni63     63   0.0000000E+00  0.0000000E+00  0.0000000E+00  0.0000000E+00  0.0000000E+00  0.0000000E+00
   ni64     64   1.9262237E-07  2.1556124E-07  2.2938879E-08  9.9197173E-08  1.0557007E-08  9.7295851E-01
   cu63     63   1.0657898E-07  1.0733284E-07  7.5385492E-10  4.9392526E-08  3.4694159E-10  2.1534052E+00
   cu64     64   0.0000000E+00  0.0000000E+00  0.0000000E+00  0.0000000E+00  0.0000000E+00  0.0000000E+00
   cu65     65   3.2134491E-08  4.0841030E-08  8.7065395E-09  1.8794264E-08  4.0069521E-09  6.7121118E-01
   zn64     64  -3.6224108E-09  8.0821096E-08  8.4443506E-08  3.7192329E-08  3.8862868E-08 -1.9081481E-02
   zn65     65  -1.2962957E-24 -1.2962957E-24  0.0000000E+00 -5.9653055E-25  0.0000000E+00  0.0000000E+00
   zn66     66   2.9707881E-08  4.8899825E-08  1.9191944E-08  2.2502768E-08  8.8325800E-09  4.0614837E-01
   zn67     67   6.4885679E-09  9.3515684E-09  2.8630003E-09  4.3034136E-09  1.3176195E-09  5.1402307E-01
   zn68     68   3.9205254E-08  5.2493561E-08  1.3288306E-08  2.4156536E-08  6.1155880E-09  5.9659648E-01
   zn69     69   0.0000000E+00  0.0000000E+00  0.0000000E+00  0.0000000E+00  0.0000000E+00  0.0000000E+00
   zn70     70   3.8427425E-10  8.3660451E-10  4.5233026E-10  3.8498946E-10  2.0817294E-10  2.6702461E-01
   ga69     69   5.5290625E-09  6.7473316E-09  1.2182692E-09  3.1049934E-09  5.6067584E-10  7.4334884E-01
   ga70     70   0.0000000E+00  0.0000000E+00  0.0000000E+00  0.0000000E+00  0.0000000E+00  0.0000000E+00
   ga71     71   4.7752406E-09  5.6072018E-09  8.3196100E-10  2.5803273E-09  3.8288783E-10  8.2860321E-01
   ge70     70   8.2702538E-09  9.6253121E-09  1.3550587E-09  4.4293853E-09  6.2362959E-10  8.5141671E-01
   ge71     71   9.2416392E-34  9.2416392E-34  0.0000000E+00  4.2528261E-34  0.0000000E+00  0.0000000E+00
   ge72     72   7.8175981E-09  9.6594928E-09  1.8418944E-09  4.4451145E-09  8.4768276E-10  7.1964967E-01
   ge73     73   2.2961784E-09  2.8203442E-09  5.2416577E-10  1.2978686E-09  2.4123328E-10  7.3079348E-01
   ge74     74   1.0018352E-08  1.2512088E-08  2.4937354E-09  5.7578244E-09  1.1476752E-09  7.0043945E-01
   as75     75   9.1789815E-10  1.2835172E-09  3.6561904E-10  5.9065014E-10  1.6826639E-10  5.4533297E-01
   se76     76   3.2147747E-09  3.5954102E-09  3.8063544E-10  1.6545393E-09  1.7517729E-10  9.7519928E-01
   se77     77   1.2695461E-09  1.5835835E-09  3.1403735E-10  7.2873496E-10  1.4452732E-10  7.0261967E-01
   se78     78   8.1194154E-09  9.1104457E-09  9.9103070E-10  4.1924535E-09  4.5609547E-10  9.6341252E-01
   se79     79   0.0000000E+00  0.0000000E+00  0.0000000E+00  0.0000000E+00  0.0000000E+00  0.0000000E+00
   se80     80   9.9220356E-09  1.2043520E-08  2.1214845E-09  5.5421983E-09  9.7635666E-10  7.5407350E-01
   br79     79   1.8099071E-09  2.1491502E-09  3.3924302E-10  9.8899799E-10  1.5612754E-10  8.0171591E-01
   br80     80   0.0000000E+00  0.0000000E+00  0.0000000E+00  0.0000000E+00  0.0000000E+00  0.0000000E+00
   br81     81   1.3211578E-09  1.6595361E-09  3.3837827E-10  7.6368684E-10  1.5572957E-10  6.9054425E-01
   kr80     80  -3.7261236E-12  7.7120491E-11  8.0846614E-11  3.5489379E-11  3.7207494E-11 -2.0532034E-02
   kr81     81   0.0000000E+00  0.0000000E+00  0.0000000E+00  0.0000000E+00  0.0000000E+00  0.0000000E+00
   kr82     82   4.4708650E-09  4.8860951E-09  4.1522993E-10  2.2484878E-09  1.9109848E-10  1.0706333E+00
   kr83     83   1.5549753E-09  1.9713546E-09  4.1637943E-10  9.0717983E-10  1.9162751E-10  6.7523557E-01
   kr84     84   9.9244879E-09  1.2001255E-08  2.0767670E-09  5.5227489E-09  9.5577657E-10  7.6179892E-01
   kr-5     85  -1.3916903E-14 -1.3916903E-14  0.0000000E+00 -6.4042933E-15  0.0000000E+00  0.0000000E+00
   kr*5     85   0.0000000E+00  0.0000000E+00  0.0000000E+00  0.0000000E+00  0.0000000E+00  0.0000000E+00
   kr86     86   3.1900896E-08  3.2543880E-08  6.4298528E-10  1.4976074E-08  2.9591682E-10  1.7042284E+00
   rb85     85   3.4562080E-09  3.7932666E-09  3.3705869E-10  1.7455890E-09  1.5512225E-10  1.0512680E+00
   rb86     86   1.3120417E-32  1.3120417E-32  0.0000000E+00  6.0377658E-33  0.0000000E+00  0.0000000E+00
   rb87     87   6.9394051E-09  7.0813790E-09  1.4197395E-10  3.2587157E-09  6.5339720E-11  1.6978692E+00
   sr86     86   1.7101170E-09  1.8674000E-09  1.5728301E-10  8.5934188E-10  7.2385306E-11  1.0745156E+00
   sr87     87   7.1225376E-10  8.2344792E-10  1.1119416E-10  3.7893505E-10  5.1174141E-11  8.6951423E-01
   sr88     88   1.6021838E-08  1.7370285E-08  1.3484467E-09  7.9934743E-09  6.2058664E-10  1.1099333E+00
   sr89     89  -4.5615623E-32 -4.5615623E-32  0.0000000E+00 -2.0991440E-32  0.0000000E+00  0.0000000E+00
   sr90     90   2.5622467E-15  2.5622467E-15  0.0000000E+00  1.1790971E-15  0.0000000E+00  0.0000000E+00
    y89     89   4.6292850E-09  4.9509286E-09  3.2164368E-10  2.2783229E-09  1.4802791E-10  1.1872717E+00
    y90     90   6.4797121E-19  6.4797121E-19  0.0000000E+00  2.9818401E-19  0.0000000E+00  0.0000000E+00
    y91     91  -6.5499862E-31 -6.5499862E-31  0.0000000E+00 -3.0141789E-31  0.0000000E+00  0.0000000E+00
   zr90     90   3.8292409E-09  4.2125907E-09  3.8334982E-10  1.9385540E-09  1.7642653E-10  1.0409141E+00
   zr91     91   1.0828838E-09  1.1674106E-09  8.4526872E-11  5.3722010E-10  3.8901236E-11  1.1401889E+00
   zr92     92   1.9965349E-09  2.1271558E-09  1.3062090E-10  9.7887654E-10  6.0114788E-11  1.2117466E+00
   zr93     93   0.0000000E+00  0.0000000E+00  0.0000000E+00  0.0000000E+00  0.0000000E+00  0.0000000E+00
   zr94     94   2.5553850E-09  2.6906370E-09  1.3525213E-10  1.2381799E-09  6.2246180E-11  1.2986711E+00
   zr95     95  -1.4772205E-29 -1.4772205E-29  0.0000000E+00 -6.7978872E-30  0.0000000E+00  0.0000000E+00
   zr96     96   3.9333621E-09  3.9556154E-09  2.2253161E-11  1.8202988E-09  1.0241423E-11  2.2497826E+00
   nb93     93   7.6201723E-10  8.2042284E-10  5.8405614E-11  3.7754294E-10  2.6879624E-11  1.1475432E+00
   nb94     94   2.3390879E-17  2.3390879E-17  0.0000000E+00  1.0764037E-17  0.0000000E+00  0.0000000E+00
   nb95     95  -1.7816361E-29 -1.7816361E-29  0.0000000E+00 -8.1987500E-30  0.0000000E+00  0.0000000E+00
   mo94     94  -8.4484676E-13  1.7459726E-11  1.8304573E-11  8.0346329E-12  8.4241910E-12 -2.0562187E-02
   mo95     95   4.5414075E-10  4.8615906E-10  3.2018301E-11  2.2372112E-10  1.4735569E-11  1.1813401E+00
   mo96     96   1.0008007E-09  1.0348584E-09  3.4057809E-11  4.7622212E-10  1.5674198E-11  1.4826243E+00
   mo97     97   4.2150983E-10  4.4132320E-10  1.9813371E-11  2.0308852E-10  9.1185757E-12  1.3477584E+00
   mo98     98   1.1617318E-09  1.2125986E-09  5.0866731E-11  5.5801475E-10  2.3410055E-11  1.3772433E+00
   tc99     99   0.0000000E+00  0.0000000E+00  0.0000000E+00  0.0000000E+00  0.0000000E+00  0.0000000E+00
   ru99     99   1.4133753E-10  1.5909782E-10  1.7760293E-11  7.3213782E-11  8.1737004E-12  9.5217413E-01
  ru100    100   4.7333804E-10  4.9105259E-10  1.7714535E-11  2.2597305E-10  8.1526418E-12  1.4427583E+00
  ru101    101   9.7461234E-11  1.2168558E-10  2.4224341E-11  5.5997384E-11  1.1148606E-11  7.0094717E-01
  ru102    102   5.4415389E-10  5.8939797E-10  4.5244111E-11  2.7122971E-10  2.0822394E-11  1.1148067E+00
  rh103    103   8.7009240E-11  1.1590373E-10  2.8894491E-11  5.3336689E-11  1.3297919E-11  6.0324240E-01
  pd104    104   2.6956004E-10  2.8220398E-10  1.2643940E-11  1.2986490E-10  5.8190358E-12  1.3486408E+00
  pd105    105   6.5294520E-11  9.0882149E-11  2.5587626E-11  4.1822233E-11  1.1776022E-11  5.5040866E-01
  pd106    106   2.8507288E-10  3.1668879E-10  3.1615894E-11  1.4573415E-10  1.4550371E-11  1.0006872E+00
  pd107    107   0.0000000E+00  0.0000000E+00  0.0000000E+00  0.0000000E+00  0.0000000E+00  0.0000000E+00
  pd108    108   3.3273861E-10  3.6392533E-10  3.1186709E-11  1.6747150E-10  1.4352851E-11  1.0670028E+00
  ag107    107   5.4333330E-11  7.5811898E-11  2.1478571E-11  3.4887190E-11  9.8849392E-12  5.4769200E-01
  ag108    108   0.0000000E+00  0.0000000E+00  0.0000000E+00  0.0000000E+00  0.0000000E+00  0.0000000E+00
  ag109    109   8.0200450E-11  1.0052768E-10  2.0327231E-11  4.6260922E-11  9.3550653E-12  6.9416749E-01
  cd108    108  -5.4497314E-14  1.1499008E-12  1.2043981E-12  5.2916243E-13  5.5429207E-13 -2.0149648E-02
  cd109    109  -2.9342128E-28 -2.9342128E-28  0.0000000E+00 -1.3502688E-28  0.0000000E+00  0.0000000E+00
  cd110    110   2.7045613E-10  2.8767150E-10  1.7215375E-11  1.3238094E-10  7.9229167E-12  1.2229404E+00
  cd111    111   8.6774921E-11  1.0457789E-10  1.7802966E-11  4.8124751E-11  8.1933392E-12  7.6890755E-01
  cd112    112   3.2399239E-10  3.5785547E-10  3.3863082E-11  1.6467827E-10  1.5584579E-11  1.0239413E+00
  cd113    113   9.3191309E-11  1.1049382E-10  1.7302514E-11  5.0847149E-11  7.9630191E-12  8.0518883E-01
  cd114    114   4.4942886E-10  4.9046711E-10  4.1038260E-11  2.2570361E-10  1.8886764E-11  1.0773810E+00
  in115    115   8.4625695E-11  1.0010030E-10  1.5474606E-11  4.6064253E-11  7.1217750E-12  8.1077582E-01
  sn116    116   6.0859956E-10  6.5701328E-10  4.8413735E-11  3.0234498E-10  2.2281128E-11  1.1325656E+00
  sn117    117   1.7375201E-10  1.9954573E-10  2.5793720E-11  9.1827143E-11  1.1870871E-11  8.8848847E-01
  sn118    118   8.5853014E-10  9.3718300E-10  7.8652883E-11  4.3127374E-10  3.6197888E-11  1.0760698E+00
  sn119    119   2.4477817E-10  2.7412145E-10  2.9343278E-11  1.2614547E-10  1.3504461E-11  9.7039443E-01
  sn120    120   1.4122199E-09  1.5244455E-09  1.1222553E-10  7.0152073E-10  5.1648803E-11  1.1329802E+00
  sb121    121   9.9962122E-11  1.1726889E-10  1.7306765E-11  5.3964909E-11  7.9649768E-12  8.3092690E-01
  te122    122   1.7595612E-10  1.8746038E-10  1.1504252E-11  8.6265696E-11  5.2945248E-12  1.2120112E+00
  te123    123   6.4363660E-11  6.8411887E-11  4.0482249E-12  3.1481845E-11  1.8630874E-12  1.2278270E+00
  te124    124   3.3865863E-10  3.6039396E-10  2.1735343E-11  1.6584643E-10  1.0003111E-11  1.2195711E+00
  te125    125   1.1229558E-10  1.4497652E-10  3.2680941E-11  6.6715432E-11  1.5040530E-11  6.4696324E-01
  te126    126   6.5397232E-10  7.4175571E-10  8.7783378E-11  3.4134184E-10  4.0399958E-11  9.2680860E-01
   i127    127   8.1491855E-11  1.9158616E-10  1.1009431E-10  8.8164302E-11  5.0667966E-11  2.4055929E-01
   i128    128   0.0000000E+00  0.0000000E+00  0.0000000E+00  0.0000000E+00  0.0000000E+00  0.0000000E+00
   i129    129   2.6256045E-13  2.6256045E-13  0.0000000E+00  1.2082532E-13  0.0000000E+00  0.0000000E+00
  xe128    128   2.0896593E-10  2.2085710E-10  1.1891163E-11  1.0163423E-10  5.4725903E-12  1.2688471E+00
  xe129    129   7.4966644E-11  2.2424457E-10  1.4927792E-10  1.0319307E-10  6.8701177E-11  1.7668638E-01
  xe130    130   4.2676668E-10  4.5092005E-10  2.4153360E-11  2.0750482E-10  1.1115939E-11  1.2710822E+00
  xe131    131   1.6012476E-10  2.8078137E-10  1.2065661E-10  1.2921024E-10  5.5528984E-11  3.6677721E-01
  xe132    132   8.8876023E-10  1.0373586E-09  1.4859841E-10  4.7737270E-10  6.8388455E-11  8.4387481E-01
  xe133    133   5.9503617E-37  5.9503617E-37  0.0000000E+00  2.7382430E-37  0.0000000E+00  0.0000000E+00
  xe134    134   1.1431158E-09  1.1988148E-09  5.5699053E-11  5.5167171E-10  2.5634004E-11  1.3328643E+00
  cs133    133   1.1971651E-10  1.5878429E-10  3.9067777E-11  7.3069502E-11  1.7979902E-11  6.0894883E-01
  cs134    134  -7.5431029E-19 -7.5431029E-19  0.0000000E+00 -3.4711921E-19  0.0000000E+00  0.0000000E+00
  cs135    135   0.0000000E+00  0.0000000E+00  0.0000000E+00  0.0000000E+00  0.0000000E+00  0.0000000E+00
  cs136    136   2.6660683E-34  2.6660683E-34  0.0000000E+00  1.2268738E-34  0.0000000E+00  0.0000000E+00
  cs137    137   0.0000000E+00  0.0000000E+00  0.0000000E+00  0.0000000E+00  0.0000000E+00  0.0000000E+00
  ba134    134   1.1333899E-10  1.2531577E-10  1.1976782E-11  5.7667929E-11  5.5119941E-12  1.0196257E+00
  ba135    135   4.9568488E-10  5.2859500E-10  3.2910112E-11  2.4324934E-10  1.5146001E-11  1.2057537E+00
  ba136    136   1.0616779E-09  1.1011776E-09  3.9499740E-11  5.0674093E-10  1.8178702E-11  1.4452232E+00
  ba137    137   3.7269752E-09  3.7838794E-09  5.6904363E-11  1.7412692E-09  2.6188714E-11  1.8227518E+00
  ba138    138   1.3155931E-08  1.3521827E-08  3.6589612E-10  6.2224870E-09  1.6839392E-10  1.5676377E+00
  la139    139   1.5726327E-09  1.6228185E-09  5.0185904E-11  7.4679019E-10  2.3096722E-11  1.5096483E+00
  ce140    140   4.8270499E-09  4.9420730E-09  1.1502299E-10  2.2742477E-09  5.2936263E-11  1.6330845E+00
  ce141    141   6.0744258E-33  6.0744258E-33  0.0000000E+00  2.7953349E-33  0.0000000E+00  0.0000000E+00
  ce142    142   9.7820296E-10  9.9286279E-10  1.4659808E-11  4.5689652E-10  6.7467850E-12  1.8307210E+00
  pr141    141   5.0531429E-10  5.2513788E-10  1.9823570E-11  2.4165844E-10  9.1232690E-12  1.4230516E+00
  nd142    142   9.2586910E-10  9.5231278E-10  2.6443696E-11  4.3823620E-10  1.2170005E-11  1.5564176E+00
  nd143    143   2.3488769E-10  2.4672692E-10  1.1839215E-11  1.1353903E-10  5.4486827E-12  1.3188536E+00
  nd144    144   7.1883077E-10  7.4235962E-10  2.3528868E-11  3.4161973E-10  1.0828533E-11  1.4989735E+00
  nd145    145   1.3449641E-10  1.4324626E-10  8.7498420E-12  6.5919201E-11  4.0268813E-12  1.2140431E+00
  nd146    146   6.3964367E-10  6.5686551E-10  1.7221840E-11  3.0227698E-10  7.9258926E-12  1.5813570E+00
  nd147    147   5.9937137E-35  5.9937137E-35  0.0000000E+00  2.7581927E-35  0.0000000E+00  0.0000000E+00
  nd148    148   8.9880180E-11  9.5705541E-11  5.8253636E-12  4.4041864E-11  2.6809679E-12  1.2155741E+00
  pm147    147  -3.7766991E-18 -3.7766991E-18  0.0000000E+00 -1.7379650E-18  0.0000000E+00  0.0000000E+00
  pm148    148   0.0000000E+00  0.0000000E+00  0.0000000E+00  0.0000000E+00  0.0000000E+00  0.0000000E+00
  sm147    147   7.5577794E-11  8.0266724E-11  4.6889272E-12  3.6937217E-11  2.1579537E-12  1.2334220E+00
  sm148    148   1.6169940E-10  1.6523946E-10  3.5400558E-12  7.6040049E-11  1.6292162E-12  1.6690637E+00
  sm149    149   2.9585834E-11  3.3967780E-11  4.3819471E-12  1.5631324E-11  2.0166742E-12  8.8936007E-01
  sm150    150   1.3764388E-10  1.3999955E-10  2.3556682E-12  6.4425125E-11  1.0841334E-12  1.7739725E+00
  sm151    151   1.7938870E-15  1.7938870E-15  0.0000000E+00  8.2551259E-16  0.0000000E+00  0.0000000E+00
  sm152    152   1.2400359E-10  1.3265621E-10  8.6526212E-12  6.1045856E-11  3.9821380E-12  1.1855400E+00
  eu151    151   2.0281605E-11  2.5989426E-11  5.7078209E-12  1.1959839E-11  2.6268722E-12  6.5828639E-01
  eu152    152  -3.4610242E-19 -3.4610242E-19  0.0000000E+00 -1.5926974E-19  0.0000000E+00  0.0000000E+00
  eu153    153   2.3646973E-11  2.9960090E-11  6.3131163E-12  1.3787063E-11  2.9054432E-12  6.7625940E-01
  eu154    154  -6.0900610E-17 -6.0900610E-17  0.0000000E+00 -2.8025299E-17  0.0000000E+00  0.0000000E+00
  eu155    155  -3.5794170E-17 -3.5794170E-17  0.0000000E+00 -1.6471795E-17  0.0000000E+00  0.0000000E+00
  gd152    152   2.4704976E-14  1.0804340E-13  8.3338426E-14  4.9719516E-14  3.8354285E-14  1.1271296E-01
  gd153    153  -4.1529023E-30 -4.1529023E-30  0.0000000E+00 -1.9110866E-30  0.0000000E+00  0.0000000E+00
  gd154    154   1.5326318E-11  1.6246643E-11  9.2032393E-13  7.4763954E-12  4.2355453E-13  1.2467830E+00
  gd155    155   3.9961801E-11  4.6250656E-11  6.2888562E-12  2.1283671E-11  2.8942781E-12  8.6650628E-01
  gd156    156   9.7295880E-11  1.0604974E-10  8.7538622E-12  4.8802067E-11  4.0287318E-12  1.0832698E+00
  gd157    157   4.6146892E-11  5.2882327E-11  6.7354356E-12  2.4335438E-11  3.0998045E-12  8.9490485E-01
  gd158    158   1.8513899E-10  1.9589813E-10  1.0759149E-11  9.0148583E-11  4.9516112E-12  1.2602124E+00
  gd159    159   0.0000000E+00  0.0000000E+00  0.0000000E+00  0.0000000E+00  0.0000000E+00  0.0000000E+00
  gd160    160   1.2525187E-11  2.2113420E-11  9.5882339E-12  1.0176175E-11  4.4127289E-12  3.6287731E-01
  tb159    159   3.9925167E-11  4.8041543E-11  8.1163739E-12  2.2107802E-11  3.7353445E-12  7.7221489E-01
  tb160    160  -5.5709028E-31 -5.5709028E-31  0.0000000E+00 -2.5636234E-31  0.0000000E+00  0.0000000E+00
  tb161    161   3.1495313E-37  3.1495313E-37  0.0000000E+00  1.4493543E-37  0.0000000E+00  0.0000000E+00
  dy160    160   4.6993503E-11  4.8221642E-11  1.2281383E-12  2.2190680E-11  5.6521785E-13  1.5939548E+00
  dy161    161   2.9505374E-11  3.9528627E-11  1.0023254E-11  1.8190321E-11  4.6129350E-12  5.9586304E-01
  dy162    162   1.3526567E-10  1.4886770E-10  1.3602025E-11  6.8506076E-11  6.2599687E-12  1.0391569E+00
  dy163    163   5.9025521E-11  7.2400128E-11  1.3374604E-11  3.3317158E-11  6.1553046E-12  7.3341841E-01
  dy164    164   2.9071265E-10  3.0598740E-10  1.5274759E-11  1.4080957E-10  7.0297999E-12  1.3016893E+00
  ho165    165   5.4298628E-11  6.6196056E-11  1.1897426E-11  3.0462164E-11  5.4754729E-12  7.4533910E-01
  er166    166   1.2306441E-10  1.3436652E-10  1.1302113E-11  6.1832907E-11  5.2014955E-12  1.0750915E+00
  er167    167   5.0100726E-11  5.7861844E-11  7.7611181E-12  2.6626918E-11  3.5718475E-12  8.7242800E-01
  er168    168   1.9122062E-10  2.0043098E-10  9.2103590E-12  9.2234519E-11  4.2388220E-12  1.3376484E+00
  er169    169   2.7649934E-35  2.7649934E-35  0.0000000E+00  1.2723973E-35  0.0000000E+00  0.0000000E+00
  er170    170   6.4326426E-11  6.9477445E-11  5.1510159E-12  3.1972196E-11  2.3706176E-12  1.1299109E+00
  tm169    169   4.8136273E-11  5.3579467E-11  5.4431932E-12  2.4656249E-11  2.5050845E-12  9.9310464E-01
  tm170    170  -1.8677669E-29 -1.8677669E-29  0.0000000E+00 -8.5951071E-30  0.0000000E+00  0.0000000E+00
  tm171    171  -4.3048320E-19 -4.3048320E-19  0.0000000E+00 -1.9810017E-19  0.0000000E+00  0.0000000E+00
  yb170    170   6.0943965E-11  6.1973468E-11  1.0295011E-12  2.8519008E-11  4.7380042E-13  1.7795390E+00
  yb171    171   8.7622298E-11  9.2518569E-11  4.8962726E-12  4.2575284E-11  2.2533789E-12  1.2763233E+00
  yb172    172   2.3820954E-10  2.4579108E-10  7.5815526E-12  1.1310837E-10  3.4892070E-12  1.5107682E+00
  yb173    173   1.1010006E-10  1.1576044E-10  5.6603823E-12  5.3270749E-11  2.6050397E-12  1.3106744E+00
  yb174    174   5.0325899E-10  5.1458471E-10  1.1325698E-11  2.3680208E-10  5.2123501E-12  1.6573520E+00
  lu175    175   6.5993114E-11  7.1105087E-11  5.1119729E-12  3.2721204E-11  2.3526489E-12  1.1432722E+00
  lu176    176   4.9498797E-11  4.9648008E-11  1.4920945E-13  2.2847066E-11  6.8669666E-14  2.5220656E+00
  lu177    177   4.1733472E-36  4.1733472E-36  0.0000000E+00  1.9204947E-36  0.0000000E+00  0.0000000E+00
  hf176    176  -5.2319260E-14  1.0957931E-12  1.1481123E-12  5.0426308E-13  5.2838804E-13 -2.0295825E-02
  hf177    177   5.3971955E-11  5.8098731E-11  4.1267762E-12  2.6735928E-11  1.8992386E-12  1.1485158E+00
  hf178    178   2.4726987E-10  2.5335806E-10  6.0881933E-12  1.1659054E-10  2.8019284E-12  1.6192064E+00
  hf179    179   8.6791074E-11  8.9847955E-11  3.0568803E-12  4.1346315E-11  1.4068475E-12  1.4681900E+00
  hf180    180   4.7925686E-10  4.8717341E-10  7.9165780E-12  2.2418792E-10  3.6433937E-12  1.7891061E+00
  hf181    181   2.0981719E-32  2.0981719E-32  0.0000000E+00  9.6553872E-33  0.0000000E+00  0.0000000E+00
  hf182    182   1.6716292E-10  1.6716292E-10  0.0000000E+00  7.6925188E-11  0.0000000E+00  0.0000000E+00
  ta181    181   1.1535365E-10  1.1870785E-10  3.3541976E-12  5.4627091E-11  1.5436799E-12  1.5488509E+00
  ta182    182   1.5336965E-18  1.5336965E-18  0.0000000E+00  7.0577790E-19  0.0000000E+00  0.0000000E+00
  ta183    183   1.2500243E-37  1.2500243E-37  0.0000000E+00  5.7523734E-38  0.0000000E+00  0.0000000E+00
   w182    182   2.0561362E-10  2.1087707E-10  5.2634490E-12  9.7041604E-11  2.4223620E-12  1.6027189E+00
   w183    183   1.5375862E-10  1.5661658E-10  2.8579669E-12  7.2071966E-11  1.3153030E-12  1.7387406E+00
   w184    184   3.8107517E-10  3.8722783E-10  6.1526535E-12  1.7819486E-10  2.8315943E-12  1.7988641E+00
   w185    185  -2.3080131E-29 -2.3080131E-29  0.0000000E+00 -1.0621036E-29  0.0000000E+00  0.0000000E+00
   w186    186   1.7838880E-10  1.8415963E-10  5.7708309E-12  8.4746751E-11  2.6558710E-12  1.5039161E+00
  re185    185   7.4598140E-11  7.7531329E-11  2.9331867E-12  3.5678439E-11  1.3499208E-12  1.4220976E+00
  re186    186   3.7370049E-38  3.7370049E-38  0.0000000E+00  1.7196984E-38  0.0000000E+00  0.0000000E+00
  re187    187   3.9539327E-11  4.4888447E-11  5.3491205E-12  2.0656808E-11  2.4617899E-12  9.2381227E-01
  os186    186   1.4723751E-10  1.4886326E-10  1.6257445E-12  6.8504036E-11  7.4820553E-13  1.9616954E+00
  os187    187   4.2693540E-11  4.3993552E-11  1.3000129E-12  2.0244993E-11  5.9829626E-13  1.5294014E+00
  os188    188   3.1997574E-10  3.3369013E-10  1.3714385E-11  1.5355783E-10  6.3116795E-12  1.3861271E+00
  os189    189   6.4891731E-11  8.1701798E-11  1.6810064E-11  3.7597609E-11  7.7363836E-12  6.8662226E-01
  os190    190   3.0929140E-10  3.3677289E-10  2.7481481E-11  1.5497646E-10  1.2647617E-11  1.0882571E+00
  os191    191   5.7984969E-34  5.7984969E-34  0.0000000E+00  2.6683577E-34  0.0000000E+00  0.0000000E+00
  os192    192   6.6522163E-11  1.0965149E-10  4.3129323E-11  5.0459525E-11  1.9849119E-11  4.0520197E-01
  ir191    191   5.7899022E-11  9.4265894E-11  3.6366871E-11  4.3379366E-11  1.6736881E-11  4.1360867E-01
  ir192    192   1.4036885E-31  1.4036885E-31  0.0000000E+00  6.4595066E-32  0.0000000E+00  0.0000000E+00
  ir193    193   6.7636043E-11  1.2940787E-10  6.1771831E-11  5.9551038E-11  2.8428836E-11  3.2113028E-01
  pt192    192   7.8013984E-11  7.9543164E-11  1.5291798E-12  3.6604247E-11  7.0376420E-13  1.7161043E+00
  pt193    193   5.0931689E-16  5.0931689E-16  0.0000000E+00  2.3437793E-16  0.0000000E+00  0.0000000E+00
  pt194    194   2.3658711E-10  3.0172731E-10  6.5140206E-11  1.3884915E-10  2.9979040E-11  6.6572559E-01
  pt195    195   9.5630372E-11  1.6282695E-10  6.7196575E-11  7.4929854E-11  3.0925429E-11  3.8433912E-01
  pt196    196   4.1756806E-10  4.6795984E-10  5.0391781E-11  2.1534620E-10  2.3191471E-11  9.6780896E-01
  au197    197   1.3484280E-10  1.6521201E-10  3.0369204E-11  7.6027420E-11  1.3976616E-11  7.3556828E-01
  hg198    198   4.6270918E-10  4.6984333E-10  7.1341526E-12  2.1621295E-10  3.2833033E-12  1.8185707E+00
  hg199    199   2.0193844E-10  2.1407053E-10  1.2132094E-11  9.8511178E-11  5.5834725E-12  1.2465812E+00
  hg200    200   6.6206779E-10  6.7876305E-10  1.6695260E-11  3.1235381E-10  7.6835474E-12  1.6090852E+00
  hg201    201   2.7208488E-10  2.8165806E-10  9.5731843E-12  1.2961367E-10  4.4058025E-12  1.4686259E+00
  hg202    202   1.0343548E-09  1.0561519E-09  2.1797076E-11  4.8602100E-10  1.0031522E-11  1.6852882E+00
  tl203    203   5.4661631E-10  5.5523869E-10  8.6224040E-12  2.5551025E-10  3.9682316E-12  1.8088113E+00
  tl204    204  -9.6656637E-17 -9.6656637E-17  0.0000000E+00 -4.4479543E-17  0.0000000E+00  0.0000000E+00
  tl205    205   1.2955449E-09  1.3163305E-09  2.0785556E-11  6.0575017E-10  9.5659973E-12  1.8015633E+00
  pb204    204   3.7252501E-10  3.8343856E-10  1.0913562E-11  1.7645112E-10  5.0226759E-12  1.5456893E+00
  pb205    205   0.0000000E+00  0.0000000E+00  0.0000000E+00  0.0000000E+00  0.0000000E+00  0.0000000E+00
  pb206    206   4.2610889E-08  4.2713435E-08  1.0254544E-10  1.9655909E-08  4.7193808E-11  2.6196082E+00
  pb207    207   7.9056477E-09  8.0196765E-09  1.1402911E-10  3.6905023E-09  5.2478858E-11  1.8471011E+00
  pb208    208   2.3202564E-07  2.3235360E-07  3.2796360E-10  1.0692469E-07  1.5093649E-10  2.8502839E+00
  bi209    209   1.2424427E-08  1.2447236E-08  2.2809508E-11  5.7279808E-09  1.0497467E-11  2.7369170E+00
  bi210    210   0.0000000E+00  0.0000000E+00  0.0000000E+00  0.0000000E+00  0.0000000E+00  0.0000000E+00
  po210    210   0.0000000E+00  0.0000000E+00  0.0000000E+00  0.0000000E+00  0.0000000E+00  0.0000000E+00
