# Initial mass = 3.750, Z =  0.0007, Y =  0.250, M_mix = 1.00E-04
# Final mass = 0.866, Mass expelled =   2.8837
  species    A      yield       mass(i)_lost    mass(i)_0        <X(i)>         
  X0(i)   log10(<X(i)>/X0(i)) 
      n      1   0.0000000E+00  0.0000000E+00  0.0000000E+00  0.0000000E+00  0.0000000E+00  0.0000000E+00
      p      1  -1.7167795E-01  1.9894942E+00  2.1611722E+00  6.8990546E-01  7.4949098E-01 -3.5976864E-02
      d      2   1.5636435E-17  1.5636435E-17  0.0000000E+00  5.4223141E-18  0.0000000E+00  0.0000000E+00
    he3      3   6.0816477E-05  6.0816477E-05  0.0000000E+00  2.1089592E-05  0.0000000E+00  0.0000000E+00
    he4      4   1.5445435E-01  8.7547958E-01  7.2102523E-01  3.0359381E-01  2.5005037E-01  8.4265418E-02
    li7      7   1.9238364E-08  1.9650798E-08  4.1243506E-10  6.8143922E-09  1.4303181E-10  1.6779945E+00
    be7      7   2.6842483E-11  2.6842483E-11  0.0000000E+00  9.3082833E-12  0.0000000E+00  0.0000000E+00
     b8      8   1.9890848E-24  1.9890848E-24  0.0000000E+00  6.8976351E-25  0.0000000E+00  0.0000000E+00
    c12     12   9.2217540E-03  9.3959980E-03  1.7424353E-04  3.2582907E-03  6.0427374E-05  1.7317561E+00
    c13     13   1.7378323E-03  1.7392084E-03  1.3760420E-06  6.0311280E-04  4.7720908E-07  3.1016901E+00
    c14     14   1.1618295E-07  1.1618295E-07  0.0000000E+00  4.0289262E-08  0.0000000E+00  0.0000000E+00
    n13     13   0.0000000E+00  0.0000000E+00  0.0000000E+00  0.0000000E+00  0.0000000E+00  0.0000000E+00
    n14     14   5.5491598E-03  5.6781657E-03  1.2900583E-04  1.9690420E-03  4.4739012E-05  1.6435686E+00
    n15     15   2.2993412E-08  1.0568779E-07  8.2694378E-08  3.6649809E-08  2.8678276E-08  1.0651866E-01
    o14     14   0.0000000E+00  0.0000000E+00  0.0000000E+00  0.0000000E+00  0.0000000E+00  0.0000000E+00
    o15     15   0.0000000E+00  0.0000000E+00  0.0000000E+00  0.0000000E+00  0.0000000E+00  0.0000000E+00
    o16     16   2.5152450E-04  9.2561962E-04  6.7409512E-04  3.2098111E-04  2.3377509E-04  1.3768125E-01
    o17     17   2.8387622E-06  2.9494468E-06  1.1068457E-07  1.0227924E-06  3.8385231E-08  1.4256234E+00
    o18     18  -5.9071255E-07  2.6231204E-08  6.1694374E-07  9.0963077E-09  2.1395509E-07 -1.3714576E+00
    o19     19   0.0000000E+00  0.0000000E+00  0.0000000E+00  0.0000000E+00  0.0000000E+00  0.0000000E+00
    f17     17   0.0000000E+00  0.0000000E+00  0.0000000E+00  0.0000000E+00  0.0000000E+00  0.0000000E+00
    f18     18   0.0000000E+00  0.0000000E+00  0.0000000E+00  0.0000000E+00  0.0000000E+00  0.0000000E+00
    f19     19   7.6417740E-07  7.8194398E-07  1.7766579E-08  2.7115809E-07  6.1614212E-09  1.6435418E+00
    f20     20   0.0000000E+00  0.0000000E+00  0.0000000E+00  0.0000000E+00  0.0000000E+00  0.0000000E+00
   ne19     19   0.0000000E+00  0.0000000E+00  0.0000000E+00  0.0000000E+00  0.0000000E+00  0.0000000E+00
   ne20     20   4.0299710E-06  1.1605422E-04  1.1202425E-04  4.0244620E-05  3.8849827E-05  1.5318732E-02
   ne21     21   6.5147049E-07  7.9304380E-07  1.4157330E-07  2.7500721E-07  4.9097391E-08  7.4828571E-01
   ne22     22   3.4303678E-04  3.4758623E-04  4.5494444E-06  1.2053397E-04  1.5777398E-06  1.8830740E+00
   ne23     23   0.0000000E+00  0.0000000E+00  0.0000000E+00  0.0000000E+00  0.0000000E+00  0.0000000E+00
   na21     21   0.0000000E+00  0.0000000E+00  0.0000000E+00  0.0000000E+00  0.0000000E+00  0.0000000E+00
   na22     22   1.0899357E-12  1.0899357E-12  0.0000000E+00  3.7796169E-13  0.0000000E+00  0.0000000E+00
   na23     23   8.1856251E-06  8.9562309E-06  7.7060577E-07  3.1057907E-06  2.6724481E-07  1.0652629E+00
   na24     24   0.0000000E+00  0.0000000E+00  0.0000000E+00  0.0000000E+00  0.0000000E+00  0.0000000E+00
   mg23     23   0.0000000E+00  0.0000000E+00  0.0000000E+00  0.0000000E+00  0.0000000E+00  0.0000000E+00
   mg24     24   6.4326741E-08  5.9322909E-05  5.9258582E-05  2.0571661E-05  2.0550780E-05  4.4102821E-04
   mg25     25   2.1115095E-05  2.4653382E-05  3.5382868E-06  8.5491592E-06  1.2270722E-06  8.4305328E-01
   mg26     26   2.5278188E-05  2.9329640E-05  4.0514519E-06  1.0170766E-05  1.4050370E-06  8.5966593E-01
   mg27     27   0.0000000E+00  0.0000000E+00  0.0000000E+00  0.0000000E+00  0.0000000E+00  0.0000000E+00
   al25     25   0.0000000E+00  0.0000000E+00  0.0000000E+00  0.0000000E+00  0.0000000E+00  0.0000000E+00
   al-6     26   0.0000000E+00  0.0000000E+00  0.0000000E+00  0.0000000E+00  0.0000000E+00  0.0000000E+00
   al*6     26   0.0000000E+00  0.0000000E+00  0.0000000E+00  0.0000000E+00  0.0000000E+00  0.0000000E+00
   al27     27   1.1245609E-06  3.0592589E-06  1.9346980E-06  1.0608724E-06  6.7095010E-07  1.9897294E-01
   al28     28   0.0000000E+00  0.0000000E+00  0.0000000E+00  0.0000000E+00  0.0000000E+00  0.0000000E+00
   si27     27   0.0000000E+00  0.0000000E+00  0.0000000E+00  0.0000000E+00  0.0000000E+00  0.0000000E+00
   si28     28   2.3931170E-06  4.4184544E-05  4.1791427E-05  1.5322064E-05  1.4493198E-05  2.4153072E-02
   si29     29   3.8015560E-07  1.9426143E-06  1.5624587E-06  6.7364874E-07  5.4185813E-07  9.4547898E-02
   si30     30   6.2695585E-07  1.6924005E-06  1.0654446E-06  5.8688101E-07  3.6949444E-07  2.0094213E-01
    p31     31   2.1907937E-07  5.1571431E-07  2.9663494E-07  1.7883647E-07  1.0287252E-07  2.4015673E-01
    p32     32   2.9544026E-32  2.9544026E-32  0.0000000E+00  1.0245109E-32  0.0000000E+00  0.0000000E+00
    p33     33   4.7684803E-33  4.7684803E-33  0.0000000E+00  1.6535865E-33  0.0000000E+00  0.0000000E+00
    s32     32  -2.9265357E-07  3.0239131E-05  3.0531784E-05  1.0486154E-05  1.0588373E-05 -4.2129895E-03
    s33     33   8.5148386E-09  1.2605636E-07  1.1754152E-07  4.3713108E-08  4.0763211E-08  3.0343279E-02
    s34     34   1.0033244E-07  7.8390468E-07  6.8357224E-07  2.7183802E-07  2.3706176E-07  5.9448697E-02
    s35     35   2.5276903E-25  2.5276903E-25  0.0000000E+00  8.7653805E-26  0.0000000E+00  0.0000000E+00
    s36     36   9.8493942E-09  1.3223689E-08  3.3742942E-09  4.5856354E-09  1.1701997E-09  5.9313959E-01
   cl35     35  -2.7412739E-11  1.4601768E-07  1.4604510E-07  5.0635180E-08  5.0648200E-08 -1.1166054E-04
   cl36     36   0.0000000E+00  0.0000000E+00  0.0000000E+00  0.0000000E+00  0.0000000E+00  0.0000000E+00
   cl37     37   2.8665337E-08  7.8007773E-08  4.9342436E-08  2.7051092E-08  1.7111876E-08  1.9888717E-01
   ar36     36  -1.1579232E-07  6.4868141E-06  6.6026064E-06  2.2494605E-06  2.2897732E-06 -7.7140708E-03
   ar37     37   1.0076015E-26  1.0076015E-26  0.0000000E+00  3.4941030E-27  0.0000000E+00  0.0000000E+00
   ar38     38   4.6224613E-08  5.6816378E-07  5.2193917E-07  1.9702460E-07  1.8100766E-07  3.6823496E-02
   ar39     39   7.2758910E-10  7.2758910E-10  0.0000000E+00  2.5230920E-10  0.0000000E+00  0.0000000E+00
   ar40     40   1.0752268E-08  1.1630984E-08  8.7871627E-10  4.0333266E-09  3.0473737E-10  1.1217377E+00
    k39     39   7.6428393E-09  2.3144418E-07  2.2380134E-07  8.0258893E-08  7.7613940E-08  1.4553401E-02
    k40     40  -2.2920485E-11  0.0000000E+00  2.2920485E-11  0.0000000E+00  7.9487875E-12  0.0000000E+00
    k41     41   2.0099389E-09  1.2751599E-08  1.0741660E-08  4.4219268E-09  3.7251904E-09  7.4463077E-02
   ca40     40  -7.6547622E-08  5.2218916E-06  5.2984392E-06  1.8108178E-06  1.8374901E-06 -6.3502369E-03
   ca41     41   0.0000000E+00  0.0000000E+00  0.0000000E+00  0.0000000E+00  0.0000000E+00  0.0000000E+00
   ca42     42   3.0025227E-09  2.0181496E-08  1.7178973E-08  6.9984241E-09  5.9576402E-09  6.9926009E-02
   ca43     43   8.7318375E-10  4.5430752E-09  3.6698915E-09  1.5754218E-09  1.2727124E-09  9.2666581E-02
   ca44     44   2.8159484E-09  6.0841174E-08  5.8025226E-08  2.1098156E-08  2.0123053E-08  2.0550584E-02
   ca45     45   6.0795791E-22  6.0795791E-22  0.0000000E+00  2.1082419E-22  0.0000000E+00  0.0000000E+00
   ca46     46   2.4581988E-09  2.5745239E-09  1.1632519E-10  8.9277874E-10  4.0341386E-11  1.3449931E+00
   ca47     47   9.2362017E-37  9.2362017E-37  0.0000000E+00  3.2028775E-37  0.0000000E+00  0.0000000E+00
   ca48     48   7.6006756E-11  5.7506715E-09  5.6746647E-09  1.9941850E-09  1.9679645E-09  5.7481853E-03
   sc45     45   1.0072736E-09  3.8588994E-09  2.8516258E-09  1.3381671E-09  9.8893915E-10  1.3134079E-01
   sc46     46   2.6318801E-30  2.6318801E-30  0.0000000E+00  9.1266839E-31  0.0000000E+00  0.0000000E+00
   sc47     47   2.4698140E-34  2.4698140E-34  0.0000000E+00  8.5646805E-35  0.0000000E+00  0.0000000E+00
   sc48     48   1.3832277E-32  1.0463438E-30  1.0325115E-30  3.6284515E-31  3.5807331E-31  0.0000000E+00
   ti46     46   1.3857537E-10  1.0140199E-08  1.0001624E-08  3.5163605E-09  3.4685468E-09  5.9458632E-03
   ti47     47   1.2198687E-10  9.3376755E-09  9.2156887E-09  3.2380660E-09  3.1959857E-09  5.6808931E-03
   ti48     48  -5.5138685E-09  2.6385652E-07  2.6937039E-07  9.1498663E-08  9.3417221E-08 -9.0121850E-03
   ti49     49   1.1424790E-09  8.1288212E-09  6.9863422E-09  2.8188663E-09  2.4228521E-09  6.5747544E-02
   ti50     50   5.1343845E-09  1.1960331E-08  6.8259460E-09  4.1475352E-09  2.3672269E-09  2.4355018E-01
    v51     51  -2.2241586E-10  2.6340413E-08  2.6562828E-08  9.1341787E-09  9.2119459E-09 -3.6818706E-03
   cr52     52  -1.4661055E-08  9.4461279E-07  9.5927385E-07  3.2756745E-07  3.3267460E-07 -6.7189229E-03
   cr53     53  -6.0928329E-10  7.0658920E-08  7.1268204E-08  2.4502699E-08  2.4715698E-08 -3.7589695E-03
   cr54     54   8.8271257E-09  2.6902480E-08  1.8075355E-08  9.3290886E-09  6.2685030E-09  1.7267536E-01
   mn55     55  -1.5899104E-10  1.6035419E-07  1.6051318E-07  5.5606712E-08  5.5665712E-08 -4.6054841E-04
   fe54     54  -7.9597839E-08  3.4688153E-06  3.5484131E-06  1.2028960E-06  1.2305838E-06 -9.8831449E-03
   fe55     55  -6.4189613E-17 -6.4189613E-17  0.0000000E+00 -2.2259308E-17  0.0000000E+00  0.0000000E+00
   fe56     56  -1.0497861E-06  5.6715755E-05  5.7765541E-05  1.9667566E-05  2.0032996E-05 -7.9952879E-03
   fe57     57   5.0489007E-08  1.4083649E-06  1.3578759E-06  4.8838479E-07  4.7090913E-07  1.5825009E-02
   fe58     58   3.1220691E-07  4.9607871E-07  1.8387180E-07  1.7202736E-07  6.3766443E-08  4.3100536E-01
   fe59     59   2.9478621E-28  2.9478621E-28  0.0000000E+00  1.0222428E-28  0.0000000E+00  0.0000000E+00
   fe60     60   0.0000000E+00  0.0000000E+00  0.0000000E+00  0.0000000E+00  0.0000000E+00  0.0000000E+00
   co59     59   1.2525133E-07  2.6706090E-07  1.4180956E-07  9.2609859E-08  4.9179327E-08  2.7487466E-01
   co60     60   3.8063877E-13  3.8063877E-13  0.0000000E+00  1.3199575E-13  0.0000000E+00  0.0000000E+00
   ni58     58  -4.5795332E-08  1.9832848E-06  2.0290802E-06  6.8775222E-07  7.0368168E-07 -9.9442434E-03
   ni59     59   0.0000000E+00  0.0000000E+00  0.0000000E+00  0.0000000E+00  0.0000000E+00  0.0000000E+00
   ni60     60   2.7956798E-07  1.0880910E-06  8.0852305E-07  3.7732201E-07  2.8039449E-07  1.2894268E-01
   ni61     61   5.4428167E-08  9.0161343E-08  3.5733176E-08  3.1265639E-08  1.2392206E-08  4.0191871E-01
   ni62     62   1.1809963E-07  2.3389437E-07  1.1579474E-07  8.1108560E-08  4.0157428E-08  3.0530083E-01
   ni63     63   0.0000000E+00  0.0000000E+00  0.0000000E+00  0.0000000E+00  0.0000000E+00  0.0000000E+00
   ni64     64   1.2285814E-07  1.5329948E-07  3.0441338E-08  5.3160321E-08  1.0557007E-08  7.0204675E-01
   cu63     63   6.9242326E-08  7.0242741E-08  1.0004130E-09  2.4358378E-08  3.4694159E-10  1.8463920E+00
   cu64     64   0.0000000E+00  0.0000000E+00  0.0000000E+00  0.0000000E+00  0.0000000E+00  0.0000000E+00
   cu65     65   2.0504562E-08  3.2058686E-08  1.1554126E-08  1.1117129E-08  4.0069521E-09  4.4317847E-01
   zn64     64  -2.3229418E-09  1.0973891E-07  1.1206185E-07  3.8054637E-08  3.8862868E-08 -9.1272714E-03
   zn65     65   5.8196920E-23  5.8196920E-23  0.0000000E+00  2.0181197E-23  0.0000000E+00  0.0000000E+00
   zn66     66   1.8951146E-08  4.4420066E-08  2.5468919E-08  1.5403737E-08  8.8325800E-09  2.4153852E-01
   zn67     67   4.1382457E-09  7.9376274E-09  3.7993817E-09  2.7525653E-09  1.3176195E-09  3.1994763E-01
   zn68     68   2.4780284E-08  4.2414705E-08  1.7634420E-08  1.4708330E-08  6.1155880E-09  3.8112515E-01
   zn69     69   0.0000000E+00  0.0000000E+00  0.0000000E+00  0.0000000E+00  0.0000000E+00  0.0000000E+00
   zn70     70   1.7739776E-10  7.7766860E-10  6.0027083E-10  2.6967550E-10  2.0817294E-10  1.1241725E-01
   ga69     69   3.4901451E-09  5.1068652E-09  1.6167200E-09  1.7709296E-09  5.6067584E-10  4.9948946E-01
   ga70     70   0.0000000E+00  0.0000000E+00  0.0000000E+00  0.0000000E+00  0.0000000E+00  0.0000000E+00
   ga71     71   3.0359097E-09  4.1399746E-09  1.1040647E-09  1.4356368E-09  3.8288783E-10  5.7397306E-01
   ge70     70   5.2210525E-09  7.0193007E-09  1.7982483E-09  2.4341131E-09  6.2362959E-10  5.9141403E-01
   ge71     71   2.2155396E-32  2.2155396E-32  0.0000000E+00  7.6829223E-33  0.0000000E+00  0.0000000E+00
   ge72     72   4.9417248E-09  7.3860349E-09  2.4443101E-09  2.5612872E-09  8.4768276E-10  4.8022497E-01
   ge73     73   1.4445882E-09  2.1401891E-09  6.9560097E-10  7.4216261E-10  2.4123328E-10  4.8806185E-01
   ge74     74   6.1900352E-09  9.4993791E-09  3.3093441E-09  3.2941405E-09  1.1476752E-09  4.5792314E-01
   as75     75   5.6609445E-10  1.0512939E-09  4.8519949E-10  3.6456174E-10  1.6826639E-10  3.3577374E-01
   se76     76   1.9746493E-09  2.4797766E-09  5.0512722E-10  8.5992280E-10  1.7517729E-10  6.9098169E-01
   se77     77   7.7834283E-10  1.1950902E-09  4.1674739E-10  4.1442660E-10  1.4452732E-10  4.5749769E-01
   se78     78   4.9285904E-09  6.2437508E-09  1.3151603E-09  2.1651725E-09  4.5609547E-10  6.7643678E-01
   se79     79   0.0000000E+00  0.0000000E+00  0.0000000E+00  0.0000000E+00  0.0000000E+00  0.0000000E+00
   se80     80   5.9043073E-09  8.7196508E-09  2.8153437E-09  3.0237508E-09  9.7635666E-10  4.9093750E-01
   br79     79   1.0957355E-09  1.5459324E-09  4.5019688E-10  5.3608962E-10  1.5612754E-10  5.3575790E-01
   br80     80   0.0000000E+00  0.0000000E+00  0.0000000E+00  0.0000000E+00  0.0000000E+00  0.0000000E+00
   br81     81   7.8407136E-10  1.2331207E-09  4.4904933E-10  4.2761458E-10  1.5572957E-10  4.3868142E-01
   kr80     80  -2.4590330E-12  1.0482952E-10  1.0728855E-10  3.6352185E-11  3.7207494E-11 -1.0099899E-02
   kr81     81   0.0000000E+00  0.0000000E+00  0.0000000E+00  0.0000000E+00  0.0000000E+00  0.0000000E+00
   kr82     82   2.6305711E-09  3.1816074E-09  5.5103633E-10  1.1032997E-09  1.9109848E-10  7.6143622E-01
   kr83     83   9.1233582E-10  1.4648975E-09  5.5256172E-10  5.0798882E-10  1.9162751E-10  4.2339632E-01
   kr84     84   5.6401124E-09  8.3961131E-09  2.7560008E-09  2.9115563E-09  9.5577657E-10  4.8376882E-01
   kr-5     85   5.1753015E-14  5.1753015E-14  0.0000000E+00  1.7946616E-14  0.0000000E+00  0.0000000E+00
   kr*5     85   0.0000000E+00  0.0000000E+00  0.0000000E+00  0.0000000E+00  0.0000000E+00  0.0000000E+00
   kr86     86   1.1342676E-08  1.2195958E-08  8.5328200E-10  4.2292450E-09  2.9591682E-10  1.1550932E+00
   rb85     85   1.9317454E-09  2.3790436E-09  4.4729809E-10  8.2499119E-10  1.5512225E-10  7.2577524E-01
   rb86     86   2.6277407E-31  2.6277407E-31  0.0000000E+00  9.1123299E-32  0.0000000E+00  0.0000000E+00
   rb87     87   2.8642042E-09  3.0526126E-09  1.8840839E-10  1.0585677E-09  6.5339720E-11  1.2095413E+00
   sr86     86   9.6934372E-10  1.1780682E-09  2.0872447E-10  4.0852380E-10  7.2385306E-11  7.5156701E-01
   sr87     87   4.1851050E-10  5.6607213E-10  1.4756164E-10  1.9629927E-10  5.1174141E-11  5.8386815E-01
   sr88     88   5.4200444E-09  7.2095183E-09  1.7894738E-09  2.5000757E-09  6.2058664E-10  6.0515076E-01
   sr89     89   1.3262577E-29  1.3262577E-29  0.0000000E+00  4.5991207E-30  0.0000000E+00  0.0000000E+00
   sr90     90   3.0168329E-12  3.0168329E-12  0.0000000E+00  1.0461601E-12  0.0000000E+00  0.0000000E+00
    y89     89   1.3236898E-09  1.7505313E-09  4.2684145E-10  6.0703925E-10  1.4802791E-10  6.1287314E-01
    y90     90   7.6293380E-16  7.6293380E-16  0.0000000E+00  2.6456584E-16  0.0000000E+00  0.0000000E+00
    y91     91   3.1119733E-29  3.1119733E-29  0.0000000E+00  1.0791524E-29  0.0000000E+00  0.0000000E+00
   zr90     90   9.3839314E-10  1.4471226E-09  5.0872945E-10  5.0182497E-10  1.7642653E-10  4.5398840E-01
   zr91     91   2.5713959E-10  3.6931208E-10  1.1217249E-10  1.2806795E-10  3.8901236E-11  5.1747704E-01
   zr92     92   4.3818976E-10  6.1153194E-10  1.7334217E-10  2.1206356E-10  6.0114788E-11  5.4748476E-01
   zr93     93   0.0000000E+00  0.0000000E+00  0.0000000E+00  0.0000000E+00  0.0000000E+00  0.0000000E+00
   zr94     94   4.9991133E-10  6.7939943E-10  1.7948810E-10  2.3559826E-10  6.2246180E-11  5.7805938E-01
   zr95     95   3.2851719E-28  3.2851719E-28  0.0000000E+00  1.1392132E-28  0.0000000E+00  0.0000000E+00
   zr96     96   6.0368083E-10  6.3321215E-10  2.9531346E-11  2.1958170E-10  1.0241423E-11  1.3312359E+00
   nb93     93   1.6259737E-10  2.4010530E-10  7.7507931E-11  8.3262348E-11  2.6879624E-11  4.9102545E-01
   nb94     94   5.8159036E-17  5.8159036E-17  0.0000000E+00  2.0168060E-17  0.0000000E+00  0.0000000E+00
   nb95     95   3.9580282E-28  3.9580282E-28  0.0000000E+00  1.3725425E-28  0.0000000E+00  0.0000000E+00
   mo94     94  -5.5746206E-13  2.3733859E-11  2.4291321E-11  8.2302923E-12  8.4241910E-12 -1.0112962E-02
   mo95     95   8.4194138E-11  1.2668444E-10  4.2490303E-11  4.3930911E-11  1.4735569E-11  4.7440332E-01
   mo96     96   1.7627028E-10  2.2146714E-10  4.5196860E-11  7.6799116E-11  1.5674198E-11  6.9017094E-01
   mo97     97   7.1708271E-11  9.8001864E-11  2.6293594E-11  3.3984527E-11  9.1185757E-12  5.7135427E-01
   mo98     98   1.9949531E-10  2.6699867E-10  6.7503357E-11  9.2588277E-11  2.3410055E-11  5.9715360E-01
   tc99     99   0.0000000E+00  0.0000000E+00  0.0000000E+00  0.0000000E+00  0.0000000E+00  0.0000000E+00
   ru99     99   2.4032628E-11  4.7601655E-11  2.3569027E-11  1.6507032E-11  8.1737004E-12  3.0525029E-01
  ru100    100   8.1536382E-11  1.0504469E-10  2.3508306E-11  3.6426799E-11  8.1526418E-12  6.5012264E-01
  ru101    101   1.6301082E-11  4.8448308E-11  3.2147226E-11  1.6800629E-11  1.1148606E-11  1.7810498E-01
  ru102    102   9.2517972E-11  1.5255976E-10  6.0041784E-11  5.2903803E-11  2.0822394E-11  4.0495622E-01
  rh103    103   1.4244092E-11  5.2588905E-11  3.8344813E-11  1.8236482E-11  1.3297919E-11  1.3715735E-01
  pd104    104   4.5683818E-11  6.2463125E-11  1.6779305E-11  2.1660607E-11  5.8190358E-12  5.7081962E-01
  pd105    105   1.0508677E-11  4.4465071E-11  3.3956393E-11  1.5419345E-11  1.1776022E-11  1.1706731E-01
  pd106    106   4.7405028E-11  8.9361310E-11  4.1956282E-11  3.0988205E-11  1.4550371E-11  3.2832238E-01
  pd107    107   0.0000000E+00  0.0000000E+00  0.0000000E+00  0.0000000E+00  0.0000000E+00  0.0000000E+00
  pd108    108   5.4696352E-11  9.6083086E-11  4.1386734E-11  3.3319146E-11  1.4352851E-11  3.6575568E-01
  ag107    107   8.6473988E-12  3.7150817E-11  2.8503418E-11  1.2882949E-11  9.8849392E-12  1.1504127E-01
  ag108    108   0.0000000E+00  0.0000000E+00  0.0000000E+00  0.0000000E+00  0.0000000E+00  0.0000000E+00
  ag109    109   1.2811514E-11  3.9787031E-11  2.6975517E-11  1.3797121E-11  9.3550653E-12  1.6874163E-01
  cd108    108  -3.4697505E-14  1.5636147E-12  1.5983122E-12  5.4222138E-13  5.5429207E-13 -9.5620137E-03
  cd109    109  -8.7276597E-29 -8.7276597E-29  0.0000000E+00 -3.0265282E-29  0.0000000E+00  0.0000000E+00
  cd110    110   4.4066008E-11  6.6911893E-11  2.2845887E-11  2.3203325E-11  7.9229167E-12  4.6666515E-01
  cd111    111   1.3775203E-11  3.7400860E-11  2.3625657E-11  1.2969657E-11  8.1933392E-12  1.9946757E-01
  cd112    112   5.1652585E-11  9.6591027E-11  4.4938442E-11  3.3495286E-11  1.5584579E-11  3.3228865E-01
  cd113    113   1.4608486E-11  3.7570010E-11  2.2961523E-11  1.3028315E-11  7.9630191E-12  2.1381047E-01
  cd114    114   7.0466154E-11  1.2492651E-10  5.4460360E-11  4.3321305E-11  1.8886764E-11  3.6054397E-01
  in115    115   1.3030570E-11  3.3566348E-11  2.0535778E-11  1.1639947E-11  7.1217750E-12  2.1336278E-01
  sn116    116   9.3930613E-11  1.5817869E-10  6.4248079E-11  5.4852307E-11  2.2281128E-11  3.9125770E-01
  sn117    117   2.6437134E-11  6.0667027E-11  3.4229893E-11  2.1037767E-11  1.1870871E-11  2.4851704E-01
  sn118    118   1.3028378E-10  2.3466112E-10  1.0437733E-10  8.1374449E-11  3.6197888E-11  3.5180482E-01
  sn119    119   3.6816473E-11  7.5756852E-11  3.8940379E-11  2.6270531E-11  1.3504461E-11  2.8899163E-01
  sn120    120   2.0860125E-10  3.5753159E-10  1.4893034E-10  1.2398277E-10  5.1648803E-11  3.8030106E-01
  sb121    121   1.4502009E-11  3.7469181E-11  2.2967172E-11  1.2993349E-11  7.9649768E-12  2.1253657E-01
  te122    122   2.5925002E-11  4.1191869E-11  1.5266868E-11  1.4284282E-11  5.2945248E-12  4.3103144E-01
  te123    123   9.4643442E-12  1.4836594E-11  5.3722495E-12  5.1449496E-12  1.8630874E-12  4.4114789E-01
  te124    124   4.9454503E-11  7.8298673E-11  2.8844170E-11  2.7151968E-11  1.0003111E-11  4.3366623E-01
  te125    125   1.5733061E-11  5.9102730E-11  4.3369669E-11  2.0495309E-11  1.5040530E-11  1.3439132E-01
  te126    126   9.2681099E-11  2.0917518E-10  1.1649408E-10  7.2536581E-11  4.0399958E-11  2.5417617E-01
   i127    127   9.1274488E-12  1.5522952E-10  1.4610207E-10  5.3829611E-11  5.0667966E-11  2.6287716E-02
   i128    128   0.0000000E+00  0.0000000E+00  0.0000000E+00  0.0000000E+00  0.0000000E+00  0.0000000E+00
   i129    129   3.5552243E-14  3.5552243E-14  0.0000000E+00  1.2328604E-14  0.0000000E+00  0.0000000E+00
  xe128    128   2.9776459E-11  4.5556781E-11  1.5780323E-11  1.5797922E-11  5.4725903E-12  4.6040708E-01
  xe129    129   7.1537082E-12  2.0525492E-10  1.9810122E-10  7.1177134E-11  6.8701177E-11  1.5376301E-02
  xe130    130   6.0036254E-11  9.2089281E-11  3.2053030E-11  3.1934198E-11  1.1115939E-11  4.5830989E-01
  xe131    131   1.9754517E-11  1.7987345E-10  1.6011893E-10  6.2375494E-11  5.5528984E-11  5.0494269E-02
  xe132    132   1.1972162E-10  3.1692110E-10  1.9719948E-10  1.0990010E-10  6.8388455E-11  2.0601530E-01
  xe133    133   5.4524420E-36  5.4524420E-36  0.0000000E+00  1.8907668E-36  0.0000000E+00  0.0000000E+00
  xe134    134   1.2923770E-10  2.0315385E-10  7.3916158E-11  7.0448536E-11  2.5634004E-11  4.3905550E-01
  cs133    133   1.5687025E-11  6.7532431E-11  5.1845406E-11  2.3418512E-11  1.7979902E-11  1.1477198E-01
  cs134    134  -6.6940873E-19 -6.6940873E-19  0.0000000E+00 -2.3213376E-19  0.0000000E+00  0.0000000E+00
  cs135    135   0.0000000E+00  0.0000000E+00  0.0000000E+00  0.0000000E+00  0.0000000E+00  0.0000000E+00
  cs136    136   9.5605784E-34  9.5605784E-34  0.0000000E+00  3.3153629E-34  0.0000000E+00  0.0000000E+00
  cs137    137   0.0000000E+00  0.0000000E+00  0.0000000E+00  0.0000000E+00  0.0000000E+00  0.0000000E+00
  ba134    134   1.4935104E-11  3.0829048E-11  1.5893944E-11  1.0690722E-11  5.5119941E-12  2.8769827E-01
  ba135    135   6.3768546E-11  1.0744234E-10  4.3673794E-11  3.7258242E-11  1.5146001E-11  3.9092436E-01
  ba136    136   1.3923077E-10  1.9164942E-10  5.2418646E-11  6.6459095E-11  1.8178702E-11  5.6299162E-01
  ba137    137   4.5198020E-10  5.2749588E-10  7.5515684E-11  1.8292202E-10  2.6188714E-11  8.4415185E-01
  ba138    138   1.9824951E-09  2.4680622E-09  4.8556720E-10  8.5586055E-10  1.6839392E-10  7.0607662E-01
  la139    139   2.4184174E-10  3.0844161E-10  6.6599858E-11  1.0695962E-10  2.3096722E-11  6.6566956E-01
  ce140    140   7.8653373E-10  9.3917651E-10  1.5264276E-10  3.2568229E-10  5.2936263E-11  7.8904080E-01
  ce141    141   3.0792280E-32  3.0792280E-32  0.0000000E+00  1.0677972E-32  0.0000000E+00  0.0000000E+00
  ce142    142   1.3738151E-10  1.5683600E-10  1.9454490E-11  5.4386697E-11  6.7467850E-12  9.0639579E-01
  pr141    141   8.1717272E-11  1.0802440E-10  2.6307127E-11  3.7460087E-11  9.1232690E-12  6.1341834E-01
  nd142    142   1.6851572E-10  2.0360817E-10  3.5092453E-11  7.0606083E-11  1.2170005E-11  7.6355135E-01
  nd143    143   3.8277534E-11  5.3988921E-11  1.5711385E-11  1.8721970E-11  5.4486827E-12  5.3606004E-01
  nd144    144   1.1861635E-10  1.4984064E-10  3.1224291E-11  5.1960884E-11  1.0828533E-11  6.8110693E-01
  nd145    145   2.2148785E-11  3.3760376E-11  1.1611592E-11  1.1707232E-11  4.0268813E-12  4.6348539E-01
  nd146    146   1.0690226E-10  1.2975673E-10  2.2854470E-11  4.4996302E-11  7.9258926E-12  7.5412858E-01
  nd147    147   3.1310906E-34  3.1310906E-34  0.0000000E+00  1.0857817E-34  0.0000000E+00  0.0000000E+00
  nd148    148   1.4420355E-11  2.2150979E-11  7.7306243E-12  7.6813902E-12  2.6809679E-12  4.5714825E-01
  pm147    147  -2.4731766E-18 -2.4731766E-18  0.0000000E+00 -8.5763409E-19  0.0000000E+00  0.0000000E+00
  pm148    148   0.0000000E+00  0.0000000E+00  0.0000000E+00  0.0000000E+00  0.0000000E+00  0.0000000E+00
  sm147    147   1.2735084E-11  1.8957586E-11  6.2225021E-12  6.5740035E-12  2.1579537E-12  4.8378780E-01
  sm148    148   2.6885945E-11  3.1583822E-11  4.6978771E-12  1.0952459E-11  1.6292162E-12  8.2753289E-01
  sm149    149   4.8833186E-12  1.0698439E-11  5.8151201E-12  3.7099438E-12  2.0166742E-12  2.6473159E-01
  sm150    150   2.3113733E-11  2.6239854E-11  3.1261202E-12  9.0993072E-12  1.0841334E-12  9.2392564E-01
  sm151    151   6.1259374E-14  6.1259374E-14  0.0000000E+00  2.1243178E-14  0.0000000E+00  0.0000000E+00
  sm152    152   2.0590090E-11  3.2072664E-11  1.1482574E-11  1.1121976E-11  3.9821380E-12  4.4606566E-01
  eu151    151   3.2253219E-12  1.0799960E-11  7.5746380E-12  3.7451487E-12  2.6268722E-12  1.5403014E-01
  eu152    152   9.2316324E-19  9.2316324E-19  0.0000000E+00  3.2012929E-19  0.0000000E+00  0.0000000E+00
  eu153    153   3.8136230E-12  1.2191526E-11  8.3779034E-12  4.2277080E-12  2.9054432E-12  1.6289261E-01
  eu154    154  -4.1926741E-18 -4.1926741E-18  0.0000000E+00 -1.4539117E-18  0.0000000E+00  0.0000000E+00
  eu155    155  -1.0314154E-17 -1.0314154E-17  0.0000000E+00 -3.5766835E-18  0.0000000E+00  0.0000000E+00
  gd152    152   1.2860196E-15  1.1188136E-13  1.1059534E-13  3.8797582E-14  3.8354285E-14  4.9907109E-03
  gd153    153  -5.6878778E-29 -5.6878778E-29  0.0000000E+00 -1.9724099E-29  0.0000000E+00  0.0000000E+00
  gd154    154   2.4995702E-12  3.7208982E-12  1.2213279E-12  1.2903119E-12  4.2355453E-13  4.8378539E-01
  gd155    155   6.6761917E-12  1.5021900E-11  8.3457087E-12  5.2092089E-12  2.8942781E-12  2.5523153E-01
  gd156    156   1.6021016E-11  2.7637944E-11  1.1616928E-11  9.5841286E-12  4.0287318E-12  3.7638426E-01
  gd157    157   7.5639685E-12  1.6502317E-11  8.9383483E-12  5.7225795E-12  3.0998045E-12  2.6625755E-01
  gd158    158   3.0885832E-11  4.5163900E-11  1.4278069E-11  1.5661680E-11  4.9516112E-12  5.0009185E-01
  gd159    159   0.0000000E+00  0.0000000E+00  0.0000000E+00  0.0000000E+00  0.0000000E+00  0.0000000E+00
  gd160    160   1.6460487E-12  1.4370240E-11  1.2724191E-11  4.9832300E-12  4.4127289E-12  5.2803691E-02
  tb159    159   6.5473963E-12  1.7318336E-11  1.0770940E-11  6.0055541E-12  3.7353445E-12  2.0622241E-01
  tb160    160   2.8447348E-29  2.8447348E-29  0.0000000E+00  9.8648095E-30  0.0000000E+00  0.0000000E+00
  tb161    161   4.6725900E-36  4.6725900E-36  0.0000000E+00  1.6203342E-36  0.0000000E+00  0.0000000E+00
  dy160    160   7.5466473E-12  9.1764643E-12  1.6298169E-12  3.1821620E-12  5.6521785E-13  7.5050646E-01
  dy161    161   4.8026470E-12  1.8104136E-11  1.3301489E-11  6.2780493E-12  4.6129350E-12  1.3384739E-01
  dy162    162   2.2632186E-11  4.0682929E-11  1.8050743E-11  1.4107795E-11  6.2599687E-12  3.5288695E-01
  dy163    163   9.6899745E-12  2.7438917E-11  1.7748943E-11  9.5151118E-12  6.1553046E-12  1.8916433E-01
  dy164    164   4.8746472E-11  6.9017042E-11  2.0270568E-11  2.3933338E-11  7.0297999E-12  5.3206033E-01
  ho165    165   8.9004793E-12  2.4689114E-11  1.5788634E-11  8.5615499E-12  5.4754729E-12  1.9413072E-01
  er166    166   2.0539079E-11  3.5537694E-11  1.4998615E-11  1.2323560E-11  5.2014955E-12  3.7460795E-01
  er167    167   8.3008531E-12  1.8600347E-11  1.0299494E-11  6.4501226E-12  3.5718475E-12  2.5667509E-01
  er168    168   3.2191225E-11  4.4413952E-11  1.2222727E-11  1.5401617E-11  4.2388220E-12  5.6032115E-01
  er169    169   1.7030265E-34  1.7030265E-34  0.0000000E+00  5.9056584E-35  0.0000000E+00  0.0000000E+00
  er170    170   1.0489640E-11  1.7325363E-11  6.8357230E-12  6.0079910E-12  2.3706176E-12  4.0386778E-01
  tm169    169   8.1120631E-12  1.5335525E-11  7.2234610E-12  5.3179661E-12  2.5050845E-12  3.2692322E-01
  tm170    170   1.3350354E-25  1.3350354E-25  0.0000000E+00  4.6295600E-26  0.0000000E+00  0.0000000E+00
  tm171    171  -5.2907878E-19 -5.2907878E-19  0.0000000E+00 -1.8347093E-19  0.0000000E+00  0.0000000E+00
  yb170    170   9.9454958E-12  1.1311709E-11  1.3662130E-12  3.9226101E-12  4.7380042E-13  9.1797966E-01
  yb171    171   1.5055325E-11  2.1552989E-11  6.4976627E-12  7.4740231E-12  2.2533789E-12  5.2072024E-01
  yb172    172   3.9602998E-11  4.9664196E-11  1.0061198E-11  1.7222267E-11  3.4892070E-12  6.9336361E-01
  yb173    173   1.8327598E-11  2.5839282E-11  7.5116840E-12  8.9603993E-12  2.6050397E-12  5.3651303E-01
  yb174    174   8.5118336E-11  1.0014825E-10  1.5029915E-11  3.4728841E-11  5.2123501E-12  8.2365674E-01
  lu175    175   1.1101729E-11  1.7885639E-11  6.7839098E-12  6.2022800E-12  2.3526489E-12  4.2099428E-01
  lu176    176   8.4196148E-12  8.6176248E-12  1.9801035E-13  2.9883708E-12  6.8669666E-14  1.6386696E+00
  lu177    177   2.3795251E-35  2.3795251E-35  0.0000000E+00  8.2515822E-36  0.0000000E+00  0.0000000E+00
  hf176    176  -3.4772966E-14  1.4888444E-12  1.5236174E-12  5.1629301E-13  5.2838804E-13 -1.0056742E-02
  hf177    177   9.1468309E-12  1.4623323E-11  5.4764925E-12  5.0709927E-12  1.8992386E-12  4.2651346E-01
  hf178    178   4.2107109E-11  5.0186525E-11  8.0794165E-12  1.7403398E-11  2.8019284E-12  7.9317707E-01
  hf179    179   1.4784413E-11  1.8841087E-11  4.0566730E-12  6.5336048E-12  1.4068475E-12  6.6690582E-01
  hf180    180   8.2435628E-11  9.2941425E-11  1.0505799E-11  3.2229698E-11  3.6433937E-12  9.4675010E-01
  hf181    181   1.3561192E-31  1.3561192E-31  0.0000000E+00  4.7026730E-32  0.0000000E+00  0.0000000E+00
  hf182    182   2.8490023E-11  2.8490023E-11  0.0000000E+00  9.8796084E-12  0.0000000E+00  0.0000000E+00
  ta181    181   2.0204959E-11  2.4656190E-11  4.4512315E-12  8.5501337E-12  1.5436799E-12  7.4341571E-01
  ta182    182   2.6139194E-19  2.6139194E-19  0.0000000E+00  9.0644009E-20  0.0000000E+00  0.0000000E+00
  ta183    183   8.4833371E-37  8.4833371E-37  0.0000000E+00  2.9418035E-37  0.0000000E+00  0.0000000E+00
   w182    182   3.4480818E-11  4.1465748E-11  6.9849291E-12  1.4379256E-11  2.4223620E-12  7.7349734E-01
   w183    183   2.6390883E-11  3.0183585E-11  3.7927023E-12  1.0466892E-11  1.3153030E-12  9.0079188E-01
   w184    184   6.5851019E-11  7.4015981E-11  8.1649583E-12  2.5666840E-11  2.8315943E-12  9.5734137E-01
   w185    185   4.4670308E-28  4.4670308E-28  0.0000000E+00  1.5490516E-28  0.0000000E+00  0.0000000E+00
   w186    186   3.1487236E-11  3.9145492E-11  7.6582568E-12  1.3574651E-11  2.6558710E-12  7.0852172E-01
  re185    185   1.3312743E-11  1.7205267E-11  3.8925235E-12  5.9663446E-12  1.3499208E-12  6.4540005E-01
  re186    186   4.0029756E-37  4.0029756E-37  0.0000000E+00  1.3881292E-37  0.0000000E+00  0.0000000E+00
  re187    187   6.8431090E-12  1.3941729E-11  7.0986199E-12  4.8346336E-12  2.4617899E-12  2.9311261E-01
  os186    186   2.4825170E-11  2.6982635E-11  2.1574654E-12  9.3568842E-12  7.4820553E-13  1.0971104E+00
  os187    187   7.2248457E-12  8.9500447E-12  1.7251992E-12  3.1036456E-12  5.9829626E-13  7.1495587E-01
  os188    188   5.5805614E-11  7.4005468E-11  1.8199855E-11  2.5663196E-11  6.3116795E-12  6.0916585E-01
  os189    189   1.1048652E-11  3.3356668E-11  2.2308017E-11  1.1567236E-11  7.7363836E-12  1.7469159E-01
  os190    190   5.4248054E-11  9.0717711E-11  3.6469657E-11  3.1458572E-11  1.2647617E-11  3.9573029E-01
  os191    191   3.6853136E-33  3.6853136E-33  0.0000000E+00  1.2779721E-33  0.0000000E+00  0.0000000E+00
  os192    192   1.1077899E-11  6.8313230E-11  5.7235331E-11  2.3689273E-11  1.9849119E-11  7.6810509E-02
  ir191    191   9.4852806E-12  5.7746412E-11  4.8261131E-11  2.0024971E-11  1.6736881E-11  7.7897370E-02
  ir192    192   2.8272387E-29  2.8272387E-29  0.0000000E+00  9.8041375E-30  0.0000000E+00  0.0000000E+00
  ir193    193   1.0771627E-11  9.2746741E-11  8.1975114E-11  3.2162186E-11  2.8428836E-11  5.3586476E-02
  pt192    192   1.3157503E-11  1.5186821E-11  2.0293181E-12  5.2663993E-12  7.0376420E-13  8.7408662E-01
  pt193    193   2.6704320E-14  2.6704320E-14  0.0000000E+00  9.2603723E-15  0.0000000E+00  0.0000000E+00
  pt194    194   4.0656645E-11  1.2710180E-10  8.6445157E-11  4.4075639E-11  2.9979040E-11  1.6738093E-01
  pt195    195   1.5517636E-11  1.0469173E-10  8.9174092E-11  3.6304400E-11  3.0925429E-11  6.9643505E-02
  pt196    196   7.3689839E-11  1.4056291E-10  6.6873070E-11  4.8743606E-11  2.3191471E-11  3.2258937E-01
  au197    197   2.3540791E-11  6.3842640E-11  4.0301849E-11  2.2138987E-11  1.3976616E-11  1.9975570E-01
  hg198    198   8.3512822E-11  9.2980290E-11  9.4674702E-12  3.2243177E-11  3.2833033E-12  9.9212682E-01
  hg199    199   3.6372523E-11  5.2472575E-11  1.6100054E-11  1.8196141E-11  5.5834725E-12  5.1307493E-01
  hg200    200   1.2127301E-10  1.4342867E-10  2.2155663E-11  4.9737377E-11  7.6835474E-12  8.1112111E-01
  hg201    201   5.0030168E-11  6.2734387E-11  1.2704219E-11  2.1754674E-11  4.4058025E-12  6.9352758E-01
  hg202    202   1.9504108E-10  2.2396718E-10  2.8926096E-11  7.7666061E-11  1.0031522E-11  8.8886440E-01
  tl203    203   1.0378556E-10  1.1522803E-10  1.1442475E-11  3.9958120E-11  3.9682316E-12  1.0030080E+00
  tl204    204  -3.9273414E-17 -3.9273414E-17  0.0000000E+00 -1.3619011E-17  0.0000000E+00  0.0000000E+00
  tl205    205   2.4696467E-10  2.7454841E-10  2.7583743E-11  9.5206336E-11  9.5659973E-12  9.9793559E-01
  pb204    204   7.1817059E-11  8.6300044E-11  1.4482984E-11  2.9926638E-11  5.0226759E-12  7.7512282E-01
  pb205    205   0.0000000E+00  0.0000000E+00  0.0000000E+00  0.0000000E+00  0.0000000E+00  0.0000000E+00
  pb206    206   2.3981826E-08  2.4117911E-08  1.3608428E-10  8.3634717E-09  4.7193808E-11  2.2485018E+00
  pb207    207   1.6498332E-09  1.8011570E-09  1.5132383E-10  6.2459499E-10  5.2478858E-11  1.0756141E+00
  pb208    208   5.9393891E-08  5.9829119E-08  4.3522835E-10  2.0747201E-08  1.5093649E-10  2.1381655E+00
  bi209    209   3.0977350E-09  3.1280045E-09  3.0269655E-11  1.0847117E-09  1.0497467E-11  2.0142300E+00
  bi210    210   0.0000000E+00  0.0000000E+00  0.0000000E+00  0.0000000E+00  0.0000000E+00  0.0000000E+00
  po210    210   0.0000000E+00  0.0000000E+00  0.0000000E+00  0.0000000E+00  0.0000000E+00  0.0000000E+00
