# Final abundances
# El  Z   log e(X)   [X/H]    [X/Fe]     [X/O]      X(i)
  p   1  12.000000  0.000000  0.000000  0.000000 6.64948E-01
 he   2  11.078135  0.148135  0.113688  0.145151 3.16117E-01
 li   3   2.467647 -0.792353 -0.826800 -0.795337 1.34399E-09
 be   4   0.000000 -1.300000  0.000000  0.000000 2.22514E-34
  b   5   0.000000 -2.790000  0.000000  0.000000 5.07708E-29
  c   6   9.129721  0.659720  0.625274  0.656736 1.06814E-02
  n   7   8.339252  0.469253  0.434806  0.466269 2.01802E-03
  o   8   8.732984  0.002984 -0.031463  0.000000 5.70694E-03
  f   9   5.274316  0.814316  0.779869  0.811332 2.35695E-06
 ne  10   8.259031  0.289032  0.254585  0.286047 2.41701E-03
 na  11   6.567869  0.257869  0.223422  0.254885 5.60705E-05
 mg  12   7.679360  0.039360  0.004913  0.036376 7.66271E-04
 al  13   6.551216  0.081216  0.046769  0.078232 6.33311E-05
 si  14   7.585686  0.035686  0.001239  0.032701 7.13678E-04
  p  15   5.523255  0.053255  0.018808  0.050271 6.81678E-06
  s  16   7.194666  0.034667  0.000220  0.031682 3.31150E-04
 cl  17   5.284793  0.054793  0.020346  0.051809 4.50581E-06
 ar  18   6.473884  0.033884 -0.000563  0.030900 7.84704E-05
  k  19   5.122018  0.042018  0.007572  0.039034 3.41586E-06
 ca  20   6.323782  0.033782 -0.000664  0.030798 5.57206E-05
 sc  21   3.132367  0.082367  0.047920  0.079383 4.02237E-08
 ti  22   4.949213  0.039213  0.004766  0.036229 2.80916E-06
  v  23   3.987545  0.027545 -0.006902  0.024561 3.26549E-07
 cr  24   5.655583  0.015584 -0.018863  0.012599 1.55196E-05
 mn  25   5.532410  0.052410  0.017963  0.049426 1.23484E-05
 fe  26   7.574447  0.034447  0.000000  0.031463 1.38280E-03
 co  27   4.964286  0.094286  0.059840  0.091302 3.58074E-06
 ni  28   6.235127  0.035127  0.000680  0.032143 6.65335E-05
 cu  29   4.338768  0.088768  0.054322  0.085784 9.14500E-07
 zn  30   4.700787  0.070787  0.036340  0.067803 2.16646E-06
 ga  31   3.312256  0.232256  0.197809  0.229272 9.43972E-08
 ge  32   3.799826  0.219826  0.185379  0.216842 3.02224E-07
 as  33   2.475643  0.175643  0.141196  0.172659 1.47768E-08
 se  34   3.672849  0.332849  0.298402  0.329865 2.45235E-07
 br  35   2.792441  0.252441  0.217995  0.249457 3.26841E-08
 kr  36   3.689943  0.439943  0.405497  0.436959 2.70710E-07
 rb  37   2.752039  0.392039  0.357592  0.389055 3.18544E-08
 sr  38   3.904577  1.024577  0.990130  1.021593 4.63990E-07
  y  39   3.250514  1.080514  1.046067  1.077530 1.04417E-07
 zr  40   3.636676  1.106676  1.072229  1.103692 2.60683E-07
 nb  41   2.423797  1.013797  0.979350  1.010813 1.62618E-08
 mo  42   2.856722  0.916722  0.882275  0.913738 4.55039E-08
 tc  43   1.089807 -9.000000  0.000000  0.000000 7.94986E-10
 ru  44   2.580271  0.820271  0.785824  0.817287 2.53642E-08
 rh  45   1.594907  0.534907  0.500460  0.531923 2.67101E-09
 pd  46   2.607839  0.957839  0.923392  0.954855 2.84570E-08
 ag  47   1.689383  0.489383  0.454936  0.486398 3.48019E-09
 cd  48   2.742869  1.032869  0.998423  1.029885 4.10209E-08
 in  49   1.613707  0.853707  0.819260  0.850723 3.11204E-09
 sn  50   3.148996  1.078996  1.044550  1.076012 1.10360E-07
 sb  51   1.645195  0.635195  0.600748  0.632211 3.54836E-09
 te  52   2.747993  0.567992  0.533546  0.565008 4.71162E-08
  i  53   1.832834  0.282834  0.248388  0.279850 5.69688E-09
 xe  54   2.894020  0.654020  0.619573  0.651036 6.78561E-08
 cs  55   1.813505  0.733505  0.699058  0.730521 5.70656E-09
 ba  56   3.435361  1.255361  1.220914  1.252377 2.46857E-07
 la  57   2.350965  1.180966  1.146519  1.177981 2.05596E-08
 ce  58   2.722482  1.142482  1.108035  1.139498 4.87861E-08
 pr  59   1.668196  0.908196  0.873749  0.905212 4.32971E-09
 nd  60   2.414864  0.964864  0.930417  0.961879 2.47330E-08
 pm  61   0.000000 -9.000000  0.000000  0.000000 0.00000E+00
 sm  62   1.617766  0.677766  0.643320  0.674782 4.11364E-09
 eu  63   0.771912  0.261912  0.227465  0.258928 5.92897E-10
 gd  64   1.523608  0.473608  0.439162  0.470624 3.46359E-09
 tb  65   0.631108  0.311108  0.276662  0.308124 4.48361E-10
 dy  66   1.641192  0.511192  0.476746  0.508208 4.69217E-09
 ho  67   0.758657  0.288657  0.254210  0.285672 6.24142E-10
 er  68   1.434711  0.514711  0.480265  0.511727 3.00212E-09
 tm  69   0.556736  0.436736  0.402289  0.433752 4.01588E-10
 yb  70   1.664492  0.744492  0.710045  0.741508 5.27188E-09
 lu  71   0.749767  0.659767  0.625321  0.656783 6.48709E-10
 hf  72   1.588497  0.878497  0.844050  0.875513 4.56498E-09
 ta  73   0.690331  0.810331  0.775885  0.807347 5.85077E-10
  w  74   1.498277  0.848277  0.813830  0.845293 3.81983E-09
 re  75   0.668483  0.408483  0.374036  0.405499 5.72541E-10
 os  76   1.692724  0.342724  0.308277  0.339740 6.18488E-09
 ir  77   1.402055  0.082055  0.047608  0.079071 3.20018E-09
 pt  78   1.809844  0.189844  0.155397  0.186860 8.30576E-09
 au  79   1.020081  0.220081  0.185634  0.217097 1.36082E-09
 hg  80   1.909948  0.739948  0.705502  0.736964 1.07544E-08
 tl  81   1.331240  0.561240  0.526793  0.558256 2.89076E-09
 pb  82   2.662359  0.622359  0.587913  0.619375 6.28168E-08
 bi  83   0.777757  0.127757  0.093310  0.124773 8.26397E-10
 po  84  -0.025449 -9.000000  0.000000  0.000000 1.30025E-10
