# Initial mass = 1.900, Z =  0.0070, Y =  0.260, M_mix = 1.00E-03
# Final mass = 0.657, Mass expelled =   1.2430
  species    A      yield       mass(i)_lost    mass(i)_0        <X(i)>           X0(i)   log10(<X(i)>/X0(i)) 
      n      1   0.0000000E+00  0.0000000E+00  0.0000000E+00  0.0000000E+00  0.0000000E+00  0.0000000E+00
      p      1  -3.2508850E-02  8.7843770E-01  9.1094655E-01  7.0670766E-01  7.3292029E-01 -1.5816972E-02
      d      2   6.9813010E-18  6.9813010E-18  0.0000000E+00  5.6164927E-18  0.0000000E+00  0.0000000E+00
    he3      3   2.7832738E-04  2.7832738E-04  0.0000000E+00  2.2391582E-04  0.0000000E+00  0.0000000E+00
    he4      4   2.6533961E-02  3.4965280E-01  3.2311884E-01  2.8129748E-01  2.5997174E-01  3.4239709E-02
    li7      7  -3.8420573E-09  1.8125227E-09  5.6545799E-09  1.4581839E-09  4.5495052E-09 -4.9415189E-01
    be7      7   8.9965801E-18  8.9965801E-18  0.0000000E+00  7.2377956E-18  0.0000000E+00  0.0000000E+00
     b8      8   4.9668067E-28  4.9668067E-28  0.0000000E+00  3.9958217E-28  0.0000000E+00  0.0000000E+00
    c12     12   4.3728864E-03  5.9297476E-03  1.5568612E-03  4.7705127E-03  1.2526038E-03  5.8075130E-01
    c13     13   2.6619686E-05  4.5485787E-05  1.8866102E-05  3.6593552E-05  1.5179100E-05  3.8215858E-01
    c14     14   3.6556043E-09  3.6556043E-09  0.0000000E+00  2.9409526E-09  0.0000000E+00  0.0000000E+00
    n13     13   0.0000000E+00  0.0000000E+00  0.0000000E+00  0.0000000E+00  0.0000000E+00  0.0000000E+00
    n14     14   6.4463902E-04  1.1049393E-03  4.6030022E-04  8.8892935E-04  3.7034374E-04  3.8026226E-01
    n15     15  -5.3419114E-07  5.9958325E-07  1.1337744E-06  4.8236780E-07  9.1220090E-07 -2.7671218E-01
    o14     14   0.0000000E+00  0.0000000E+00  0.0000000E+00  0.0000000E+00  0.0000000E+00  0.0000000E+00
    o15     15   0.0000000E+00  0.0000000E+00  0.0000000E+00  0.0000000E+00  0.0000000E+00  0.0000000E+00
    o16     16   1.5441119E-04  3.9138244E-03  3.7594133E-03  3.1486920E-03  3.0247113E-03  1.7446257E-02
    o17     17   1.6684620E-05  1.8202172E-05  1.5175525E-06  1.4643741E-05  1.2209773E-06  1.0789444E+00
    o18     18  -2.6132484E-06  5.8454316E-06  8.4586800E-06  4.7026801E-06  6.8055997E-06 -1.6052100E-01
    o19     19   0.0000000E+00  0.0000000E+00  0.0000000E+00  0.0000000E+00  0.0000000E+00  0.0000000E+00
    f17     17   0.0000000E+00  0.0000000E+00  0.0000000E+00  0.0000000E+00  0.0000000E+00  0.0000000E+00
    f18     18   0.0000000E+00  0.0000000E+00  0.0000000E+00  0.0000000E+00  0.0000000E+00  0.0000000E+00
    f19     19   5.7133423E-07  8.1492112E-07  2.4358687E-07  6.5560823E-07  1.9598269E-07  5.2442670E-01
    f20     20   0.0000000E+00  0.0000000E+00  0.0000000E+00  0.0000000E+00  0.0000000E+00  0.0000000E+00
   ne19     19   0.0000000E+00  0.0000000E+00  0.0000000E+00  0.0000000E+00  0.0000000E+00  0.0000000E+00
   ne20     20   1.5186379E-07  7.7132467E-04  7.7117281E-04  6.2053470E-04  6.2046252E-04  5.0474708E-05
   ne21     21   1.2360374E-07  2.0646471E-06  1.9410434E-06  1.6610193E-06  1.5617053E-06  2.6775582E-02
   ne22     22   4.7033772E-04  5.3271308E-04  6.2375366E-05  4.2857043E-04  5.0185346E-05  9.3144530E-01
   ne23     23   0.0000000E+00  0.0000000E+00  0.0000000E+00  0.0000000E+00  0.0000000E+00  0.0000000E+00
   na21     21   0.0000000E+00  0.0000000E+00  0.0000000E+00  0.0000000E+00  0.0000000E+00  0.0000000E+00
   na22     22   9.2118949E-26  9.2118949E-26  0.0000000E+00  7.4110173E-26  0.0000000E+00  0.0000000E+00
   na23     23   8.8345405E-06  2.9710565E-05  2.0876025E-05  2.3902303E-05  1.6796224E-05  1.5322807E-01
   na24     24   0.0000000E+00  0.0000000E+00  0.0000000E+00  0.0000000E+00  0.0000000E+00  0.0000000E+00
   mg23     23   0.0000000E+00  0.0000000E+00  0.0000000E+00  0.0000000E+00  0.0000000E+00  0.0000000E+00
   mg24     24   1.2025994E-06  3.6906594E-04  3.6786334E-04  2.9691544E-04  2.9597184E-04  1.3824379E-03
   mg25     25   6.3872358E-07  4.9150047E-05  4.8511323E-05  3.9541468E-05  3.9030758E-05  5.6458376E-03
   mg26     26  -1.3023964E-07  5.5417120E-05  5.5547360E-05  4.4583361E-05  4.4691740E-05 -1.0544497E-03
   mg27     27   0.0000000E+00  0.0000000E+00  0.0000000E+00  0.0000000E+00  0.0000000E+00  0.0000000E+00
   al25     25   0.0000000E+00  0.0000000E+00  0.0000000E+00  0.0000000E+00  0.0000000E+00  0.0000000E+00
   al-6     26   0.0000000E+00  0.0000000E+00  0.0000000E+00  0.0000000E+00  0.0000000E+00  0.0000000E+00
   al*6     26   0.0000000E+00  0.0000000E+00  0.0000000E+00  0.0000000E+00  0.0000000E+00  0.0000000E+00
   al27     27   1.6710219E-06  3.7092988E-05  3.5421966E-05  2.9841502E-05  2.8499451E-05  1.9984184E-02
   al28     28   0.0000000E+00  0.0000000E+00  0.0000000E+00  0.0000000E+00  0.0000000E+00  0.0000000E+00
   si27     27   0.0000000E+00  0.0000000E+00  0.0000000E+00  0.0000000E+00  0.0000000E+00  0.0000000E+00
   si28     28   1.5218393E-07  4.0747330E-04  4.0732112E-04  3.2781437E-04  3.2771836E-04  1.2723678E-04
   si29     29   2.7128408E-08  2.1449410E-05  2.1422282E-05  1.7256161E-05  1.7235727E-05  5.1461870E-04
   si30     30   1.0991516E-07  1.4718118E-05  1.4608203E-05  1.1840802E-05  1.1753322E-05  3.2205139E-03
    p31     31   1.5919022E-07  4.2261572E-06  4.0669670E-06  3.3999654E-06  3.2721596E-06  1.6640026E-02
    p32     32   0.0000000E+00  0.0000000E+00  0.0000000E+00  0.0000000E+00  0.0000000E+00  0.0000000E+00
    p33     33   0.0000000E+00  0.0000000E+00  0.0000000E+00  0.0000000E+00  0.0000000E+00  0.0000000E+00
    s32     32  -1.8882565E-07  1.9500279E-04  1.9519162E-04  1.5688075E-04  1.5704533E-04 -4.5536575E-04
    s33     33   2.7266537E-08  1.6387826E-06  1.6115160E-06  1.3184091E-06  1.2965775E-06  7.2516976E-03
    s34     34   2.2327185E-08  9.3944764E-06  9.3721492E-06  7.5579046E-06  7.5405505E-06  9.9836057E-04
    s35     35   0.0000000E+00  0.0000000E+00  0.0000000E+00  0.0000000E+00  0.0000000E+00  0.0000000E+00
    s36     36   5.9961209E-09  5.2259033E-08  4.6262912E-08  4.2042661E-08  3.7221753E-08  5.2893355E-02
   cl35     35  -5.6463705E-09  1.9966621E-06  2.0023085E-06  1.6063250E-06  1.6109974E-06 -1.2613896E-03
   cl36     36   0.0000000E+00  0.0000000E+00  0.0000000E+00  0.0000000E+00  0.0000000E+00  0.0000000E+00
   cl37     37   6.9846294E-08  7.4636085E-07  6.7651456E-07  6.0045119E-07  5.4430336E-07  4.2636689E-02
   ar36     36  -1.0545409E-07  3.7180471E-05  3.7285925E-05  2.9911880E-05  2.9999139E-05 -1.2650500E-03
   ar37     37   0.0000000E+00  0.0000000E+00  0.0000000E+00  0.0000000E+00  0.0000000E+00  0.0000000E+00
   ar38     38   3.4107870E-08  7.1901218E-06  7.1560139E-06  5.7844900E-06  5.7575144E-06  2.0300406E-03
   ar39     39   2.4892146E-12  2.4892146E-12  0.0000000E+00  2.0025860E-12  0.0000000E+00  0.0000000E+00
   ar40     40   6.4873991E-09  1.8535010E-08  1.2047611E-08  1.4911512E-08  9.6931458E-09  1.8705696E-01
    k39     39   6.0563252E-09  1.9472654E-06  1.9412091E-06  1.5665851E-06  1.5618388E-06  1.3177689E-03
    k40     40  -3.1424496E-10  0.0000000E+00  3.1424496E-10  0.0000000E+00  2.5283206E-10  0.0000000E+00
    k41     41   1.0941591E-08  1.5821462E-07  1.4727303E-07  1.2728448E-07  1.1849146E-07  3.1088391E-02
   ca40     40  -7.3279807E-08  3.3536049E-05  3.3609329E-05  2.6979926E-05  2.7041060E-05 -9.8299235E-04
   ca41     41   0.0000000E+00  0.0000000E+00  0.0000000E+00  0.0000000E+00  0.0000000E+00  0.0000000E+00
   ca42     42   5.7902696E-09  2.4132788E-07  2.3553761E-07  1.9414954E-07  1.8950651E-07  1.0512222E-02
   ca43     43   1.0751577E-09  5.1390543E-08  5.0315386E-08  4.1343959E-08  4.0482252E-08  9.1473833E-03
   ca44     44   5.0168296E-09  8.0058021E-07  7.9556338E-07  6.4407089E-07  6.4008640E-07  2.6950990E-03
   ca45     45   0.0000000E+00  0.0000000E+00  0.0000000E+00  0.0000000E+00  0.0000000E+00  0.0000000E+00
   ca46     46   4.6226147E-09  6.2174932E-09  1.5948786E-09  5.0020055E-09  1.2831914E-09  5.9085274E-01
   ca47     47   0.0000000E+00  0.0000000E+00  0.0000000E+00  0.0000000E+00  0.0000000E+00  0.0000000E+00
   ca48     48  -5.6445515E-11  7.7745604E-08  7.7802049E-08  6.2546739E-08  6.2597195E-08 -3.5019711E-04
   sc45     45   1.1885675E-09  2.3633554E-08  2.2444986E-08  1.9013315E-08  1.8058563E-08  2.2374619E-02
   sc46     46   0.0000000E+00  0.0000000E+00  0.0000000E+00  0.0000000E+00  0.0000000E+00  0.0000000E+00
   sc47     47   0.0000000E+00  0.0000000E+00  0.0000000E+00  0.0000000E+00  0.0000000E+00  0.0000000E+00
   sc48     48  -1.0240531E-32  1.4145928E-29  1.4156169E-29  1.1380473E-29  1.1389629E-29  0.0000000E+00
   ti46     46   8.4347107E-10  1.3797039E-07  1.3712692E-07  1.1099789E-07  1.1032820E-07  2.6282067E-03
   ti47     47  -1.5694468E-10  1.2619546E-07  1.2635240E-07  1.0152490E-07  1.0165935E-07 -5.7478988E-04
   ti48     48  -5.5865712E-09  1.2730096E-06  1.2785962E-06  1.0241428E-06  1.0287201E-06 -1.9367255E-03
   ti49     49   6.3381762E-09  1.0212372E-07  9.5785545E-08  8.2159062E-08  7.7066169E-08  2.7791681E-02
   ti50     50   1.8591116E-08  1.1217752E-07  9.3586408E-08  9.0247397E-08  7.5296811E-08  7.8658096E-02
    v51     51  -9.3005781E-10  2.0531806E-07  2.0624812E-07  1.6517944E-07  1.6594106E-07 -1.9978597E-03
   cr52     52  -1.5935257E-08  8.4387930E-06  8.4547282E-06  6.7890523E-06  6.8024206E-06 -8.5435197E-04
   cr53     53  -2.6007001E-09  9.7452926E-07  9.7712996E-07  7.8401382E-07  7.8616949E-07 -1.1924937E-03
   cr54     54   1.4119962E-08  2.6193783E-07  2.4781787E-07  2.1073033E-07  1.9938683E-07  2.4030577E-02
   mn55     55   8.4653038E-08  7.4683853E-06  7.3837323E-06  6.0083544E-06  5.9407294E-06  4.9157762E-03
   fe54     54  -2.9467628E-07  4.8356211E-05  4.8650887E-05  3.8902821E-05  3.9143044E-05 -2.6735612E-03
   fe55     55   8.4191142E-27  8.4191142E-27  0.0000000E+00  6.7732206E-27  0.0000000E+00  0.0000000E+00
   fe56     56  -1.9551371E-06  7.9003401E-04  7.9198915E-04  6.3558645E-04  6.3721073E-04 -1.1084786E-03
   fe57     57   6.7563997E-07  1.9292824E-05  1.8617184E-05  1.5521176E-05  1.4978827E-05  1.5446806E-02
   fe58     58   5.4413499E-07  3.0652177E-06  2.5210827E-06  2.4659835E-06  2.0283876E-06  8.4839165E-02
   fe59     59   0.0000000E+00  0.0000000E+00  0.0000000E+00  0.0000000E+00  0.0000000E+00  0.0000000E+00
   fe60     60   0.0000000E+00  0.0000000E+00  0.0000000E+00  0.0000000E+00  0.0000000E+00  0.0000000E+00
   co59     59   1.4803959E-07  2.0923121E-06  1.9442725E-06  1.6832760E-06  1.5643035E-06  3.1834297E-02
   co60     60   6.0810587E-15  6.0810587E-15  0.0000000E+00  4.8922433E-15  0.0000000E+00  0.0000000E+00
   ni58     58  -1.6585909E-07  2.7652832E-05  2.7818691E-05  2.2246846E-05  2.2382086E-05 -2.6321243E-03
   ni59     59   0.0000000E+00  0.0000000E+00  0.0000000E+00  0.0000000E+00  0.0000000E+00  0.0000000E+00
   ni60     60   4.5308298E-08  1.1130645E-05  1.1085337E-05  8.9546620E-06  8.9189307E-06  1.7364236E-03
   ni61     61   4.8342372E-08  5.3825579E-07  4.8991342E-07  4.3302956E-07  3.9416963E-07  4.0834378E-02
   ni62     62   5.7260991E-08  1.6448669E-06  1.5876059E-06  1.3233039E-06  1.2773401E-06  1.5353064E-02
   ni63     63   0.0000000E+00  0.0000000E+00  0.0000000E+00  0.0000000E+00  0.0000000E+00  0.0000000E+00
   ni64     64   1.1194925E-07  5.2931938E-07  4.1737013E-07  4.2584017E-07  3.3580349E-07  1.0316139E-01
   cu63     63   2.1986096E-08  3.6646875E-07  3.4448266E-07  2.9482601E-07  2.7716041E-07  2.6834622E-02
   cu64     64   0.0000000E+00  0.0000000E+00  0.0000000E+00  0.0000000E+00  0.0000000E+00  0.0000000E+00
   cu65     65   2.8078418E-08  1.8649146E-07  1.5841304E-07  1.5003334E-07  1.2745440E-07  7.0832953E-02
   zn64     64   5.3798317E-09  5.9558374E-07  5.9020391E-07  4.7915017E-07  4.7486037E-07  3.9057138E-03
   zn65     65   0.0000000E+00  0.0000000E+00  0.0000000E+00  0.0000000E+00  0.0000000E+00  0.0000000E+00
   zn66     66   2.7252810E-08  3.7643889E-07  3.4918608E-07  3.0284704E-07  2.8094465E-07  3.2602556E-02
   zn67     67   6.2251253E-09  5.8315862E-08  5.2090737E-08  4.6915414E-08  4.1910646E-08  4.8991188E-02
   zn68     68   3.5883204E-08  2.7766060E-07  2.4177740E-07  2.2337939E-07  1.9452685E-07  6.0063548E-02
   zn69     69   0.0000000E+00  0.0000000E+00  0.0000000E+00  0.0000000E+00  0.0000000E+00  0.0000000E+00
   zn70     70   1.4310686E-10  8.3731297E-09  8.2300229E-09  6.7362262E-09  6.6216299E-09  7.4517969E-03
   ga69     69   6.3861716E-09  2.8552318E-08  2.2166146E-08  2.2970488E-08  1.7834218E-08  1.0991618E-01
   ga70     70   0.0000000E+00  0.0000000E+00  0.0000000E+00  0.0000000E+00  0.0000000E+00  0.0000000E+00
   ga71     71   7.3845783E-09  2.2521956E-08  1.5137378E-08  1.8119030E-08  1.2179081E-08  1.7252041E-01
   ge70     70   1.1660740E-08  3.6315576E-08  2.4654836E-08  2.9216070E-08  1.9836543E-08  1.6815582E-01
   ge71     71   0.0000000E+00  0.0000000E+00  0.0000000E+00  0.0000000E+00  0.0000000E+00  0.0000000E+00
   ge72     72   1.3006961E-08  4.6519105E-08  3.3512144E-08  3.7424861E-08  2.6962867E-08  1.4239414E-01
   ge73     73   3.7005847E-09  1.3237717E-08  9.5371320E-09  1.0649812E-08  7.6732904E-09  1.4236027E-01
   ge74     74   1.7340348E-08  6.2714300E-08  4.5373952E-08  5.0453977E-08  3.6506520E-08  1.4052497E-01
   as75     75   1.5600552E-09  8.2122646E-09  6.6522094E-09  6.6068093E-09  5.3521680E-09  9.1462046E-02
   se76     76   6.1192882E-09  1.3044843E-08  6.9255552E-09  1.0494644E-08  5.5720939E-09  2.7494931E-01
   se77     77   2.4451179E-09  8.1589402E-09  5.7138223E-09  6.5639094E-09  4.5971698E-09  1.5467209E-01
   se78     78   1.6517642E-08  3.4549128E-08  1.8031486E-08  2.7794952E-08  1.4507592E-08  2.8237060E-01
   se79     79   0.0000000E+00  0.0000000E+00  0.0000000E+00  0.0000000E+00  0.0000000E+00  0.0000000E+00
   se80     80   2.1436836E-08  6.0035120E-08  3.8598284E-08  4.8298563E-08  3.1055023E-08  1.9180232E-01
   br79     79   3.5027408E-09  9.6752180E-09  6.1724772E-09  7.7837630E-09  4.9661901E-09  1.9516627E-01
   br80     80   0.0000000E+00  0.0000000E+00  0.0000000E+00  0.0000000E+00  0.0000000E+00  0.0000000E+00
   br81     81   2.9776053E-09  9.1342125E-09  6.1566072E-09  7.3485213E-09  4.9534217E-09  1.7129464E-01
   kr80     80   1.9432278E-10  1.6653089E-09  1.4709861E-09  1.3397496E-09  1.1835113E-09  5.3851217E-02
   kr81     81   0.0000000E+00  0.0000000E+00  0.0000000E+00  0.0000000E+00  0.0000000E+00  0.0000000E+00
   kr82     82   1.3633577E-08  2.1188431E-08  7.5548536E-09  1.7046203E-08  6.0784093E-09  4.4783777E-01
   kr83     83   4.2483288E-09  1.1824142E-08  7.5758129E-09  9.5125827E-09  6.0952723E-09  1.9330533E-01
   kr84     84   2.9420431E-08  6.7205725E-08  3.7785295E-08  5.4067353E-08  3.0400916E-08  2.5004843E-01
   kr-5     85   2.2026806E-18  2.2026806E-18  0.0000000E+00  1.7720680E-18  0.0000000E+00  0.0000000E+00
   kr*5     85   0.0000000E+00  0.0000000E+00  0.0000000E+00  0.0000000E+00  0.0000000E+00  0.0000000E+00
   kr86     86   1.4352564E-08  2.6051405E-08  1.1698841E-08  2.0958490E-08  9.4125365E-09  3.4765333E-01
   rb85     85   4.5908721E-09  1.0723513E-08  6.1326406E-09  8.6271212E-09  4.9341389E-09  2.4265458E-01
   rb86     86   0.0000000E+00  0.0000000E+00  0.0000000E+00  0.0000000E+00  0.0000000E+00  0.0000000E+00
   rb87     87   8.2156681E-10  3.4047285E-09  2.5831617E-09  2.7391216E-09  2.0783344E-09  1.1989588E-01
   sr86     86   1.1844744E-08  1.4706449E-08  2.8617058E-09  1.1831415E-08  2.3024427E-09  7.1084791E-01
   sr87     87   7.6796249E-09  9.7027764E-09  2.0231516E-09  7.8059337E-09  1.6277671E-09  6.8083262E-01
   sr88     88   1.3487436E-07  1.5940891E-07  2.4534563E-08  1.2824529E-07  1.9739774E-08  8.1269926E-01
   sr89     89   0.0000000E+00  0.0000000E+00  0.0000000E+00  0.0000000E+00  0.0000000E+00  0.0000000E+00
   sr90     90   1.0172580E-16  1.0172580E-16  0.0000000E+00  8.1838934E-17  0.0000000E+00  0.0000000E+00
    y89     89   3.6624332E-08  4.2476501E-08  5.8521672E-09  3.4172565E-08  4.7084781E-09  8.6079705E-01
    y90     90   2.5725672E-20  2.5725672E-20  0.0000000E+00  2.0696437E-20  0.0000000E+00  0.0000000E+00
    y91     91   0.0000000E+00  0.0000000E+00  0.0000000E+00  0.0000000E+00  0.0000000E+00  0.0000000E+00
   zr90     90   4.5812765E-08  5.2787659E-08  6.9748931E-09  4.2467946E-08  5.6117897E-09  8.7895983E-01
   zr91     91   1.0908446E-08  1.2446378E-08  1.5379327E-09  1.0013175E-08  1.2373745E-09  9.0807068E-01
   zr92     92   1.7824089E-08  2.0200700E-08  2.3766111E-09  1.6251567E-08  1.9121502E-09  9.2937326E-01
   zr93     93   0.0000000E+00  0.0000000E+00  0.0000000E+00  0.0000000E+00  0.0000000E+00  0.0000000E+00
   zr94     94   2.7109621E-08  2.9570490E-08  2.4608693E-09  2.3789612E-08  1.9799418E-09  1.0797349E+00
   zr95     95   0.0000000E+00  0.0000000E+00  0.0000000E+00  0.0000000E+00  0.0000000E+00  0.0000000E+00
   zr96     96   3.2954778E-10  7.3444051E-10  4.0489273E-10  5.9086119E-10  3.2576458E-10  2.5858161E-01
   nb93     93   6.2311587E-09  7.2938326E-09  1.0626738E-09  5.8679261E-09  8.5499552E-10  8.3652079E-01
   nb94     94   1.8193350E-12  1.8193350E-12  0.0000000E+00  1.4636645E-12  0.0000000E+00  0.0000000E+00
   nb95     95   0.0000000E+00  0.0000000E+00  0.0000000E+00  0.0000000E+00  0.0000000E+00  0.0000000E+00
   mo94     94   5.6513488E-11  3.8956113E-10  3.3304765E-10  3.1340394E-10  2.6796015E-10  6.8034224E-02
   mo95     95   3.0009695E-09  3.5835201E-09  5.8255067E-10  2.8829605E-09  4.6870280E-10  7.8894114E-01
   mo96     96   6.2700520E-09  6.8897243E-09  6.1967237E-10  5.5428186E-09  4.9856980E-10  1.0460048E+00
   mo97     97   2.1062221E-09  2.4667215E-09  3.6049935E-10  1.9844901E-09  2.9004696E-10  8.3518064E-01
   mo98     98   7.7987359E-09  8.7242249E-09  9.2548941E-10  7.0186839E-09  7.4462103E-10  9.7432041E-01
   tc99     99   0.0000000E+00  0.0000000E+00  0.0000000E+00  0.0000000E+00  0.0000000E+00  0.0000000E+00
   ru99     99   1.0016956E-09  1.3248376E-09  3.2314190E-10  1.0658386E-09  2.5999028E-10  6.1273438E-01
  ru100    100   3.9150665E-09  4.2373776E-09  3.2231107E-10  3.4089922E-09  2.5932181E-10  1.1187871E+00
  ru101    101   8.3959728E-10  1.2803644E-09  4.4076712E-10  1.0300597E-09  3.5462799E-10  4.6308941E-01
  ru102    102   5.3431126E-09  6.1663052E-09  8.2319251E-10  4.9608246E-09  6.6231598E-10  8.7448865E-01
  rh103    103   8.8801744E-10  1.4137267E-09  5.2570925E-10  1.1373504E-09  4.2296988E-10  4.2958486E-01
  pd104    104   2.9987766E-09  3.2288308E-09  2.3005414E-10  2.5976110E-09  1.8509468E-10  1.1471802E+00
  pd105    105   7.5411011E-10  1.2196799E-09  4.6556983E-10  9.8123876E-10  3.7458353E-10  4.1822603E-01
  pd106    106   3.5150347E-09  4.0902801E-09  5.7524535E-10  3.2906515E-09  4.6282517E-10  8.5186493E-01
  pd107    107   0.0000000E+00  0.0000000E+00  0.0000000E+00  0.0000000E+00  0.0000000E+00  0.0000000E+00
  pd108    108   4.4384865E-09  5.0059290E-09  5.6744265E-10  4.0272958E-09  4.5654736E-10  9.4552773E-01
  ag107    107   6.8960004E-10  1.0803961E-09  3.9079603E-10  8.6918422E-10  3.1442277E-10  4.4159788E-01
  ag108    108   0.0000000E+00  0.0000000E+00  0.0000000E+00  0.0000000E+00  0.0000000E+00  0.0000000E+00
  ag109    109   1.1155026E-09  1.4853527E-09  3.6985018E-10  1.1949739E-09  2.9757036E-10  6.0376883E-01
  cd108    108   2.9940505E-11  5.1854375E-11  2.1913870E-11  4.1717112E-11  1.7631244E-11  3.7403128E-01
  cd109    109   0.0000000E+00  0.0000000E+00  0.0000000E+00  0.0000000E+00  0.0000000E+00  0.0000000E+00
  cd110    110   3.8940202E-09  4.2072505E-09  3.1323016E-10  3.3847549E-09  2.5201560E-10  1.1280998E+00
  cd111    111   1.2841834E-09  1.6081034E-09  3.2391997E-10  1.2937276E-09  2.6061631E-10  6.9584125E-01
  cd112    112   4.8714037E-09  5.4875477E-09  6.1614386E-10  4.4147606E-09  4.9573090E-10  9.4966120E-01
  cd113    113   1.4270515E-09  1.7418659E-09  3.1481437E-10  1.4013402E-09  2.5329019E-10  7.4292517E-01
  cd114    114   7.0693615E-09  7.8160607E-09  7.4669909E-10  6.2880612E-09  6.0077171E-10  1.0198073E+00
  in115    115   1.3564514E-09  1.6380068E-09  2.8155550E-10  1.3177850E-09  2.2653111E-10  7.6471668E-01
  sn116    116   1.0147577E-08  1.1028471E-08  8.8089402E-10  8.8724619E-09  7.0874095E-10  1.0975567E+00
  sn117    117   3.0073362E-09  3.4766405E-09  4.6930426E-10  2.7969753E-09  3.7758816E-10  8.6967027E-01
  sn118    118   1.4039722E-08  1.5470770E-08  1.4310474E-09  1.2446314E-08  1.1513779E-09  1.0338229E+00
  sn119    119   4.2018646E-09  4.7357513E-09  5.3388671E-10  3.8099364E-09  4.2954923E-10  9.4790477E-01
  sn120    120   2.3735522E-08  2.5777434E-08  2.0419122E-09  2.0738078E-08  1.6428614E-09  1.1011677E+00
  sb121    121   1.7301031E-09  2.0449948E-09  3.1489181E-10  1.6452090E-09  2.5335251E-10  8.1249589E-01
  te122    122   3.1420346E-09  3.3513499E-09  2.0931526E-10  2.6961784E-09  1.6840879E-10  1.2043840E+00
  te123    123   1.1654741E-09  1.2391289E-09  7.3654860E-11  9.9688557E-10  5.9260492E-11  1.2258800E+00
  te124    124   6.1912790E-09  6.5867454E-09  3.9546638E-10  5.2990705E-09  3.1818043E-10  1.2215263E+00
  te125    125   2.0956217E-09  2.6902380E-09  5.9461636E-10  2.1643105E-09  4.7841048E-10  6.5551889E-01
  te126    126   1.1794190E-08  1.3391391E-08  1.5972014E-09  1.0773443E-08  1.2850603E-09  9.2343104E-01
   i127    127   1.5236401E-09  3.5267540E-09  2.0031139E-09  2.8372917E-09  1.6116454E-09  2.4563453E-01
   i128    128   0.0000000E+00  0.0000000E+00  0.0000000E+00  0.0000000E+00  0.0000000E+00  0.0000000E+00
   i129    129   1.9746734E-13  1.9746734E-13  0.0000000E+00  1.5886350E-13  0.0000000E+00  0.0000000E+00
  xe128    128   3.8487360E-09  4.0650923E-09  2.1635641E-10  3.2703877E-09  1.7407388E-10  1.2738657E+00
  xe129    129   1.4834876E-09  4.1995722E-09  2.7160847E-09  3.3785776E-09  2.1852804E-09  1.8922675E-01
  xe130    130   8.2235037E-09  8.6629699E-09  4.3946585E-10  6.9694042E-09  3.5358105E-10  1.2947067E+00
  xe131    131   3.0821008E-09  5.2774070E-09  2.1953062E-09  4.2457011E-09  1.7662775E-09  3.8089046E-01
  xe132    132   1.6245068E-08  1.8948775E-08  2.7037068E-09  1.5244387E-08  2.1753215E-09  8.4558648E-01
  xe133    133   0.0000000E+00  0.0000000E+00  0.0000000E+00  0.0000000E+00  0.0000000E+00  0.0000000E+00
  xe134    134   1.0044865E-10  1.1138699E-09  1.0134212E-09  8.9611407E-10  8.1536833E-10  4.1009463E-02
  cs133    133   2.1340569E-09  2.8448768E-09  7.1081985E-10  2.2887181E-09  5.7190430E-10  6.0226899E-01
  cs134    134   1.3851857E-34  1.3851857E-34  0.0000000E+00  1.1143891E-34  0.0000000E+00  0.0000000E+00
  cs135    135   0.0000000E+00  0.0000000E+00  0.0000000E+00  0.0000000E+00  0.0000000E+00  0.0000000E+00
  cs136    136   0.0000000E+00  0.0000000E+00  0.0000000E+00  0.0000000E+00  0.0000000E+00  0.0000000E+00
  cs137    137   0.0000000E+00  0.0000000E+00  0.0000000E+00  0.0000000E+00  0.0000000E+00  0.0000000E+00
  ba134    134   6.2516339E-09  6.4695476E-09  2.1791347E-10  5.2047846E-09  1.7532664E-10  1.4725549E+00
  ba135    135   2.7973746E-09  3.3961405E-09  5.9876593E-10  2.7322127E-09  4.8174914E-10  7.5369352E-01
  ba136    136   1.7170684E-08  1.7889366E-08  7.1868150E-10  1.4392088E-08  5.7822958E-10  1.3960236E+00
  ba137    137   1.3959519E-08  1.4994862E-08  1.0353436E-09  1.2063444E-08  8.3300644E-10  1.1608230E+00
  ba138    138   2.0276606E-07  2.0942332E-07  6.6572605E-09  1.6848215E-07  5.3562323E-09  1.4976946E+00
  la139    139   2.4298780E-08  2.5211905E-08  9.1312641E-10  2.0283109E-08  7.3467410E-10  1.4410399E+00
  ce140    140   7.6459891E-08  7.8552695E-08  2.0928035E-09  6.3196048E-08  1.6838070E-09  1.5743977E+00
  ce141    141   0.0000000E+00  0.0000000E+00  0.0000000E+00  0.0000000E+00  0.0000000E+00  0.0000000E+00
  ce142    142   2.2181626E-10  4.8854576E-10  2.6672950E-10  3.9303760E-10  2.1460257E-10  2.6279914E-01
  pr141    141   6.4753465E-09  6.8360309E-09  3.6068434E-10  5.4996221E-09  2.9019581E-10  1.2776418E+00
  nd142    142   2.1363949E-08  2.1845084E-08  4.8113491E-10  1.7574482E-08  3.8710671E-10  1.6570519E+00
  nd143    143   2.8728266E-09  3.0882354E-09  2.1540879E-10  2.4845013E-09  1.7331146E-10  1.1564120E+00
  nd144    144   9.2080832E-09  9.6361870E-09  4.2810364E-10  7.7523623E-09  3.4443937E-10  1.3523213E+00
  nd145    145   1.6817914E-09  1.8409898E-09  1.5919849E-10  1.4810858E-09  1.2808633E-10  1.0630774E+00
  nd146    146   8.9618180E-09  9.2751620E-09  3.1334413E-10  7.4619155E-09  2.5210731E-10  1.4712650E+00
  nd147    147   0.0000000E+00  0.0000000E+00  0.0000000E+00  0.0000000E+00  0.0000000E+00  0.0000000E+00
  nd148    148   2.0086061E-10  3.0684980E-10  1.0598920E-10  2.4686225E-10  8.5275731E-11  4.6162927E-01
  pm147    147   4.8358139E-29  4.8358139E-29  0.0000000E+00  3.8904372E-29  0.0000000E+00  0.0000000E+00
  pm148    148   0.0000000E+00  0.0000000E+00  0.0000000E+00  0.0000000E+00  0.0000000E+00  0.0000000E+00
  sm147    147   1.0048176E-09  1.0901330E-09  8.5315470E-11  8.7701763E-10  6.8642272E-11  1.1064167E+00
  sm148    148   2.9635872E-09  3.0279945E-09  6.4407403E-11  2.4360371E-09  5.1820267E-11  1.6721842E+00
  sm149    149   4.0997766E-10  4.8970439E-10  7.9726711E-11  3.9396972E-10  6.4145723E-11  7.8829515E-01
  sm150    150   1.9083721E-09  1.9512325E-09  4.2860476E-11  1.5697766E-09  3.4484252E-11  1.6582171E+00
  sm151    151   5.4252786E-14  5.4252786E-14  0.0000000E+00  4.3646646E-14  0.0000000E+00  0.0000000E+00
  sm152    152   1.5598647E-09  1.7172942E-09  1.5742946E-10  1.3815721E-09  1.2666303E-10  1.0377237E+00
  eu151    151   2.7891153E-10  3.8276118E-10  1.0384964E-10  3.0793335E-10  8.3554309E-11  5.6648791E-01
  eu152    152   1.2741494E-20  1.2741494E-20  0.0000000E+00  1.0250598E-20  0.0000000E+00  0.0000000E+00
  eu153    153   2.9323244E-10  4.0809783E-10  1.1486539E-10  3.2831682E-10  9.2417254E-11  5.5054009E-01
  eu154    154   4.8212094E-22  4.8212094E-22  0.0000000E+00  3.8786880E-22  0.0000000E+00  0.0000000E+00
  eu155    155   5.0207328E-25  5.0207328E-25  0.0000000E+00  4.0392055E-25  0.0000000E+00  0.0000000E+00
  gd152    152   2.5118818E-12  4.0281840E-12  1.5163023E-12  3.2406948E-12  1.2199714E-12  4.2428848E-01
  gd153    153   0.0000000E+00  0.0000000E+00  0.0000000E+00  0.0000000E+00  0.0000000E+00  0.0000000E+00
  gd154    154   6.8118400E-10  6.9792927E-10  1.6745298E-11  5.6148769E-10  1.3472765E-11  1.6198837E+00
  gd155    155   2.7180136E-10  3.8622272E-10  1.1442135E-10  3.1071817E-10  9.2059992E-11  5.2829576E-01
  gd156    156   1.1689908E-09  1.3282657E-09  1.5927497E-10  1.0685967E-09  1.2814787E-10  9.2110240E-01
  gd157    157   5.6620347E-10  6.8875461E-10  1.2255114E-10  5.5410665E-10  9.8600975E-11  7.4971217E-01
  gd158    158   2.3731344E-09  2.5688922E-09  1.9575794E-10  2.0666870E-09  1.5750097E-10  1.1179916E+00
  gd159    159   0.0000000E+00  0.0000000E+00  0.0000000E+00  0.0000000E+00  0.0000000E+00  0.0000000E+00
  gd160    160   1.8872376E-11  1.9332673E-10  1.7445435E-10  1.5553235E-10  1.4036075E-10  4.4575054E-02
  tb159    159   5.0888593E-10  6.5656203E-10  1.4767607E-10  5.2820753E-10  1.1881574E-10  6.4793062E-01
  tb160    160   0.0000000E+00  0.0000000E+00  0.0000000E+00  0.0000000E+00  0.0000000E+00  0.0000000E+00
  tb161    161   0.0000000E+00  0.0000000E+00  0.0000000E+00  0.0000000E+00  0.0000000E+00  0.0000000E+00
  dy160    160   8.6735752E-10  8.8970342E-10  2.2345903E-11  7.1577100E-10  1.7978844E-11  1.6000124E+00
  dy161    161   3.9332565E-10  5.7569327E-10  1.8236761E-10  4.6314821E-10  1.4672751E-10  4.9920851E-01
  dy162    162   1.7966559E-09  2.0441382E-09  2.4748231E-10  1.6445197E-09  1.9911686E-10  9.1693103E-01
  dy163    163   7.7044449E-10  1.0137926E-09  2.4334812E-10  8.1560136E-10  1.9579061E-10  6.1968613E-01
  dy164    164   3.7281023E-09  4.0060222E-09  2.7791999E-10  3.2228655E-09  2.2360609E-10  1.1587586E+00
  ho165    165   6.9328171E-10  9.0974928E-10  2.1646757E-10  7.3189799E-10  1.7416331E-10  6.2349391E-01
  er166    166   1.5720250E-09  1.7776638E-09  2.0563880E-10  1.4301397E-09  1.6545082E-10  9.3670952E-01
  er167    167   6.3421113E-10  7.7542250E-10  1.4121138E-10  6.2383143E-10  1.1361444E-10  7.3963374E-01
  er168    168   2.4690483E-09  2.6366291E-09  1.6758087E-10  2.1211817E-09  1.3483055E-10  1.1967896E+00
  er169    169   0.0000000E+00  0.0000000E+00  0.0000000E+00  0.0000000E+00  0.0000000E+00  0.0000000E+00
  er170    170   1.8912746E-10  2.8284791E-10  9.3720441E-11  2.2755260E-10  7.5404655E-11  4.7968367E-01
  tm169    169   6.0526828E-10  7.0430450E-10  9.9036244E-11  5.6661659E-10  7.9681595E-11  8.5193133E-01
  tm170    170   0.0000000E+00  0.0000000E+00  0.0000000E+00  0.0000000E+00  0.0000000E+00  0.0000000E+00
  tm171    171   5.0353682E-33  5.0353682E-33  0.0000000E+00  4.0509798E-33  0.0000000E+00  0.0000000E+00
  yb170    170   8.4696294E-10  8.6569413E-10  1.8731199E-11  6.9645539E-10  1.5070561E-11  1.6647639E+00
  yb171    171   8.9595836E-10  9.8504582E-10  8.9087480E-11  7.9247447E-10  7.1677116E-11  1.0436047E+00
  yb172    172   2.6176370E-09  2.7555842E-09  1.3794714E-10  2.2168818E-09  1.1098814E-10  1.3004661E+00
  yb173    173   1.2063910E-09  1.3093774E-09  1.0298634E-10  1.0534009E-09  8.2859719E-11  1.1042503E+00
  yb174    174   5.8598886E-09  6.0659553E-09  2.0606693E-10  4.8800923E-09  1.6579528E-10  1.4688560E+00
  lu175    175   7.7011642E-10  8.6312446E-10  9.3008053E-11  6.9438810E-10  7.4831488E-11  9.6751791E-01
  lu176    176   5.7843369E-10  5.8114852E-10  2.7148344E-12  4.6753701E-10  2.1842742E-12  2.3305089E+00
  lu177    177   0.0000000E+00  0.0000000E+00  0.0000000E+00  0.0000000E+00  0.0000000E+00  0.0000000E+00
  hf176    176  -2.8116745E-13  2.0608317E-11  2.0889485E-11  1.6579498E-11  1.6807052E-11 -5.9201401E-03
  hf177    177   6.2176175E-10  6.9684392E-10  7.5082142E-11  5.6061455E-10  6.0408838E-11  9.6756393E-01
  hf178    178   2.8938418E-09  3.0046139E-09  1.1077197E-10  2.4172273E-09  8.9123812E-11  1.4333239E+00
  hf179    179   1.0037176E-09  1.0593368E-09  5.5619290E-11  8.5224194E-10  4.4749610E-11  1.2797737E+00
  hf180    180   5.8727512E-09  6.0167902E-09  1.4403892E-10  4.8405386E-09  1.1588940E-10  1.6208501E+00
  hf181    181   0.0000000E+00  0.0000000E+00  0.0000000E+00  0.0000000E+00  0.0000000E+00  0.0000000E+00
  hf182    182   2.4572958E-10  2.4572958E-10  0.0000000E+00  1.9769071E-10  0.0000000E+00  0.0000000E+00
  ta181    181   1.3233686E-09  1.3843973E-09  6.1028585E-11  1.1137548E-09  4.9101771E-11  1.3556925E+00
  ta182    182   2.6364612E-18  2.6364612E-18  0.0000000E+00  2.1210466E-18  0.0000000E+00  0.0000000E+00
  ta183    183   0.0000000E+00  0.0000000E+00  0.0000000E+00  0.0000000E+00  0.0000000E+00  0.0000000E+00
   w182    182   2.9568155E-09  3.0525849E-09  9.5769351E-11  2.4558202E-09  7.7053156E-11  1.5034062E+00
   w183    183   1.6410904E-09  1.6930902E-09  5.1999807E-11  1.3620999E-09  4.1837488E-11  1.5126435E+00
   w184    184   4.0742565E-09  4.1862034E-09  1.1194706E-10  3.3678222E-09  9.0069244E-11  1.5727727E+00
   w185    185   0.0000000E+00  0.0000000E+00  0.0000000E+00  0.0000000E+00  0.0000000E+00  0.0000000E+00
   w186    186   9.0304703E-10  1.0080489E-09  1.0500182E-10  8.1098050E-10  8.4481318E-11  9.8224980E-01
  re185    185   7.6367390E-10  8.1704210E-10  5.3368206E-11  6.5731459E-10  4.2938458E-11  1.1849269E+00
  re186    186   0.0000000E+00  0.0000000E+00  0.0000000E+00  0.0000000E+00  0.0000000E+00  0.0000000E+00
  re187    187   1.8327688E-10  2.8060010E-10  9.7323219E-11  2.2574423E-10  7.8303343E-11  4.5983639E-01
  os186    186   1.7872643E-09  1.8168440E-09  2.9579655E-11  1.4616603E-09  2.3798902E-11  1.7882895E+00
  os187    187   5.5276184E-10  5.7641519E-10  2.3653374E-11  4.6372900E-10  1.9030796E-11  1.3868074E+00
  os188    188   3.2229721E-09  3.4724994E-09  2.4952729E-10  2.7936438E-09  2.0076218E-10  1.1434892E+00
  os189    189   6.6376521E-10  9.6961750E-10  3.0585229E-10  7.8006229E-10  2.4607960E-10  5.0105369E-01
  os190    190   3.4141581E-09  3.9141770E-09  5.0001897E-10  3.1489755E-09  4.0230028E-10  8.9361894E-01
  os191    191   0.0000000E+00  0.0000000E+00  0.0000000E+00  0.0000000E+00  0.0000000E+00  0.0000000E+00
  os192    192   4.1996129E-10  1.2047165E-09  7.8475526E-10  9.6920072E-10  6.3139055E-10  1.8611562E-01
  ir191    191   6.4645422E-10  1.3081415E-09  6.6168726E-10  1.0524066E-09  5.3237376E-10  2.9596692E-01
  ir192    192   0.0000000E+00  0.0000000E+00  0.0000000E+00  0.0000000E+00  0.0000000E+00  0.0000000E+00
  ir193    193   6.9945083E-10  1.8233689E-09  1.1239181E-09  1.4669097E-09  9.0427077E-10  2.1010490E-01
  pt192    192   1.0222613E-09  1.0500845E-09  2.7823218E-11  8.4479840E-10  2.2385725E-11  1.5767820E+00
  pt193    193   7.9208855E-15  7.9208855E-15  0.0000000E+00  6.3723932E-15  0.0000000E+00  0.0000000E+00
  pt194    194   2.7186802E-09  3.9038737E-09  1.1851935E-09  3.1406866E-09  9.5357122E-10  5.1767147E-01
  pt195    195   1.1128385E-09  2.3354394E-09  1.2226009E-09  1.8788731E-09  9.8366804E-10  2.8104889E-01
  pt196    196   4.9458424E-09  5.8626726E-09  9.1683006E-10  4.7165503E-09  7.3765399E-10  8.0577177E-01
  au197    197   1.5775262E-09  2.1300832E-09  5.5255700E-10  1.7136630E-09  4.4457080E-10  5.8598453E-01
  hg198    198   5.2369775E-09  5.3667781E-09  1.2980057E-10  4.3176009E-09  1.0443365E-10  1.6164021E+00
  hg199    199   2.2319160E-09  2.4526527E-09  2.2073673E-10  1.9731718E-09  1.7759814E-10  1.0457265E+00
  hg200    200   7.6054789E-09  7.9092484E-09  3.0376901E-10  6.3630310E-09  2.4440344E-10  1.4155568E+00
  hg201    201   3.0722536E-09  3.2464360E-09  1.7418256E-10  2.6117746E-09  1.4014206E-10  1.2703671E+00
  hg202    202   1.3326482E-08  1.3723072E-08  3.9659057E-10  1.1040282E-08  3.1908490E-10  1.5390741E+00
  tl203    203   5.8908465E-09  6.0477277E-09  1.5688109E-10  4.8654281E-09  1.2622182E-10  1.5859867E+00
  tl204    204   6.6027091E-25  6.6027091E-25  0.0000000E+00  5.3119137E-25  0.0000000E+00  0.0000000E+00
  tl205    205   6.9414186E-09  7.3196071E-09  3.7818856E-10  5.8886620E-09  3.0427916E-10  1.2867445E+00
  pb204    204   7.9590814E-09  8.1576541E-09  1.9857269E-10  6.5628747E-09  1.5976563E-10  1.6136109E+00
  pb205    205   0.0000000E+00  0.0000000E+00  0.0000000E+00  0.0000000E+00  0.0000000E+00  0.0000000E+00
  pb206    206   5.5509116E-08  5.7374912E-08  1.8657977E-09  4.6158412E-08  1.5011649E-09  1.4878227E+00
  pb207    207   7.0795586E-08  7.2870328E-08  2.0747397E-09  5.8624558E-08  1.6692735E-09  1.5455521E+00
  pb208    208   1.4118581E-07  1.4715303E-07  5.9672294E-09  1.1838537E-07  4.8010542E-09  1.3919616E+00
  bi209    209   1.0299954E-09  1.4450046E-09  4.1500914E-10  1.1625136E-09  3.3390390E-10  5.4177660E-01
  bi210    210   0.0000000E+00  0.0000000E+00  0.0000000E+00  0.0000000E+00  0.0000000E+00  0.0000000E+00
  po210    210   0.0000000E+00  0.0000000E+00  0.0000000E+00  0.0000000E+00  0.0000000E+00  0.0000000E+00
