#
# Initial mass = 1.900, Z =  0.0002, Y =  0.250, M_mix = 2.00E-03
#
# Initial abundances
# El  Z   log e(X)   [X/H]    [X/Fe]     [X/O]      X(i)
  p   1  12.000000  0.000000  0.000000  0.000000 7.55487E-01
 he   2  10.921201 -0.008800  1.815034  1.430868 2.50238E-01
  c   6   6.830440 -1.639560  0.184274 -0.199893 6.09237E-05
  n   7   6.630052 -1.239948  0.583886  0.199719 4.47882E-05
  o   8   7.290332 -1.439668  0.384166  0.000000 2.33987E-04
  f   9   2.636161 -1.823839 -0.000005 -0.384171 6.16077E-09
 ne  10   6.429841 -1.540159  0.283675 -0.100491 4.06939E-05
 na  11   4.190414 -2.119586 -0.295752 -0.679918 2.67129E-07
 mg  12   6.107235 -1.532764  0.291070 -0.093097 2.33183E-05
 al  13   4.520560 -1.949440 -0.125606 -0.509772 6.70503E-07
 si  14   5.864501 -1.685499  0.138335 -0.245831 1.54084E-05
  p  15   3.646171 -1.823829  0.000005 -0.384161 1.02786E-07
  s  16   5.655596 -1.504404  0.319430 -0.064736 1.08741E-05
 cl  17   3.406170 -1.823830  0.000004 -0.384162 6.77001E-08
 ar  18   4.960135 -1.479865  0.343969 -0.040197 2.73148E-06
  k  19   3.443538 -1.636462  0.187372 -0.196795 8.13691E-08
 ca  20   4.793693 -1.496307  0.327527 -0.056639 1.86795E-06
 sc  21   1.467190 -1.582810  0.241024 -0.143142 9.87972E-10
 ti  22   3.464959 -1.445041  0.378793 -0.005373 1.04656E-07
  v  23   2.382014 -1.577986  0.245848 -0.138318 9.20147E-09
 cr  24   3.969089 -1.670911  0.152923 -0.231244 3.62932E-07
 mn  25   3.130459 -2.349541 -0.525707 -0.909873 5.56030E-08
 fe  26   5.716166 -1.823834  0.000000 -0.384166 2.17729E-05
 co  27   3.046164 -1.823836 -0.000002 -0.384169 4.91235E-08
 ni  28   4.376177 -1.823822  0.000011 -0.384155 1.04600E-06
 cu  29   1.952294 -2.297706 -0.473872 -0.858038 4.26727E-09
 zn  30   3.056505 -1.573495  0.250339 -0.133827 5.58354E-08
 ga  31   1.256163 -1.823837 -0.000003 -0.384170 9.42552E-10
 ge  32   1.721786 -1.858213 -0.034379 -0.418546 2.86899E-09
 as  33   0.476170 -1.823830  0.000004 -0.384163 1.68091E-10
 se  34   1.472246 -1.867754 -0.043920 -0.428086 1.75558E-09
 br  35   0.716174 -1.823826  0.000008 -0.384158 3.11537E-10
 kr  36   1.424599 -1.825401 -0.001567 -0.385734 1.66955E-09
 rb  37   0.536179 -1.823821  0.000013 -0.384154 2.20165E-10
 sr  38   1.053733 -1.826267 -0.002433 -0.386600 7.43195E-10
  y  39   0.346187 -1.823813  0.000021 -0.384146 1.47872E-10
 zr  40   0.706167 -1.823833  0.000001 -0.384165 3.47570E-10
 nb  41  -0.413827 -1.823827  0.000007 -0.384159 2.68525E-11
 mo  42  -0.005015 -1.945015 -0.121181 -0.505348 7.10807E-11
 tc  43   0.000000 -9.000000  0.000000  0.000000 0.00000E+00
 ru  44  -0.194783 -1.954783 -0.130949 -0.515115 4.83734E-11
 rh  45  -0.763820 -1.823820  0.000014 -0.384152 1.32858E-11
 pd  46  -0.233027 -1.883026 -0.059193 -0.443359 4.66406E-11
 ag  47  -0.623837 -1.823838 -0.000004 -0.384170 1.92230E-11
 cd  48  -0.153564 -1.863564 -0.039731 -0.423897 5.91578E-11
 in  49  -1.082876 -1.842876 -0.019042 -0.403208 7.11050E-12
 sn  50   0.183731 -1.886269 -0.062435 -0.446601 1.35827E-10
 sb  51  -1.056368 -2.066368 -0.242534 -0.626700 8.01501E-12
 te  52  -0.111209 -2.291209 -0.467375 -0.851541 7.40302E-11
  i  53  -0.273838 -1.823838 -0.000004 -0.384170 5.06297E-11
 xe  54   0.379082 -1.860918 -0.037084 -0.421251 2.35554E-10
 cs  55  -0.743831 -1.823831  0.000003 -0.384163 1.79671E-11
 ba  56   0.355272 -1.824728 -0.000894 -0.385060 2.33236E-10
 la  57  -0.654231 -1.824231 -0.000397 -0.384563 2.30811E-11
 ce  58  -0.245736 -1.825736 -0.001902 -0.386068 5.96374E-11
 pr  59  -1.063835 -1.823835 -0.000001 -0.384167 9.11732E-12
 nd  60  -0.398837 -1.848837 -0.025003 -0.409169 4.31535E-11
 pm  61   0.000000 -9.000000  0.000000  0.000000 0.00000E+00
 sm  62  -1.013538 -1.953538 -0.129704 -0.513871 1.09235E-11
 eu  63  -1.313828 -1.823828  0.000005 -0.384161 5.52941E-12
 gd  64  -0.773833 -1.823833  0.000001 -0.384166 1.98392E-11
 tb  65  -1.503834 -1.823834  0.000000 -0.384166 3.73358E-12
 dy  66  -0.694488 -1.824488 -0.000654 -0.384820 2.46112E-11
 ho  67  -1.353829 -1.823829  0.000005 -0.384162 5.47315E-12
 er  68  -0.911458 -1.831458 -0.007624 -0.391790 1.53709E-11
 tm  69  -1.703832 -1.823832  0.000002 -0.384164 2.50411E-12
 yb  70  -0.964864 -1.884864 -0.061030 -0.445196 1.40621E-11
 lu  71  -1.733824 -1.823824  0.000010 -0.384156 2.42047E-12
 hf  72  -1.114540 -1.824540 -0.000706 -0.384872 1.02764E-11
 ta  73  -1.943889 -1.823889 -0.000055 -0.384221 1.54324E-12
  w  74  -1.174365 -1.824365 -0.000531 -0.384697 9.22235E-12
 re  75  -1.563829 -1.823829  0.000005 -0.384162 3.81008E-12
 os  76  -0.473927 -1.823927 -0.000093 -0.384259 4.78762E-11
 ir  77  -0.503833 -1.823833  0.000001 -0.384165 4.51570E-11
 pt  78  -0.236166 -1.856166 -0.032332 -0.416498 8.48808E-11
 au  79  -1.023831 -1.823831  0.000003 -0.384164 1.39743E-11
 hg  80  -0.685450 -1.855450 -0.031616 -0.415782 3.10189E-11
 tl  81  -1.053834 -1.823834  0.000000 -0.384166 1.35325E-11
 pb  82   0.216159 -1.823841 -0.000007 -0.384173 2.55456E-10
 bi  83  -1.173829 -1.823829  0.000005 -0.384161 1.04965E-11
 po  84   0.000000 -9.000000  0.000000  0.000000 0.00000E+00
#[ls/Fe]_Thiswork =  -0.0008, [hs/Fe]_Thiswork =  -0.0011
#[hs/ls]_Thiswork =  -0.0003, [Pb/hs]_Thiswork =   0.0011
# Elemental abundance ratios: 
# He/H =  8.3407E-02, C/O =  3.4682E-01, N/O = 2.18635E-01
#
#
# During TP-AGB
#  TP   Mass     Mcore    Menv    log L
#  1 1.899979 0.615300 1.284679 3.622366
# El  Z   log e(X)   [X/H]    [X/Fe]     [X/O]      X(i)
  p   1  12.000000  0.000000  0.000000  0.000000 7.33956E-01
 he   2  10.969459  0.039458  1.863292  1.479126 2.71677E-01
  c   6   6.543026 -1.926974 -0.103140 -0.487307 3.05362E-05
  n   7   6.927175 -0.942825  0.881009  0.496843 8.62442E-05
  o   8   7.289938 -1.440061  0.383773  0.000000 2.27112E-04
  f   9   2.608130 -1.851871 -0.028037 -0.411809 5.61109E-09
 ne  10   6.439450 -1.530550  0.293284 -0.090488 4.04186E-05
 na  11   4.540132 -1.769868  0.053966 -0.329807 5.80604E-07
 mg  12   6.119776 -1.520224  0.303610 -0.080163 2.33175E-05
 al  13   4.533813 -1.936187 -0.112353 -0.496126 6.71578E-07
 si  14   5.877059 -1.672942  0.150892 -0.232881 1.54084E-05
  p  15   3.658729 -1.811271  0.012563 -0.371210 1.02786E-07
  s  16   5.668152 -1.491848  0.331986 -0.051786 1.08741E-05
 cl  17   3.418727 -1.811273  0.012561 -0.371212 6.77002E-08
 ar  18   4.972692 -1.467308  0.356526 -0.027246 2.73148E-06
  k  19   3.456079 -1.623921  0.199913 -0.183860 8.13660E-08
 ca  20   4.806251 -1.483749  0.340085 -0.043688 1.86795E-06
 sc  21   1.479748 -1.570252  0.253582 -0.130191 9.87972E-10
 ti  22   3.477517 -1.432483  0.391351  0.007578 1.04656E-07
  v  23   2.394571 -1.565429  0.258405 -0.125368 9.20147E-09
 cr  24   3.981646 -1.658354  0.165480 -0.218293 3.62932E-07
 mn  25   3.143015 -2.336985 -0.513151 -0.896924 5.56030E-08
 fe  26   5.728723 -1.811277  0.000000 -0.371216 2.17729E-05
 co  27   3.058721 -1.811279 -0.000002 -0.371218 4.91235E-08
 ni  28   4.388734 -1.811265  0.000011 -0.371204 1.04600E-06
 cu  29   1.964852 -2.285148 -0.473871 -0.845087 4.26727E-09
 zn  30   3.069062 -1.560938  0.250339 -0.120877 5.58354E-08
 ga  31   1.268720 -1.811280 -0.000003 -0.371219 9.42552E-10
 ge  32   1.734344 -1.845656 -0.034379 -0.405595 2.86899E-09
 as  33   0.488727 -1.811273  0.000004 -0.371212 1.68091E-10
 se  34   1.484803 -1.855197 -0.043920 -0.415136 1.75558E-09
 br  35   0.728730 -1.811270  0.000007 -0.371209 3.11537E-10
 kr  36   1.437156 -1.812844 -0.001567 -0.372783 1.66955E-09
 rb  37   0.547133 -1.812866 -0.001590 -0.372805 2.19355E-10
 sr  38   1.066775 -1.813225 -0.001948 -0.373164 7.44026E-10
  y  39   0.358744 -1.811256  0.000021 -0.371195 1.47872E-10
 zr  40   0.718724 -1.811276  0.000001 -0.371215 3.47570E-10
 nb  41  -0.401270 -1.811270  0.000007 -0.371209 2.68525E-11
 mo  42   0.007543 -1.932457 -0.121181 -0.492396 7.10807E-11
 tc  43   0.000000 -9.000000  0.000000  0.000000 3.99364E-23
 ru  44  -0.182226 -1.942226 -0.130949 -0.502165 4.83734E-11
 rh  45  -0.751264 -1.811264  0.000013 -0.371202 1.32858E-11
 pd  46  -0.220469 -1.870468 -0.059192 -0.430407 4.66406E-11
 ag  47  -0.611280 -1.811280 -0.000004 -0.371219 1.92230E-11
 cd  48  -0.141006 -1.851007 -0.039730 -0.410945 5.91578E-11
 in  49  -1.070319 -1.830319 -0.019042 -0.390258 7.11050E-12
 sn  50   0.196288 -1.873712 -0.062435 -0.433651 1.35827E-10
 sb  51  -1.043811 -2.053811 -0.242534 -0.613750 8.01501E-12
 te  52  -0.098652 -2.278652 -0.467375 -0.838591 7.40302E-11
  i  53  -0.261280 -1.811280 -0.000003 -0.371219 5.06297E-11
 xe  54   0.391639 -1.848361 -0.037084 -0.408300 2.35554E-10
 cs  55  -0.731274 -1.811274  0.000003 -0.371213 1.79671E-11
 ba  56   0.367829 -1.812171 -0.000894 -0.372110 2.33236E-10
 la  57  -0.641674 -1.811674 -0.000397 -0.371613 2.30811E-11
 ce  58  -0.233179 -1.813179 -0.001902 -0.373118 5.96374E-11
 pr  59  -1.051278 -1.811278 -0.000001 -0.371217 9.11732E-12
 nd  60  -0.386280 -1.836280 -0.025003 -0.396219 4.31535E-11
 pm  61   0.000000 -9.000000  0.000000  0.000000 0.00000E+00
 sm  62  -1.000981 -1.940981 -0.129704 -0.500920 1.09235E-11
 eu  63  -1.301271 -1.811271  0.000005 -0.371210 5.52941E-12
 gd  64  -0.761276 -1.811276  0.000001 -0.371215 1.98392E-11
 tb  65  -1.491277 -1.811277  0.000000 -0.371216 3.73358E-12
 dy  66  -0.681931 -1.811931 -0.000654 -0.371869 2.46112E-11
 ho  67  -1.341272 -1.811272  0.000005 -0.371211 5.47315E-12
 er  68  -0.898901 -1.818901 -0.007624 -0.378840 1.53709E-11
 tm  69  -1.691274 -1.811274  0.000003 -0.371213 2.50411E-12
 yb  70  -0.952307 -1.872307 -0.061030 -0.432246 1.40621E-11
 lu  71  -1.721470 -1.811470 -0.000193 -0.371409 2.41933E-12
 hf  72  -1.101933 -1.811934 -0.000657 -0.371872 1.02776E-11
 ta  73  -1.931331 -1.811331 -0.000054 -0.371270 1.54324E-12
  w  74  -1.161808 -1.811808 -0.000531 -0.371747 9.22235E-12
 re  75  -1.555545 -1.815545 -0.004268 -0.375484 3.77278E-12
 os  76  -0.461023 -1.811023  0.000254 -0.370962 4.79143E-11
 ir  77  -0.491276 -1.811276  0.000001 -0.371215 4.51570E-11
 pt  78  -0.223608 -1.843608 -0.032331 -0.403547 8.48808E-11
 au  79  -1.011274 -1.811274  0.000003 -0.371213 1.39743E-11
 hg  80  -0.672894 -1.842893 -0.031617 -0.402832 3.10189E-11
 tl  81  -1.041277 -1.811277  0.000000 -0.371216 1.35325E-11
 pb  82   0.228716 -1.811284 -0.000007 -0.371223 2.55456E-10
 bi  83  -1.161271 -1.811271  0.000006 -0.371210 1.04965E-11
 po  84   0.000000 -9.000000  0.000000  0.000000 1.42088E-24
#[ls/Fe]_Thiswork =  -0.0006, [hs/Fe]_Thiswork =  -0.0011
#[hs/ls]_Thiswork =  -0.0004, [Pb/hs]_Thiswork =   0.0011
# Elemental abundance ratios: 
# He/H =  9.3209E-02, C/O =  1.7910E-01, N/O = 4.33747E-01
#
#  TP   Mass     Mcore    Menv    log L
#  2 1.899977 0.620079 1.279898 3.672274
# El  Z   log e(X)   [X/H]    [X/Fe]     [X/O]      X(i)
  p   1  12.000000  0.000000  0.000000  0.000000 7.33861E-01
 he   2  10.969666  0.039666  1.850943  1.479727 2.71772E-01
  c   6   6.543316 -1.926684 -0.115407 -0.486623 3.05527E-05
  n   7   6.928214 -0.941786  0.869491  0.498275 8.64394E-05
  o   8   7.289526 -1.440473  0.370804  0.000000 2.26868E-04
  f   9   2.607698 -1.852302 -0.041025 -0.411829 5.60480E-09
 ne  10   6.439478 -1.530522  0.280755 -0.090049 4.04159E-05
 na  11   4.542401 -1.767599  0.043678 -0.327126 5.83571E-07
 mg  12   6.119830 -1.520170  0.291107 -0.079697 2.33173E-05
 al  13   4.534065 -1.935935 -0.124658 -0.495462 6.71880E-07
 si  14   5.877116 -1.672884  0.138392 -0.232411 1.54084E-05
  p  15   3.658786 -1.811214  0.000063 -0.370741 1.02786E-07
  s  16   5.668209 -1.491791  0.319486 -0.051318 1.08741E-05
 cl  17   3.418784 -1.811216  0.000061 -0.370743 6.77002E-08
 ar  18   4.972749 -1.467251  0.344026 -0.026778 2.73148E-06
  k  19   3.456136 -1.623864  0.187413 -0.183391 8.13660E-08
 ca  20   4.806307 -1.483693  0.327584 -0.043220 1.86795E-06
 sc  21   1.479804 -1.570196  0.241081 -0.129723 9.87972E-10
 ti  22   3.477573 -1.432426  0.378850  0.008047 1.04656E-07
  v  23   2.394628 -1.565372  0.245904 -0.124899 9.20147E-09
 cr  24   3.981703 -1.658297  0.152980 -0.217824 3.62932E-07
 mn  25   3.143072 -2.336928 -0.525651 -0.896455 5.56030E-08
 fe  26   5.728779 -1.811221  0.000000 -0.370748 2.17729E-05
 co  27   3.058778 -1.811222 -0.000001 -0.370749 4.91235E-08
 ni  28   4.388791 -1.811209  0.000011 -0.370736 1.04600E-06
 cu  29   1.964909 -2.285091 -0.473871 -0.844618 4.26727E-09
 zn  30   3.069118 -1.560882  0.250339 -0.120409 5.58354E-08
 ga  31   1.268776 -1.811224 -0.000003 -0.370751 9.42552E-10
 ge  32   1.734401 -1.845599 -0.034379 -0.405126 2.86899E-09
 as  33   0.488783 -1.811217  0.000004 -0.370744 1.68091E-10
 se  34   1.484860 -1.855139 -0.043919 -0.414666 1.75558E-09
 br  35   0.728787 -1.811213  0.000008 -0.370739 3.11537E-10
 kr  36   1.437213 -1.812787 -0.001566 -0.372314 1.66955E-09
 rb  37   0.547190 -1.812810 -0.001590 -0.372337 2.19355E-10
 sr  38   1.066832 -1.813169 -0.001948 -0.372695 7.44026E-10
  y  39   0.358800 -1.811200  0.000021 -0.370727 1.47872E-10
 zr  40   0.718781 -1.811219  0.000001 -0.370746 3.47570E-10
 nb  41  -0.401213 -1.811213  0.000008 -0.370740 2.68525E-11
 mo  42   0.007599 -1.932401 -0.121181 -0.491928 7.10807E-11
 tc  43   0.000000 -9.000000  0.000000  0.000000 6.85761E-23
 ru  44  -0.182169 -1.942169 -0.130948 -0.501696 4.83734E-11
 rh  45  -0.751206 -1.811206  0.000014 -0.370733 1.32858E-11
 pd  46  -0.220412 -1.870412 -0.059192 -0.429939 4.66406E-11
 ag  47  -0.611224 -1.811224 -0.000004 -0.370751 1.92230E-11
 cd  48  -0.140950 -1.850950 -0.039730 -0.410477 5.91578E-11
 in  49  -1.070263 -1.830263 -0.019042 -0.389790 7.11050E-12
 sn  50   0.196345 -1.873655 -0.062434 -0.433182 1.35827E-10
 sb  51  -1.043754 -2.053754 -0.242533 -0.613281 8.01501E-12
 te  52  -0.098595 -2.278595 -0.467374 -0.838122 7.40302E-11
  i  53  -0.261224 -1.811224 -0.000003 -0.370751 5.06297E-11
 xe  54   0.391695 -1.848305 -0.037084 -0.407832 2.35554E-10
 cs  55  -0.731217 -1.811217  0.000003 -0.370744 1.79671E-11
 ba  56   0.367887 -1.812114 -0.000893 -0.371640 2.33236E-10
 la  57  -0.641618 -1.811618 -0.000397 -0.371145 2.30811E-11
 ce  58  -0.233122 -1.813122 -0.001901 -0.372649 5.96374E-11
 pr  59  -1.051222 -1.811222 -0.000001 -0.370749 9.11732E-12
 nd  60  -0.386223 -1.836223 -0.025002 -0.395750 4.31535E-11
 pm  61   0.000000 -9.000000  0.000000  0.000000 0.00000E+00
 sm  62  -1.000925 -1.940925 -0.129704 -0.500452 1.09235E-11
 eu  63  -1.301215 -1.811215  0.000005 -0.370742 5.52941E-12
 gd  64  -0.761219 -1.811219  0.000002 -0.370746 1.98392E-11
 tb  65  -1.491220 -1.811219  0.000001 -0.370746 3.73358E-12
 dy  66  -0.681874 -1.811874 -0.000654 -0.371401 2.46112E-11
 ho  67  -1.341215 -1.811215  0.000005 -0.370742 5.47315E-12
 er  68  -0.898845 -1.818845 -0.007624 -0.378372 1.53709E-11
 tm  69  -1.691217 -1.811217  0.000003 -0.370744 2.50411E-12
 yb  70  -0.952250 -1.872251 -0.061030 -0.431777 1.40621E-11
 lu  71  -1.721414 -1.811414 -0.000193 -0.370941 2.41933E-12
 hf  72  -1.101877 -1.811877 -0.000657 -0.371404 1.02776E-11
 ta  73  -1.931274 -1.811274 -0.000054 -0.370801 1.54324E-12
  w  74  -1.161752 -1.811752 -0.000531 -0.371279 9.22235E-12
 re  75  -1.555489 -1.815489 -0.004268 -0.375015 3.77277E-12
 os  76  -0.460967 -1.810967  0.000254 -0.370494 4.79143E-11
 ir  77  -0.491220 -1.811220  0.000001 -0.370746 4.51570E-11
 pt  78  -0.223552 -1.843552 -0.032331 -0.403079 8.48808E-11
 au  79  -1.011217 -1.811217  0.000004 -0.370744 1.39743E-11
 hg  80  -0.672836 -1.842836 -0.031616 -0.402363 3.10189E-11
 tl  81  -1.041221 -1.811221  0.000000 -0.370748 1.35325E-11
 pb  82   0.228773 -1.811227 -0.000006 -0.370754 2.55456E-10
 bi  83  -1.161215 -1.811215  0.000006 -0.370742 1.04965E-11
 po  84   0.000000 -9.000000  0.000000  0.000000 3.43933E-24
#[ls/Fe]_Thiswork =  -0.0006, [hs/Fe]_Thiswork =  -0.0011
#[hs/ls]_Thiswork =  -0.0004, [Pb/hs]_Thiswork =   0.0011
# Elemental abundance ratios: 
# He/H =  9.3254E-02, C/O =  1.7939E-01, N/O = 4.35198E-01
#
#  TP   Mass     Mcore    Menv    log L
#  3 1.899974 0.626143 1.273832 3.728981
# El  Z   log e(X)   [X/H]    [X/Fe]     [X/O]      X(i)
  p   1  12.000000  0.000000  0.000000  0.000000 7.34022E-01
 he   2  10.969316  0.039315  1.850536  1.479788 2.71612E-01
  c   6   6.546420 -1.923581 -0.112360 -0.483108 3.07785E-05
  n   7   6.926822 -0.943178  0.868043  0.497295 8.61818E-05
  o   8   7.289419 -1.440581  0.370640  0.000000 2.26861E-04
  f   9   2.607770 -1.852230 -0.041009 -0.411649 5.60694E-09
 ne  10   6.439393 -1.530607  0.280613 -0.090026 4.04168E-05
 na  11   4.541314 -1.768686  0.042534 -0.328105 5.82239E-07
 mg  12   6.119730 -1.520270  0.290951 -0.079689 2.33171E-05
 al  13   4.534374 -1.935626 -0.124405 -0.495045 6.72506E-07
 si  14   5.877021 -1.672979  0.138241 -0.232399 1.54085E-05
  p  15   3.658690 -1.811309 -0.000089 -0.370728 1.02786E-07
  s  16   5.668114 -1.491886  0.319335 -0.051305 1.08741E-05
 cl  17   3.418689 -1.811311 -0.000091 -0.370730 6.77003E-08
 ar  18   4.972654 -1.467346  0.343874 -0.026765 2.73148E-06
  k  19   3.456040 -1.623960  0.187261 -0.183379 8.13660E-08
 ca  20   4.806212 -1.483788  0.327433 -0.043207 1.86795E-06
 sc  21   1.479709 -1.570291  0.240929 -0.129710 9.87972E-10
 ti  22   3.477478 -1.432522  0.378699  0.008059 1.04656E-07
  v  23   2.394533 -1.565467  0.245754 -0.124886 9.20147E-09
 cr  24   3.981607 -1.658392  0.152828 -0.217812 3.62932E-07
 mn  25   3.142977 -2.337023 -0.525803 -0.896442 5.56030E-08
 fe  26   5.728684 -1.811316  0.000000 -0.370735 2.17729E-05
 co  27   3.058682 -1.811317 -0.000002 -0.370737 4.91235E-08
 ni  28   4.388696 -1.811304  0.000011 -0.370723 1.04600E-06
 cu  29   1.964813 -2.285187 -0.473871 -0.844606 4.26727E-09
 zn  30   3.069023 -1.560977  0.250339 -0.120396 5.58354E-08
 ga  31   1.268681 -1.811319 -0.000004 -0.370739 9.42552E-10
 ge  32   1.734305 -1.845695 -0.034379 -0.405114 2.86899E-09
 as  33   0.488688 -1.811312  0.000003 -0.370732 1.68091E-10
 se  34   1.484765 -1.855235 -0.043919 -0.414654 1.75558E-09
 br  35   0.728692 -1.811308  0.000008 -0.370727 3.11537E-10
 kr  36   1.437118 -1.812882 -0.001567 -0.372302 1.66955E-09
 rb  37   0.547094 -1.812906 -0.001590 -0.372325 2.19355E-10
 sr  38   1.066736 -1.813264 -0.001948 -0.372683 7.44026E-10
  y  39   0.358706 -1.811295  0.000021 -0.370714 1.47872E-10
 zr  40   0.718685 -1.811315  0.000001 -0.370734 3.47570E-10
 nb  41  -0.401308 -1.811308  0.000008 -0.370727 2.68525E-11
 mo  42   0.007504 -1.932497 -0.121181 -0.491916 7.10807E-11
 tc  43   0.000000 -9.000000  0.000000  0.000000 4.58452E-23
 ru  44  -0.182264 -1.942264 -0.130949 -0.501683 4.83734E-11
 rh  45  -0.751302 -1.811302  0.000014 -0.370721 1.32858E-11
 pd  46  -0.220508 -1.870508 -0.059192 -0.429927 4.66406E-11
 ag  47  -0.611319 -1.811319 -0.000003 -0.370738 1.92230E-11
 cd  48  -0.141046 -1.851046 -0.039730 -0.410465 5.91578E-11
 in  49  -1.070358 -1.830358 -0.019043 -0.389777 7.11050E-12
 sn  50   0.196250 -1.873750 -0.062434 -0.433169 1.35827E-10
 sb  51  -1.043849 -2.053849 -0.242533 -0.613268 8.01501E-12
 te  52  -0.098690 -2.278690 -0.467375 -0.838109 7.40302E-11
  i  53  -0.261318 -1.811318 -0.000003 -0.370737 5.06297E-11
 xe  54   0.391601 -1.848399 -0.037084 -0.407819 2.35554E-10
 cs  55  -0.731313 -1.811313  0.000003 -0.370732 1.79671E-11
 ba  56   0.367791 -1.812209 -0.000893 -0.371628 2.33236E-10
 la  57  -0.641713 -1.811713 -0.000398 -0.371132 2.30811E-11
 ce  58  -0.233217 -1.813217 -0.001902 -0.372636 5.96374E-11
 pr  59  -1.051317 -1.811317 -0.000002 -0.370736 9.11732E-12
 nd  60  -0.386318 -1.836318 -0.025003 -0.395737 4.31535E-11
 pm  61   0.000000 -9.000000  0.000000  0.000000 0.00000E+00
 sm  62  -1.001020 -1.941020 -0.129705 -0.500440 1.09235E-11
 eu  63  -1.301310 -1.811310  0.000006 -0.370729 5.52941E-12
 gd  64  -0.761314 -1.811314  0.000001 -0.370733 1.98392E-11
 tb  65  -1.491315 -1.811315  0.000001 -0.370734 3.73358E-12
 dy  66  -0.681970 -1.811970 -0.000654 -0.371389 2.46112E-11
 ho  67  -1.341311 -1.811311  0.000005 -0.370730 5.47315E-12
 er  68  -0.898940 -1.818940 -0.007625 -0.378359 1.53709E-11
 tm  69  -1.691313 -1.811313  0.000003 -0.370732 2.50411E-12
 yb  70  -0.952346 -1.872346 -0.061030 -0.431765 1.40621E-11
 lu  71  -1.721509 -1.811509 -0.000193 -0.370928 2.41933E-12
 hf  72  -1.101972 -1.811972 -0.000656 -0.371391 1.02776E-11
 ta  73  -1.931370 -1.811370 -0.000054 -0.370789 1.54324E-12
  w  74  -1.161846 -1.811846 -0.000531 -0.371265 9.22235E-12
 re  75  -1.555584 -1.815584 -0.004268 -0.375003 3.77277E-12
 os  76  -0.461062 -1.811062  0.000253 -0.370482 4.79143E-11
 ir  77  -0.491315 -1.811315  0.000001 -0.370734 4.51570E-11
 pt  78  -0.223647 -1.843647 -0.032332 -0.403066 8.48808E-11
 au  79  -1.011312 -1.811312  0.000003 -0.370732 1.39743E-11
 hg  80  -0.672932 -1.842932 -0.031616 -0.402351 3.10189E-11
 tl  81  -1.041316 -1.811316  0.000000 -0.370735 1.35325E-11
 pb  82   0.228678 -1.811322 -0.000007 -0.370741 2.55456E-10
 bi  83  -1.161310 -1.811310  0.000005 -0.370729 1.04965E-11
 po  84   0.000000 -9.000000  0.000000  0.000000 3.41163E-24
#[ls/Fe]_Thiswork =  -0.0006, [hs/Fe]_Thiswork =  -0.0011
#[hs/ls]_Thiswork =  -0.0004, [Pb/hs]_Thiswork =   0.0011
# Elemental abundance ratios: 
# He/H =  9.3178E-02, C/O =  1.8072E-01, N/O = 4.33914E-01
#
#  TP   Mass     Mcore    Menv    log L
#  4 1.899970 0.631898 1.268073 3.791930
# El  Z   log e(X)   [X/H]    [X/Fe]     [X/O]      X(i)
  p   1  12.000000  0.000000  0.000000  0.000000 7.33707E-01
 he   2  10.969692  0.039692  1.851007  1.480273 2.71732E-01
  c   6   7.397091 -1.072909  0.738406  0.367671 2.18139E-04
  n   7   6.921906 -0.948094  0.863222  0.492487 8.51753E-05
  o   8   7.296381 -1.433619  0.377697  0.000000 2.30428E-04
  f   9   2.631799 -1.828201 -0.016886 -0.394583 5.92337E-09
 ne  10   6.443733 -1.526267  0.285048 -0.092649 4.08053E-05
 na  11   4.541273 -1.768727  0.042588 -0.335109 5.81934E-07
 mg  12   6.119700 -1.520300  0.291016 -0.086681 2.33055E-05
 al  13   4.551237 -1.918763 -0.107447 -0.485144 6.98833E-07
 si  14   5.877521 -1.672479  0.138836 -0.238861 1.54196E-05
  p  15   3.658937 -1.811063  0.000252 -0.377445 1.02801E-07
  s  16   5.668297 -1.491703  0.319613 -0.058084 1.08740E-05
 cl  17   3.419654 -1.810346  0.000969 -0.376728 6.78219E-08
 ar  18   4.972823 -1.467177  0.344139 -0.033558 2.73137E-06
  k  19   3.456347 -1.623653  0.187662 -0.190035 8.13886E-08
 ca  20   4.806385 -1.483615  0.327701 -0.049996 1.86790E-06
 sc  21   1.480075 -1.569925  0.241390 -0.136307 9.88383E-10
 ti  22   3.477666 -1.432334  0.378982  0.001285 1.04656E-07
  v  23   2.394608 -1.565392  0.245923 -0.131774 9.19911E-09
 cr  24   3.981795 -1.658205  0.153111 -0.224586 3.62934E-07
 mn  25   3.144460 -2.335540 -0.524225 -0.901922 5.57693E-08
 fe  26   5.728867 -1.811133  0.000000 -0.377515 2.17727E-05
 co  27   3.059527 -1.810472  0.000661 -0.376854 4.91981E-08
 ni  28   4.388857 -1.811142 -0.000009 -0.377524 1.04594E-06
 cu  29   1.966690 -2.283310 -0.472177 -0.849691 4.28392E-09
 zn  30   3.069156 -1.560844  0.250289 -0.127226 5.58285E-08
 ga  31   1.269071 -1.810929  0.000204 -0.377311 9.42995E-10
 ge  32   1.734553 -1.845447 -0.034313 -0.411828 2.86940E-09
 as  33   0.488752 -1.811248 -0.000114 -0.377629 1.68045E-10
 se  34   1.485007 -1.854993 -0.043859 -0.421374 1.75581E-09
 br  35   0.728706 -1.811294 -0.000160 -0.377675 3.11414E-10
 kr  36   1.437360 -1.812640 -0.001507 -0.379022 1.66977E-09
 rb  37   0.547276 -1.812724 -0.001591 -0.379106 2.19352E-10
 sr  38   1.067029 -1.812971 -0.001838 -0.379353 7.44209E-10
  y  39   0.358912 -1.811088  0.000046 -0.377469 1.47879E-10
 zr  40   0.718872 -1.811128  0.000005 -0.377509 3.47571E-10
 nb  41  -0.401258 -1.811257 -0.000124 -0.377639 2.68441E-11
 mo  42   0.007777 -1.932223 -0.121089 -0.498604 7.10950E-11
 tc  43  -4.586245 -9.000000  0.000000  0.000000 1.84945E-15
 ru  44  -0.182144 -1.942144 -0.131011 -0.508526 4.83660E-11
 rh  45  -0.751374 -1.811374 -0.000241 -0.377756 1.32779E-11
 pd  46  -0.220227 -1.870227 -0.059094 -0.436609 4.66507E-11
 ag  47  -0.611384 -1.811384 -0.000251 -0.377766 1.92119E-11
 cd  48  -0.140750 -1.850750 -0.039617 -0.417131 5.91727E-11
 in  49  -1.070292 -1.830292 -0.019158 -0.396673 7.10854E-12
 sn  50   0.196466 -1.873533 -0.062400 -0.439915 1.35836E-10
 sb  51  -1.043823 -2.053823 -0.242690 -0.620205 8.01206E-12
 te  52  -0.098528 -2.278528 -0.467395 -0.844909 7.40262E-11
  i  53  -0.261443 -1.811443 -0.000310 -0.377825 5.05935E-11
 xe  54   0.391819 -1.848181 -0.037048 -0.414562 2.35572E-10
 cs  55  -0.730990 -1.810990  0.000143 -0.377372 1.79727E-11
 ba  56   0.368039 -1.811961 -0.000828 -0.378342 2.33269E-10
 la  57  -0.641529 -1.811529 -0.000396 -0.377910 2.30810E-11
 ce  58  -0.233029 -1.813029 -0.001896 -0.379411 5.96377E-11
 pr  59  -1.051228 -1.811228 -0.000094 -0.377609 9.11529E-12
 nd  60  -0.386128 -1.836128 -0.024995 -0.402510 4.31539E-11
 pm  61   0.000000 -9.000000  0.000000  0.000000 0.00000E+00
 sm  62  -1.000875 -1.940876 -0.129742 -0.507257 1.09224E-11
 eu  63  -1.301451 -1.811451 -0.000317 -0.377832 5.52526E-12
 gd  64  -0.761228 -1.811228 -0.000094 -0.377609 1.98347E-11
 tb  65  -1.491359 -1.811359 -0.000225 -0.377740 3.73160E-12
 dy  66  -0.681746 -1.811746 -0.000613 -0.378128 2.46133E-11
 ho  67  -1.341333 -1.811333 -0.000200 -0.377715 5.47052E-12
 er  68  -0.898691 -1.818691 -0.007558 -0.385073 1.53731E-11
 tm  69  -1.691206 -1.811206 -0.000073 -0.377587 2.50365E-12
 yb  70  -0.951832 -1.871832 -0.060699 -0.438213 1.40727E-11
 lu  71  -1.721353 -1.811353 -0.000219 -0.377734 2.41917E-12
 hf  72  -1.101656 -1.811656 -0.000523 -0.378037 1.02806E-11
 ta  73  -1.931234 -1.811234 -0.000101 -0.377616 1.54306E-12
  w  74  -1.161648 -1.811648 -0.000514 -0.378029 9.22262E-12
 re  75  -1.555682 -1.815682 -0.004549 -0.382064 3.77030E-12
 os  76  -0.461067 -1.811067  0.000066 -0.377449 4.78932E-11
 ir  77  -0.491446 -1.811446 -0.000312 -0.377827 4.51241E-11
 pt  78  -0.223410 -1.843410 -0.032276 -0.409791 8.48908E-11
 au  79  -1.011078 -1.811078  0.000056 -0.377459 1.39758E-11
 hg  80  -0.672080 -1.842080 -0.030947 -0.408461 3.10664E-11
 tl  81  -1.041149 -1.811149 -0.000016 -0.377531 1.35319E-11
 pb  82   0.228876 -1.811124  0.000010 -0.377505 2.55463E-10
 bi  83  -1.161128 -1.811128  0.000005 -0.377509 1.04964E-11
 po  84  -5.831909 -9.000000  0.000000  0.000000 2.24027E-16
#[ls/Fe]_Thiswork =  -0.0006, [hs/Fe]_Thiswork =  -0.0010
#[hs/ls]_Thiswork =  -0.0004, [Pb/hs]_Thiswork =   0.0010
# Elemental abundance ratios: 
# He/H =  9.3259E-02, C/O =  1.2610E+00, N/O = 4.22207E-01
#
#  TP   Mass     Mcore    Menv    log L
#  5 1.899963 0.636731 1.263233 3.857129
# El  Z   log e(X)   [X/H]    [X/Fe]     [X/O]      X(i)
  p   1  12.000000  0.000000  0.000000  0.000000 7.31939E-01
 he   2  10.972505  0.042504  1.853638  1.476123 2.72838E-01
  c   6   7.971541 -0.498459  1.312675  0.935160 8.16836E-04
  n   7   6.923379 -0.946621  0.864512  0.486998 8.52587E-05
  o   8   7.334375 -1.395625  0.415509  0.000000 2.50889E-04
  f   9   3.599985 -0.860015  0.951118  0.535610 5.49171E-08
 ne  10   6.661200 -1.308800  0.502334  0.086825 6.71638E-05
 na  11   4.589972 -1.720028  0.091105 -0.324403 6.49420E-07
 mg  12   6.121022 -1.518978  0.292155 -0.123353 2.33202E-05
 al  13   4.584271 -1.885729 -0.074595 -0.490104 7.52246E-07
 si  14   5.879551 -1.670449  0.140685 -0.274824 1.54545E-05
  p  15   3.673245 -1.796754  0.014379 -0.401130 1.05988E-07
  s  16   5.669266 -1.490734  0.320399 -0.095109 1.08720E-05
 cl  17   3.429099 -1.800901  0.010232 -0.405276 6.91460E-08
 ar  18   4.973590 -1.466410  0.344723 -0.070786 2.72960E-06
  k  19   3.458182 -1.621818  0.189316 -0.226193 8.15363E-08
 ca  20   4.807100 -1.482900  0.328234 -0.087275 1.86647E-06
 sc  21   1.485673 -1.564327  0.246806 -0.168702 9.98792E-10
 ti  22   3.479064 -1.430936  0.380198 -0.035311 1.04741E-07
  v  23   2.395033 -1.564967  0.246166 -0.169343 9.18594E-09
 cr  24   3.982782 -1.657218  0.153916 -0.261593 3.62883E-07
 mn  25   3.147977 -2.332023 -0.520890 -0.936399 5.60873E-08
 fe  26   5.729769 -1.810231  0.000000 -0.414607 2.17654E-05
 co  27   3.079527 -1.790473  0.019758 -0.394848 5.13926E-08
 ni  28   4.390432 -1.809567  0.000664 -0.413943 1.04721E-06
 cu  29   2.025624 -2.224376 -0.414145 -0.828751 4.89471E-09
 zn  30   3.070666 -1.559334  0.250897 -0.163709 5.58879E-08
 ga  31   1.281034 -1.798965  0.011266 -0.403341 9.66997E-10
 ge  32   1.745727 -1.834273 -0.024042 -0.438649 2.93709E-09
 as  33   0.495037 -1.804963  0.005268 -0.409338 1.70083E-10
 se  34   1.501762 -1.838238 -0.028006 -0.442613 1.82047E-09
 br  35   0.735742 -1.804258  0.005973 -0.408634 3.15736E-10
 kr  36   1.467275 -1.782725  0.027506 -0.387101 1.78453E-09
 rb  37   0.585896 -1.774104  0.036127 -0.378480 2.39174E-10
 sr  38   1.175336 -1.704664  0.105567 -0.309040 9.52694E-10
  y  39   0.517261 -1.652740  0.157492 -0.257115 2.12425E-10
 zr  40   0.906940 -1.623060  0.187172 -0.227435 5.34643E-10
 nb  41  -0.223843 -1.633843  0.176389 -0.238218 4.02917E-11
 mo  42   0.195560 -1.744441  0.065791 -0.348816 1.09288E-10
 tc  43  -1.755635 -9.000000  0.000000  0.000000 1.24912E-12
 ru  44  -0.053258 -1.813258 -0.003027 -0.417633 6.49201E-11
 rh  45  -0.706734 -1.766734  0.043498 -0.371109 1.46799E-11
 pd  46  -0.063279 -1.713279  0.096952 -0.317654 6.67972E-11
 ag  47  -0.569843 -1.769843  0.040388 -0.374219 2.10894E-11
 cd  48   0.059880 -1.650120  0.160111 -0.254495 9.36922E-11
 in  49  -0.930141 -1.690141  0.120090 -0.294517 9.79227E-12
 sn  50   0.469091 -1.600909  0.209323 -0.205284 2.53860E-10
 sb  51  -0.877393 -1.887393 -0.077162 -0.491768 1.17254E-11
 te  52   0.125870 -2.054130 -0.243899 -0.658506 1.23804E-10
  i  53  -0.235499 -1.785499  0.024732 -0.389875 5.35785E-11
 xe  54   0.500891 -1.739109  0.071122 -0.343485 3.02097E-10
 cs  55  -0.470371 -1.550371  0.259860 -0.154747 3.26727E-11
 ba  56   0.819476 -1.360524  0.449707  0.035101 6.58031E-10
 la  57  -0.197629 -1.367629  0.442602  0.027996 6.39892E-11
 ce  58   0.225552 -1.354448  0.455783  0.041176 1.71023E-10
 pr  59  -0.726156 -1.486156  0.324075 -0.090532 1.92218E-11
 nd  60  -0.008002 -1.458002  0.352229 -0.062378 1.02825E-10
 pm  61   0.000000 -9.000000  0.000000  0.000000 0.00000E+00
 sm  62  -0.729613 -1.669613  0.140618 -0.273989 2.03485E-11
 eu  63  -1.248853 -1.758853  0.051378 -0.363228 6.22160E-12
 gd  64  -0.642870 -1.692870  0.117361 -0.297245 2.59858E-11
 tb  65  -1.423724 -1.743724  0.066507 -0.348099 4.34993E-12
 dy  66  -0.549339 -1.679339  0.130892 -0.283715 3.33064E-11
 ho  67  -1.280219 -1.750219  0.060012 -0.354594 6.28196E-12
 er  68  -0.753047 -1.673047  0.137184 -0.277422 2.14465E-11
 tm  69  -1.582810 -1.702810  0.107421 -0.307186 3.20569E-12
 yb  70  -0.643703 -1.563703  0.246529 -0.168078 2.85403E-11
 lu  71  -1.493988 -1.583988  0.226243 -0.188363 4.07364E-12
 hf  72  -0.731862 -1.441862  0.368369 -0.046237 2.40307E-11
 ta  73  -1.640239 -1.520239  0.289992 -0.124614 3.00836E-12
  w  74  -0.797474 -1.447474  0.362757 -0.051849 2.12804E-11
 re  75  -1.424757 -1.684757  0.125474 -0.289132 5.08456E-12
 os  76  -0.358362 -1.708362  0.101869 -0.312738 6.05246E-11
 ir  77  -0.476619 -1.796619  0.013612 -0.400994 4.65787E-11
 pt  78  -0.173374 -1.793374  0.016857 -0.397750 9.50274E-11
 au  79  -0.963832 -1.763832  0.046399 -0.368207 1.55445E-11
 hg  80  -0.357336 -1.527336  0.282895 -0.131711 6.39717E-11
 tl  81  -0.682815 -1.452815  0.357417 -0.057190 3.08067E-11
 pb  82   1.750148 -0.289852  1.520379  1.105772 8.46355E-09
 bi  83   0.035401 -0.614599  1.195633  0.781026 1.64634E-10
 po  84   1.218182 -9.000000  0.000000  0.000000 2.50809E-09
#[ls/Fe]_Thiswork =   0.1501, [hs/Fe]_Thiswork =   0.4494
#[hs/ls]_Thiswork =   0.2993, [Pb/hs]_Thiswork =   1.0710
# Elemental abundance ratios: 
# He/H =  9.3865E-02, C/O =  4.3368E+00, N/O = 3.88154E-01
#
#  TP   Mass     Mcore    Menv    log L
#  6 1.899949 0.640962 1.258987 3.903779
# El  Z   log e(X)   [X/H]    [X/Fe]     [X/O]      X(i)
  p   1  12.000000  0.000000  0.000000  0.000000 7.29384E-01
 he   2  10.976525  0.046525  1.856756  1.442150 2.74414E-01
  c   6   8.283025 -0.186975  1.623256  1.208649 1.66763E-03
  n   7   6.924142 -0.945858  0.864374  0.449767 8.51106E-05
  o   8   7.394203 -1.335796  0.474435  0.000000 2.86941E-04
  f   9   4.029857 -0.430143  1.380088  0.905653 1.47252E-07
 ne  10   6.957129 -1.012870  0.797361  0.322926 1.32296E-04
 na  11   4.789273 -1.520727  0.289505 -0.184930 1.02402E-06
 mg  12   6.131825 -1.508175  0.302056 -0.172379 2.38241E-05
 al  13   4.625490 -1.844510 -0.034279 -0.508714 8.24252E-07
 si  14   5.882428 -1.667572  0.142659 -0.331776 1.55029E-05
  p  15   3.703068 -1.766932  0.043299 -0.431136 1.13126E-07
  s  16   5.670676 -1.489324  0.320908 -0.153527 1.08693E-05
 cl  17   3.441442 -1.788558  0.021673 -0.452762 7.08910E-08
 ar  18   4.974684 -1.465316  0.344915 -0.129520 2.72693E-06
  k  19   3.461079 -1.618921  0.191310 -0.283125 8.17955E-08
 ca  20   4.808119 -1.481881  0.328351 -0.146084 1.86432E-06
 sc  21   1.494881 -1.555119  0.255112 -0.219323 1.01663E-09
 ti  22   3.481495 -1.428505  0.381726 -0.092709 1.04961E-07
  v  23   2.395989 -1.564011  0.246221 -0.228214 9.17405E-09
 cr  24   3.984200 -1.655800  0.154431 -0.320004 3.62799E-07
 mn  25   3.153289 -2.326711 -0.516480 -0.990915 5.65793E-08
 fe  26   5.730996 -1.809004  0.000000 -0.473207 2.17509E-05
 co  27   3.107849 -1.762151  0.046853 -0.426354 5.46643E-08
 ni  28   4.393154 -1.806846  0.002158 -0.471049 1.05011E-06
 cu  29   2.106303 -2.143697 -0.334693 -0.807900 5.87337E-09
 zn  30   3.075308 -1.554692  0.254312 -0.218896 5.62914E-08
 ga  31   1.310341 -1.769659  0.039345 -0.433863 1.03089E-09
 ge  32   1.776316 -1.803684  0.005320 -0.467888 3.14042E-09
 as  33   0.513663 -1.786337  0.022667 -0.450540 1.76917E-10
 se  34   1.550007 -1.789993  0.019011 -0.454197 2.02726E-09
 br  35   0.758004 -1.781996  0.027008 -0.446199 3.31184E-10
 kr  36   1.540730 -1.709270  0.099734 -0.373473 2.10601E-09
 rb  37   0.672949 -1.687051  0.121953 -0.351255 2.91238E-10
 sr  38   1.370867 -1.509133  0.299870 -0.173337 1.48924E-09
  y  39   0.745887 -1.424113  0.384891 -0.088317 3.58355E-10
 zr  40   1.142881 -1.387119  0.421885 -0.051322 9.17247E-10
 nb  41  -0.002483 -1.412483  0.396520 -0.076687 6.68431E-11
 mo  42   0.417171 -1.522830  0.286174 -0.187033 1.81412E-10
 tc  43  -1.344809 -9.000000  0.000000  0.000000 3.20563E-12
 ru  44   0.129800 -1.630200  0.178804 -0.294404 9.86093E-11
 rh  45  -0.625498 -1.685498  0.123506 -0.349701 1.76376E-11
 pd  46   0.148293 -1.501706  0.307297 -0.165910 1.08346E-10
 ag  47  -0.497511 -1.697511  0.111493 -0.361715 2.48244E-11
 cd  48   0.285959 -1.424041  0.384963 -0.088244 1.57132E-10
 in  49  -0.757121 -1.517121  0.291883 -0.181325 1.45340E-11
 sn  50   0.726421 -1.343579  0.465425 -0.007782 4.57515E-10
 sb  51  -0.687365 -1.697365  0.111639 -0.361568 1.80982E-11
 te  52   0.357196 -1.822804 -0.013800 -0.487008 2.10157E-10
  i  53  -0.193490 -1.743490  0.065514 -0.407694 5.88141E-11
 xe  54   0.641444 -1.598556  0.210448 -0.262759 4.16085E-10
 cs  55  -0.226457 -1.306457  0.502547  0.029340 5.70927E-11
 ba  56   1.192643 -0.987357  0.821647  0.348439 1.54844E-09
 la  57   0.195136 -0.974864  0.834140  0.360932 1.57526E-10
 ce  58   0.674079 -0.905921  0.903083  0.429875 4.78699E-10
 pr  59  -0.327939 -1.087939  0.721065  0.247857 4.79173E-11
 nd  60   0.436787 -1.013213  0.795790  0.322583 2.85344E-10
 pm  61   0.000000 -9.000000  0.000000  0.000000 0.00000E+00
 sm  62  -0.332884 -1.272884  0.536120  0.062912 5.05528E-11
 eu  63  -1.109206 -1.619206  0.189798 -0.283410 8.55127E-12
 gd  64  -0.383262 -1.433262  0.375742 -0.097465 4.70787E-11
 tb  65  -1.248935 -1.568935  0.240069 -0.233138 6.48267E-12
 dy  66  -0.268332 -1.398332  0.410672 -0.062535 6.33896E-11
 ho  67  -1.115825 -1.585825  0.223179 -0.250028 9.14052E-12
 er  68  -0.445781 -1.365781  0.443223 -0.029984 4.33615E-11
 tm  69  -1.333826 -1.453826  0.355178 -0.118030 5.66744E-12
 yb  70  -0.192491 -1.112491  0.696513  0.223306 8.03807E-11
 lu  71  -1.108701 -1.198701  0.610303  0.137096 9.85715E-12
 hf  72  -0.240960 -0.950960  0.858044  0.384836 7.41566E-11
 ta  73  -1.190445 -1.070445  0.738559  0.265351 8.44511E-12
  w  74  -0.293359 -0.943359  0.865645  0.392438 6.76982E-11
 re  75  -1.121516 -1.381516  0.427488 -0.045720 1.01853E-11
 os  76  -0.106373 -1.456373  0.352631 -0.120577 1.07746E-10
 ir  77  -0.424660 -1.744660  0.064344 -0.408863 5.23152E-11
 pt  78  -0.014569 -1.634569  0.174435 -0.298773 1.36501E-10
 au  79  -0.805550 -1.605550  0.203454 -0.269753 2.23018E-11
 hg  80   0.169223 -1.000777  0.808227  0.335019 2.14303E-10
 tl  81  -0.153264 -0.923264  0.885740  0.412532 1.03915E-10
 pb  82   2.256821  0.216821  2.025825  1.552617 2.70836E-08
 bi  83   0.509393 -0.140607  1.668397  1.195189 4.88645E-10
 po  84   1.609461 -9.000000  0.000000  0.000000 6.15323E-09
#[ls/Fe]_Thiswork =   0.3689, [hs/Fe]_Thiswork =   0.8530
#[hs/ls]_Thiswork =   0.4841, [Pb/hs]_Thiswork =   1.1729
# Elemental abundance ratios: 
# He/H =  9.4738E-02, C/O =  7.7414E+00, N/O = 3.38797E-01
#
#  TP   Mass     Mcore    Menv    log L
#  7 1.899918 0.644719 1.255199 3.939012
# El  Z   log e(X)   [X/H]    [X/Fe]     [X/O]      X(i)
  p   1  12.000000  0.000000  0.000000  0.000000 7.25722E-01
 he   2  10.982502  0.052502  1.861506  1.388298 2.76820E-01
  c   6   8.499389  0.029388  1.838392  1.365185 2.73073E-03
  n   7   6.928699 -0.941300  0.867703  0.394496 8.55765E-05
  o   8   7.463381 -1.266618  0.542386  0.000000 3.34799E-04
  f   9   4.312224 -0.147776  1.661228  1.118843 2.80700E-07
 ne  10   7.214612 -0.755388  1.053616  0.511230 2.38146E-04
 na  11   5.063169 -1.246831  0.562172  0.019787 1.91433E-06
 mg  12   6.157794 -1.482205  0.326798 -0.215587 2.51652E-05
 al  13   4.669428 -1.800571  0.008432 -0.533953 9.07429E-07
 si  14   5.886192 -1.663808  0.145195 -0.397190 1.55594E-05
  p  15   3.742550 -1.727450  0.081554 -0.460832 1.23270E-07
  s  16   5.672743 -1.487257  0.321747 -0.220638 1.08664E-05
 cl  17   3.455294 -1.774706  0.034297 -0.508088 7.28210E-08
 ar  18   4.976347 -1.463653  0.345351 -0.197034 2.72366E-06
  k  19   3.464980 -1.615020  0.193984 -0.348402 8.21192E-08
 ca  20   4.809707 -1.480293  0.328711 -0.213675 1.86176E-06
 sc  21   1.507070 -1.542930  0.266073 -0.276312 1.04032E-09
 ti  22   3.485182 -1.424818  0.384186 -0.158200 1.05324E-07
  v  23   2.397652 -1.562348  0.246655 -0.295730 9.16300E-09
 cr  24   3.986279 -1.653720  0.155283 -0.387102 3.62710E-07
 mn  25   3.161510 -2.318490 -0.509486 -1.051871 5.73711E-08
 fe  26   5.732797 -1.807203  0.000000 -0.540585 2.17316E-05
 co  27   3.137303 -1.732697  0.074507 -0.466078 5.82065E-08
 ni  28   4.396692 -1.803308  0.003896 -0.536689 1.05339E-06
 cu  29   2.185369 -2.064631 -0.257428 -0.798013 7.01079E-09
 zn  30   3.082357 -1.547643  0.259561 -0.281024 5.69253E-08
 ga  31   1.351166 -1.728834  0.078369 -0.462216 1.12681E-09
 ge  32   1.819740 -1.760260  0.046944 -0.493641 3.45324E-09
 as  33   0.541586 -1.758414  0.048789 -0.491796 1.87718E-10
 se  34   1.618213 -1.721787  0.085416 -0.455169 2.36010E-09
 br  35   0.794426 -1.745574  0.061629 -0.478956 3.58348E-10
 kr  36   1.640373 -1.609627  0.197577 -0.343009 2.63583E-09
 rb  37   0.788419 -1.571581  0.235622 -0.304963 3.78036E-10
 sr  38   1.578974 -1.301026  0.506177 -0.034408 2.39269E-09
  y  39   0.970865 -1.199135  0.608068  0.067483 5.98559E-10
 zr  40   1.371774 -1.158226  0.648977  0.108392 1.54594E-09
 nb  41   0.215644 -1.194356  0.612847  0.072262 1.09900E-10
 mo  42   0.637463 -1.302537  0.504666 -0.035919 2.99759E-10
 tc  43  -1.061644 -9.000000  0.000000  0.000000 6.12198E-12
 ru  44   0.329183 -1.430817  0.376386 -0.164199 1.55280E-10
 rh  45  -0.515493 -1.575493  0.231710 -0.308875 2.26078E-11
 pd  46   0.365442 -1.284558  0.522646 -0.017939 1.77736E-10
 ag  47  -0.397178 -1.597178  0.210026 -0.330559 3.11190E-11
 cd  48   0.516860 -1.193140  0.614063  0.073478 2.66059E-10
 in  49  -0.561463 -1.321463  0.485740 -0.054845 2.26911E-11
 sn  50   0.969731 -1.100269  0.706935  0.166350 7.97129E-10
 sb  51  -0.485847 -1.495847  0.311357 -0.229228 2.86397E-11
 te  52   0.587442 -1.592558  0.214646 -0.325939 3.55307E-10
  i  53  -0.129746 -1.679746  0.127457 -0.413128 6.77703E-11
 xe  54   0.811627 -1.428373  0.378831 -0.161754 6.12603E-10
 cs  55   0.015729 -1.064271  0.742932  0.202347 9.92157E-11
 ba  56   1.500167 -0.679833  1.127370  0.586785 3.12776E-09
 la  57   0.512137 -0.657863  1.149341  0.608756 3.25213E-10
 ce  58   1.016272 -0.563728  1.243475  0.702890 1.04730E-09
 pr  59  -0.000304 -0.760304  1.046899  0.506314 1.01377E-10
 nd  60   0.778932 -0.671068  1.136135  0.595550 6.24205E-10
 pm  61   0.000000 -9.000000  0.000000  0.000000 0.00000E+00
 sm  62  -0.007945 -0.947945  0.859258  0.318673 1.06291E-10
 eu  63  -0.925671 -1.435671  0.371533 -0.169052 1.29831E-11
 gd  64  -0.112695 -1.162695  0.644509  0.103924 8.73386E-11
 tb  65  -1.037267 -1.357267  0.449937 -0.090648 1.05011E-11
 dy  66   0.010031 -1.119969  0.687234  0.146649 1.19728E-10
 ho  67  -0.912385 -1.382385  0.424818 -0.115767 1.45286E-11
 er  68  -0.147864 -1.067864  0.739339  0.198754 8.56713E-11
 tm  69  -1.071937 -1.191937  0.615267  0.074682 1.03060E-11
 yb  70   0.155029 -0.764971  1.042233  0.501648 1.78027E-10
 lu  71  -0.788929 -0.878929  0.928274  0.387689 2.04804E-11
 hf  72   0.122602 -0.587398  1.219806  0.679221 1.70422E-10
 ta  73  -0.833812 -0.713812  1.093392  0.552806 1.91008E-11
  w  74   0.072647 -0.577353  1.229850  0.689265 1.56458E-10
 re  75  -0.826504 -1.086504  0.720700  0.180115 1.99895E-11
 os  76   0.153759 -1.196241  0.610962  0.070377 1.95141E-10
 ir  77  -0.339117 -1.659117  0.148086 -0.392499 6.33847E-11
 pt  78   0.188983 -1.431017  0.376186 -0.164399 2.17021E-10
 au  79  -0.602007 -1.402007  0.405196 -0.135389 3.54566E-11
 hg  80   0.542887 -0.627113  1.180090  0.639505 5.04087E-10
 tl  81   0.220038 -0.549962  1.257242  0.716657 2.44227E-10
 pb  82   2.554910  0.514910  2.322113  1.781528 5.35315E-08
 bi  83   0.793750  0.143750  1.950953  1.410368 9.35760E-10
 po  84   1.827406 -9.000000  0.000000  0.000000 1.01126E-08
#[ls/Fe]_Thiswork =   0.5877, [hs/Fe]_Thiswork =   1.1734
#[hs/ls]_Thiswork =   0.5857, [Pb/hs]_Thiswork =   1.1487
# Elemental abundance ratios: 
# He/H =  9.6051E-02, C/O =  1.0864E+01, N/O = 2.91956E-01
#
#  TP   Mass     Mcore    Menv    log L
#  8 1.899845 0.648094 1.251751 3.965949
# El  Z   log e(X)   [X/H]    [X/Fe]     [X/O]      X(i)
  p   1  12.000000  0.000000  0.000000  0.000000 7.21762E-01
 he   2  10.988963  0.058963  1.866166  1.325581 2.79436E-01
  c   6   8.650928  0.180928  1.988132  1.447546 3.84983E-03
  n   7   6.933405 -0.936595  0.870608  0.330023 8.60367E-05
  o   8   7.526081 -1.203919  0.603284  0.000000 3.84687E-04
  f   9   4.523658  0.063658  1.870861  1.267577 4.54255E-07
 ne  10   7.406419 -0.563581  1.243623  0.640338 3.68362E-04
 na  11   5.291801 -1.018199  0.789004  0.185720 3.22310E-06
 mg  12   6.196270 -1.443730  0.363473 -0.239811 2.73463E-05
 al  13   4.707335 -1.762665  0.044538 -0.558746 9.84787E-07
 si  14   5.890084 -1.659916  0.147287 -0.455997 1.56138E-05
  p  15   3.781783 -1.688217  0.118987 -0.484298 1.34188E-07
  s  16   5.674997 -1.485003  0.322201 -0.281084 1.08633E-05
 cl  17   3.468871 -1.761129  0.046074 -0.557210 7.47235E-08
 ar  18   4.978175 -1.461825  0.345378 -0.257906 2.72022E-06
  k  19   3.469149 -1.610851  0.196352 -0.406932 8.24588E-08
 ca  20   4.811468 -1.478532  0.328671 -0.274613 1.85912E-06
 sc  21   1.520152 -1.529848  0.277355 -0.325929 1.06629E-09
 ti  22   3.489367 -1.420632  0.386571 -0.216713 1.05764E-07
  v  23   2.399547 -1.560453  0.246750 -0.356534 9.15285E-09
 cr  24   3.988568 -1.651432  0.155772 -0.447513 3.62637E-07
 mn  25   3.171362 -2.308638 -0.501435 -1.104719 5.83671E-08
 fe  26   5.734766 -1.805233  0.000000 -0.601315 2.17112E-05
 co  27   3.163881 -1.706119  0.099115 -0.502200 6.15422E-08
 ni  28   4.400229 -1.799771  0.005463 -0.595852 1.05621E-06
 cu  29   2.251566 -1.998434 -0.193201 -0.794515 8.12059E-09
 zn  30   3.090499 -1.539501  0.265732 -0.335582 5.76859E-08
 ga  31   1.397208 -1.682792  0.122442 -0.478873 1.24600E-09
 ge  32   1.868470 -1.711530  0.093704 -0.507611 3.84220E-09
 as  33   0.573876 -1.726124  0.079110 -0.522205 2.01104E-10
 se  34   1.688368 -1.651632  0.153601 -0.447713 2.75873E-09
 br  35   0.837087 -1.702913  0.102320 -0.498994 3.93178E-10
 kr  36   1.735503 -1.514497  0.290737 -0.310578 3.26340E-09
 rb  37   0.896647 -1.463352  0.341881 -0.259434 4.82374E-10
 sr  38   1.734916 -1.145084  0.660149  0.058835 3.40763E-09
  y  39   1.136379 -1.033621  0.771613  0.170298 8.71454E-10
 zr  40   1.544521 -0.985479  0.819755  0.218440 2.28857E-09
 nb  41   0.384659 -1.025341  0.779892  0.178578 1.61301E-10
 mo  42   0.811871 -1.128129  0.677104  0.075789 4.45455E-10
 tc  43  -0.881866 -9.000000  0.000000  0.000000 9.21072E-12
 ru  44   0.493761 -1.266239  0.538995 -0.062320 2.25589E-10
 rh  45  -0.408786 -1.468786  0.336448 -0.264867 2.87468E-11
 pd  46   0.540300 -1.109700  0.695534  0.094219 2.64397E-10
 ag  47  -0.296178 -1.496178  0.309056 -0.292259 3.90525E-11
 cd  48   0.702018 -1.007982  0.797251  0.195937 4.05285E-10
 in  49  -0.393794 -1.153794  0.651439  0.050125 3.32009E-11
 sn  50   1.165760 -0.904240  0.900994  0.299679 1.24503E-09
 sb  51  -0.310632 -1.320632  0.484602 -0.116713 4.26389E-11
 te  52   0.779705 -1.400295  0.404938 -0.196376 5.50161E-10
  i  53  -0.055683 -1.605683  0.199550 -0.401764 7.99329E-11
 xe  54   0.973141 -1.266859  0.538374 -0.062940 8.83722E-10
 cs  55   0.219923 -0.860077  0.945156  0.343842 1.57906E-10
 ba  56   1.721823 -0.458177  1.347056  0.745742 5.18217E-09
 la  57   0.733139 -0.436861  1.368373  0.767058 5.38014E-10
 ce  58   1.237100 -0.342900  1.462333  0.861019 1.73189E-09
 pr  59   0.215909 -0.544091  1.261142  0.659828 1.65874E-10
 nd  60   0.993789 -0.456211  1.349022  0.747708 1.01814E-09
 pm  61   0.000000 -9.000000  0.000000  0.000000 0.00000E+00
 sm  62   0.198120 -0.741880  1.063354  0.462039 1.69897E-10
 eu  63  -0.779119 -1.289119  0.516114 -0.085201 1.80949E-11
 gd  64   0.073601 -0.976399  0.828834  0.227520 1.33391E-10
 tb  65  -0.878238 -1.198238  0.606996  0.005681 1.50622E-11
 dy  66   0.197533 -0.932467  0.872766  0.271452 1.83366E-10
 ho  67  -0.757992 -1.227992  0.577242 -0.024073 2.06178E-11
 er  68   0.047742 -0.872258  0.932975  0.331661 1.33680E-10
 tm  69  -0.891779 -1.011779  0.793455  0.192140 1.55193E-11
 yb  70   0.365258 -0.554742  1.250492  0.649177 2.87302E-10
 lu  71  -0.588727 -0.678727  1.126506  0.525192 3.22970E-11
 hf  72   0.337293 -0.372707  1.432526  0.831212 2.77869E-10
 ta  73  -0.620626 -0.500626  1.304607  0.703292 3.10357E-11
  w  74   0.286594 -0.363406  1.441828  0.840513 2.54664E-10
 re  75  -0.634405 -0.894405  0.910828  0.309514 3.09403E-11
 os  76   0.329562 -1.020438  0.784796  0.183481 2.90921E-10
 ir  77  -0.259668 -1.579668  0.225565 -0.375749 7.56932E-11
 pt  78   0.339002 -1.280998  0.524235 -0.077079 3.04890E-10
 au  79  -0.452732 -1.252732  0.552501 -0.048813 4.97273E-11
 hg  80   0.753139 -0.416861  1.388372  0.787058 8.13544E-10
 tl  81   0.435532 -0.334468  1.470765  0.869451 3.98942E-10
 pb  82   2.745372  0.705372  2.510605  1.909291 8.25458E-08
 bi  83   0.978878  0.328878  2.134111  1.532797 1.42533E-09
 po  84   1.957079 -9.000000  0.000000  0.000000 1.35568E-08
#[ls/Fe]_Thiswork =   0.7505, [hs/Fe]_Thiswork =   1.3926
#[hs/ls]_Thiswork =   0.6421, [Pb/hs]_Thiswork =   1.1180
# Elemental abundance ratios: 
# He/H =  9.7491E-02, C/O =  1.3331E+01, N/O = 2.55461E-01
#
#  TP   Mass     Mcore    Menv    log L
#  9 1.899668 0.651200 1.248467 3.987897
# El  Z   log e(X)   [X/H]    [X/Fe]     [X/O]      X(i)
  p   1  12.000000  0.000000  0.000000  0.000000 7.17347E-01
 he   2  10.996220  0.066219  1.871453  1.270138 2.82406E-01
  c   6   8.770666  0.300666  2.105899  1.504585 5.04097E-03
  n   7   6.939673 -0.930326  0.874907  0.273592 8.67536E-05
  o   8   7.582090 -1.147909  0.657324  0.000000 4.34962E-04
  f   9   4.698389  0.238389  2.043622  1.386298 6.75096E-07
 ne  10   7.559408 -0.410592  1.394642  0.737318 5.20713E-04
 na  11   5.481448 -0.828552  0.976681  0.319357 4.95742E-06
 mg  12   6.242959 -1.397041  0.408193 -0.249132 3.02638E-05
 al  13   4.741176 -1.728824  0.076409 -0.580915 1.05808E-06
 si  14   5.894198 -1.655802  0.149432 -0.507893 1.56660E-05
  p  15   3.818799 -1.651201  0.154033 -0.503292 1.45233E-07
  s  16   5.677528 -1.482472  0.322762 -0.334563 1.08600E-05
 cl  17   3.482541 -1.747459  0.057775 -0.599550 7.66413E-08
 ar  18   4.980266 -1.459734  0.345499 -0.311825 2.71662E-06
  k  19   3.473635 -1.606365  0.198868 -0.458456 8.28052E-08
 ca  20   4.813502 -1.476498  0.328736 -0.328588 1.85642E-06
 sc  21   1.534042 -1.515958  0.289276 -0.368048 1.09421E-09
 ti  22   3.494123 -1.415877  0.389356 -0.267968 1.06274E-07
  v  23   2.401740 -1.558260  0.246974 -0.410351 9.14291E-09
 cr  24   3.991171 -1.648829  0.156404 -0.500920 3.62585E-07
 mn  25   3.182693 -2.297307 -0.492074 -1.149398 5.95435E-08
 fe  26   5.737019 -1.802981  0.000000 -0.655072 2.16906E-05
 co  27   3.189228 -1.680772  0.122209 -0.532863 6.48418E-08
 ni  28   4.403759 -1.796240  0.006741 -0.648331 1.05831E-06
 cu  29   2.304399 -1.945601 -0.142620 -0.797691 9.11500E-09
 zn  30   3.098095 -1.531905  0.271076 -0.383996 5.83446E-08
 ga  31   1.436992 -1.643008  0.159973 -0.495099 1.35718E-09
 ge  32   1.910972 -1.669028  0.133953 -0.521119 4.21130E-09
 as  33   0.603648 -1.696352  0.106629 -0.548443 2.14055E-10
 se  34   1.751352 -1.588648  0.214333 -0.440738 3.16977E-09
 br  35   0.881822 -1.658178  0.144803 -0.510269 4.33171E-10
 kr  36   1.826849 -1.423151  0.379830 -0.275242 4.00269E-09
 rb  37   1.001692 -1.358308  0.444673 -0.210399 6.10611E-10
 sr  38   1.883965 -0.996036  0.806945  0.151874 4.77350E-09
  y  39   1.289259 -0.880741  0.922240  0.267168 1.23157E-09
 zr  40   1.692415 -0.837585  0.965396  0.310324 3.19737E-09
 nb  41   0.528452 -0.881548  0.921433  0.266361 2.23236E-10
 mo  42   0.952005 -0.987995  0.814986  0.159914 6.11328E-10
 tc  43  -0.757462 -9.000000  0.000000  0.000000 1.21908E-11
 ru  44   0.626523 -1.133477  0.669504  0.014432 3.04378E-10
 rh  45  -0.314144 -1.374144  0.428837 -0.226235 3.55275E-11
 pd  46   0.675638 -0.974362  0.828619  0.173547 3.58864E-10
 ag  47  -0.207088 -1.407088  0.395893 -0.259178 4.76512E-11
 cd  48   0.840308 -0.869692  0.933289  0.278217 5.53842E-10
 in  49  -0.265770 -1.025770  0.777211  0.122139 4.43107E-11
 sn  50   1.304775 -0.765225  1.037756  0.382684 1.70424E-09
 sb  51  -0.184155 -1.194155  0.608826 -0.046245 5.67047E-11
 te  52   0.912832 -1.267168  0.535813 -0.119259 7.42936E-10
  i  53   0.007191 -1.542809  0.260172 -0.394900 9.18194E-11
 xe  54   1.089293 -1.150707  0.652274 -0.002797 1.14764E-09
 cs  55   0.354475 -0.725525  1.077456  0.422384 2.13936E-10
 ba  56   1.879792 -0.300208  1.502773  0.847701 7.40998E-09
 la  57   0.895883 -0.274117  1.528864  0.873792 7.77807E-10
 ce  58   1.409867 -0.170133  1.632848  0.977776 2.56227E-09
 pr  59   0.387542 -0.372458  1.430523  0.775451 2.44763E-10
 nd  60   1.167872 -0.282128  1.520853  0.865782 1.51087E-09
 pm  61   0.000000 -9.000000  0.000000  0.000000 0.00000E+00
 sm  62   0.369668 -0.570332  1.232649  0.577577 2.50651E-10
 eu  63  -0.641660 -1.151660  0.651321 -0.003751 2.46803E-11
 gd  64   0.236203 -0.813797  0.989184  0.334112 1.92780E-10
 tb  65  -0.732786 -1.052786  0.750195  0.095123 2.09255E-11
 dy  66   0.361123 -0.768877  1.034104  0.379032 2.65611E-10
 ho  67  -0.614225 -1.084225  0.718755  0.063684 2.85327E-11
 er  68   0.218455 -0.701545  1.101436  0.446364 1.96840E-10
 tm  69  -0.731019 -0.851019  0.951962  0.296890 2.23340E-11
 yb  70   0.543242 -0.376758  1.426223  0.771152 4.30187E-10
 lu  71  -0.416739 -0.506739  1.296241  0.641170 4.76964E-11
 hf  72   0.519656 -0.190344  1.612637  0.957565 4.20280E-10
 ta  73  -0.437201 -0.317201  1.485779  0.830708 4.70567E-11
  w  74   0.468520 -0.181480  1.621501  0.966429 3.84795E-10
 re  75  -0.462990 -0.722990  1.079991  0.424919 4.56326E-11
 os  76   0.488839 -0.861161  0.941820  0.286748 4.17241E-10
 ir  77  -0.171307 -1.491307  0.311674 -0.343397 9.22049E-11
 pt  78   0.483118 -1.136882  0.666099  0.011027 4.22275E-10
 au  79  -0.308064 -1.108063  0.694917  0.039846 6.89603E-11
 hg  80   0.937094 -0.232906  1.570075  0.915003 1.23501E-09
 tl  81   0.620135 -0.149865  1.653116  0.998044 6.06525E-10
 pb  82   2.882978  0.842978  2.645959  1.990888 1.12626E-07
 bi  83   1.111173  0.461173  2.264153  1.609082 1.92109E-09
 po  84   2.045225 -9.000000  0.000000  0.000000 1.65059E-08
#[ls/Fe]_Thiswork =   0.8982, [hs/Fe]_Thiswork =   1.5548
#[hs/ls]_Thiswork =   0.6566, [Pb/hs]_Thiswork =   1.0911
# Elemental abundance ratios: 
# He/H =  9.9133E-02, C/O =  1.5437E+01, N/O = 2.27815E-01
#
#  TP   Mass     Mcore    Menv    log L
# 10 1.899072 0.657657 1.241416 3.983904
# El  Z   log e(X)   [X/H]    [X/Fe]     [X/O]      X(i)
  p   1  12.000000  0.000000  0.000000  0.000000 7.17517E-01
 he   2  10.995920  0.065920  1.868901  1.213829 2.82278E-01
  c   6   8.767488  0.297488  2.100469  1.445397 5.00541E-03
  n   7   6.943371 -0.926629  0.876352  0.221281 8.75160E-05
  o   8   7.580505 -1.149494  0.653487  0.000000 4.33481E-04
  f   9   4.694951  0.234951  2.037931  1.384445 6.69931E-07
 ne  10   7.556237 -0.413763  1.389218  0.735731 5.17046E-04
 na  11   5.479688 -0.830312  0.972669  0.319182 4.93853E-06
 mg  12   6.242068 -1.397932  0.405049 -0.248437 3.02089E-05
 al  13   4.740255 -1.729745  0.073236 -0.580251 1.05609E-06
 si  14   5.894048 -1.655952  0.147028 -0.506458 1.56642E-05
  p  15   3.817773 -1.652227  0.150754 -0.502733 1.44924E-07
  s  16   5.677429 -1.482571  0.320410 -0.333076 1.08601E-05
 cl  17   3.482055 -1.747945  0.055036 -0.598451 7.65736E-08
 ar  18   4.980181 -1.459819  0.343162 -0.310325 2.71673E-06
  k  19   3.473687 -1.606313  0.196668 -0.456819 8.28349E-08
 ca  20   4.813409 -1.476591  0.326390 -0.327096 1.85646E-06
 sc  21   1.533636 -1.516364  0.286617 -0.366870 1.09344E-09
 ti  22   3.493969 -1.416031  0.386950 -0.266537 1.06262E-07
  v  23   2.401655 -1.558345  0.244636 -0.408851 9.14329E-09
 cr  24   3.991072 -1.648928  0.154053 -0.499434 3.62587E-07
 mn  25   3.182378 -2.297622 -0.494641 -1.148128 5.95144E-08
 fe  26   5.736928 -1.803072  0.000000 -0.653578 2.16912E-05
 co  27   3.189444 -1.680556  0.122516 -0.531062 6.48894E-08
 ni  28   4.403569 -1.796431  0.006641 -0.646936 1.05810E-06
 cu  29   2.302710 -1.947290 -0.144218 -0.797796 9.08174E-09
 zn  30   3.097853 -1.532147  0.270925 -0.382653 5.83259E-08
 ga  31   1.435907 -1.644093  0.158979 -0.494598 1.35411E-09
 ge  32   1.909838 -1.670162  0.132910 -0.520668 4.20131E-09
 as  33   0.602846 -1.697154  0.105918 -0.547660 2.13711E-10
 se  34   1.748419 -1.591581  0.211491 -0.442087 3.14918E-09
 br  35   0.890811 -1.649189  0.153883 -0.499695 4.42335E-10
 kr  36   1.824817 -1.425183  0.377889 -0.275689 3.98494E-09
 rb  37   0.999456 -1.360543  0.442528 -0.211049 6.07619E-10
 sr  38   1.881042 -0.998958  0.804114  0.150537 4.74261E-09
  y  39   1.286233 -0.883767  0.919305  0.265727 1.22331E-09
 zr  40   1.689371 -0.840629  0.962443  0.308865 3.17579E-09
 nb  41   0.525452 -0.884548  0.918524  0.264946 2.21752E-10
 mo  42   0.949004 -0.990996  0.812076  0.158498 6.07260E-10
 tc  43  -0.859580 -9.000000  0.000000  0.000000 9.63867E-12
 ru  44   0.627288 -1.132712  0.670360  0.016782 3.04987E-10
 rh  45  -0.316303 -1.376303  0.426769 -0.226809 3.53597E-11
 pd  46   0.672527 -0.977473  0.825599  0.172022 3.56387E-10
 ag  47  -0.207994 -1.407995  0.395077 -0.258500 4.75630E-11
 cd  48   0.837276 -0.872725  0.930347  0.276770 5.50118E-10
 in  49  -0.268623 -1.028623  0.774449  0.120871 4.40310E-11
 sn  50   1.301668 -0.768332  1.034740  0.381162 1.69249E-09
 sb  51  -0.187054 -1.197054  0.606018 -0.047559 5.63407E-11
 te  52   0.909793 -1.270207  0.532865 -0.120713 7.37930E-10
  i  53   0.005623 -1.544377  0.258695 -0.394883 9.15103E-11
 xe  54   1.086593 -1.153407  0.649665 -0.003913 1.14079E-09
 cs  55   0.345557 -0.734443  1.068629  0.415051 2.09638E-10
 ba  56   1.876654 -0.303346  1.499726  0.846148 7.35836E-09
 la  57   0.892551 -0.277449  1.525623  0.872046 7.72047E-10
 ce  58   1.406488 -0.173512  1.629560  0.975983 2.54301E-09
 pr  59   0.384203 -0.375797  1.427275  0.773697 2.42946E-10
 nd  60   1.164505 -0.285495  1.517577  0.863999 1.49955E-09
 pm  61   0.000000 -9.000000  0.000000  0.000000 0.00000E+00
 sm  62   0.366350 -0.573650  1.229422  0.575844 2.48802E-10
 eu  63  -0.644382 -1.154382  0.648690 -0.004888 2.45318E-11
 gd  64   0.233071 -0.816929  0.986143  0.332566 1.91440E-10
 tb  65  -0.735657 -1.055657  0.747415  0.093837 2.07925E-11
 dy  66   0.357963 -0.772037  1.031035  0.377457 2.63747E-10
 ho  67  -0.617054 -1.087054  0.716018  0.062440 2.83542E-11
 er  68   0.215230 -0.704770  1.098302  0.444724 1.95430E-10
 tm  69  -0.734117 -0.854117  0.948955  0.295378 2.21805E-11
 yb  70   0.539875 -0.380125  1.422947  0.769369 4.26966E-10
 lu  71  -0.420036 -0.510036  1.293036  0.639458 4.73468E-11
 hf  72   0.515924 -0.194076  1.608995  0.955418 4.16782E-10
 ta  73  -0.440585 -0.320585  1.482487  0.828909 4.67025E-11
  w  74   0.465487 -0.184513  1.618559  0.964981 3.82207E-10
 re  75  -0.466200 -0.726200  1.076872  0.423294 4.53072E-11
 os  76   0.485755 -0.864245  0.938827  0.285249 4.14386E-10
 ir  77  -0.173137 -1.493137  0.309935 -0.343643 9.18389E-11
 pt  78   0.480311 -1.139689  0.663383  0.009806 4.19654E-10
 au  79  -0.310867 -1.110867  0.692205  0.038627 6.85327E-11
 hg  80   0.933687 -0.236313  1.566759  0.913181 1.22566E-09
 tl  81   0.616914 -0.153086  1.649986  0.996408 6.02186E-10
 pb  82   2.879697  0.839697  2.642769  1.989191 1.11804E-07
 bi  83   1.107926  0.457926  2.260998  1.607421 1.90723E-09
 po  84   2.042221 -9.000000  0.000000  0.000000 1.63960E-08
#[ls/Fe]_Thiswork =   0.8953, [hs/Fe]_Thiswork =   1.5516
#[hs/ls]_Thiswork =   0.6563, [Pb/hs]_Thiswork =   1.0911
# Elemental abundance ratios: 
# He/H =  9.9065E-02, C/O =  1.5381E+01, N/O = 2.30603E-01
#
#  TP   Mass     Mcore    Menv    log L
# 11 1.898774 0.662461 1.236313 4.010671
# El  Z   log e(X)   [X/H]    [X/Fe]     [X/O]      X(i)
  p   1  12.000000  0.000000  0.000000  0.000000 7.15525E-01
 he   2  10.999168  0.069168  1.872240  1.218662 2.83608E-01
  c   6   8.815560  0.345560  2.148632  1.495054 5.57576E-03
  n   7   6.950835 -0.919165  0.883907  0.230330 8.87860E-05
  o   8   7.598038 -1.131962  0.671110  0.000000 4.50085E-04
  f   9   4.749650  0.289650  2.092722  1.421612 7.57745E-07
 ne  10   7.599072 -0.370928  1.432144  0.761034 5.69059E-04
 na  11   5.534231 -0.775769  1.027303  0.356193 5.58386E-06
 mg  12   6.258085 -1.381915  0.421157 -0.249953 3.12569E-05
 al  13   4.753212 -1.716787  0.086285 -0.584826 1.08505E-06
 si  14   5.895626 -1.654374  0.148698 -0.522412 1.56776E-05
  p  15   3.826825 -1.643175  0.159897 -0.511213 1.47566E-07
  s  16   5.678580 -1.481420  0.321652 -0.349458 1.08587E-05
 cl  17   3.487545 -1.742455  0.060617 -0.610493 7.73327E-08
 ar  18   4.981199 -1.458801  0.344271 -0.326839 2.71556E-06
  k  19   3.475581 -1.604419  0.198653 -0.472457 8.29661E-08
 ca  20   4.814414 -1.475586  0.327486 -0.343625 1.85560E-06
 sc  21   1.537913 -1.512087  0.290985 -0.380125 1.10120E-09
 ti  22   3.495737 -1.414263  0.388809 -0.282301 1.06399E-07
  v  23   2.402558 -1.557442  0.245630 -0.425480 9.13689E-09
 cr  24   3.992270 -1.647730  0.155342 -0.515769 3.62580E-07
 mn  25   3.187762 -2.292238 -0.489166 -1.160276 6.00896E-08
 fe  26   5.738018 -1.801982  0.000000 -0.670021 2.16854E-05
 co  27   3.198361 -1.671638  0.130344 -0.539677 6.60518E-08
 ni  28   4.405003 -1.794997  0.006985 -0.663035 1.05865E-06
 cu  29   2.317513 -1.932487 -0.130505 -0.800526 9.37055E-09
 zn  30   3.100485 -1.529515  0.272467 -0.397553 5.85177E-08
 ga  31   1.447940 -1.632060  0.169922 -0.500098 1.38829E-09
 ge  32   1.921769 -1.658231  0.143752 -0.526269 4.30635E-09
 as  33   0.611202 -1.688798  0.113185 -0.556836 2.17258E-10
 se  34   1.763638 -1.576361  0.225621 -0.444400 3.25245E-09
 br  35   0.906836 -1.633164  0.168818 -0.501203 4.57687E-10
 kr  36   1.846143 -1.403857  0.398125 -0.271895 4.17389E-09
 rb  37   1.020493 -1.339507  0.462475 -0.207546 6.36005E-10
 sr  38   1.913947 -0.966053  0.835929  0.165909 5.10170E-09
  y  39   1.321259 -0.848742  0.953241  0.283220 1.32237E-09
 zr  40   1.724617 -0.805383  0.996599  0.326579 3.43471E-09
 nb  41   0.561201 -0.848799  0.953184  0.283163 2.40109E-10
 mo  42   0.984945 -0.955055  0.846928  0.176907 6.57823E-10
 tc  43  -0.855698 -9.000000  0.000000  0.000000 9.69825E-12
 ru  44   0.661530 -1.098469  0.703513  0.033492 3.29092E-10
 rh  45  -0.292702 -1.352702  0.449281 -0.220740 3.72309E-11
 pd  46   0.704859 -0.945141  0.856841  0.186821 3.82866E-10
 ag  47  -0.184324 -1.384324  0.417658 -0.252362 5.00879E-11
 cd  48   0.871160 -0.838840  0.963142  0.293121 5.93107E-10
 in  49  -0.236559 -0.996559  0.805423  0.135403 4.72733E-11
 sn  50   1.336067 -0.733933  1.068050  0.398029 1.82692E-09
 sb  51  -0.155503 -1.165503  0.636479 -0.033541 6.04179E-11
 te  52   0.941894 -1.238106  0.563876 -0.106145 7.92335E-10
  i  53   0.021998 -1.528002  0.273981 -0.396040 9.47628E-11
 xe  54   1.114285 -1.125715  0.676268  0.006247 1.21253E-09
 cs  55   0.371139 -0.708861  1.093121  0.423100 2.21740E-10
 ba  56   1.908488 -0.271512  1.530471  0.860450 7.89603E-09
 la  57   0.924239 -0.245761  1.556222  0.886201 8.28180E-10
 ce  58   1.439275 -0.140725  1.661257  0.991237 2.73481E-09
 pr  59   0.416189 -0.343811  1.458172  0.788151 2.60789E-10
 nd  60   1.198345 -0.251655  1.550328  0.880307 1.61657E-09
 pm  61   0.000000 -9.000000  0.000000  0.000000 0.00000E+00
 sm  62   0.401918 -0.538082  1.263901  0.593880 2.69287E-10
 eu  63  -0.615717 -1.125717  0.676265  0.006245 2.61329E-11
 gd  64   0.263796 -0.786204  1.015778  0.345758 2.04904E-10
 tb  65  -0.707285 -1.027285  0.774698  0.104677 2.21346E-11
 dy  66   0.390144 -0.739856  1.062127  0.392106 2.83245E-10
 ho  67  -0.587782 -1.057782  0.744200  0.074180 3.02470E-11
 er  68   0.246058 -0.673943  1.128040  0.458019 2.09224E-10
 tm  69  -0.702541 -0.822541  0.979441  0.309420 2.37870E-11
 yb  70   0.573911 -0.346089  1.455893  0.785873 4.60491E-10
 lu  71  -0.383151 -0.473151  1.328831  0.658811 5.14007E-11
 hf  72   0.550743 -0.159257  1.642725  0.972705 4.50321E-10
 ta  73  -0.405664 -0.285664  1.516318  0.846297 5.04723E-11
  w  74   0.500994 -0.149006  1.652976  0.982956 4.13617E-10
 re  75  -0.432404 -0.692404  1.109579  0.439558 4.88379E-11
 os  76   0.521250 -0.828750  0.973232  0.303212 4.48428E-10
 ir  77  -0.151989 -1.471989  0.329993 -0.340027 9.61541E-11
 pt  78   0.511063 -1.108937  0.693045  0.023024 4.49195E-10
 au  79  -0.280002 -1.080002  0.721981  0.051960 7.33765E-11
 hg  80   0.970737 -0.199262  1.602720  0.932699 1.33110E-09
 tl  81   0.653855 -0.116145  1.685838  1.015817 6.53829E-10
 pb  82   2.908677  0.868677  2.670660  2.000639 1.19188E-07
 bi  83   1.137747  0.487747  2.289729  1.619709 2.03712E-09
 po  84   2.058282 -9.000000  0.000000  0.000000 1.69665E-08
#[ls/Fe]_Thiswork =   0.9286, [hs/Fe]_Thiswork =   1.5826
#[hs/ls]_Thiswork =   0.6541, [Pb/hs]_Thiswork =   1.0880
# Elemental abundance ratios: 
# He/H =  9.9809E-02, C/O =  1.6501E+01, N/O = 2.25319E-01
#
#  TP   Mass     Mcore    Menv    log L
# 12 1.897900 0.665913 1.231987 4.030862
# El  Z   log e(X)   [X/H]    [X/Fe]     [X/O]      X(i)
  p   1  12.000000  0.000000  0.000000  0.000000 7.11948E-01
 he   2  11.004965  0.074965  1.876947  1.206926 2.85982E-01
  c   6   8.888733  0.418733  2.220715  1.550694 6.56599E-03
  n   7   6.959269 -0.910731  0.891251  0.221231 9.00744E-05
  o   8   7.634883 -1.095117  0.706866  0.000000 4.87488E-04
  f   9   4.857687  0.397686  2.199669  1.492803 9.66901E-07
 ne  10   7.691825 -0.278174  1.523808  0.816942 7.01027E-04
 na  11   5.635133 -0.674867  1.127115  0.420249 7.00906E-06
 mg  12   6.294853 -1.345147  0.456836 -0.250030 3.38483E-05
 al  13   4.774942 -1.695058  0.106925 -0.599941 1.13502E-06
 si  14   5.898807 -1.651193  0.150789 -0.556077 1.57139E-05
  p  15   3.852351 -1.617649  0.184334 -0.522532 1.55717E-07
  s  16   5.680647 -1.479352  0.322630 -0.384236 1.08559E-05
 cl  17   3.498263 -1.731737  0.070246 -0.636620 7.88686E-08
 ar  18   4.982931 -1.457069  0.344913 -0.361953 2.71278E-06
  k  19   3.479057 -1.600943  0.201040 -0.505826 8.32146E-08
 ca  20   4.816109 -1.473891  0.328091 -0.378775 1.85354E-06
 sc  21   1.548509 -1.501491  0.300491 -0.406375 1.12275E-09
 ti  22   3.499498 -1.410501  0.391481 -0.315385 1.06788E-07
  v  23   2.404265 -1.555735  0.246248 -0.460618 9.12702E-09
 cr  24   3.994411 -1.645589  0.156393 -0.550473 3.62550E-07
 mn  25   3.197099 -2.282901 -0.480919 -1.187785 6.10885E-08
 fe  26   5.739895 -1.800105  0.000000 -0.704988 2.16704E-05
 co  27   3.216257 -1.653743  0.146362 -0.558626 6.84863E-08
 ni  28   4.407624 -1.792376  0.007730 -0.697259 1.05974E-06
 cu  29   2.348817 -1.901183 -0.101078 -0.806067 1.00206E-08
 zn  30   3.105706 -1.524294  0.275811 -0.429177 5.89293E-08
 ga  31   1.474575 -1.605425  0.194680 -0.510308 1.46872E-09
 ge  32   1.950579 -1.629421  0.170684 -0.534305 4.57870E-09
 as  33   0.632194 -1.667806  0.132299 -0.572690 2.26877E-10
 se  34   1.805321 -1.534679  0.265426 -0.439563 3.56218E-09
 br  35   0.937040 -1.602960  0.197145 -0.507843 4.88199E-10
 kr  36   1.908854 -1.341146  0.458960 -0.246029 4.79817E-09
 rb  37   1.088124 -1.271876  0.528229 -0.176759 7.39462E-10
 sr  38   2.003448 -0.876552  0.923553  0.218565 6.23792E-09
  y  39   1.413147 -0.756853  1.043252  0.338264 1.62579E-09
 zr  40   1.812220 -0.717780  1.082325  0.377336 4.18135E-09
 nb  41   0.646907 -0.763093  1.037012  0.332024 2.91031E-10
 mo  42   1.066539 -0.873461  0.926644  0.221655 7.89817E-10
 tc  43  -0.757193 -9.000000  0.000000  0.000000 1.21066E-11
 ru  44   0.737387 -1.022613  0.777492  0.072503 3.89939E-10
 rh  45  -0.232775 -1.292775  0.507330 -0.197658 4.25259E-11
 pd  46   0.784304 -0.865696  0.934409  0.229420 4.57420E-10
 ag  47  -0.126868 -1.326868  0.473237 -0.231752 5.68869E-11
 cd  48   0.950131 -0.759869  1.040236  0.335248 7.07828E-10
 in  49  -0.162536 -0.922536  0.877569  0.172581 5.57780E-11
 sn  50   1.413301 -0.656699  1.143406  0.438417 2.17158E-09
 sb  51  -0.084113 -1.094113  0.705992  0.001004 7.08565E-11
 te  52   1.015601 -1.164399  0.635706 -0.069282 9.34200E-10
  i  53   0.062281 -1.487719  0.312386 -0.392603 1.03453E-10
 xe  54   1.179800 -1.060200  0.739905  0.034917 1.40291E-09
 cs  55   0.444519 -0.635481  1.164624  0.459636 2.61245E-10
 ba  56   1.989945 -0.190055  1.610050  0.905062 9.47739E-09
 la  57   1.007685 -0.162315  1.637790  0.932801 9.98605E-10
 ce  58   1.527494 -0.052506  1.747599  1.042611 3.33403E-09
 pr  59   0.504275 -0.255725  1.544380  0.839392 3.17833E-10
 nd  60   1.287917 -0.162083  1.638022  0.933034 1.97693E-09
 pm  61   0.000000 -9.000000  0.000000  0.000000 0.00000E+00
 sm  62   0.491196 -0.448804  1.351301  0.646312 3.29091E-10
 eu  63  -0.539653 -1.049653  0.750452  0.045464 3.09796E-11
 gd  64   0.350017 -0.699983  1.100122  0.395133 2.48654E-10
 tb  65  -0.627075 -0.947075  0.853030  0.148041 2.64914E-11
 dy  66   0.477323 -0.652677  1.147428  0.442439 3.44480E-10
 ho  67  -0.508268 -0.978268  0.821837  0.116848 3.61426E-11
 er  68   0.335658 -0.584342  1.215763  0.510775 2.55880E-10
 tm  69  -0.616161 -0.736161  1.063944  0.358955 2.88764E-11
 yb  70   0.667253 -0.252747  1.547358  0.842369 5.68051E-10
 lu  71  -0.291533 -0.381533  1.418572  0.713583 6.31554E-11
 hf  72   0.644813 -0.065187  1.734918  1.029929 5.56435E-10
 ta  73  -0.312154 -0.192154  1.607951  0.902963 6.22856E-11
  w  74   0.596117 -0.053883  1.746222  1.041234 5.12324E-10
 re  75  -0.340141 -0.600141  1.199964  0.494975 6.00956E-11
 os  76   0.608152 -0.741848  1.058257  0.353269 5.45029E-10
 ir  77  -0.097058 -1.417058  0.383047 -0.321942 1.08573E-10
 pt  78   0.591681 -1.028319  0.771787  0.066798 5.38118E-10
 au  79  -0.198244 -0.998244  0.801861  0.096873 8.81328E-11
 hg  80   1.068724 -0.101276  1.698829  0.993840 1.65967E-09
 tl  81   0.755219 -0.014781  1.785324  1.080335 8.21582E-10
 pb  82   2.985839  0.945839  2.745944  2.040956 1.41650E-07
 bi  83   1.209861  0.559861  2.359966  1.654977 2.39306E-09
 po  84   2.106764 -9.000000  0.000000  0.000000 1.88755E-08
#[ls/Fe]_Thiswork =   1.0164, [hs/Fe]_Thiswork =   1.6651
#[hs/ls]_Thiswork =   0.6488, [Pb/hs]_Thiswork =   1.0808
# Elemental abundance ratios: 
# He/H =  1.0115E-01, C/O =  1.7941E+01, N/O = 2.11050E-01
#
#  TP   Mass     Mcore    Menv    log L
# 13 1.895537 0.668705 1.226832 4.046679
# El  Z   log e(X)   [X/H]    [X/Fe]     [X/O]      X(i)
  p   1  12.000000  0.000000  0.000000  0.000000 7.07954E-01
 he   2  11.011485  0.081485  1.881590  1.176601 2.88679E-01
  c   6   8.954925  0.484924  2.285029  1.580041 7.60411E-03
  n   7   6.966939 -0.903060  0.897045  0.192056 9.11651E-05
  o   8   7.671891 -1.058109  0.741996  0.000000 5.27871E-04
  f   9   4.967367  0.507367  2.307472  1.565476 1.23771E-06
 ne  10   7.787589 -0.182411  1.617694  0.875698 8.69069E-04
 na  11   5.744257 -0.565743  1.234362  0.492366 8.96066E-06
 mg  12   6.340203 -1.299797  0.500309 -0.241688 3.73631E-05
 al  13   4.798929 -1.671071  0.129035 -0.612962 1.19275E-06
 si  14   5.902356 -1.647645  0.152461 -0.589536 1.57540E-05
  p  15   3.879209 -1.590791  0.209314 -0.532682 1.64721E-07
  s  16   5.682939 -1.477061  0.323044 -0.418952 1.08521E-05
 cl  17   3.510021 -1.719979  0.080126 -0.661870 8.05784E-08
 ar  18   4.984850 -1.455150  0.344955 -0.397041 2.70950E-06
  k  19   3.483068 -1.596932  0.203173 -0.538824 8.35154E-08
 ca  20   4.817980 -1.472020  0.328085 -0.413911 1.85110E-06
 sc  21   1.561594 -1.488406  0.311699 -0.430297 1.15060E-09
 ti  22   3.504051 -1.405949  0.394156 -0.347840 1.07308E-07
  v  23   2.406388 -1.553612  0.246493 -0.495503 9.12029E-09
 cr  24   3.996830 -1.643170  0.156935 -0.585061 3.62530E-07
 mn  25   3.207055 -2.272945 -0.472840 -1.214836 6.21545E-08
 fe  26   5.741974 -1.798026  0.000000 -0.739917 2.16522E-05
 co  27   3.237123 -1.632877  0.165149 -0.574769 7.14538E-08
 ni  28   4.410615 -1.789384  0.008642 -0.731276 1.06108E-06
 cu  29   2.384283 -1.865717 -0.067691 -0.807608 1.08122E-08
 zn  30   3.112378 -1.517622  0.280404 -0.459513 5.95059E-08
 ga  31   1.508559 -1.571441  0.226585 -0.513332 1.57935E-09
 ge  32   1.988281 -1.591719  0.206307 -0.533610 4.96594E-09
 as  33   0.660600 -1.639400  0.158626 -0.581291 2.40854E-10
 se  34   1.858044 -1.481956  0.316070 -0.423847 3.99940E-09
 br  35   0.974240 -1.565760  0.232266 -0.507651 5.28876E-10
 kr  36   1.979218 -1.270782  0.527244 -0.212674 5.61042E-09
 rb  37   1.167628 -1.192372  0.605654 -0.134263 8.83031E-10
 sr  38   2.092128 -0.787872  1.010154  0.270236 7.60808E-09
  y  39   1.504641 -0.665359  1.132667  0.392749 1.99580E-09
 zr  40   1.903049 -0.626951  1.171076  0.431158 5.12511E-09
 nb  41   0.737411 -0.672589  1.125437  0.385519 3.56450E-10
 mo  42   1.155526 -0.784474  1.013552  0.273635 9.63986E-10
 tc  43  -0.652184 -9.000000  0.000000  0.000000 1.53316E-11
 ru  44   0.819127 -0.940873  0.857153  0.117236 4.68052E-10
 rh  45  -0.165484 -1.225484  0.572542 -0.167376 4.93743E-11
 pd  46   0.870837 -0.779163  1.018863  0.278946 5.55143E-10
 ag  47  -0.060535 -1.260535  0.537491 -0.202427 6.59024E-11
 cd  48   1.039314 -0.670686  1.127340  0.387423 8.64306E-10
 in  49  -0.077088 -0.837088  0.960938  0.221020 6.75252E-11
 sn  50   1.503186 -0.566814  1.231212  0.491295 2.65594E-09
 sb  51   0.000752 -1.009248  0.788779  0.048861 8.56647E-11
 te  52   1.103421 -1.076579  0.721447 -0.018470 1.13715E-09
  i  53   0.114565 -1.435435  0.362591 -0.377326 1.16034E-10
 xe  54   1.261306 -0.978694  0.819332  0.079415 1.68303E-09
 cs  55   0.536325 -0.543675  1.254351  0.514434 3.20931E-10
 ba  56   2.083769 -0.096231  1.701795  0.961878 1.16969E-08
 la  57   1.102410 -0.067590  1.730436  0.990519 1.23503E-09
 ce  58   1.624280  0.044280  1.842306  1.102389 4.14297E-09
 pr  59   0.601454 -0.158546  1.639480  0.899563 3.95306E-10
 nd  60   1.382947 -0.067053  1.730973  0.991056 2.44668E-09
 pm  61   0.000000 -9.000000  0.000000  0.000000 0.00000E+00
 sm  62   0.585017 -0.354983  1.443043  0.703126 4.06157E-10
 eu  63  -0.455968 -0.965968  0.832058  0.092141 3.73523E-11
 gd  64   0.442455 -0.607545  1.190481  0.450564 3.05908E-10
 tb  65  -0.541119 -0.861119  0.936907  0.196990 3.21083E-11
 dy  66   0.569177 -0.560823  1.237203  0.497285 4.23228E-10
 ho  67  -0.423269 -0.893269  0.904757  0.164840 4.37094E-11
 er  68   0.430577 -0.489423  1.308603  0.568686 3.16600E-10
 tm  69  -0.525928 -0.645928  1.152099  0.412181 3.53455E-11
 yb  70   0.764153 -0.155847  1.642179  0.902262 7.06064E-10
 lu  71  -0.196896 -0.286896  1.511130  0.771213 7.80916E-11
 hf  72   0.742585  0.032585  1.830611  1.090694 6.93016E-10
 ta  73  -0.215570 -0.095570  1.702456  0.962538 7.73620E-11
  w  74   0.693470  0.043470  1.841496  1.101579 6.37462E-10
 re  75  -0.244425 -0.504425  1.293601  0.553684 7.44930E-11
 os  76   0.697091 -0.652909  1.145117  0.405200 6.65142E-10
 ir  77  -0.036281 -1.356281  0.441745 -0.298172 1.24181E-10
 pt  78   0.674887 -0.945113  0.852913  0.112996 6.48097E-10
 au  79  -0.114794 -0.914794  0.883232  0.143315 1.06205E-10
 hg  80   1.164234 -0.005766  1.792260  1.052343 2.05630E-09
 tl  81   0.856660  0.086660  1.884686  1.144769 1.03193E-09
 pb  82   3.060615  1.020615  2.818641  2.078723 1.67320E-07
 bi  83   1.282751  0.632751  2.430777  1.690860 2.81449E-09
 po  84   2.147459 -9.000000  0.000000  0.000000 2.06134E-08
#[ls/Fe]_Thiswork =   1.1046, [hs/Fe]_Thiswork =   1.7582
#[hs/ls]_Thiswork =   0.6535, [Pb/hs]_Thiswork =   1.0605
# Elemental abundance ratios: 
# He/H =  1.0268E-01, C/O =  1.9188E+01, N/O = 1.97264E-01
#
#  TP   Mass     Mcore    Menv    log L
# 14 1.889319 0.671214 1.218105 4.060002
# El  Z   log e(X)   [X/H]    [X/Fe]     [X/O]      X(i)
  p   1  12.000000  0.000000  0.000000  0.000000 7.03716E-01
 he   2  11.018417  0.088417  1.886443  1.146526 2.91568E-01
  c   6   9.014486  0.544486  2.342512  1.602595 8.66966E-03
  n   7   6.974740 -0.895260  0.902766  0.162849 9.22619E-05
  o   8   7.705480 -1.024519  0.773507  0.000000 5.66904E-04
  f   9   5.067593  0.607593  2.405619  1.632112 1.54966E-06
 ne  10   7.875187 -0.094812  1.703214  0.929707 1.05693E-03
 na  11   5.856302 -0.453698  1.344328  0.570821 1.15286E-05
 mg  12   6.389690 -1.250310  0.547716 -0.225791 4.16220E-05
 al  13   4.824259 -1.645741  0.152286 -0.621221 1.25681E-06
 si  14   5.906129 -1.643871  0.154155 -0.619352 1.57963E-05
  p  15   3.905025 -1.564974  0.233052 -0.540455 1.73764E-07
  s  16   5.685366 -1.474634  0.323392 -0.450114 1.08476E-05
 cl  17   3.522133 -1.707867  0.090159 -0.683348 8.23613E-08
 ar  18   4.986892 -1.453108  0.344918 -0.428589 2.70597E-06
  k  19   3.487391 -1.592609  0.205417 -0.568090 8.38459E-08
 ca  20   4.819966 -1.470034  0.327992 -0.445514 1.84846E-06
 sc  21   1.576070 -1.473930  0.324096 -0.449411 1.18248E-09
 ti  22   3.508969 -1.401031  0.396996 -0.376511 1.07880E-07
  v  23   2.408749 -1.551251  0.246775 -0.526732 9.11511E-09
 cr  24   3.999421 -1.640579  0.157447 -0.616059 3.62517E-07
 mn  25   3.217222 -2.262778 -0.464752 -1.238258 6.32458E-08
 fe  26   5.744190 -1.795810  0.000000 -0.771291 2.16327E-05
 co  27   3.259714 -1.610286  0.185524 -0.585766 7.48187E-08
 ni  28   4.413840 -1.786160  0.009651 -0.761640 1.06258E-06
 cu  29   2.420866 -1.829134 -0.033324 -0.804615 1.16921E-08
 zn  30   3.119616 -1.510385  0.285426 -0.485865 6.01437E-08
 ga  31   1.543553 -1.536447  0.259364 -0.511927 1.70163E-09
 ge  32   2.027111 -1.552889  0.242921 -0.528369 5.39789E-09
 as  33   0.690820 -1.609180  0.186630 -0.584661 2.56665E-10
 se  34   1.911118 -1.428882  0.366928 -0.404363 4.49222E-09
 br  35   1.013803 -1.526196  0.269614 -0.501677 5.75850E-10
 kr  36   2.047110 -1.202890  0.592920 -0.178371 6.52049E-09
 rb  37   1.247582 -1.112417  0.683393 -0.087898 1.05517E-09
 sr  38   2.173069 -0.706931  1.088879  0.317588 9.11191E-09
  y  39   1.588476 -0.581524  1.214286  0.442996 2.40627E-09
 zr  40   1.986712 -0.543288  1.252522  0.481231 6.17671E-09
 nb  41   0.821807 -0.588193  1.207617  0.436326 4.30317E-10
 mo  42   1.238503 -0.701497  1.094314  0.323023 1.15995E-09
 tc  43  -0.568123 -9.000000  0.000000  0.000000 1.84944E-11
 ru  44   0.893860 -0.866140  0.929670  0.158379 5.52610E-10
 rh  45  -0.102226 -1.162226  0.633584 -0.137707 5.67743E-11
 pd  46   0.949707 -0.700293  1.095517  0.324226 6.61709E-10
 ag  47   0.002741 -1.197259  0.598551 -0.172740 7.57827E-11
 cd  48   1.120897 -0.589103  1.206707  0.435417 1.03668E-09
 in  49   0.002012 -0.757988  1.037822  0.266532 8.05303E-11
 sn  50   1.586737 -0.483263  1.312547  0.541256 3.20008E-09
 sb  51   0.080671 -0.929329  0.866482  0.095191 1.02356E-10
 te  52   1.185461 -0.994539  0.801271  0.029980 1.36536E-09
  i  53   0.167137 -1.382863  0.412947 -0.358343 1.30181E-10
 xe  54   1.339605 -0.900395  0.895416  0.124125 2.00347E-09
 cs  55   0.623115 -0.456885  1.338925  0.567634 3.89577E-10
 ba  56   2.168959 -0.011041  1.784769  1.013478 1.41466E-08
 la  57   1.187629  0.017629  1.813439  1.042148 1.49378E-09
 ce  58   1.709424  0.129424  1.925234  1.153943 5.01012E-09
 pr  59   0.687102 -0.072898  1.722913  0.951622 4.78603E-10
 nd  60   1.464693  0.014693  1.810503  1.039212 2.93573E-09
 pm  61   0.000000 -9.000000  0.000000  0.000000 0.00000E+00
 sm  62   0.665700 -0.274300  1.521510  0.750219 4.86149E-10
 eu  63  -0.381671 -0.891671  0.904139  0.132849 4.40562E-11
 gd  64   0.522895 -0.527105  1.268705  0.497414 3.65951E-10
 tb  65  -0.465908 -0.785908  1.009902  0.238611 3.79508E-11
 dy  66   0.648502 -0.481498  1.314313  0.543022 5.05002E-10
 ho  67  -0.348981 -0.818981  0.976829  0.205539 5.15532E-11
 er  68   0.512272 -0.407728  1.388082  0.616791 3.79838E-10
 tm  69  -0.448362 -0.568362  1.227448  0.456157 4.20041E-11
 yb  70   0.846566 -0.073434  1.722376  0.951086 8.48495E-10
 lu  71  -0.116121 -0.206121  1.589689  0.818398 9.34914E-11
 hf  72   0.825681  0.115681  1.911491  1.140200 8.34126E-10
 ta  73  -0.133950 -0.013950  1.781860  1.010569 9.27983E-11
  w  74   0.775923  0.125923  1.921733  1.150442 7.66126E-10
 re  75  -0.162073 -0.422073  1.373737  0.602446 8.95076E-11
 os  76   0.773226 -0.576774  1.219036  0.447745 7.87846E-10
 ir  77   0.018732 -1.301268  0.494542 -0.276749 1.40107E-10
 pt  78   0.746212 -0.873788  0.922022  0.150731 7.59202E-10
 au  79  -0.043384 -0.843384  0.952427  0.181136 1.24436E-10
 hg  80   1.243566  0.073566  1.869376  1.098085 2.45365E-09
 tl  81   0.942970  0.172970  1.968781  1.197490 1.25127E-09
 pb  82   3.125900  1.085900  2.881711  2.110420 1.93298E-07
 bi  83   1.348361  0.698361  2.494171  1.722880 3.25389E-09
 po  84   2.179912 -9.000000  0.000000  0.000000 2.20798E-08
#[ls/Fe]_Thiswork =   1.1852, [hs/Fe]_Thiswork =   1.8411
#[hs/ls]_Thiswork =   0.6559, [Pb/hs]_Thiswork =   1.0406
# Elemental abundance ratios: 
# He/H =  1.0433E-01, C/O =  2.0371E+01, N/O = 1.85892E-01
#
#  TP   Mass     Mcore    Menv    log L
# 15 1.869756 0.673570 1.196187 4.071993
# El  Z   log e(X)   [X/H]    [X/Fe]     [X/O]      X(i)
  p   1  12.000000  0.000000  0.000000  0.000000 6.99323E-01
 he   2  11.025609  0.095609  1.891419  1.120128 2.94586E-01
  c   6   9.068144  0.598144  2.393954  1.622663 9.74857E-03
  n   7   6.983145 -0.886855  0.908956  0.137665 9.34777E-05
  o   8   7.735517 -0.994483  0.801328  0.000000 6.03708E-04
  f   9   5.160043  0.700043  2.495853  1.694525 1.90532E-06
 ne  10   7.953104 -0.016896  1.778914  0.977586 1.25673E-03
 na  11   5.957030 -0.352970  1.442841  0.641513 1.44473E-05
 mg  12   6.440149 -1.199851  0.595959 -0.205369 4.64582E-05
 al  13   4.850515 -1.619485  0.176325 -0.625002 1.32680E-06
 si  14   5.910067 -1.639934  0.155877 -0.645451 1.58407E-05
  p  15   3.929480 -1.540520  0.255290 -0.546038 1.82682E-07
  s  16   5.687884 -1.472116  0.323694 -0.477633 1.08426E-05
 cl  17   3.534407 -1.695593  0.100217 -0.701111 8.41932E-08
 ar  18   4.989022 -1.450978  0.344832 -0.456496 2.70231E-06
  k  19   3.491924 -1.588076  0.207735 -0.593593 8.41969E-08
 ca  20   4.822034 -1.467966  0.327845 -0.473483 1.84569E-06
 sc  21   1.591270 -1.458730  0.337081 -0.464247 1.21696E-09
 ti  22   3.514093 -1.395906  0.399904 -0.401424 1.08479E-07
  v  23   2.411257 -1.548743  0.247067 -0.554261 9.11067E-09
 cr  24   4.002131 -1.637869  0.157941 -0.643387 3.62508E-07
 mn  25   3.227451 -2.252549 -0.456738 -1.258066 6.43490E-08
 fe  26   5.746503 -1.793497  0.000000 -0.799015 2.16125E-05
 co  27   3.283129 -1.586871  0.206626 -0.592389 7.84702E-08
 ni  28   4.417252 -1.782748  0.010749 -0.788266 1.06428E-06
 cu  29   2.457631 -1.792369  0.001128 -0.797886 1.26455E-08
 zn  30   3.127261 -1.502739  0.290758 -0.508256 6.08298E-08
 ga  31   1.578081 -1.501919  0.291578 -0.507436 1.83094E-09
 ge  32   2.064845 -1.515155  0.278342 -0.520672 5.85111E-09
 as  33   0.720724 -1.579276  0.214221 -0.584793 2.73244E-10
 se  34   1.960595 -1.379405  0.414092 -0.384922 5.00288E-09
 br  35   1.053078 -1.486922  0.306575 -0.492440 6.26417E-10
 kr  36   2.109736 -1.140264  0.653234 -0.145781 7.48493E-09
 rb  37   1.321230 -1.038770  0.754727 -0.044287 1.24237E-09
 sr  38   2.244442 -0.635558  1.157939  0.358924 1.06724E-08
  y  39   1.662981 -0.507019  1.286478  0.487463 2.83877E-09
 zr  40   2.061983 -0.468017  1.325480  0.526466 7.29979E-09
 nb  41   0.898312 -0.511688  1.281809  0.482794 5.10004E-10
 mo  42   1.314202 -0.625798  1.167699  0.368685 1.37221E-09
 tc  43  -0.499862 -9.000000  0.000000  0.000000 2.15071E-11
 ru  44   0.961507 -0.798493  0.995004  0.195989 6.41721E-10
 rh  45  -0.043647 -1.103647  0.689850 -0.109164 6.45671E-11
 pd  46   1.020995 -0.629005  1.164492  0.365478 7.74883E-10
 ag  47   0.062009 -1.137991  0.655506 -0.143509 8.63216E-11
 cd  48   1.194602 -0.515398  1.278099  0.479084 1.22075E-09
 in  49   0.073962 -0.686038  1.107459  0.308445 9.44473E-11
 sn  50   1.662519 -0.407480  1.386017  0.587002 3.78638E-09
 sb  51   0.153791 -0.856209  0.937289  0.138274 1.20369E-10
 te  52   1.260084 -0.919916  0.873581  0.074567 1.61121E-09
  i  53   0.217918 -1.332082  0.461416 -0.337599 1.45416E-10
 xe  54   1.411845 -0.828155  0.965342  0.166328 2.35128E-09
 cs  55   0.701474 -0.378526  1.414971  0.615957 4.63695E-10
 ba  56   2.243561  0.063561  1.857058  1.058043 1.66930E-08
 la  57   1.261745  0.091745  1.885243  1.086228 1.76069E-09
 ce  58   1.783171  0.203171  1.996668  1.197653 5.90033E-09
 pr  59   0.761335  0.001335  1.794832  0.995818 5.64272E-10
 nd  60   1.535058  0.085058  1.878555  1.079540 3.43053E-09
 pm  61   0.000000 -9.000000  0.000000  0.000000 0.00000E+00
 sm  62   0.735733 -0.204267  1.589230  0.790216 5.67653E-10
 eu  63  -0.315851 -0.825851  0.967646  0.168631 5.09456E-11
 gd  64   0.593127 -0.456873  1.336624  0.537610 4.27499E-10
 tb  65  -0.399865 -0.719865  1.073632  0.274617 4.39081E-11
 dy  66   0.717438 -0.412562  1.380935  0.581920 5.88177E-10
 ho  67  -0.283746 -0.753746  1.039751  0.240737 5.95349E-11
 er  68   0.583105 -0.336895  1.456602  0.657588 4.44336E-10
 tm  69  -0.380761 -0.500761  1.292736  0.493721 4.87724E-11
 yb  70   0.918045 -0.001955  1.791542  0.992528 9.94052E-10
 lu  71  -0.045614 -0.135614  1.657883  0.858868 1.09285E-10
 hf  72   0.897493  0.187493  1.980990  1.181976 9.77967E-10
 ta  73  -0.063691  0.056309  1.849806  1.050791 1.08413E-10
  w  74   0.847409  0.197409  1.990906  1.191892 8.97566E-10
 re  75  -0.090055 -0.350055  1.443442  0.644427 1.04992E-10
 os  76   0.839906 -0.510094  1.283403  0.484388 9.12856E-10
 ir  77   0.068805 -1.251195  0.542302 -0.256713 1.56248E-10
 pt  78   0.808907 -0.811093  0.982404  0.183389 8.71631E-10
 au  79   0.019606 -0.780394  1.013103  0.214088 1.42961E-10
 hg  80   1.312511  0.142511  1.936009  1.136994 2.85784E-09
 tl  81   1.018595  0.248595  2.042092  1.243077 1.47998E-09
 pb  82   3.182041  1.142041  2.935538  2.136524 2.18599E-07
 bi  83   1.405300  0.755300  2.548797  1.749783 3.68657E-09
 po  84   2.205720 -9.000000  0.000000  0.000000 2.32854E-08
#[ls/Fe]_Thiswork =   1.2566, [hs/Fe]_Thiswork =   1.9130
#[hs/ls]_Thiswork =   0.6564, [Pb/hs]_Thiswork =   1.0225
# Elemental abundance ratios: 
# He/H =  1.0607E-01, C/O =  2.1509E+01, N/O = 1.76859E-01
#
#  TP   Mass     Mcore    Menv    log L
# 16 1.700213 0.675763 1.024449 4.081691
# El  Z   log e(X)   [X/H]    [X/Fe]     [X/O]      X(i)
  p   1  12.000000  0.000000  0.000000  0.000000 6.94714E-01
 he   2  11.033165  0.103165  1.896662  1.097647 2.97781E-01
  c   6   9.117329  0.647328  2.440825  1.641811 1.08456E-02
  n   7   6.992382 -0.877618  0.915879  0.116865 9.48578E-05
  o   8   7.763692 -0.966308  0.827189  0.000000 6.39927E-04
  f   9   5.247329  0.787329  2.580826  1.753637 2.31410E-06
 ne  10   8.025299  0.055299  1.848796  1.021607 1.47423E-03
 na  11   6.053493 -0.256507  1.536990  0.709800 1.79216E-05
 mg  12   6.491555 -1.148445  0.645052 -0.182137 5.19513E-05
 al  13   4.878279 -1.591721  0.201777 -0.625413 1.40507E-06
 si  14   5.914270 -1.635730  0.157767 -0.669423 1.58893E-05
  p  15   3.953744 -1.516256  0.277241 -0.549948 1.91905E-07
  s  16   5.690534 -1.469466  0.324031 -0.503158 1.08370E-05
 cl  17   3.547151 -1.682849  0.110648 -0.716542 8.61291E-08
 ar  18   4.991270 -1.448730  0.344767 -0.482422 2.69843E-06
  k  19   3.496728 -1.583272  0.210225 -0.616964 8.45722E-08
 ca  20   4.824212 -1.465788  0.327709 -0.499481 1.84274E-06
 sc  21   1.607152 -1.442848  0.350649 -0.476540 1.25396E-09
 ti  22   3.519454 -1.390546  0.402951 -0.424238 1.09103E-07
  v  23   2.413925 -1.546075  0.247422 -0.579767 9.10641E-09
 cr  24   4.004991 -1.635009  0.158488 -0.668701 3.62499E-07
 mn  25   3.237855 -2.242145 -0.448648 -1.275837 6.54747E-08
 fe  26   5.748945 -1.791055  0.000000 -0.824748 2.15911E-05
 co  27   3.307571 -1.562428  0.228627 -0.596121 8.24662E-08
 ni  28   4.420937 -1.779063  0.011992 -0.812756 1.06627E-06
 cu  29   2.495491 -1.754509  0.036546 -0.788201 1.37065E-08
 zn  30   3.135542 -1.494458  0.296597 -0.528151 6.15921E-08
 ga  31   1.612956 -1.467044  0.324011 -0.500736 1.97096E-09
 ge  32   2.102113 -1.477887  0.313168 -0.511580 6.33336E-09
 as  33   0.750587 -1.549413  0.241642 -0.583106 2.90764E-10
 se  34   2.007462 -1.332538  0.458517 -0.366231 5.53624E-09
 br  35   1.092008 -1.447992  0.343063 -0.481685 6.80646E-10
 kr  36   2.169631 -1.080369  0.710686 -0.114061 8.53512E-09
 rb  37   1.389856 -0.970144  0.820912 -0.003836 1.44546E-09
 sr  38   2.309111 -0.570889  1.220166  0.395418 1.23044E-08
  y  39   1.730365 -0.439635  1.351420  0.526672 3.29338E-09
 zr  40   2.129886 -0.400114  1.390941  0.566193 8.47891E-09
 nb  41   0.967524 -0.442476  1.348579  0.523831 5.94173E-10
 mo  42   1.382780 -0.557220  1.233835  0.409088 1.59634E-09
 tc  43  -0.442491 -9.000000  0.000000  0.000000 2.43827E-11
 ru  44   1.022770 -0.737230  1.053825  0.229078 7.34071E-10
 rh  45   0.010094 -1.049906  0.741149 -0.083599 7.25905E-11
 pd  46   1.084919 -0.565081  1.225974  0.401227 8.91843E-10
 ag  47   0.116600 -1.083400  0.707655 -0.117092 9.72386E-11
 cd  48   1.260506 -0.449494  1.341561  0.516813 1.41143E-09
 in  49   0.138569 -0.621431  1.169624  0.344877 1.08874E-10
 sn  50   1.730291 -0.339709  1.451347  0.626599 4.39667E-09
 sb  51   0.219494 -0.790506  1.000549  0.175802 1.39105E-10
 te  52   1.326743 -0.853257  0.937798  0.113051 1.86612E-09
  i  53   0.265463 -1.284537  0.506518 -0.318229 1.61170E-10
 xe  54   1.476624 -0.763376  1.027680  0.202932 2.71152E-09
 cs  55   0.770300 -0.309700  1.481355  0.656608 5.39743E-10
 ba  56   2.310317  0.130317  1.921372  1.096625 1.93383E-08
 la  57   1.328399  0.158399  1.949454  1.124706 2.03923E-09
 ce  58   1.850408  0.270408  2.061463  1.236715 6.84291E-09
 pr  59   0.829046  0.069046  1.860101  1.035354 6.55130E-10
 nd  60   1.599753  0.149753  1.940809  1.116061 3.95535E-09
 pm  61   0.000000 -9.000000  0.000000  0.000000 0.00000E+00
 sm  62   0.800667 -0.139333  1.651722  0.826974 6.54854E-10
 eu  63  -0.254448 -0.764448  1.026607  0.201860 5.82960E-11
 gd  64   0.658072 -0.391928  1.399127  0.574379 4.93183E-10
 tb  65  -0.338031 -0.658031  1.133024  0.308277 5.02930E-11
 dy  66   0.781652 -0.348348  1.442708  0.617960 6.77410E-10
 ho  67  -0.222500 -0.692500  1.098555  0.273808 6.80997E-11
 er  68   0.648645 -0.271355  1.519701  0.694953 5.13311E-10
 tm  69  -0.317616 -0.437616  1.353439  0.528691 5.60333E-11
 yb  70   0.984529  0.064529  1.855585  1.030837 1.15086E-09
 lu  71   0.020410 -0.069590  1.721465  0.896717 1.26390E-10
 hf  72   0.964229  0.254229  2.045284  1.220536 1.13289E-09
 ta  73   0.001405  0.121405  1.912460  1.087712 1.25113E-10
  w  74   0.914018  0.264018  2.055073  1.230325 1.03945E-09
 re  75  -0.023007 -0.283007  1.508048  0.683300 1.21712E-10
 os  76   0.903000 -0.447000  1.344055  0.519307 1.04864E-09
 ir  77   0.117706 -1.202294  0.588761 -0.235986 1.73717E-10
 pt  78   0.868287 -0.751713  1.039342  0.214595 9.92753E-10
 au  79   0.079236 -0.720764  1.070291  0.245544 1.62920E-10
 hg  80   1.377068  0.207068  1.998123  1.173375 3.29399E-09
 tl  81   1.089563  0.319563  2.110619  1.285871 1.73123E-09
 pb  82   3.232537  1.192537  2.983593  2.158845 2.43934E-07
 bi  83   1.456945  0.806945  2.598001  1.773253 4.12473E-09
 po  84   2.228477 -9.000000  0.000000  0.000000 2.43764E-08
#[ls/Fe]_Thiswork =   1.3208, [hs/Fe]_Thiswork =   1.9774
#[hs/ls]_Thiswork =   0.6566, [Pb/hs]_Thiswork =   1.0062
# Elemental abundance ratios: 
# He/H =  1.0794E-01, C/O =  2.2575E+01, N/O = 1.69313E-01
#
# Final abundances
# El  Z   log e(X)   [X/H]    [X/Fe]     [X/O]      X(i)
  p   1  12.000000  0.000000  0.000000  0.000000 6.89580E-01
 he   2  11.041531  0.111530  1.899848  1.049461 3.01329E-01
  c   6   9.166675  0.696674  2.484993  1.634605 1.20609E-02
  n   7   7.036551 -0.833449  0.954869  0.104482 1.04237E-04
  o   8   7.792068 -0.937931  0.850387  0.000000 6.78088E-04
  f   9   5.329081  0.869081  2.657399  1.807012 2.77277E-06
 ne  10   8.096862  0.126862  1.915180  1.064793 1.72547E-03
 na  11   6.157557 -0.152443  1.635875  0.785488 2.26058E-05
 mg  12   6.546742 -1.093258  0.695060 -0.155327 5.85547E-05
 al  13   4.909987 -1.560012  0.228306 -0.622081 1.50033E-06
 si  14   5.919053 -1.630947  0.157371 -0.693016 1.59466E-05
  p  15   3.979385 -1.490614  0.297704 -0.552683 2.02073E-07
  s  16   5.693495 -1.466505  0.321814 -0.528574 1.08306E-05
 cl  17   3.561102 -1.668898  0.119420 -0.730967 8.82837E-08
 ar  18   4.993785 -1.446215  0.342103 -0.508284 2.69404E-06
  k  19   3.502082 -1.577918  0.210400 -0.639987 8.49888E-08
 ca  20   4.826642 -1.463358  0.324960 -0.525427 1.83938E-06
 sc  21   1.625083 -1.424917  0.363401 -0.486986 1.29717E-09
 ti  22   3.525393 -1.384606  0.403712 -0.446675 1.09788E-07
  v  23   2.416946 -1.543054  0.245265 -0.605123 9.10222E-09
 cr  24   4.008196 -1.631804  0.156514 -0.693873 3.62486E-07
 mn  25   3.248776 -2.231224 -0.442905 -1.293293 6.66459E-08
 fe  26   5.751682 -1.788318  0.000000 -0.850387 2.15670E-05
 co  27   3.335178 -1.534822  0.253497 -0.596890 8.72290E-08
 ni  28   4.425141 -1.774859  0.013459 -0.836928 1.06869E-06
 cu  29   2.536382 -1.713618  0.074700 -0.775687 1.49484E-08
 zn  30   3.144563 -1.485437  0.302881 -0.547506 6.24201E-08
 ga  31   1.649183 -1.430817  0.357502 -0.492886 2.12659E-09
 ge  32   2.141025 -1.438975  0.349343 -0.501044 6.87584E-09
 as  33   0.782825 -1.517175  0.271143 -0.579244 3.10855E-10
 se  34   2.057110 -1.282890  0.505428 -0.344959 6.16087E-09
 br  35   1.133044 -1.406956  0.381362 -0.469025 7.42570E-10
 kr  36   2.233475 -1.016525  0.771793 -0.078594 9.81370E-09
 rb  37   1.463054 -0.896946  0.891372  0.040985 1.69818E-09
 sr  38   2.373027 -0.506973  1.281345  0.430958 1.41499E-08
  y  39   1.796772 -0.373228  1.415090  0.564703 3.80915E-09
 zr  40   2.196310 -0.333690  1.454628  0.604241 9.80719E-09
 nb  41   1.035815 -0.374185  1.414133  0.563746 6.90213E-10
 mo  42   1.450099 -0.489901  1.298417  0.448030 1.85022E-09
 tc  43  -0.384542 -9.000000  0.000000  0.000000 2.76572E-11
 ru  44   1.080487 -0.679513  1.108805  0.258418 8.32212E-10
 rh  45   0.061581 -0.998419  0.789899 -0.060488 8.11235E-11
 pd  46   1.145926 -0.504074  1.284245  0.433858 1.01877E-09
 ag  47   0.170242 -1.029758  0.758560 -0.091827 1.09209E-10
 cd  48   1.324094 -0.385906  1.402412  0.552025 1.62191E-09
 in  49   0.201146 -0.558854  1.229464  0.379077 1.24819E-10
 sn  50   1.795798 -0.274202  1.514117  0.663729 5.07471E-09
 sb  51   0.283357 -0.726643  1.061675  0.211288 1.59951E-10
 te  52   1.391249 -0.788751  0.999567  0.149180 2.14894E-09
  i  53   0.313315 -1.236685  0.551634 -0.298753 1.78614E-10
 xe  54   1.540286 -0.699714  1.088604  0.238217 3.11640E-09
 cs  55   0.837426 -0.242574  1.545744  0.695357 6.25306E-10
 ba  56   2.373631  0.193631  1.981950  1.131562 2.22081E-08
 la  57   1.391488  0.221488  2.009806  1.159419 2.34064E-09
 ce  58   1.914310  0.334309  2.122628  1.272241 7.86905E-09
 pr  59   0.893404  0.133404  1.921722  1.071335 7.54161E-10
 nd  60   1.660799  0.210799  1.999117  1.148730 4.51866E-09
 pm  61   0.000000 -9.000000  0.000000  0.000000 0.00000E+00
 sm  62   0.862572 -0.077428  1.710890  0.860503 7.49598E-10
 eu  63  -0.194944 -0.704944  1.083374  0.232987 6.63624E-11
 gd  64   0.720775 -0.329225  1.459093  0.608706 5.65574E-10
 tb  65  -0.278003 -0.598003  1.190315  0.339928 5.73211E-11
 dy  66   0.843533 -0.286467  1.501851  0.651464 7.75372E-10
 ho  67  -0.163209 -0.633209  1.155109  0.304722 7.74846E-11
 er  68   0.711406 -0.208594  1.579724  0.729337 5.88735E-10
 tm  69  -0.256866 -0.376866  1.411452  0.561065 6.39700E-11
 yb  70   1.047887  0.127887  1.916205  1.065818 1.32178E-09
 lu  71   0.083660 -0.006340  1.781978  0.931591 1.45125E-10
 hf  72   1.028084  0.318084  2.106402  1.256015 1.30263E-09
 ta  73   0.063499  0.183499  1.971818  1.121431 1.43278E-10
  w  74   0.977779  0.327779  2.116097  1.265710 1.19493E-09
 re  75   0.042164 -0.217836  1.570482  0.720095 1.40374E-10
 os  76   0.964373 -0.385627  1.402691  0.552304 1.19888E-09
 ir  77   0.166612 -1.153388  0.634930 -0.215457 1.92987E-10
 pt  78   0.925762 -0.694238  1.094080  0.243693 1.12485E-09
 au  79   0.136990 -0.663010  1.125308  0.274921 1.84718E-10
 hg  80   1.439379  0.269379  2.057697  1.207310 3.77410E-09
 tl  81   1.159661  0.389661  2.177979  1.327592 2.01944E-09
 pb  82   3.281296  1.241296  3.029614  2.179227 2.70900E-07
 bi  83   1.507524  0.857525  2.645843  1.795456 4.59996E-09
 po  84   2.250107 -9.000000  0.000000  0.000000 2.54318E-08
#[ls/Fe]_Thiswork =   1.3837, [hs/Fe]_Thiswork =   2.0381
#[hs/ls]_Thiswork =   0.6544, [Pb/hs]_Thiswork =   0.9915
# Elemental abundance ratios: 
# He/H =  1.1003E-01, C/O =  2.3692E+01, N/O = 1.75583E-01
