#
# Initial mass = 2.750, Z =  0.0002, Y =  0.250, M_mix = 1.00E-03
#
# Initial abundances
# El  Z   log e(X)   [X/H]    [X/Fe]     [X/O]      X(i)
  p   1  12.000000  0.000000  0.000000  0.000000 7.55487E-01
 he   2  10.921201 -0.008800  1.815034  1.430868 2.50238E-01
  c   6   6.830440 -1.639560  0.184274 -0.199893 6.09237E-05
  n   7   6.630052 -1.239948  0.583886  0.199719 4.47882E-05
  o   8   7.290332 -1.439668  0.384166  0.000000 2.33987E-04
  f   9   2.636161 -1.823839 -0.000005 -0.384171 6.16077E-09
 ne  10   6.429841 -1.540159  0.283675 -0.100491 4.06939E-05
 na  11   4.190414 -2.119586 -0.295752 -0.679918 2.67129E-07
 mg  12   6.107235 -1.532764  0.291070 -0.093097 2.33183E-05
 al  13   4.520560 -1.949440 -0.125606 -0.509772 6.70503E-07
 si  14   5.864501 -1.685499  0.138335 -0.245831 1.54084E-05
  p  15   3.646171 -1.823829  0.000005 -0.384161 1.02786E-07
  s  16   5.655596 -1.504404  0.319430 -0.064736 1.08741E-05
 cl  17   3.406170 -1.823830  0.000004 -0.384162 6.77001E-08
 ar  18   4.960135 -1.479865  0.343969 -0.040197 2.73148E-06
  k  19   3.443538 -1.636462  0.187372 -0.196795 8.13691E-08
 ca  20   4.793693 -1.496307  0.327527 -0.056639 1.86795E-06
 sc  21   1.467190 -1.582810  0.241024 -0.143142 9.87972E-10
 ti  22   3.464959 -1.445041  0.378793 -0.005373 1.04656E-07
  v  23   2.382014 -1.577986  0.245848 -0.138318 9.20147E-09
 cr  24   3.969089 -1.670911  0.152923 -0.231244 3.62932E-07
 mn  25   3.130459 -2.349541 -0.525707 -0.909873 5.56030E-08
 fe  26   5.716166 -1.823834  0.000000 -0.384166 2.17729E-05
 co  27   3.046164 -1.823836 -0.000002 -0.384169 4.91235E-08
 ni  28   4.376177 -1.823822  0.000011 -0.384155 1.04600E-06
 cu  29   1.952294 -2.297706 -0.473872 -0.858038 4.26727E-09
 zn  30   3.056505 -1.573495  0.250339 -0.133827 5.58354E-08
 ga  31   1.256163 -1.823837 -0.000003 -0.384170 9.42552E-10
 ge  32   1.721786 -1.858213 -0.034379 -0.418546 2.86899E-09
 as  33   0.476170 -1.823830  0.000004 -0.384163 1.68091E-10
 se  34   1.472246 -1.867754 -0.043920 -0.428086 1.75558E-09
 br  35   0.716174 -1.823826  0.000008 -0.384158 3.11537E-10
 kr  36   1.424599 -1.825401 -0.001567 -0.385734 1.66955E-09
 rb  37   0.536179 -1.823821  0.000013 -0.384154 2.20165E-10
 sr  38   1.053733 -1.826267 -0.002433 -0.386600 7.43195E-10
  y  39   0.346187 -1.823813  0.000021 -0.384146 1.47872E-10
 zr  40   0.706167 -1.823833  0.000001 -0.384165 3.47570E-10
 nb  41  -0.413827 -1.823827  0.000007 -0.384159 2.68525E-11
 mo  42  -0.005015 -1.945015 -0.121181 -0.505348 7.10807E-11
 tc  43   0.000000 -9.000000  0.000000  0.000000 0.00000E+00
 ru  44  -0.194783 -1.954783 -0.130949 -0.515115 4.83734E-11
 rh  45  -0.763820 -1.823820  0.000014 -0.384152 1.32858E-11
 pd  46  -0.233027 -1.883026 -0.059193 -0.443359 4.66406E-11
 ag  47  -0.623837 -1.823838 -0.000004 -0.384170 1.92230E-11
 cd  48  -0.153564 -1.863564 -0.039731 -0.423897 5.91578E-11
 in  49  -1.082876 -1.842876 -0.019042 -0.403208 7.11050E-12
 sn  50   0.183731 -1.886269 -0.062435 -0.446601 1.35827E-10
 sb  51  -1.056368 -2.066368 -0.242534 -0.626700 8.01501E-12
 te  52  -0.111209 -2.291209 -0.467375 -0.851541 7.40302E-11
  i  53  -0.273838 -1.823838 -0.000004 -0.384170 5.06297E-11
 xe  54   0.379082 -1.860918 -0.037084 -0.421251 2.35554E-10
 cs  55  -0.743831 -1.823831  0.000003 -0.384163 1.79671E-11
 ba  56   0.355272 -1.824728 -0.000894 -0.385060 2.33236E-10
 la  57  -0.654231 -1.824231 -0.000397 -0.384563 2.30811E-11
 ce  58  -0.245736 -1.825736 -0.001902 -0.386068 5.96374E-11
 pr  59  -1.063835 -1.823835 -0.000001 -0.384167 9.11732E-12
 nd  60  -0.398837 -1.848837 -0.025003 -0.409169 4.31535E-11
 pm  61   0.000000 -9.000000  0.000000  0.000000 0.00000E+00
 sm  62  -1.013538 -1.953538 -0.129704 -0.513871 1.09235E-11
 eu  63  -1.313828 -1.823828  0.000005 -0.384161 5.52941E-12
 gd  64  -0.773833 -1.823833  0.000001 -0.384166 1.98392E-11
 tb  65  -1.503834 -1.823834  0.000000 -0.384166 3.73358E-12
 dy  66  -0.694488 -1.824488 -0.000654 -0.384820 2.46112E-11
 ho  67  -1.353829 -1.823829  0.000005 -0.384162 5.47315E-12
 er  68  -0.911458 -1.831458 -0.007624 -0.391790 1.53709E-11
 tm  69  -1.703832 -1.823832  0.000002 -0.384164 2.50411E-12
 yb  70  -0.964864 -1.884864 -0.061030 -0.445196 1.40621E-11
 lu  71  -1.733824 -1.823824  0.000010 -0.384156 2.42047E-12
 hf  72  -1.114540 -1.824540 -0.000706 -0.384872 1.02764E-11
 ta  73  -1.943889 -1.823889 -0.000055 -0.384221 1.54324E-12
  w  74  -1.174365 -1.824365 -0.000531 -0.384697 9.22235E-12
 re  75  -1.563829 -1.823829  0.000005 -0.384162 3.81008E-12
 os  76  -0.473927 -1.823927 -0.000093 -0.384259 4.78762E-11
 ir  77  -0.503833 -1.823833  0.000001 -0.384165 4.51570E-11
 pt  78  -0.236166 -1.856166 -0.032332 -0.416498 8.48808E-11
 au  79  -1.023831 -1.823831  0.000003 -0.384164 1.39743E-11
 hg  80  -0.685450 -1.855450 -0.031616 -0.415782 3.10189E-11
 tl  81  -1.053834 -1.823834  0.000000 -0.384166 1.35325E-11
 pb  82   0.216159 -1.823841 -0.000007 -0.384173 2.55456E-10
 bi  83  -1.173829 -1.823829  0.000005 -0.384161 1.04965E-11
 po  84   0.000000 -9.000000  0.000000  0.000000 0.00000E+00
#[ls/Fe]_Thiswork =  -0.0008, [hs/Fe]_Thiswork =  -0.0011
#[hs/ls]_Thiswork =  -0.0003, [Pb/hs]_Thiswork =   0.0011
# Elemental abundance ratios: 
# He/H =  8.3407E-02, C/O =  3.4682E-01, N/O = 2.18635E-01
#
#
# During TP-AGB
#  TP   Mass     Mcore    Menv    log L
#  1 2.746562 0.765375 1.981187 3.925887
# El  Z   log e(X)   [X/H]    [X/Fe]     [X/O]      X(i)
  p   1  12.000000  0.000000  0.000000  0.000000 7.47527E-01
 he   2  10.939372  0.009372  1.833206  1.449039 2.58181E-01
  c   6   6.563801 -1.906199 -0.082365 -0.466531 3.26247E-05
  n   7   6.902631 -0.967369  0.856465  0.472299 8.30123E-05
  o   8   7.283718 -1.446282  0.377552  0.000000 2.28022E-04
  f   9   2.612960 -1.847040 -0.023206 -0.400758 5.77875E-09
 ne  10   6.431730 -1.538270  0.285564 -0.091988 4.04406E-05
 na  11   4.513033 -1.796967  0.026867 -0.350685 5.55570E-07
 mg  12   6.111753 -1.528246  0.295588 -0.081964 2.33139E-05
 al  13   4.528371 -1.941629 -0.117795 -0.495347 6.75478E-07
 si  14   5.869103 -1.680897  0.142937 -0.234615 1.54085E-05
  p  15   3.650775 -1.819225  0.004609 -0.372943 1.02787E-07
  s  16   5.660196 -1.499804  0.324030 -0.053522 1.08741E-05
 cl  17   3.410770 -1.819230  0.004604 -0.372948 6.77002E-08
 ar  18   4.964736 -1.475264  0.348570 -0.028982 2.73148E-06
  k  19   3.448132 -1.631868  0.191966 -0.185586 8.13678E-08
 ca  20   4.798294 -1.491706  0.332128 -0.045424 1.86795E-06
 sc  21   1.471790 -1.578210  0.245624 -0.131928 9.87972E-10
 ti  22   3.469561 -1.440439  0.383395  0.005843 1.04656E-07
  v  23   2.386615 -1.573385  0.250449 -0.127103 9.20147E-09
 cr  24   3.973689 -1.666311  0.157523 -0.220029 3.62932E-07
 mn  25   3.135058 -2.344942 -0.521108 -0.898660 5.56030E-08
 fe  26   5.720767 -1.819233  0.000000 -0.372952 2.17729E-05
 co  27   3.050764 -1.819236 -0.000002 -0.372954 4.91235E-08
 ni  28   4.380778 -1.819222  0.000011 -0.372940 1.04600E-06
 cu  29   1.956896 -2.293104 -0.473871 -0.846822 4.26727E-09
 zn  30   3.061106 -1.568894  0.250339 -0.122612 5.58354E-08
 ga  31   1.260763 -1.819237 -0.000003 -0.372955 9.42552E-10
 ge  32   1.726387 -1.853613 -0.034379 -0.407331 2.86899E-09
 as  33   0.480770 -1.819230  0.000004 -0.372948 1.68091E-10
 se  34   1.476847 -1.863153 -0.043920 -0.416871 1.75558E-09
 br  35   0.720774 -1.819226  0.000007 -0.372944 3.11537E-10
 kr  36   1.429199 -1.820801 -0.001567 -0.374519 1.66955E-09
 rb  37   0.540165 -1.819835 -0.000602 -0.373553 2.19854E-10
 sr  38   1.058519 -1.821481 -0.002247 -0.375199 7.43514E-10
  y  39   0.350787 -1.819213  0.000021 -0.372931 1.47872E-10
 zr  40   0.710768 -1.819232  0.000001 -0.372950 3.47571E-10
 nb  41  -0.409226 -1.819226  0.000007 -0.372944 2.68525E-11
 mo  42  -0.000414 -1.940414 -0.121181 -0.494132 7.10807E-11
 tc  43   0.000000 -9.000000  0.000000  0.000000 2.97363E-31
 ru  44  -0.190183 -1.950183 -0.130949 -0.503901 4.83734E-11
 rh  45  -0.759220 -1.819220  0.000013 -0.372938 1.32858E-11
 pd  46  -0.228425 -1.878425 -0.059192 -0.432143 4.66406E-11
 ag  47  -0.619237 -1.819237 -0.000004 -0.372955 1.92230E-11
 cd  48  -0.148963 -1.858963 -0.039730 -0.412681 5.91578E-11
 in  49  -1.078276 -1.838276 -0.019042 -0.391994 7.11051E-12
 sn  50   0.188332 -1.881668 -0.062435 -0.435386 1.35827E-10
 sb  51  -1.051767 -2.061767 -0.242534 -0.615485 8.01501E-12
 te  52  -0.106608 -2.286608 -0.467375 -0.840327 7.40302E-11
  i  53  -0.269237 -1.819237 -0.000003 -0.372955 5.06297E-11
 xe  54   0.383682 -1.856318 -0.037084 -0.410036 2.35554E-10
 cs  55  -0.739231 -1.819231  0.000002 -0.372949 1.79671E-11
 ba  56   0.359873 -1.820127 -0.000894 -0.373845 2.33236E-10
 la  57  -0.649631 -1.819631 -0.000397 -0.373349 2.30811E-11
 ce  58  -0.241136 -1.821136 -0.001902 -0.374854 5.96374E-11
 pr  59  -1.059235 -1.819235 -0.000001 -0.372953 9.11732E-12
 nd  60  -0.394237 -1.844237 -0.025003 -0.397955 4.31535E-11
 pm  61   0.000000 -9.000000  0.000000  0.000000 0.00000E+00
 sm  62  -1.008938 -1.948938 -0.129704 -0.502656 1.09235E-11
 eu  63  -1.309228 -1.819228  0.000005 -0.372946 5.52941E-12
 gd  64  -0.769233 -1.819233  0.000001 -0.372951 1.98392E-11
 tb  65  -1.499233 -1.819233  0.000000 -0.372951 3.73358E-12
 dy  66  -0.689887 -1.819887 -0.000654 -0.373605 2.46112E-11
 ho  67  -1.349229 -1.819229  0.000005 -0.372947 5.47315E-12
 er  68  -0.906857 -1.826858 -0.007624 -0.380576 1.53709E-11
 tm  69  -1.699230 -1.819230  0.000003 -0.372948 2.50411E-12
 yb  70  -0.960263 -1.880263 -0.061030 -0.433981 1.40621E-11
 lu  71  -1.729300 -1.819301 -0.000067 -0.373019 2.42004E-12
 hf  72  -1.109921 -1.819921 -0.000687 -0.373639 1.02768E-11
 ta  73  -1.939288 -1.819288 -0.000055 -0.373006 1.54324E-12
  w  74  -1.169765 -1.819764 -0.000531 -0.373483 9.22235E-12
 re  75  -1.560864 -1.820864 -0.001631 -0.374583 3.79575E-12
 os  76  -0.469193 -1.819193  0.000040 -0.372912 4.78908E-11
 ir  77  -0.499233 -1.819233  0.000000 -0.372951 4.51570E-11
 pt  78  -0.231565 -1.851565 -0.032331 -0.405283 8.48809E-11
 au  79  -1.019231 -1.819231  0.000003 -0.372949 1.39743E-11
 hg  80  -0.680850 -1.850850 -0.031617 -0.404568 3.10189E-11
 tl  81  -1.049234 -1.819234 -0.000001 -0.372952 1.35325E-11
 pb  82   0.220759 -1.819241 -0.000007 -0.372959 2.55456E-10
 bi  83  -1.169229 -1.819229  0.000005 -0.372947 1.04965E-11
 po  84   0.000000 -9.000000  0.000000  0.000000 1.32397E-26
#[ls/Fe]_Thiswork =  -0.0007, [hs/Fe]_Thiswork =  -0.0011
#[hs/ls]_Thiswork =  -0.0003, [Pb/hs]_Thiswork =   0.0011
# Elemental abundance ratios: 
# He/H =  8.6970E-02, C/O =  1.9058E-01, N/O = 4.15828E-01
#
#  TP   Mass     Mcore    Menv    log L
#  2 2.745623 0.767032 1.978591 3.992999
# El  Z   log e(X)   [X/H]    [X/Fe]     [X/O]      X(i)
  p   1  12.000000  0.000000  0.000000  0.000000 7.47528E-01
 he   2  10.939371  0.009371  1.828604  1.455653 2.58180E-01
  c   6   6.563824 -1.906176 -0.086943 -0.459894 3.26265E-05
  n   7   6.902618 -0.967382  0.851851  0.478900 8.30099E-05
  o   8   7.283718 -1.446281  0.372952  0.000000 2.28022E-04
  f   9   2.612962 -1.847038 -0.027805 -0.400757 5.77878E-09
 ne  10   6.431730 -1.538270  0.280963 -0.091989 4.04406E-05
 na  11   4.513019 -1.796981  0.022253 -0.350699 5.55552E-07
 mg  12   6.111753 -1.528246  0.290987 -0.081965 2.33139E-05
 al  13   4.528369 -1.941630 -0.122397 -0.495349 6.75477E-07
 si  14   5.869103 -1.680897  0.138336 -0.234616 1.54085E-05
  p  15   3.650774 -1.819226  0.000008 -0.372944 1.02787E-07
  s  16   5.660195 -1.499804  0.319429 -0.053523 1.08741E-05
 cl  17   3.410770 -1.819230  0.000004 -0.372948 6.77002E-08
 ar  18   4.964736 -1.475265  0.343969 -0.028983 2.73148E-06
  k  19   3.448132 -1.631868  0.187365 -0.185587 8.13678E-08
 ca  20   4.798293 -1.491707  0.327527 -0.045425 1.86795E-06
 sc  21   1.471790 -1.578210  0.241024 -0.131928 9.87972E-10
 ti  22   3.469560 -1.440440  0.378793  0.005841 1.04656E-07
  v  23   2.386615 -1.573385  0.245848 -0.127104 9.20147E-09
 cr  24   3.973689 -1.666311  0.152923 -0.220029 3.62932E-07
 mn  25   3.135058 -2.344942 -0.525708 -0.898660 5.56030E-08
 fe  26   5.720766 -1.819234  0.000000 -0.372952 2.17729E-05
 co  27   3.050764 -1.819236 -0.000002 -0.372954 4.91235E-08
 ni  28   4.380777 -1.819222  0.000011 -0.372941 1.04600E-06
 cu  29   1.956895 -2.293105 -0.473871 -0.846824 4.26727E-09
 zn  30   3.061105 -1.568895  0.250339 -0.122614 5.58354E-08
 ga  31   1.260762 -1.819238 -0.000004 -0.372956 9.42552E-10
 ge  32   1.726387 -1.853613 -0.034379 -0.407331 2.86899E-09
 as  33   0.480769 -1.819231  0.000003 -0.372949 1.68091E-10
 se  34   1.476847 -1.863153 -0.043919 -0.416872 1.75558E-09
 br  35   0.720774 -1.819226  0.000008 -0.372945 3.11537E-10
 kr  36   1.429199 -1.820801 -0.001567 -0.374519 1.66955E-09
 rb  37   0.540165 -1.819835 -0.000601 -0.373554 2.19854E-10
 sr  38   1.058519 -1.821481 -0.002247 -0.375199 7.43514E-10
  y  39   0.350787 -1.819213  0.000021 -0.372931 1.47872E-10
 zr  40   0.710767 -1.819233  0.000001 -0.372952 3.47571E-10
 nb  41  -0.409226 -1.819226  0.000008 -0.372945 2.68525E-11
 mo  42  -0.000415 -1.940415 -0.121181 -0.494133 7.10807E-11
 tc  43   0.000000 -9.000000  0.000000  0.000000 5.27693E-31
 ru  44  -0.190183 -1.950183 -0.130949 -0.503901 4.83734E-11
 rh  45  -0.759220 -1.819220  0.000014 -0.372939 1.32858E-11
 pd  46  -0.228426 -1.878426 -0.059192 -0.432145 4.66406E-11
 ag  47  -0.619237 -1.819237 -0.000003 -0.372956 1.92230E-11
 cd  48  -0.148964 -1.858964 -0.039730 -0.412683 5.91578E-11
 in  49  -1.078277 -1.838277 -0.019043 -0.391995 7.11051E-12
 sn  50   0.188332 -1.881668 -0.062434 -0.435387 1.35827E-10
 sb  51  -1.051767 -2.061767 -0.242533 -0.615486 8.01501E-12
 te  52  -0.106608 -2.286608 -0.467375 -0.840327 7.40302E-11
  i  53  -0.269237 -1.819237 -0.000003 -0.372955 5.06297E-11
 xe  54   0.383682 -1.856318 -0.037084 -0.410036 2.35554E-10
 cs  55  -0.739231 -1.819231  0.000003 -0.372950 1.79671E-11
 ba  56   0.359873 -1.820127 -0.000893 -0.373846 2.33236E-10
 la  57  -0.649632 -1.819631 -0.000398 -0.373350 2.30811E-11
 ce  58  -0.241136 -1.821136 -0.001902 -0.374854 5.96374E-11
 pr  59  -1.059236 -1.819236 -0.000002 -0.372954 9.11732E-12
 nd  60  -0.394237 -1.844237 -0.025003 -0.397955 4.31535E-11
 pm  61   0.000000 -9.000000  0.000000  0.000000 0.00000E+00
 sm  62  -1.008939 -1.948939 -0.129705 -0.502657 1.09235E-11
 eu  63  -1.309228 -1.819228  0.000006 -0.372947 5.52941E-12
 gd  64  -0.769233 -1.819233  0.000001 -0.372951 1.98392E-11
 tb  65  -1.499233 -1.819233  0.000001 -0.372952 3.73358E-12
 dy  66  -0.689888 -1.819888 -0.000654 -0.373607 2.46112E-11
 ho  67  -1.349229 -1.819229  0.000005 -0.372947 5.47315E-12
 er  68  -0.906858 -1.826859 -0.007625 -0.380577 1.53709E-11
 tm  69  -1.699231 -1.819231  0.000003 -0.372950 2.50411E-12
 yb  70  -0.960264 -1.880264 -0.061030 -0.433983 1.40621E-11
 lu  71  -1.729301 -1.819301 -0.000068 -0.373020 2.42004E-12
 hf  72  -1.109921 -1.819921 -0.000687 -0.373639 1.02768E-11
 ta  73  -1.939288 -1.819288 -0.000054 -0.373007 1.54324E-12
  w  74  -1.169765 -1.819764 -0.000531 -0.373483 9.22235E-12
 re  75  -1.560864 -1.820864 -0.001631 -0.374583 3.79575E-12
 os  76  -0.469193 -1.819193  0.000040 -0.372912 4.78908E-11
 ir  77  -0.499233 -1.819233  0.000001 -0.372952 4.51570E-11
 pt  78  -0.231565 -1.851565 -0.032332 -0.405284 8.48809E-11
 au  79  -1.019231 -1.819231  0.000003 -0.372949 1.39743E-11
 hg  80  -0.680850 -1.850850 -0.031616 -0.404569 3.10189E-11
 tl  81  -1.049234 -1.819234  0.000000 -0.372953 1.35325E-11
 pb  82   0.220759 -1.819241 -0.000007 -0.372959 2.55456E-10
 bi  83  -1.169229 -1.819229  0.000005 -0.372947 1.04965E-11
 po  84   0.000000 -9.000000  0.000000  0.000000 1.32388E-26
#[ls/Fe]_Thiswork =  -0.0007, [hs/Fe]_Thiswork =  -0.0011
#[hs/ls]_Thiswork =  -0.0003, [Pb/hs]_Thiswork =   0.0011
# Elemental abundance ratios: 
# He/H =  8.6970E-02, C/O =  1.9059E-01, N/O = 4.15815E-01
#
#  TP   Mass     Mcore    Menv    log L
#  3 2.741973 0.769167 1.972805 4.029972
# El  Z   log e(X)   [X/H]    [X/Fe]     [X/O]      X(i)
  p   1  12.000000  0.000000  0.000000  0.000000 7.47511E-01
 he   2  10.939407  0.009407  1.828641  1.455688 2.58197E-01
  c   6   6.563781 -1.906219 -0.086985 -0.459938 3.26225E-05
  n   7   6.902794 -0.967206  0.852028  0.479075 8.30417E-05
  o   8   7.283669 -1.446331  0.372903  0.000000 2.27991E-04
  f   9   2.612892 -1.847108 -0.027874 -0.400777 5.77773E-09
 ne  10   6.431729 -1.538271  0.280963 -0.091940 4.04396E-05
 na  11   4.513238 -1.796762  0.022472 -0.350430 5.55820E-07
 mg  12   6.111740 -1.528260  0.290974 -0.081929 2.33127E-05
 al  13   4.529393 -1.940607 -0.121373 -0.494276 6.77056E-07
 si  14   5.869136 -1.680864  0.138370 -0.234533 1.54093E-05
  p  15   3.650784 -1.819216  0.000018 -0.372885 1.02787E-07
  s  16   5.660205 -1.499795  0.319439 -0.053464 1.08741E-05
 cl  17   3.410784 -1.819216  0.000018 -0.372885 6.77007E-08
 ar  18   4.964746 -1.475255  0.343979 -0.028924 2.73148E-06
  k  19   3.448141 -1.631859  0.187375 -0.185528 8.13678E-08
 ca  20   4.798303 -1.491697  0.327537 -0.045366 1.86795E-06
 sc  21   1.471800 -1.578200  0.241034 -0.131869 9.87972E-10
 ti  22   3.469569 -1.440431  0.378803  0.005900 1.04656E-07
  v  23   2.386624 -1.573376  0.245858 -0.127045 9.20147E-09
 cr  24   3.973699 -1.666301  0.152933 -0.219970 3.62932E-07
 mn  25   3.135068 -2.344932 -0.525698 -0.898601 5.56030E-08
 fe  26   5.720776 -1.819224  0.000000 -0.372893 2.17729E-05
 co  27   3.050774 -1.819226 -0.000002 -0.372895 4.91235E-08
 ni  28   4.380787 -1.819213  0.000011 -0.372882 1.04600E-06
 cu  29   1.956904 -2.293096 -0.473871 -0.846765 4.26727E-09
 zn  30   3.061114 -1.568886  0.250339 -0.122555 5.58354E-08
 ga  31   1.260772 -1.819228 -0.000004 -0.372897 9.42552E-10
 ge  32   1.726397 -1.853603 -0.034379 -0.407272 2.86899E-09
 as  33   0.480779 -1.819221  0.000003 -0.372890 1.68091E-10
 se  34   1.476856 -1.863144 -0.043919 -0.416813 1.75558E-09
 br  35   0.720783 -1.819217  0.000008 -0.372886 3.11537E-10
 kr  36   1.429209 -1.820791 -0.001567 -0.374460 1.66955E-09
 rb  37   0.540174 -1.819825 -0.000601 -0.373494 2.19854E-10
 sr  38   1.058529 -1.821471 -0.002247 -0.375140 7.43514E-10
  y  39   0.350797 -1.819203  0.000021 -0.372872 1.47872E-10
 zr  40   0.710776 -1.819224  0.000001 -0.372893 3.47571E-10
 nb  41  -0.409217 -1.819217  0.000008 -0.372886 2.68525E-11
 mo  42  -0.000405 -1.940405 -0.121181 -0.494074 7.10807E-11
 tc  43   0.000000 -9.000000  0.000000  0.000000 1.06049E-25
 ru  44  -0.190173 -1.950173 -0.130949 -0.503842 4.83734E-11
 rh  45  -0.759211 -1.819211  0.000014 -0.372880 1.32858E-11
 pd  46  -0.228416 -1.878416 -0.059192 -0.432085 4.66406E-11
 ag  47  -0.619227 -1.819227 -0.000003 -0.372896 1.92230E-11
 cd  48  -0.148954 -1.858954 -0.039730 -0.412623 5.91578E-11
 in  49  -1.078267 -1.838267 -0.019043 -0.391936 7.11051E-12
 sn  50   0.188341 -1.881659 -0.062434 -0.435328 1.35827E-10
 sb  51  -1.051758 -2.061758 -0.242533 -0.615427 8.01501E-12
 te  52  -0.106599 -2.286599 -0.467375 -0.840268 7.40302E-11
  i  53  -0.269227 -1.819227 -0.000003 -0.372896 5.06297E-11
 xe  54   0.383692 -1.856308 -0.037084 -0.409977 2.35554E-10
 cs  55  -0.739222 -1.819222  0.000003 -0.372891 1.79671E-11
 ba  56   0.359882 -1.820118 -0.000893 -0.373787 2.33236E-10
 la  57  -0.649621 -1.819621 -0.000397 -0.373290 2.30811E-11
 ce  58  -0.241126 -1.821126 -0.001902 -0.374795 5.96374E-11
 pr  59  -1.059226 -1.819226 -0.000002 -0.372895 9.11732E-12
 nd  60  -0.394227 -1.844227 -0.025003 -0.397896 4.31535E-11
 pm  61   0.000000 -9.000000  0.000000  0.000000 0.00000E+00
 sm  62  -1.008929 -1.948929 -0.129705 -0.502598 1.09235E-11
 eu  63  -1.309218 -1.819218  0.000006 -0.372887 5.52941E-12
 gd  64  -0.769223 -1.819223  0.000001 -0.372892 1.98392E-11
 tb  65  -1.499224 -1.819224  0.000001 -0.372893 3.73358E-12
 dy  66  -0.689878 -1.819878 -0.000654 -0.373547 2.46112E-11
 ho  67  -1.349219 -1.819219  0.000005 -0.372888 5.47315E-12
 er  68  -0.906849 -1.826849 -0.007625 -0.380518 1.53709E-11
 tm  69  -1.699222 -1.819222  0.000003 -0.372891 2.50411E-12
 yb  70  -0.960255 -1.880255 -0.061030 -0.433924 1.40621E-11
 lu  71  -1.729292 -1.819292 -0.000068 -0.372961 2.42004E-12
 hf  72  -1.109911 -1.819911 -0.000687 -0.373580 1.02768E-11
 ta  73  -1.939279 -1.819279 -0.000054 -0.372948 1.54324E-12
  w  74  -1.169755 -1.819755 -0.000531 -0.373424 9.22235E-12
 re  75  -1.560855 -1.820855 -0.001631 -0.374524 3.79575E-12
 os  76  -0.469184 -1.819184  0.000040 -0.372853 4.78908E-11
 ir  77  -0.499224 -1.819224  0.000001 -0.372893 4.51570E-11
 pt  78  -0.231556 -1.851556 -0.032332 -0.405225 8.48809E-11
 au  79  -1.019221 -1.819221  0.000003 -0.372890 1.39743E-11
 hg  80  -0.680840 -1.850840 -0.031616 -0.404509 3.10189E-11
 tl  81  -1.049225 -1.819225  0.000000 -0.372894 1.35325E-11
 pb  82   0.220769 -1.819231 -0.000007 -0.372900 2.55456E-10
 bi  83  -1.169219 -1.819219  0.000005 -0.372888 1.04965E-11
 po  84   0.000000 -9.000000  0.000000  0.000000 1.53526E-26
#[ls/Fe]_Thiswork =  -0.0007, [hs/Fe]_Thiswork =  -0.0011
#[hs/ls]_Thiswork =  -0.0003, [Pb/hs]_Thiswork =   0.0011
# Elemental abundance ratios: 
# He/H =  8.6978E-02, C/O =  1.9060E-01, N/O = 4.16031E-01
#
#  TP   Mass     Mcore    Menv    log L
#  4 2.734567 0.770894 1.963673 4.068472
# El  Z   log e(X)   [X/H]    [X/Fe]     [X/O]      X(i)
  p   1  12.000000  0.000000  0.000000  0.000000 7.47094E-01
 he   2  10.940192  0.010192  1.829416  1.456523 2.58519E-01
  c   6   7.140854 -1.329146  0.490078  0.117185 1.23125E-04
  n   7   6.901797 -0.968203  0.851022  0.478128 8.28051E-05
  o   8   7.286031 -1.443968  0.375256  0.000000 2.29107E-04
  f   9   2.620931 -1.839069 -0.019845 -0.395101 5.88238E-09
 ne  10   6.434190 -1.535810  0.283414 -0.091842 4.06467E-05
 na  11   4.512297 -1.797703  0.021521 -0.353735 5.54307E-07
 mg  12   6.111717 -1.528283  0.290941 -0.084315 2.32985E-05
 al  13   4.535872 -1.934128 -0.114904 -0.490160 6.86847E-07
 si  14   5.870089 -1.679912  0.139313 -0.235943 1.54345E-05
  p  15   3.651021 -1.818979  0.000246 -0.375010 1.02786E-07
  s  16   5.660446 -1.499554  0.319671 -0.055585 1.08741E-05
 cl  17   3.411401 -1.818599  0.000625 -0.374631 6.77592E-08
 ar  18   4.964982 -1.475018  0.344206 -0.031050 2.73144E-06
  k  19   3.448405 -1.631595  0.187630 -0.187626 8.13719E-08
 ca  20   4.798542 -1.491458  0.327766 -0.047490 1.86794E-06
 sc  21   1.472109 -1.577891  0.241333 -0.133923 9.88124E-10
 ti  22   3.469812 -1.440187  0.379037  0.003781 1.04656E-07
  v  23   2.386823 -1.573177  0.246047 -0.129209 9.20055E-09
 cr  24   3.973942 -1.666058  0.153166 -0.222090 3.62933E-07
 mn  25   3.135882 -2.344118 -0.524893 -0.900149 5.56762E-08
 fe  26   5.721017 -1.818983  0.000000 -0.375015 2.17729E-05
 co  27   3.051103 -1.818897  0.000086 -0.374929 4.91333E-08
 ni  28   4.381025 -1.818974  0.000009 -0.375006 1.04599E-06
 cu  29   1.957767 -2.292233 -0.473250 -0.848265 4.27336E-09
 zn  30   3.061330 -1.568670  0.250313 -0.124702 5.58319E-08
 ga  31   1.261079 -1.818921  0.000062 -0.374953 9.42692E-10
 ge  32   1.726651 -1.853349 -0.034366 -0.409380 2.86907E-09
 as  33   0.480954 -1.819046 -0.000063 -0.375077 1.68065E-10
 se  34   1.477120 -1.862880 -0.043896 -0.418911 1.75567E-09
 br  35   0.720922 -1.819078 -0.000095 -0.375110 3.11462E-10
 kr  36   1.429477 -1.820523 -0.001540 -0.376555 1.66965E-09
 rb  37   0.540403 -1.819597 -0.000613 -0.375628 2.19847E-10
 sr  38   1.058810 -1.821190 -0.002207 -0.377222 7.43580E-10
  y  39   0.351045 -1.818955  0.000028 -0.374987 1.47874E-10
 zr  40   0.711018 -1.818982  0.000001 -0.375014 3.47570E-10
 nb  41  -0.409034 -1.819034 -0.000051 -0.375065 2.68488E-11
 mo  42  -0.000121 -1.940121 -0.121138 -0.496153 7.10875E-11
 tc  43  -4.747189 -9.000000  0.000000  0.000000 1.30003E-15
 ru  44  -0.189964 -1.949964 -0.130981 -0.505996 4.83696E-11
 rh  45  -0.759104 -1.819104 -0.000121 -0.375135 1.32816E-11
 pd  46  -0.228117 -1.878117 -0.059134 -0.434149 4.66467E-11
 ag  47  -0.619121 -1.819121 -0.000138 -0.375152 1.92171E-11
 cd  48  -0.148660 -1.858660 -0.039677 -0.414691 5.91648E-11
 in  49  -1.078094 -1.838094 -0.019110 -0.394125 7.10936E-12
 sn  50   0.188594 -1.881406 -0.062423 -0.437438 1.35830E-10
 sb  51  -1.051600 -2.061599 -0.242616 -0.617631 8.01346E-12
 te  52  -0.106364 -2.286364 -0.467381 -0.842396 7.40289E-11
  i  53  -0.269149 -1.819149 -0.000166 -0.375180 5.06106E-11
 xe  54   0.383961 -1.856039 -0.037056 -0.412071 2.35568E-10
 cs  55  -0.738980 -1.818980  0.000003 -0.375012 1.79670E-11
 ba  56   0.360147 -1.819853 -0.000870 -0.375884 2.33248E-10
 la  57  -0.649382 -1.819382 -0.000399 -0.375413 2.30810E-11
 ce  58  -0.240883 -1.820883 -0.001900 -0.376915 5.96375E-11
 pr  59  -1.059026 -1.819026 -0.000043 -0.375057 9.11642E-12
 nd  60  -0.393982 -1.843982 -0.024999 -0.400014 4.31538E-11
 pm  61   0.000000 -9.000000  0.000000  0.000000 0.00000E+00
 sm  62  -1.008708 -1.948708 -0.129725 -0.504740 1.09229E-11
 eu  63  -1.309153 -1.819153 -0.000170 -0.375184 5.52717E-12
 gd  64  -0.768999 -1.818999 -0.000016 -0.375031 1.98384E-11
 tb  65  -1.499096 -1.819096 -0.000113 -0.375128 3.73260E-12
 dy  66  -0.689604 -1.819604 -0.000621 -0.375636 2.46130E-11
 ho  67  -1.349092 -1.819092 -0.000108 -0.375123 5.47171E-12
 er  68  -0.906572 -1.826572 -0.007589 -0.382604 1.53721E-11
 tm  69  -1.699024 -1.819024 -0.000041 -0.375056 2.50385E-12
 yb  70  -0.959881 -1.879881 -0.060898 -0.435913 1.40663E-11
 lu  71  -1.729099 -1.819099 -0.000116 -0.375131 2.41975E-12
 hf  72  -1.109626 -1.819626 -0.000643 -0.375658 1.02779E-11
 ta  73  -1.939093 -1.819093 -0.000110 -0.375124 1.54303E-12
  w  74  -1.169522 -1.819522 -0.000539 -0.375554 9.22216E-12
 re  75  -1.560771 -1.820771 -0.001788 -0.376803 3.79437E-12
 os  76  -0.469027 -1.819027 -0.000044 -0.375058 4.78814E-11
 ir  77  -0.499144 -1.819144 -0.000161 -0.375175 4.51401E-11
 pt  78  -0.231248 -1.851248 -0.032265 -0.407280 8.48936E-11
 au  79  -1.018955 -1.818955  0.000028 -0.374987 1.39751E-11
 hg  80  -0.680374 -1.850374 -0.031391 -0.406406 3.10348E-11
 tl  81  -1.049002 -1.819002 -0.000019 -0.375033 1.35319E-11
 pb  82   0.221015 -1.818985 -0.000002 -0.375017 2.55458E-10
 bi  83  -1.168978 -1.818978  0.000005 -0.375009 1.04964E-11
 po  84  -6.331406 -9.000000  0.000000  0.000000 7.22195E-17
#[ls/Fe]_Thiswork =  -0.0007, [hs/Fe]_Thiswork =  -0.0011
#[hs/ls]_Thiswork =  -0.0003, [Pb/hs]_Thiswork =   0.0011
# Elemental abundance ratios: 
# He/H =  8.7135E-02, C/O =  7.1585E-01, N/O = 4.12825E-01
#
#  TP   Mass     Mcore    Menv    log L
#  5 2.721029 0.772196 1.948833 4.107670
# El  Z   log e(X)   [X/H]    [X/Fe]     [X/O]      X(i)
  p   1  12.000000  0.000000  0.000000  0.000000 7.46110E-01
 he   2  10.941912  0.011911  1.830894  1.455880 2.59203E-01
  c   6   7.645204 -0.824796  0.994187  0.619172 3.92758E-04
  n   7   6.904676 -0.965324  0.853659  0.478644 8.32459E-05
  o   8   7.300984 -1.429015  0.389968  0.000000 2.36820E-04
  f   9   3.200974 -1.259026  0.559958  0.169990 2.23370E-08
 ne  10   6.564812 -1.405188  0.413795  0.023828 5.48372E-05
 na  11   4.548780 -1.761220  0.057763 -0.332205 6.02089E-07
 mg  12   6.112514 -1.527486  0.291497 -0.098471 2.33105E-05
 al  13   4.544784 -1.925216 -0.106233 -0.496201 7.00164E-07
 si  14   5.872296 -1.677704  0.141279 -0.248689 1.54927E-05
  p  15   3.663350 -1.806650  0.012333 -0.377635 1.05606E-07
  s  16   5.661015 -1.498985  0.319998 -0.069970 1.08740E-05
 cl  17   3.415273 -1.814727  0.004256 -0.385712 6.82759E-08
 ar  18   4.965416 -1.474584  0.344399 -0.045568 2.73057E-06
  k  19   3.449278 -1.630722  0.188261 -0.201707 8.14281E-08
 ca  20   4.798955 -1.491045  0.327938 -0.062030 1.86725E-06
 sc  21   1.474980 -1.575020  0.243963 -0.146004 9.93368E-10
 ti  22   3.470595 -1.439404  0.379579 -0.010389 1.04707E-07
  v  23   2.387155 -1.572845  0.246138 -0.143830 9.19544E-09
 cr  24   3.974490 -1.665510  0.153473 -0.236495 3.62912E-07
 mn  25   3.137360 -2.342640 -0.523657 -0.913625 5.57924E-08
 fe  26   5.721511 -1.818489  0.000000 -0.389473 2.17690E-05
 co  27   3.061937 -1.808063  0.010426 -0.379047 5.03082E-08
 ni  28   4.381859 -1.818141  0.000348 -0.389126 1.04662E-06
 cu  29   1.984756 -2.265244 -0.446756 -0.836229 4.54136E-09
 zn  30   3.062123 -1.567877  0.250612 -0.138862 5.58602E-08
 ga  31   1.267550 -1.812449  0.006039 -0.383434 9.55583E-10
 ge  32   1.732516 -1.847484 -0.028995 -0.418468 2.90425E-09
 as  33   0.484210 -1.815790  0.002699 -0.386775 1.69107E-10
 se  34   1.485993 -1.854007 -0.035518 -0.424991 1.78954E-09
 br  35   0.724050 -1.815950  0.002538 -0.386935 3.13300E-10
 kr  36   1.455338 -1.794662  0.023827 -0.365646 1.76976E-09
 rb  37   0.569620 -1.790380  0.028109 -0.361365 2.34836E-10
 sr  38   1.109629 -1.770371  0.048117 -0.341356 8.34783E-10
  y  39   0.426650 -1.743350  0.075139 -0.314335 1.75761E-10
 zr  40   0.795266 -1.734734  0.083755 -0.305719 4.21422E-10
 nb  41  -0.329078 -1.739078  0.079411 -0.310063 3.22335E-11
 mo  42   0.081143 -1.858857 -0.040368 -0.429842 8.56023E-11
 tc  43  -2.060038 -9.000000  0.000000  0.000000 6.31728E-13
 ru  44  -0.139951 -1.899951 -0.081462 -0.470936 5.42018E-11
 rh  45  -0.743392 -1.803392  0.015097 -0.374377 1.37528E-11
 pd  46  -0.174278 -1.824278 -0.005790 -0.395263 5.27336E-11
 ag  47  -0.606940 -1.806940  0.011548 -0.377925 1.97376E-11
 cd  48  -0.080337 -1.790337  0.028152 -0.361321 6.91536E-11
 in  49  -1.031291 -1.791291  0.027198 -0.362276 7.90789E-12
 sn  50   0.298131 -1.771869  0.046620 -0.342854 1.74566E-10
 sb  51  -0.988373 -1.998373 -0.179884 -0.569358 9.25707E-12
 te  52  -0.017469 -2.197469 -0.378981 -0.768454 9.07243E-11
  i  53  -0.260262 -1.810261  0.008227 -0.381246 5.15889E-11
 xe  54   0.424206 -1.815794  0.002694 -0.386779 2.58101E-10
 cs  55  -0.628529 -1.708529  0.109960 -0.279513 2.31395E-11
 ba  56   0.642461 -1.537539  0.280949 -0.108524 4.46230E-10
 la  57  -0.346325 -1.516325  0.302164 -0.087310 4.63167E-11
 ce  58   0.122439 -1.457561  0.360928 -0.028545 1.37489E-10
 pr  59  -0.807625 -1.567625  0.250864 -0.138610 1.62425E-11
 nd  60  -0.079339 -1.529339  0.289150 -0.100324 8.89383E-11
 pm  61   0.000000 -9.000000  0.000000  0.000000 0.00000E+00
 sm  62  -0.775396 -1.715396  0.103092 -0.286381 1.86672E-11
 eu  63  -1.264394 -1.774394  0.044095 -0.345379 6.11913E-12
 gd  64  -0.666955 -1.716955  0.101534 -0.287940 2.50598E-11
 tb  65  -1.440785 -1.760785  0.057703 -0.331770 4.26333E-12
 dy  66  -0.573462 -1.703462  0.115026 -0.274447 3.21169E-11
 ho  67  -1.295092 -1.765092  0.053397 -0.336076 6.18800E-12
 er  68  -0.775321 -1.695321  0.123168 -0.266306 2.07688E-11
 tm  69  -1.600775 -1.720775  0.097714 -0.291760 3.13534E-12
 yb  70  -0.674369 -1.594369  0.224120 -0.165354 2.71094E-11
 lu  71  -1.515893 -1.605893  0.212596 -0.176878 3.94825E-12
 hf  72  -0.745176 -1.455176  0.363312 -0.026161 2.37563E-11
 ta  73  -1.641017 -1.521017  0.297472 -0.092002 3.06111E-12
  w  74  -0.799929 -1.449929  0.368560 -0.020913 2.15701E-11
 re  75  -1.419725 -1.679725  0.138763 -0.250710 5.24340E-12
 os  76  -0.360401 -1.710401  0.108087 -0.281386 6.14073E-11
 ir  77  -0.482100 -1.802100  0.016389 -0.373084 4.68851E-11
 pt  78  -0.174640 -1.794640  0.023849 -0.365625 9.65851E-11
 au  79  -0.964388 -1.764388  0.054101 -0.335373 1.58251E-11
 hg  80  -0.333200 -1.503199  0.315289 -0.074184 6.89368E-11
 tl  81  -0.600506 -1.370506  0.447983  0.058509 3.79561E-11
 pb  82   1.515562 -0.524438  1.294051  0.904577 5.02683E-09
 bi  83  -0.108580 -0.758580  1.059909  0.670436 1.20467E-10
 po  84   1.102902 -9.000000  0.000000  0.000000 1.96061E-09
#[ls/Fe]_Thiswork =   0.0690, [hs/Fe]_Thiswork =   0.3147
#[hs/ls]_Thiswork =   0.2457, [Pb/hs]_Thiswork =   0.9794
# Elemental abundance ratios: 
# He/H =  8.7481E-02, C/O =  2.2090E+00, N/O = 4.01506E-01
#
#  TP   Mass     Mcore    Menv    log L
#  6 2.699067 0.773221 1.925846 4.138932
# El  Z   log e(X)   [X/H]    [X/Fe]     [X/O]      X(i)
  p   1  12.000000  0.000000  0.000000  0.000000 7.44716E-01
 he   2  10.944266  0.014266  1.832755  1.443281 2.60125E-01
  c   6   7.954802 -0.515198  1.303290  0.913817 7.99671E-04
  n   7   6.907666 -0.962334  0.856155  0.466681 8.36645E-05
  o   8   7.328229 -1.401771  0.416718  0.000000 2.51682E-04
  f   9   3.612265 -0.847735  0.970753  0.554035 5.74781E-08
 ne  10   6.781862 -1.188138  0.630351  0.213633 9.02221E-05
 na  11   4.669345 -1.640655  0.177834 -0.238884 7.93258E-07
 mg  12   6.121088 -1.518912  0.299576 -0.117142 2.37308E-05
 al  13   4.558073 -1.911927 -0.093438 -0.510156 7.20572E-07
 si  14   5.875571 -1.674429  0.144059 -0.272659 1.55808E-05
  p  15   3.688910 -1.781090  0.037398 -0.379320 1.11799E-07
  s  16   5.661814 -1.498186  0.320302 -0.096416 1.08736E-05
 cl  17   3.421165 -1.808836  0.009653 -0.407065 6.90792E-08
 ar  18   4.965990 -1.474010  0.344478 -0.072240 2.72907E-06
  k  19   3.450731 -1.629269  0.189220 -0.227498 8.15485E-08
 ca  20   4.799482 -1.490518  0.327971 -0.088748 1.86603E-06
 sc  21   1.480552 -1.569448  0.249040 -0.167678 1.00431E-09
 ti  22   3.471895 -1.438105  0.380384 -0.036334 1.04824E-07
  v  23   2.387791 -1.572209  0.246279 -0.170439 9.19171E-09
 cr  24   3.975243 -1.664757  0.153731 -0.262987 3.62863E-07
 mn  25   3.139250 -2.340750 -0.522262 -0.938980 5.59310E-08
 fe  26   5.722143 -1.817857  0.000000 -0.416086 2.17599E-05
 co  27   3.080806 -1.789194  0.028663 -0.387424 5.24438E-08
 ni  28   4.383566 -1.816434  0.001423 -0.414663 1.04878E-06
 cu  29   2.049583 -2.200417 -0.382560 -0.798646 5.26261E-09
 zn  30   3.064342 -1.565658  0.252199 -0.163887 5.60415E-08
 ga  31   1.282665 -1.797335  0.020522 -0.395564 9.87577E-10
 ge  32   1.747108 -1.832892 -0.015036 -0.431122 2.99787E-09
 as  33   0.492986 -1.807014  0.010843 -0.405244 1.72237E-10
 se  34   1.510038 -1.829962 -0.012105 -0.428191 1.88789E-09
 br  35   0.733026 -1.806974  0.010882 -0.405204 3.19245E-10
 kr  36   1.520054 -1.729946  0.087911 -0.328176 2.05030E-09
 rb  37   0.645046 -1.714954  0.102903 -0.313183 2.78856E-10
 sr  38   1.239963 -1.640038  0.177819 -0.238267 1.12485E-09
  y  39   0.603812 -1.566188  0.251669 -0.164417 2.63799E-10
 zr  40   0.989227 -1.540773  0.277084 -0.139002 6.57455E-10
 nb  41  -0.142210 -1.552210  0.265647 -0.150439 4.94725E-11
 mo  42   0.270986 -1.669014  0.148842 -0.267244 1.32287E-10
 tc  43  -1.474726 -9.000000  0.000000  0.000000 2.42678E-12
 ru  44  -0.019830 -1.779830  0.038027 -0.378059 7.13382E-11
 rh  45  -0.700124 -1.760124  0.057733 -0.358353 1.51651E-11
 pd  46  -0.035235 -1.685235  0.132621 -0.283465 7.24966E-11
 ag  47  -0.567779 -1.767779  0.050078 -0.366008 2.15598E-11
 cd  48   0.096766 -1.613235  0.204622 -0.211464 1.03778E-10
 in  49  -0.903764 -1.663764  0.154093 -0.261993 1.05871E-11
 sn  50   0.516586 -1.553414  0.264443 -0.151643 2.88140E-10
 sb  51  -0.848227 -1.858227 -0.040370 -0.456456 1.27587E-11
 te  52   0.163713 -2.016288 -0.198431 -0.614517 1.37434E-10
  i  53  -0.236471 -1.786471  0.031386 -0.384701 5.43918E-11
 xe  54   0.518828 -1.721172  0.096685 -0.319401 3.20332E-10
 cs  55  -0.423999 -1.503999  0.313858 -0.102228 3.69890E-11
 ba  56   0.972116 -1.207884  0.609973  0.193887 9.51486E-10
 la  57  -0.007096 -1.177096  0.640761  0.224674 1.00961E-10
 ce  58   0.498784 -1.081216  0.736641  0.320555 3.26439E-10
 pr  59  -0.488225 -1.248225  0.569632  0.153546 3.38252E-11
 nd  60   0.273190 -1.176810  0.641047  0.224961 1.99897E-10
 pm  61   0.000000 -9.000000  0.000000  0.000000 0.00000E+00
 sm  62  -0.467778 -1.407778  0.410079 -0.006008 3.78342E-11
 eu  63  -1.168199 -1.678199  0.139658 -0.276428 7.62205E-12
 gd  64  -0.479871 -1.529871  0.287986 -0.128100 3.84813E-11
 tb  65  -1.319083 -1.639083  0.178774 -0.237313 5.63169E-12
 dy  66  -0.368861 -1.498861  0.318996 -0.097091 5.13478E-11
 ho  67  -1.181242 -1.651242  0.166615 -0.249471 8.02763E-12
 er  68  -0.551670 -1.471670  0.346187 -0.069900 3.46936E-11
 tm  69  -1.420770 -1.540770  0.277087 -0.138999 4.73671E-12
 yb  70  -0.324324 -1.244324  0.573533  0.157447 6.05833E-11
 lu  71  -1.216537 -1.306538  0.511319  0.095233 7.85143E-12
 hf  72  -0.358142 -1.068142  0.749715  0.333629 5.78098E-11
 ta  73  -1.294072 -1.174072  0.643785  0.227698 6.79222E-12
  w  74  -0.413292 -1.063292  0.754565  0.338479 5.24419E-11
 re  75  -1.190334 -1.450334  0.367522 -0.048564 8.87547E-12
 os  76  -0.168983 -1.518983  0.298874 -0.117212 9.52417E-11
 ir  77  -0.442754 -1.762754  0.055103 -0.360983 5.12352E-11
 pt  78  -0.059706 -1.679706  0.138151 -0.277935 1.25612E-10
 au  79  -0.852006 -1.652006  0.165851 -0.250235 2.04606E-11
 hg  80   0.059627 -1.110373  0.707483  0.291397 1.70007E-10
 tl  81  -0.164292 -0.934292  0.883564  0.467478 1.03438E-10
 pb  82   1.998669 -0.041331  1.776525  1.360439 1.52612E-08
 bi  83   0.368410 -0.281590  1.536267  1.120181 3.60616E-10
 po  84   1.464711 -9.000000  0.000000  0.000000 4.50181E-09
#[ls/Fe]_Thiswork =   0.2355, [hs/Fe]_Thiswork =   0.6625
#[hs/ls]_Thiswork =   0.4269, [Pb/hs]_Thiswork =   1.1141
# Elemental abundance ratios: 
# He/H =  8.7956E-02, C/O =  4.2322E+00, N/O = 3.79697E-01
#
#  TP   Mass     Mcore    Menv    log L
#  7 2.666363 0.774021 1.892342 4.163405
# El  Z   log e(X)   [X/H]    [X/Fe]     [X/O]      X(i)
  p   1  12.000000  0.000000  0.000000  0.000000 7.42948E-01
 he   2  10.947258  0.017258  1.835114  1.419028 2.61301E-01
  c   6   8.166887 -0.303113  1.514744  1.098658 1.30006E-03
  n   7   6.910406 -0.959594  0.858263  0.442176 8.39940E-05
  o   8   7.361234 -1.368765  0.449091  0.000000 2.70910E-04
  f   9   3.880864 -0.579136  1.238721  0.789629 1.06431E-07
 ne  10   6.981470 -0.988530  0.829327  0.380235 1.42524E-04
 na  11   4.831466 -1.478534  0.339323 -0.109768 1.14948E-06
 mg  12   6.141411 -1.498589  0.319268 -0.129823 2.48088E-05
 al  13   4.583261 -1.886739 -0.068882 -0.517973 7.61786E-07
 si  14   5.879680 -1.670321  0.147536 -0.301555 1.56916E-05
  p  15   3.721066 -1.748933  0.068923 -0.380168 1.20105E-07
  s  16   5.662808 -1.497192  0.320665 -0.128427 1.08727E-05
 cl  17   3.428279 -1.801721  0.016136 -0.432956 7.00534E-08
 ar  18   4.966704 -1.473296  0.344561 -0.104531 2.72707E-06
  k  19   3.452677 -1.627323  0.190534 -0.258558 8.17202E-08
 ca  20   4.800133 -1.489867  0.327990 -0.121102 1.86439E-06
 sc  21   1.488871 -1.561129  0.256727 -0.192364 1.02131E-09
 ti  22   3.473623 -1.436377  0.381480 -0.067611 1.04992E-07
  v  23   2.388675 -1.571325  0.246531 -0.202560 9.18858E-09
 cr  24   3.976195 -1.663805  0.154052 -0.295039 3.62796E-07
 mn  25   3.141567 -2.338433 -0.520576 -0.969667 5.60968E-08
 fe  26   5.722920 -1.817080  0.000000 -0.448314 2.17472E-05
 co  27   3.104267 -1.765733  0.051347 -0.396967 5.52234E-08
 ni  28   4.385918 -1.814082  0.002997 -0.445317 1.05197E-06
 cu  29   2.136052 -2.113948 -0.296868 -0.745183 6.40675E-09
 zn  30   3.068616 -1.561384  0.255695 -0.192619 5.64614E-08
 ga  31   1.311462 -1.768538  0.048542 -0.399772 1.05278E-09
 ge  32   1.773906 -1.806094  0.010985 -0.437329 3.18112E-09
 as  33   0.509122 -1.790878  0.026201 -0.422113 1.78332E-10
 se  34   1.553205 -1.786794  0.030285 -0.418029 2.08023E-09
 br  35   0.750615 -1.789385  0.027695 -0.420619 3.31651E-10
 kr  36   1.613148 -1.636852  0.180227 -0.268087 2.53442E-09
 rb  37   0.767091 -1.592909  0.224170 -0.224144 3.68461E-10
 sr  38   1.391063 -1.488937  0.328142 -0.120172 1.58915E-09
  y  39   0.786739 -1.383261  0.433819 -0.014495 4.01022E-10
 zr  40   1.178782 -1.351218  0.465861  0.017547 1.01482E-09
 nb  41   0.044793 -1.365207  0.451873  0.003559 7.59162E-11
 mo  42   0.463357 -1.476643  0.340436 -0.107878 2.05520E-10
 tc  43  -1.161699 -9.000000  0.000000  0.000000 4.97766E-12
 ru  44   0.108611 -1.651389  0.165691 -0.282624 9.56602E-11
 rh  45  -0.647389 -1.707389  0.109690 -0.338624 1.70824E-11
 pd  46   0.099755 -1.550245  0.266835 -0.181479 9.86906E-11
 ag  47  -0.520496 -1.720496  0.096583 -0.351731 2.39825E-11
 cd  48   0.263740 -1.446260  0.370819 -0.077495 1.52071E-10
 in  49  -0.768380 -1.528380  0.288699 -0.159615 1.44254E-11
 sn  50   0.723408 -1.346592  0.470487  0.022173 4.62800E-10
 sb  51  -0.690401 -1.700401  0.116678 -0.331636 1.83063E-11
 te  52   0.353886 -1.826114 -0.009035 -0.457349 2.12439E-10
  i  53  -0.200500 -1.750499  0.066580 -0.381734 5.89486E-11
 xe  54   0.644913 -1.595087  0.221992 -0.226322 4.27220E-10
 cs  55  -0.206572 -1.286572  0.530508  0.082194 6.08790E-11
 ba  56   1.247849 -0.932151  0.884929  0.436615 1.79103E-09
 la  57   0.270146 -0.899854  0.917226  0.468912 1.90706E-10
 ce  58   0.786381 -0.793619  1.023460  0.575146 6.31490E-10
 pr  59  -0.223790 -0.983790  0.833289  0.384975 6.20359E-11
 nd  60   0.538207 -0.911793  0.905287  0.456972 3.67105E-10
 pm  61   0.000000 -9.000000  0.000000  0.000000 0.00000E+00
 sm  62  -0.220347 -1.160347  0.656732  0.208418 6.67240E-11
 eu  63  -1.052488 -1.562488  0.254591 -0.193723 9.92545E-12
 gd  64  -0.291138 -1.341138  0.475942  0.027628 5.92858E-11
 tb  65  -1.179335 -1.499335  0.317745 -0.130569 7.75095E-12
 dy  66  -0.169157 -1.299157  0.517923  0.069608 8.11323E-11
 ho  67  -1.047966 -1.517966  0.299114 -0.149201 1.08851E-11
 er  68  -0.339963 -1.259963  0.557117  0.108802 5.63539E-11
 tm  69  -1.237931 -1.357931  0.459148  0.010834 7.19918E-12
 yb  70  -0.058549 -0.978549  0.838531  0.390216 1.11454E-10
 lu  71  -0.973410 -1.063410  0.753670  0.305356 1.37102E-11
 hf  72  -0.081770 -0.791770  1.025310  0.576995 1.08979E-10
 ta  73  -1.033174 -0.913174  0.903906  0.455592 1.23560E-11
  w  74  -0.138429 -0.788429  1.028651  0.580337 9.85165E-11
 re  75  -0.981081 -1.241081  0.575999  0.127684 1.43355E-11
 os  76   0.015334 -1.334666  0.482414  0.034099 1.45248E-10
 ir  77  -0.390306 -1.710306  0.106774 -0.341540 5.76746E-11
 pt  78   0.068044 -1.551956  0.265123 -0.183191 1.68170E-10
 au  79  -0.727214 -1.527214  0.289866 -0.158448 2.72068E-11
 hg  80   0.323607 -0.846393  0.970687  0.522373 3.11469E-10
 tl  81   0.121563 -0.648437  1.168643  0.720328 1.99299E-10
 pb  82   2.268337  0.228337  2.045417  1.597103 2.83286E-08
 bi  83   0.655971  0.005971  1.823050  1.374736 6.97546E-10
 po  84   1.644504 -9.000000  0.000000  0.000000 6.79435E-09
#[ls/Fe]_Thiswork =   0.4093, [hs/Fe]_Thiswork =   0.9419
#[hs/ls]_Thiswork =   0.5326, [Pb/hs]_Thiswork =   1.1035
# Elemental abundance ratios: 
# He/H =  8.8564E-02, C/O =  6.3922E+00, N/O = 3.54137E-01
#
#  TP   Mass     Mcore    Menv    log L
#  8 2.621618 0.774703 1.846915 4.181988
# El  Z   log e(X)   [X/H]    [X/Fe]     [X/O]      X(i)
  p   1  12.000000  0.000000  0.000000  0.000000 7.40890E-01
 he   2  10.950769  0.020769  1.837849  1.389534 2.62693E-01
  c   6   8.324408 -0.145593  1.671487  1.223173 1.86329E-03
  n   7   6.912936 -0.957064  0.860016  0.411702 8.42508E-05
  o   8   7.393802 -1.336197  0.480882  0.000000 2.91198E-04
  f   9   4.084468 -0.375532  1.441548  0.960666 1.69617E-07
 ne  10   7.135528 -0.834472  0.982607  0.501725 2.02648E-04
 na  11   4.982102 -1.327898  0.489182  0.008300 1.62157E-06
 mg  12   6.172224 -1.467776  0.349304 -0.131578 2.65590E-05
 al  13   4.624316 -1.845684 -0.028604 -0.509486 8.34994E-07
 si  14   5.884450 -1.665550  0.151530 -0.329352 1.58210E-05
  p  15   3.754949 -1.715051  0.102028 -0.378854 1.29491E-07
  s  16   5.663934 -1.496066  0.321014 -0.159868 1.08707E-05
 cl  17   3.436181 -1.793819  0.023261 -0.457622 7.11422E-08
 ar  18   4.967524 -1.472476  0.344603 -0.136279 2.72466E-06
  k  19   3.455028 -1.624972  0.192107 -0.288775 8.19361E-08
 ca  20   4.800869 -1.489130  0.327949 -0.152933 1.86238E-06
 sc  21   1.499546 -1.550454  0.266626 -0.214257 1.04382E-09
 ti  22   3.475597 -1.434402  0.382677 -0.098205 1.05178E-07
  v  23   2.389734 -1.570266  0.246814 -0.234068 9.18551E-09
 cr  24   3.977302 -1.662698  0.154381 -0.326501 3.62714E-07
 mn  25   3.143818 -2.336182 -0.519103 -0.999985 5.62320E-08
 fe  26   5.723815 -1.816185  0.000000 -0.479988 2.17316E-05
 co  27   3.133781 -1.736218  0.079967 -0.400021 5.89432E-08
 ni  28   4.388813 -1.811187  0.004998 -0.474989 1.05607E-06
 cu  29   2.227687 -2.022313 -0.206128 -0.686116 7.88983E-09
 zn  30   3.074643 -1.555357  0.260828 -0.219160 5.70918E-08
 ga  31   1.352981 -1.727019  0.089166 -0.390822 1.15518E-09
 ge  32   1.811468 -1.768532  0.047653 -0.432334 3.45889E-09
 as  33   0.531321 -1.768679  0.047506 -0.432482 1.87164E-10
 se  34   1.605441 -1.734559  0.081626 -0.398361 2.33960E-09
 br  35   0.773503 -1.766497  0.049688 -0.430299 3.48630E-10
 kr  36   1.723100 -1.526900  0.289285 -0.190703 3.25556E-09
 rb  37   0.898499 -1.461500  0.354685 -0.125303 4.97274E-10
 sr  38   1.515073 -1.364927  0.451258 -0.028730 2.10848E-09
  y  39   0.932817 -1.237184  0.579001  0.099014 5.59809E-10
 zr  40   1.337476 -1.192524  0.623661  0.143673 1.45840E-09
 nb  41   0.203714 -1.206286  0.609899  0.129912 1.09157E-10
 mo  42   0.636371 -1.303629  0.512556  0.032568 3.05255E-10
 tc  43  -0.939262 -9.000000  0.000000  0.000000 8.28432E-12
 ru  44   0.233583 -1.526417  0.289768 -0.190219 1.27203E-10
 rh  45  -0.590487 -1.650487  0.165698 -0.314290 1.94199E-11
 pd  46   0.211405 -1.438595  0.377590 -0.102398 1.27268E-10
 ag  47  -0.476390 -1.676390  0.139795 -0.340193 2.64726E-11
 cd  48   0.391972 -1.318028  0.498157  0.018169 2.03739E-10
 in  49  -0.653631 -1.413631  0.402554 -0.077434 1.87358E-11
 sn  50   0.891011 -1.178989  0.637196  0.157209 6.78878E-10
 sb  51  -0.548955 -1.558955  0.257230 -0.222758 2.52838E-11
 te  52   0.514928 -1.665072  0.151113 -0.328875 3.06953E-10
  i  53  -0.158908 -1.708908  0.107277 -0.372710 6.46935E-11
 xe  54   0.770775 -1.469225  0.346960 -0.133028 5.69259E-10
 cs  55  -0.027744 -1.107744  0.708441  0.228453 9.16410E-11
 ba  56   1.434299 -0.745701  1.070484  0.590497 2.74377E-09
 la  57   0.452778 -0.717222  1.098963  0.618975 2.89596E-10
 ce  58   0.975590 -0.604410  1.211775  0.731787 9.73578E-10
 pr  59  -0.045798 -0.805798  1.010387  0.530399 9.32030E-11
 nd  60   0.710651 -0.739349  1.076836  0.596849 5.44541E-10
 pm  61   0.000000 -9.000000  0.000000  0.000000 0.00000E+00
 sm  62  -0.052683 -0.992683  0.823502  0.343515 9.78909E-11
 eu  63  -0.953252 -1.463252  0.352933 -0.127054 1.24389E-11
 gd  64  -0.148546 -1.198546  0.617639  0.137651 8.20990E-11
 tb  65  -1.064369 -1.384369  0.431816 -0.048172 1.00720E-11
 dy  66  -0.020315 -1.150315  0.665870  0.185882 1.13981E-10
 ho  67  -0.935599 -1.405599  0.410586 -0.069402 1.40603E-11
 er  68  -0.182502 -1.102502  0.713683  0.233696 8.07572E-11
 tm  69  -1.095274 -1.215274  0.600911  0.120923 9.97094E-12
 yb  70   0.122510 -0.797490  1.018695  0.538707 1.68636E-10
 lu  71  -0.802591 -0.892591  0.923594  0.443606 2.02608E-11
 hf  72   0.101943 -0.608057  1.208128  0.728140 1.65901E-10
 ta  73  -0.855158 -0.735158  1.081027  0.601040 1.85647E-11
  w  74   0.043416 -0.606584  1.209601  0.729613 1.49331E-10
 re  75  -0.825770 -1.085770  0.730415  0.250427 2.04418E-11
 os  76   0.155858 -1.194142  0.622043  0.142055 2.00184E-10
 ir  77  -0.338113 -1.658113  0.158072 -0.321916 6.48592E-11
 pt  78   0.177570 -1.442430  0.373755 -0.106232 2.15810E-10
 au  79  -0.618676 -1.418676  0.397509 -0.082479 3.48346E-11
 hg  80   0.499176 -0.670824  1.145361  0.665373 4.65348E-10
 tl  81   0.311955 -0.458045  1.358140  0.878153 3.08101E-10
 pb  82   2.437356  0.397356  2.213541  1.733553 4.16907E-08
 bi  83   0.847738  0.197738  2.013923  1.533936 1.08177E-09
 po  84   1.745522 -9.000000  0.000000  0.000000 8.54991E-09
#[ls/Fe]_Thiswork =   0.5513, [hs/Fe]_Thiswork =   1.1271
#[hs/ls]_Thiswork =   0.5758, [Pb/hs]_Thiswork =   1.0865
# Elemental abundance ratios: 
# He/H =  8.9283E-02, C/O =  8.5232E+00, N/O = 3.30471E-01
#
#  TP   Mass     Mcore    Menv    log L
#  9 2.560824 0.775351 1.785473 4.197005
# El  Z   log e(X)   [X/H]    [X/Fe]     [X/O]      X(i)
  p   1  12.000000  0.000000  0.000000  0.000000 7.38552E-01
 he   2  10.954772  0.024772  1.840957  1.360969 2.64288E-01
  c   6   8.452425 -0.017575  1.798610  1.318622 2.49416E-03
  n   7   6.915414 -0.954586  0.861599  0.381611 8.44655E-05
  o   8   7.424665 -1.305334  0.510851  0.000000 3.11659E-04
  f   9   4.253730 -0.206270  1.609915  1.099064 2.49665E-07
 ne  10   7.256475 -0.713525  1.102660  0.591809 2.66880E-04
 na  11   5.106923 -1.203077  0.613108  0.102257 2.15468E-06
 mg  12   6.210226 -1.429774  0.386411 -0.124440 2.88963E-05
 al  13   4.680142 -1.789857  0.026328 -0.484523 9.46537E-07
 si  14   5.889989 -1.660011  0.156174 -0.354677 1.59735E-05
  p  15   3.791124 -1.678875  0.137310 -0.373541 1.40295E-07
  s  16   5.665194 -1.494806  0.321379 -0.189472 1.08679E-05
 cl  17   3.444830 -1.785170  0.031015 -0.479836 7.23442E-08
 ar  18   4.968440 -1.471560  0.344625 -0.166226 2.72179E-06
  k  19   3.457803 -1.622197  0.193988 -0.316863 8.22011E-08
 ca  20   4.801680 -1.488320  0.327865 -0.182986 1.85997E-06
 sc  21   1.512483 -1.537517  0.278668 -0.232183 1.07199E-09
 ti  22   3.477731 -1.432269  0.383916 -0.126935 1.05363E-07
  v  23   2.390929 -1.569071  0.247114 -0.263737 9.18176E-09
 cr  24   3.978546 -1.661454  0.154731 -0.356120 3.62607E-07
 mn  25   3.145908 -2.334092 -0.517907 -1.028758 5.63251E-08
 fe  26   5.724816 -1.815184  0.000000 -0.509850 2.17131E-05
 co  27   3.169827 -1.700172  0.115011 -0.394838 6.38420E-08
 ni  28   4.392374 -1.807626  0.007558 -0.502292 1.06140E-06
 cu  29   2.321211 -1.928789 -0.113605 -0.623455 9.75484E-09
 zn  30   3.081742 -1.548258  0.266926 -0.242924 5.78496E-08
 ga  31   1.399691 -1.680309  0.134874 -0.374975 1.28229E-09
 ge  32   1.853754 -1.726246  0.088938 -0.420912 3.80058E-09
 as  33   0.556637 -1.743363  0.071820 -0.438029 1.97773E-10
 se  34   1.659368 -1.680632  0.134551 -0.375298 2.64055E-09
 br  35   0.799854 -1.740146  0.075038 -0.434812 3.69269E-10
 kr  36   1.848554 -1.401446  0.413737 -0.096112 4.33220E-09
 rb  37   1.032133 -1.327867  0.487317 -0.022533 6.74306E-10
 sr  38   1.621634 -1.258366  0.556818  0.046968 2.68633E-09
  y  39   1.053305 -1.116695  0.698488  0.188639 7.36473E-10
 zr  40   1.465989 -1.064011  0.751173  0.241323 1.95443E-09
 nb  41   0.330675 -1.079325  0.735859  0.226009 1.45760E-10
 mo  42   0.777971 -1.162029  0.653155  0.143305 4.21591E-10
 tc  43  -0.781420 -9.000000  0.000000  0.000000 1.18776E-11
 ru  44   0.344796 -1.415204  0.399980 -0.109870 1.63809E-10
 rh  45  -0.534074 -1.594074  0.221110 -0.288740 2.20439E-11
 pd  46   0.302596 -1.347404  0.467780 -0.042070 1.56509E-10
 ag  47  -0.438110 -1.638110  0.177073 -0.332776 2.88206E-11
 cd  48   0.482621 -1.227379  0.587805  0.077955 2.50236E-10
 in  49  -0.569672 -1.329672  0.485512 -0.024338 2.26599E-11
 sn  50   1.014271 -1.055729  0.759454  0.249605 8.98832E-10
 sb  51  -0.437776 -1.447776  0.367408 -0.142442 3.25574E-11
 te  52   0.637808 -1.542192  0.272991 -0.236858 4.06050E-10
  i  53  -0.118834 -1.668834  0.146349 -0.363500 7.07231E-11
 xe  54   0.879719 -1.360281  0.454902 -0.054947 7.29257E-10
 cs  55   0.110307 -0.969693  0.845490  0.335641 1.25536E-10
 ba  56   1.573658 -0.606342  1.208842  0.698992 3.76994E-09
 la  57   0.588577 -0.581423  1.233761  0.723911 3.94656E-10
 ce  58   1.115380 -0.464620  1.350564  0.840714 1.33903E-09
 pr  59   0.086752 -0.673248  1.141936  0.632086 1.26069E-10
 nd  60   0.835883 -0.614117  1.201067  0.691217 7.24252E-10
 pm  61   0.000000 -9.000000  0.000000  0.000000 0.00000E+00
 sm  62   0.070851 -0.869149  0.946035  0.436185 1.29689E-10
 eu  63  -0.870153 -1.380153  0.435030 -0.074819 1.50144E-11
 gd  64  -0.038836 -1.088836  0.726347  0.216498 1.05360E-10
 tb  65  -0.971756 -1.291756  0.523428  0.013578 1.24267E-11
 dy  66   0.092609 -1.037391  0.777793  0.267944 1.47361E-10
 ho  67  -0.844271 -1.314271  0.500913 -0.008937 1.72962E-11
 er  68  -0.063335 -0.983335  0.831848  0.321999 1.05919E-10
 tm  69  -0.984894 -1.104894  0.710290  0.200440 1.28157E-11
 yb  70   0.254584 -0.665416  1.149768  0.639918 2.27851E-10
 lu  71  -0.675849 -0.765849  1.049335  0.539485 2.70413E-11
 hf  72   0.234687 -0.475313  1.339870  0.830021 2.24503E-10
 ta  73  -0.725074 -0.605074  1.210110  0.700260 2.49690E-11
  w  74   0.173129 -0.476871  1.338313  0.828463 2.00673E-10
 re  75  -0.709749 -0.969749  0.845434  0.335585 2.66175E-11
 os  76   0.261304 -1.088696  0.726488  0.216638 2.54392E-10
 ir  77  -0.291749 -1.611749  0.203435 -0.306415 7.19389E-11
 pt  78   0.264674 -1.355326  0.459858 -0.049992 2.62907E-10
 au  79  -0.531691 -1.331691  0.483493 -0.026356 4.24251E-11
 hg  80   0.621279 -0.548721  1.266462  0.756613 6.14481E-10
 tl  81   0.440392 -0.329607  1.485576  0.975727 4.12817E-10
 pb  82   2.555749  0.515749  2.330933  1.821083 5.45833E-08
 bi  83   0.988089  0.338089  2.153272  1.643423 1.48975E-09
 po  84   1.812134 -9.000000  0.000000  0.000000 9.93575E-09
#[ls/Fe]_Thiswork =   0.6688, [hs/Fe]_Thiswork =   1.2644
#[hs/ls]_Thiswork =   0.5956, [Pb/hs]_Thiswork =   1.0665
# Elemental abundance ratios: 
# He/H =  9.0110E-02, C/O =  1.0660E+01, N/O = 3.09562E-01
#
#  TP   Mass     Mcore    Menv    log L
# 10 2.478101 0.775960 1.702141 4.209287
# El  Z   log e(X)   [X/H]    [X/Fe]     [X/O]      X(i)
  p   1  12.000000  0.000000  0.000000  0.000000 7.35904E-01
 he   2  10.959321  0.029321  1.844504  1.334655 2.66114E-01
  c   6   8.561714  0.091714  1.906898  1.397048 3.19635E-03
  n   7   6.917897 -0.952103  0.863081  0.353231 8.46453E-05
  o   8   7.454508 -1.275492  0.539692  0.000000 3.32630E-04
  f   9   4.405751 -0.054249  1.760935  1.221243 3.53037E-07
 ne  10   7.359497 -0.610503  1.204680  0.664989 3.37115E-04
 na  11   5.218392 -1.091608  0.723576  0.183884 2.77518E-06
 mg  12   6.255570 -1.384429  0.430754 -0.108938 3.19615E-05
 al  13   4.746008 -1.723992  0.091192 -0.448500 1.09760E-06
 si  14   5.896596 -1.653404  0.161779 -0.377913 1.61602E-05
  p  15   3.831746 -1.638254  0.176930 -0.362762 1.53498E-07
  s  16   5.666602 -1.493398  0.321785 -0.217906 1.08641E-05
 cl  17   3.454382 -1.775618  0.039566 -0.500126 7.36878E-08
 ar  18   4.969450 -1.470551  0.344633 -0.195059 2.71835E-06
  k  19   3.461145 -1.618855  0.196329 -0.343363 8.25392E-08
 ca  20   4.802549 -1.487451  0.327733 -0.211959 1.85702E-06
 sc  21   1.528680 -1.521320  0.293864 -0.245828 1.10873E-09
 ti  22   3.480001 -1.429998  0.385185 -0.154507 1.05535E-07
  v  23   2.392281 -1.567719  0.247464 -0.292228 9.17734E-09
 cr  24   3.979921 -1.660079  0.155105 -0.384587 3.62453E-07
 mn  25   3.147690 -2.332310 -0.517127 -1.056818 5.63538E-08
 fe  26   5.725915 -1.814085  0.000000 -0.538593 2.16900E-05
 co  27   3.214045 -1.655955  0.158130 -0.380464 7.04310E-08
 ni  28   4.396930 -1.803070  0.011015 -0.527578 1.06875E-06
 cu  29   2.419552 -1.830448 -0.016363 -0.554956 1.21899E-08
 zn  30   3.090040 -1.539960  0.274125 -0.264468 5.87541E-08
 ga  31   1.450242 -1.629758  0.184327 -0.354266 1.43542E-09
 ge  32   1.900245 -1.679755  0.134330 -0.404263 4.21484E-09
 as  33   0.585320 -1.714679  0.099406 -0.439188 2.10519E-10
 se  34   1.715563 -1.624437  0.189648 -0.348945 2.99454E-09
 br  35   0.830466 -1.709534  0.104551 -0.434042 3.94816E-10
 kr  36   1.976878 -1.273122  0.540963  0.002370 5.80060E-09
 rb  37   1.168548 -1.191452  0.622633  0.084039 9.19839E-10
 sr  38   1.717674 -1.162326  0.651759  0.113166 3.33916E-09
  y  39   1.157120 -1.012880  0.801205  0.262611 9.31990E-10
 zr  40   1.575045 -0.954955  0.859130  0.320536 2.50331E-09
 nb  41   0.434561 -0.975439  0.838646  0.300053 1.84487E-10
 mo  42   0.900329 -1.039671  0.774414  0.235820 5.56786E-10
 tc  43  -0.655401 -9.000000  0.000000  0.000000 1.58192E-11
 ru  44   0.448231 -1.311769  0.502316 -0.036278 2.07116E-10
 rh  45  -0.475955 -1.535955  0.278130 -0.260463 2.51099E-11
 pd  46   0.385097 -1.264903  0.549182  0.010588 1.88573E-10
 ag  47  -0.402326 -1.602326  0.211759 -0.326834 3.11837E-11
 cd  48   0.546981 -1.163019  0.651066  0.112473 2.89168E-10
 in  49  -0.513215 -1.273215  0.540870  0.002277 2.57132E-11
 sn  50   1.105133 -0.964867  0.849218  0.310625 1.10403E-09
 sb  51  -0.348542 -1.358542  0.455543 -0.083050 3.98403E-11
 te  52   0.735589 -1.444411  0.369674 -0.168919 5.06757E-10
  i  53  -0.081183 -1.631183  0.182902 -0.355692 7.68515E-11
 xe  54   0.974569 -1.265431  0.548654  0.010061 9.04006E-10
 cs  55   0.220216 -0.859784  0.954301  0.415707 1.61108E-10
 ba  56   1.683074 -0.496926  1.317159  0.778566 4.83271E-09
 la  57   0.694847 -0.475153  1.338932  0.800339 5.02261E-10
 ce  58   1.230383 -0.349617  1.464468  0.925875 1.73873E-09
 pr  59   0.195960 -0.564040  1.250045  0.711452 1.61531E-10
 nd  60   0.939301 -0.510700  1.303385  0.764792 9.15685E-10
 pm  61   0.000000 -9.000000  0.000000  0.000000 0.00000E+00
 sm  62   0.176176 -0.763824  1.050261  0.511668 1.64691E-10
 eu  63  -0.792995 -1.302995  0.511090 -0.027504 1.78692E-11
 gd  64   0.057572 -0.992428  0.821657  0.283064 1.31076E-10
 tb  65  -0.888127 -1.208127  0.605958  0.067364 1.50115E-11
 dy  66   0.190300 -0.939700  0.874385  0.335792 1.83871E-10
 ho  67  -0.761817 -1.231817  0.582268  0.043675 2.08374E-11
 er  68   0.039657 -0.880343  0.933742  0.395148 1.33785E-10
 tm  69  -0.888594 -1.008594  0.805491  0.266898 1.59398E-11
 yb  70   0.367320 -0.552680  1.261405  0.722812 2.94325E-10
 lu  71  -0.565681 -0.655681  1.158404  0.619811 3.47245E-11
 hf  72   0.350793 -0.359207  1.454878  0.916285 2.92259E-10
 ta  73  -0.610158 -0.490158  1.323927  0.785334 3.24158E-11
  w  74   0.287525 -0.362475  1.451610  0.913017 2.60211E-10
 re  75  -0.604811 -0.864811  0.949274  0.410681 3.37712E-11
 os  76   0.356850 -0.993150  0.820935  0.282341 3.15856E-10
 ir  77  -0.244694 -1.564694  0.249391 -0.289202 7.98838E-11
 pt  78   0.345570 -1.274430  0.539655  0.001061 3.15601E-10
 au  79  -0.450690 -1.250690  0.563395  0.024801 5.09406E-11
 hg  80   0.728022 -0.441978  1.372107  0.833513 7.82874E-10
 tl  81   0.551389 -0.218611  1.595474  1.056880 5.31122E-10
 pb  82   2.647808  0.607808  2.421893  1.883300 6.72293E-08
 bi  83   1.102424  0.452424  2.266509  1.727915 1.93148E-09
 po  84   1.863990 -9.000000  0.000000  0.000000 1.11557E-08
#[ls/Fe]_Thiswork =   0.7707, [hs/Fe]_Thiswork =   1.3735
#[hs/ls]_Thiswork =   0.6028, [Pb/hs]_Thiswork =   1.0484
# Elemental abundance ratios: 
# He/H =  9.1059E-02, C/O =  1.2800E+01, N/O = 2.90663E-01
#
#  TP   Mass     Mcore    Menv    log L
# 11 2.364411 0.776535 1.587876 4.218736
# El  Z   log e(X)   [X/H]    [X/Fe]     [X/O]      X(i)
  p   1  12.000000  0.000000  0.000000  0.000000 7.32904E-01
 he   2  10.964475  0.034474  1.848559  1.309966 2.68193E-01
  c   6   8.659021  0.189021  2.003106  1.464513 3.98279E-03
  n   7   6.920497 -0.949502  0.864583  0.325989 8.48065E-05
  o   8   7.483833 -1.246166  0.567919  0.000000 3.54416E-04
  f   9   4.545703  0.085703  1.899788  1.331869 4.85286E-07
 ne  10   7.451483 -0.518517  1.295568  0.727650 4.14946E-04
 na  11   5.321379 -0.988621  0.825464  0.257545 3.50352E-06
 mg  12   6.307998 -1.332002  0.482083 -0.085836 3.59154E-05
 al  13   4.818510 -1.651490  0.162595 -0.405324 1.29173E-06
 si  14   5.904502 -1.645498  0.168587 -0.399332 1.63900E-05
  p  15   3.877912 -1.592088  0.221997 -0.345922 1.70018E-07
  s  16   5.668190 -1.491810  0.322275 -0.245644 1.08594E-05
 cl  17   3.464970 -1.765030  0.049055 -0.518864 7.51985E-08
 ar  18   4.970571 -1.469429  0.344656 -0.223263 2.71427E-06
  k  19   3.465152 -1.614848  0.199237 -0.368682 8.29646E-08
 ca  20   4.803487 -1.486513  0.327572 -0.240346 1.85345E-06
 sc  21   1.548532 -1.501467  0.312618 -0.255301 1.15586E-09
 ti  22   3.482437 -1.427563  0.386522 -0.181396 1.05696E-07
  v  23   2.393798 -1.566202  0.247883 -0.320036 9.17193E-09
 cr  24   3.981438 -1.658562  0.155523 -0.412396 3.62238E-07
 mn  25   3.149330 -2.330670 -0.516585 -1.084504 5.63365E-08
 fe  26   5.727124 -1.812876  0.000000 -0.566710 2.16618E-05
 co  27   3.264221 -1.605779  0.207097 -0.359612 7.87348E-08
 ni  28   4.402624 -1.797376  0.015500 -0.551210 1.07844E-06
 cu  29   2.519709 -1.730291  0.082584 -0.484125 1.52892E-08
 zn  30   3.100354 -1.529646  0.283230 -0.283480 5.99209E-08
 ga  31   1.506614 -1.573386  0.239490 -0.327220 1.62771E-09
 ge  32   1.952848 -1.627151  0.185724 -0.380985 4.73818E-09
 as  33   0.619102 -1.680897  0.131978 -0.434731 2.26620E-10
 se  34   1.775064 -1.564936  0.247939 -0.318770 3.42025E-09
 br  35   0.865241 -1.674759  0.138117 -0.428593 4.25987E-10
 kr  36   2.091951 -1.158049  0.654827  0.088118 7.52959E-09
 rb  37   1.292322 -1.067678  0.745198  0.178488 1.21818E-09
 sr  38   1.804349 -1.075651  0.737225  0.170515 4.06012E-09
  y  39   1.248907 -0.921093  0.891783  0.325073 1.14663E-09
 zr  40   1.673104 -0.856896  0.955980  0.389271 3.12464E-09
 nb  41   0.524577 -0.885423  0.927453  0.360743 2.26052E-10
 mo  42   1.011327 -0.928673  0.884202  0.317493 7.16001E-10
 tc  43  -0.547035 -9.000000  0.000000  0.000000 2.02198E-11
 ru  44   0.546670 -1.213330  0.599546  0.032836 2.58749E-10
 rh  45  -0.415217 -1.475217  0.337658 -0.229051 2.87614E-11
 pd  46   0.466897 -1.183103  0.629773  0.063063 2.26729E-10
 ag  47  -0.363510 -1.563510  0.249366 -0.317344 3.39601E-11
 cd  48   0.605783 -1.104217  0.708659  0.141950 3.29746E-10
 in  49  -0.465403 -1.225403  0.587473  0.020764 2.85887E-11
 sn  50   1.179379 -0.890620  0.922255  0.355546 1.30453E-09
 sb  51  -0.271047 -1.281047  0.531829 -0.034880 4.74291E-11
 te  52   0.821771 -1.358229  0.454646 -0.112063 6.15472E-10
  i  53  -0.043060 -1.593060  0.219815 -0.346894 8.35607E-11
 xe  54   1.064540 -1.175460  0.637416  0.070706 1.10756E-09
 cs  55   0.318953 -0.761047  1.051828  0.485119 2.01410E-10
 ba  56   1.775255 -0.404745  1.408131  0.841421 5.95111E-09
 la  57   0.781685 -0.388315  1.424561  0.857851 6.10931E-10
 ce  58   1.323890 -0.256110  1.556765  0.990056 2.14765E-09
 pr  59   0.284933 -0.475067  1.337809  0.771099 1.97449E-10
 nd  60   1.022667 -0.427333  1.385543  0.818833 1.10494E-09
 pm  61   0.000000 -9.000000  0.000000  0.000000 0.00000E+00
 sm  62   0.262574 -0.677426  1.135450  0.568740 2.00121E-10
 eu  63  -0.725851 -1.235851  0.577025  0.010315 2.07719E-11
 gd  64   0.138574 -0.911426  0.901449  0.334740 1.57308E-10
 tb  65  -0.816393 -1.136393  0.676483  0.109773 1.76354E-11
 dy  66   0.271438 -0.858562  0.954313  0.387604 2.20739E-10
 ho  67  -0.691482 -1.161482  0.651394  0.084685 2.44009E-11
 er  68   0.124199 -0.795801  1.017075  0.450365 1.61873E-10
 tm  69  -0.809220 -0.929220  0.883655  0.316946 1.90583E-11
 yb  70   0.457715 -0.462285  1.350591  0.783881 3.60951E-10
 lu  71  -0.477185 -0.567185  1.245690  0.678981 4.23992E-11
 hf  72   0.444280 -0.265720  1.547155  0.980446 3.60978E-10
 ta  73  -0.517760 -0.397760  1.415115  0.848406 3.99375E-11
  w  74   0.381106 -0.268894  1.543982  0.977273 3.21465E-10
 re  75  -0.517353 -0.777353  1.035523  0.468813 4.11368E-11
 os  76   0.437585 -0.912415  0.900461  0.333751 3.78836E-10
 ir  77  -0.201054 -1.521054  0.291822 -0.274887 8.79680E-11
 pt  78   0.414958 -1.205042  0.607834  0.041124 3.68768E-10
 au  79  -0.381712 -1.181712  0.631164  0.064454 5.94659E-11
 hg  80   0.814174 -0.355826  1.457049  0.890340 9.50758E-10
 tl  81   0.640879 -0.129121  1.683754  1.117045 6.49995E-10
 pb  82   2.724978  0.684978  2.497854  1.931145 7.99752E-08
 bi  83   1.200833  0.550833  2.363709  1.797000 2.41282E-09
 po  84   1.908519 -9.000000  0.000000  0.000000 1.23098E-08
#[ls/Fe]_Thiswork =   0.8617, [hs/Fe]_Thiswork =   1.4632
#[hs/ls]_Thiswork =   0.6015, [Pb/hs]_Thiswork =   1.0347
# Elemental abundance ratios: 
# He/H =  9.2146E-02, C/O =  1.4969E+01, N/O = 2.73315E-01
#
#  TP   Mass     Mcore    Menv    log L
# 12 2.204562 0.777054 1.427508 4.225823
# El  Z   log e(X)   [X/H]    [X/Fe]     [X/O]      X(i)
  p   1  12.000000  0.000000  0.000000  0.000000 7.29516E-01
 he   2  10.970300  0.040299  1.853175  1.286466 2.70558E-01
  c   6   8.747115  0.277115  2.089991  1.523281 4.85589E-03
  n   7   6.923364 -0.946636  0.866240  0.299530 8.49734E-05
  o   8   7.512857 -1.217142  0.595734  0.000000 3.77159E-04
  f   9   4.672956  0.212956  2.025832  1.430099 6.47498E-07
 ne  10   7.536820 -0.433180  1.379696  0.783962 5.02708E-04
 na  11   5.418832 -0.891168  0.921708  0.325974 4.36461E-06
 mg  12   6.367506 -1.272494  0.540382 -0.055352 4.09993E-05
 al  13   4.894156 -1.575844  0.237032 -0.358702 1.53040E-06
 si  14   5.913914 -1.636086  0.176789 -0.418944 1.66716E-05
  p  15   3.929787 -1.540213  0.272663 -0.323071 1.90703E-07
  s  16   5.669981 -1.490019  0.322857 -0.272877 1.08539E-05
 cl  17   3.476752 -1.753248  0.059628 -0.536106 7.69094E-08
 ar  18   4.971817 -1.468184  0.344692 -0.251041 2.70948E-06
  k  19   3.469924 -1.610076  0.202800 -0.392934 8.34935E-08
 ca  20   4.804499 -1.485501  0.327374 -0.268359 1.84918E-06
 sc  21   1.572347 -1.477653  0.335222 -0.260511 1.21537E-09
 ti  22   3.485076 -1.424924  0.387952 -0.207782 1.05849E-07
  v  23   2.395517 -1.564483  0.248393 -0.347341 9.16574E-09
 cr  24   3.983106 -1.656894  0.155982 -0.439752 3.61951E-07
 mn  25   3.150887 -2.329113 -0.516237 -1.111970 5.62774E-08
 fe  26   5.728452 -1.811548  0.000000 -0.594406 2.16277E-05
 co  27   3.318807 -1.551193  0.260355 -0.334051 8.88669E-08
 ni  28   4.409630 -1.790370  0.021178 -0.573227 1.09092E-06
 cu  29   2.619260 -1.630740  0.180808 -0.413598 1.91392E-08
 zn  30   3.113261 -1.516739  0.294809 -0.299597 6.14431E-08
 ga  31   1.569503 -1.510497  0.301051 -0.293355 1.87264E-09
 ge  32   2.012762 -1.567238  0.244310 -0.350096 5.41393E-09
 as  33   0.659710 -1.640290  0.171258 -0.423148 2.47681E-10
 se  34   1.840592 -1.499408  0.312140 -0.282265 3.95890E-09
 br  35   0.905540 -1.634460  0.177087 -0.417318 4.65246E-10
 kr  36   2.193852 -1.056148  0.755400  0.160995 9.47678E-09
 rb  37   1.403669 -0.956331  0.855217  0.260812 1.56692E-09
 sr  38   1.883638 -0.996362  0.815186  0.220780 4.85083E-09
  y  39   1.331369 -0.838631  0.972917  0.378511 1.37999E-09
 zr  40   1.762598 -0.767402  1.044146  0.449740 3.82192E-09
 nb  41   0.604010 -0.805990  1.005557  0.411152 2.70164E-10
 mo  42   1.111897 -0.828103  0.983445  0.389040 8.98404E-10
 tc  43  -0.451577 -9.000000  0.000000  0.000000 2.50740E-11
 ru  44   0.640443 -1.119557  0.691991  0.097585 3.19624E-10
 rh  45  -0.352309 -1.412309  0.399239 -0.195167 3.30907E-11
 pd  46   0.549038 -1.100962  0.710586  0.116180 2.72669E-10
 ag  47  -0.320428 -1.520428  0.291120 -0.303286 3.73284E-11
 cd  48   0.665015 -1.044985  0.766563  0.172157 3.76182E-10
 in  49  -0.419511 -1.179511  0.632037  0.037631 3.16281E-11
 sn  50   1.241032 -0.828968  0.982579  0.388174 1.49656E-09
 sb  51  -0.204757 -1.214757  0.596791  0.002385 5.49948E-11
 te  52   0.897370 -1.282630  0.528918 -0.065488 7.29113E-10
  i  53  -0.005254 -1.555254  0.256294 -0.338112 9.07394E-11
 xe  54   1.149217 -1.090783  0.720764  0.126359 1.33978E-09
 cs  55   0.409283 -0.670717  1.140830  0.546425 2.46830E-10
 ba  56   1.858917 -0.321083  1.490465  0.896059 7.18204E-09
 la  57   0.859449 -0.310551  1.500997  0.906592 7.27353E-10
 ce  58   1.408164 -0.171836  1.639712  1.045306 2.59553E-09
 pr  59   0.365422 -0.394578  1.416970  0.822564 2.36555E-10
 nd  60   1.098248 -0.351753  1.459795  0.865390 1.30890E-09
 pm  61   0.000000 -9.000000  0.000000  0.000000 0.00000E+00
 sm  62   0.341914 -0.598086  1.213462  0.619056 2.39123E-10
 eu  63  -0.661326 -1.171326  0.640221  0.045816 2.39877E-11
 gd  64   0.214234 -0.835766  0.975782  0.381377 1.86380E-10
 tb  65  -0.748284 -1.068284  0.743263  0.148858 2.05344E-11
 dy  66   0.346762 -0.783238  1.028309  0.433904 2.61330E-10
 ho  67  -0.624792 -1.094792  0.716756  0.122350 2.83193E-11
 er  68   0.202049 -0.717951  1.093597  0.499191 1.92758E-10
 tm  69  -0.735680 -0.855680  0.955868  0.361462 2.24705E-11
 yb  70   0.539195 -0.380805  1.430743  0.836337 4.33427E-10
 lu  71  -0.397514 -0.487514  1.324033  0.729628 5.07010E-11
 hf  72   0.528143 -0.181857  1.629691  1.035285 4.35844E-10
 ta  73  -0.434683 -0.314683  1.496865  0.902459 4.81333E-11
  w  74   0.465885 -0.184115  1.627433  1.033027 3.88956E-10
 re  75  -0.436357 -0.696357  1.115191  0.520786 4.93417E-11
 os  76   0.513064 -0.836936  0.974612  0.380206 4.48660E-10
 ir  77  -0.156646 -1.476646  0.334902 -0.259504 9.69885E-11
 pt  78   0.481560 -1.138440  0.673108  0.078702 4.27900E-10
 au  79  -0.315570 -1.115570  0.695978  0.101572 6.89284E-11
 hg  80   0.892435 -0.277565  1.533983  0.939577 1.13323E-09
 tl  81   0.720772 -0.049228  1.762320  1.167914 7.77662E-10
 pb  82   2.792399  0.752399  2.563947  1.969542 9.29744E-08
 bi  83   1.289129  0.639129  2.450677  1.856271 2.94312E-09
 po  84   1.949839 -9.000000  0.000000  0.000000 1.34759E-08
#[ls/Fe]_Thiswork =   0.9441, [hs/Fe]_Thiswork =   1.5437
#[hs/ls]_Thiswork =   0.5996, [Pb/hs]_Thiswork =   1.0202
# Elemental abundance ratios: 
# He/H =  9.3390E-02, C/O =  1.7150E+01, N/O = 2.57339E-01
#
#  TP   Mass     Mcore    Menv    log L
# 13 1.958890 0.777544 1.181347 4.230505
# El  Z   log e(X)   [X/H]    [X/Fe]     [X/O]      X(i)
  p   1  12.000000  0.000000  0.000000  0.000000 7.25597E-01
 he   2  10.976961  0.046961  1.858509  1.264103 2.73263E-01
  c   6   8.833578  0.363578  2.175126  1.580720 5.89375E-03
  n   7   6.926622 -0.943377  0.868170  0.273765 8.51535E-05
  o   8   7.543450 -1.186550  0.624998  0.000000 4.02511E-04
  f   9   4.798463  0.338463  2.150011  1.525012 8.59816E-07
 ne  10   7.620708 -0.349292  1.462255  0.837257 6.06546E-04
 na  11   5.515047 -0.794953  1.016595  0.391597 5.41777E-06
 mg  12   6.434478 -1.205522  0.606026 -0.018972 4.75782E-05
 al  13   4.973267 -1.496733  0.314815 -0.310184 1.82631E-06
 si  14   5.925128 -1.624872  0.186676 -0.438323 1.70158E-05
  p  15   3.988009 -1.481990  0.329557 -0.295441 2.16891E-07
  s  16   5.672076 -1.487924  0.323624 -0.301374 1.08478E-05
 cl  17   3.490037 -1.739963  0.071585 -0.553413 7.88723E-08
 ar  18   4.973253 -1.466747  0.344800 -0.280198 2.70385E-06
  k  19   3.475597 -1.604403  0.207145 -0.417853 8.41369E-08
 ca  20   4.805646 -1.484354  0.327194 -0.297804 1.84411E-06
 sc  21   1.600826 -1.449174  0.362374 -0.262624 1.29077E-09
 ti  22   3.488056 -1.421944  0.389604 -0.235394 1.06005E-07
  v  23   2.397496 -1.562504  0.249044 -0.375954 9.15813E-09
 cr  24   3.985009 -1.654991  0.156557 -0.468441 3.61588E-07
 mn  25   3.152581 -2.327419 -0.515871 -1.140869 5.61938E-08
 fe  26   5.729982 -1.810018  0.000000 -0.623468 2.15874E-05
 co  27   3.376868 -1.493132  0.316886 -0.306582 1.01032E-07
 ni  28   4.417833 -1.782167  0.027851 -0.595617 1.10574E-06
 cu  29   2.715137 -1.534863  0.275155 -0.348314 2.37388E-08
 zn  30   3.129097 -1.500903  0.309115 -0.314353 6.33825E-08
 ga  31   1.637814 -1.442186  0.367832 -0.255637 2.17984E-09
 ge  32   2.079131 -1.500869  0.309149 -0.314319 6.27396E-09
 as  33   0.707423 -1.592577  0.217441 -0.406027 2.74958E-10
 se  34   1.913677 -1.426323  0.383695 -0.239773 4.65929E-09
 br  35   0.953283 -1.586717  0.223301 -0.400167 5.16519E-10
 kr  36   2.289569 -0.960431  0.849587  0.226119 1.17500E-08
 rb  37   1.510296 -0.849704  0.960314  0.336846 1.99221E-09
 sr  38   1.960577 -0.919423  0.890595  0.267127 5.75990E-09
  y  39   1.409944 -0.760056  1.049962  0.426493 1.64478E-09
 zr  40   1.848148 -0.681852  1.128166  0.504698 4.62906E-09
 nb  41   0.679151 -0.730849  1.079169  0.455700 3.19469E-10
 mo  42   1.206488 -0.733512  1.076506  0.453037 1.11102E-09
 tc  43  -0.368440 -9.000000  0.000000  0.000000 3.02010E-11
 ru  44   0.726260 -1.033740  0.776278  0.152810 3.87362E-10
 rh  45  -0.291200 -1.351200  0.458818 -0.164650 3.78858E-11
 pd  46   0.626592 -1.023408  0.786610  0.163141 3.24227E-10
 ag  47  -0.275553 -1.475553  0.334465 -0.289003 4.11694E-11
 cd  48   0.725241 -0.984759  0.825259  0.201790 4.29817E-10
 in  49  -0.371478 -1.131478  0.678540  0.055072 3.51372E-11
 sn  50   1.299186 -0.770814  1.039204  0.415735 1.70180E-09
 sb  51  -0.142973 -1.152973  0.657045  0.033577 6.30618E-11
 te  52   0.967703 -1.212297  0.597721 -0.025748 8.52685E-10
  i  53   0.033333 -1.516667  0.293351 -0.330117 9.86376E-11
 xe  54   1.232603 -1.007397  0.802621  0.179153 1.61465E-09
 cs  55   0.496297 -0.583703  1.226315  0.602847 2.99967E-10
 ba  56   1.938960 -0.241040  1.568978  0.945510 8.58917E-09
 la  57   0.933508 -0.236492  1.573526  0.950058 8.57954E-10
 ce  58   1.487985 -0.092015  1.718003  1.094534 3.10247E-09
 pr  59   0.442197 -0.317803  1.492215  0.868747 2.80780E-10
 nd  60   1.168826 -0.281174  1.528844  0.905376 1.53161E-09
 pm  61   0.000000 -9.000000  0.000000  0.000000 0.00000E+00
 sm  62   0.416835 -0.523165  1.286853  0.663384 2.82619E-10
 eu  63  -0.597775 -1.107775  0.702243  0.078774 2.76185E-11
 gd  64   0.287245 -0.762755  1.047263  0.423795 2.19316E-10
 tb  65  -0.682098 -1.002098  0.807920  0.184451 2.37864E-11
 dy  66   0.419178 -0.710822  1.099196  0.475728 3.07090E-10
 ho  67  -0.559521 -1.029521  0.780497  0.157029 3.27351E-11
 er  68   0.277082 -0.642918  1.167100  0.543632 2.27880E-10
 tm  69  -0.665313 -0.785313  1.024705  0.401237 2.62809E-11
 yb  70   0.616344 -0.303656  1.506362  0.882894 5.14903E-10
 lu  71  -0.322762 -0.412762  1.397256  0.773788 5.99003E-11
 hf  72   0.606334 -0.103666  1.706352  1.082883 5.19018E-10
 ta  73  -0.358254 -0.238254  1.571764  0.948295 5.70866E-11
  w  74   0.544598 -0.105402  1.704616  1.081147 4.63738E-10
 re  75  -0.361111 -0.621111  1.188907  0.565439 5.83606E-11
 os  76   0.583969 -0.766031  1.043987  0.420519 5.25391E-10
 ir  77  -0.112322 -1.432322  0.377696 -0.245772 1.06833E-10
 pt  78   0.545599 -1.074401  0.735617  0.112149 4.93221E-10
 au  79  -0.252106 -1.052106  0.757912  0.134444 7.93455E-11
 hg  80   0.965605 -0.204395  1.605623  0.982154 1.33398E-09
 tl  81   0.795071  0.025071  1.835089  1.211620 9.17805E-10
 pb  82   2.854893  0.814893  2.624911  2.001442 1.06787E-07
 bi  83   1.370666  0.720666  2.530684  1.907215 3.53187E-09
 po  84   1.991352 -9.000000  0.000000  0.000000 1.47480E-08
#[ls/Fe]_Thiswork =   1.0229, [hs/Fe]_Thiswork =   1.6202
#[hs/ls]_Thiswork =   0.5973, [Pb/hs]_Thiswork =   1.0047
# Elemental abundance ratios: 
# He/H =  9.4833E-02, C/O =  1.9504E+01, N/O = 2.41642E-01
#
# Final abundances
# El  Z   log e(X)   [X/H]    [X/Fe]     [X/O]      X(i)
  p   1  12.000000  0.000000  0.000000  0.000000 7.15886E-01
 he   2  10.993315  0.063314  1.869753  1.181710 2.79952E-01
  c   6   8.995846  0.525846  2.332284  1.644241 8.44905E-03
  n   7   6.936735 -0.933265  0.873173  0.185131 8.59931E-05
  o   8   7.611604 -1.118396  0.688043  0.000000 4.64600E-04
  f   9   5.016323  0.556323  2.362761  1.674719 1.40092E-06
 ne  10   7.790969 -0.179031  1.627408  0.939365 8.85673E-04
 na  11   5.725865 -0.584135  1.222304  0.534261 8.68535E-06
 mg  12   6.611899 -1.028101  0.778337  0.090295 7.06281E-05
 al  13   5.128583 -1.341416  0.465022 -0.223021 2.57657E-06
 si  14   5.955114 -1.594886  0.211552 -0.476490 1.79882E-05
  p  15   4.125589 -1.344410  0.462028 -0.226015 2.93745E-07
  s  16   5.677182 -1.482818  0.323621 -0.364422 1.08292E-05
 cl  17   3.522193 -1.707807  0.098631 -0.589411 8.37973E-08
 ar  18   4.976883 -1.463117  0.343321 -0.344721 2.69006E-06
  k  19   3.485843 -1.594157  0.212281 -0.475761 8.49925E-08
 ca  20   4.808232 -1.481768  0.324670 -0.363372 1.83030E-06
 sc  21   1.678111 -1.371889  0.434550 -0.253493 1.52154E-09
 ti  22   3.495209 -1.414791  0.391647 -0.296395 1.06324E-07
  v  23   2.402520 -1.557480  0.248959 -0.439084 9.14070E-09
 cr  24   3.989443 -1.650557  0.155881 -0.532161 3.60409E-07
 mn  25   3.156037 -2.323963 -0.517524 -1.205567 5.58848E-08
 fe  26   5.733562 -1.806438  0.000000 -0.688043 2.14748E-05
 co  27   3.498750 -1.371250  0.435188 -0.252854 1.31975E-07
 ni  28   4.442118 -1.757882  0.048557 -0.639486 1.15369E-06
 cu  29   2.884193 -1.365807  0.440632 -0.247411 3.45673E-08
 zn  30   3.176288 -1.453712  0.352726 -0.335317 6.97121E-08
 ga  31   1.799680 -1.280320  0.526118 -0.161924 3.12205E-09
 ge  32   2.238160 -1.341840  0.464599 -0.223444 8.92728E-09
 as  33   0.830912 -1.469088  0.337350 -0.350693 3.60499E-10
 se  34   2.090804 -1.249196  0.557243 -0.130800 6.91186E-09
 br  35   1.061464 -1.478536  0.327903 -0.360140 6.53757E-10
 kr  36   2.480434 -0.769566  1.036873  0.348830 1.79909E-08
 rb  37   1.727534 -0.632466  1.173973  0.485930 3.24132E-09
 sr  38   2.120927 -0.759073  1.047365  0.359323 8.22079E-09
  y  39   1.567238 -0.602762  1.203676  0.515634 2.33106E-09
 zr  40   2.018373 -0.511627  1.294811  0.606768 6.75874E-09
 nb  41   0.823895 -0.586105  1.220333  0.532290 4.39867E-10
 mo  42   1.386600 -0.553401  1.253038  0.564995 1.65952E-09
 tc  43  -0.150123 -9.000000  0.000000  0.000000 4.92592E-11
 ru  44   0.900246 -0.859754  0.946684  0.258641 5.70494E-10
 rh  45  -0.151544 -1.211544  0.594895 -0.093148 5.15562E-11
 pd  46   0.800970 -0.849030  0.957409  0.269366 4.77944E-10
 ag  47  -0.161069 -1.361069  0.445369 -0.242673 5.28698E-11
 cd  48   0.875238 -0.834762  0.971677  0.283634 5.99005E-10
 in  49  -0.247283 -1.007283  0.799155  0.111113 4.61436E-11
 sn  50   1.406981 -0.663019  1.143419  0.455376 2.15205E-09
 sb  51  -0.040663 -1.050663  0.755776  0.067733 7.87456E-11
 te  52   1.082765 -1.097235  0.709203  0.021160 1.09647E-09
  i  53   0.103772 -1.446228  0.360211 -0.327832 1.14454E-10
 xe  54   1.385212 -0.854788  0.951650  0.263608 2.26380E-09
 cs  55   0.700296 -0.379704  1.426735  0.738692 4.73392E-10
 ba  56   2.091245 -0.088755  1.717683  1.029640 1.20333E-08
 la  57   1.072149 -0.097851  1.708588  1.020545 1.16481E-09
 ce  58   1.638730  0.058730  1.865168  1.177126 4.33114E-09
 pr  59   0.587997 -0.172003  1.634436  0.946393 3.87541E-10
 nd  60   1.306204 -0.143796  1.662642  0.974600 2.07335E-09
 pm  61   0.000000 -9.000000  0.000000  0.000000 1.61452E-21
 sm  62   0.565701 -0.374299  1.432139  0.744096 3.92840E-10
 eu  63  -0.479814 -0.989814  0.816625  0.128582 3.57529E-11
 gd  64   0.434150 -0.615850  1.190588  0.502546 3.03476E-10
 tb  65  -0.545852 -0.865852  0.940587  0.252544 3.21162E-11
 dy  66   0.564985 -0.565015  1.241424  0.553381 4.23859E-10
 ho  67  -0.424636 -0.894636  0.911803  0.223760 4.40603E-11
 er  68   0.428290 -0.491710  1.314729  0.626686 3.18467E-10
 tm  69  -0.520476 -0.640476  1.165962  0.477919 3.61930E-11
 yb  70   0.769091 -0.150909  1.655529  0.967486 7.22140E-10
 lu  71  -0.173803 -0.263803  1.542635  0.854592 8.32792E-11
 hf  72   0.760398  0.050398  1.856836  1.168794 7.30122E-10
 ta  73  -0.203816 -0.083816  1.722622  1.034579 8.03751E-11
  w  74   0.697754  0.047754  1.854192  1.166150 6.50995E-10
 re  75  -0.207601 -0.467601  1.338838  0.650795 8.19935E-11
 os  76   0.724727 -0.625273  1.181165  0.493122 7.16786E-10
 ir  77  -0.015615 -1.335615  0.470824 -0.217219 1.31692E-10
 pt  78   0.677678 -0.942322  0.864117  0.176074 6.59584E-10
 au  79  -0.119347 -0.919347  0.887092  0.199049 1.06275E-10
 hg  80   1.114262 -0.055738  1.750700  1.062657 1.85334E-09
 tl  81   0.943243  0.173243  1.979681  1.291639 1.27371E-09
 pb  82   2.972233  0.932233  2.738671  2.050629 1.38040E-07
 bi  83   1.535040  0.885040  2.691478  2.003436 5.08778E-09
 po  84   2.080602 -9.000000  0.000000  0.000000 1.78703E-08
#[ls/Fe]_Thiswork =   1.1820, [hs/Fe]_Thiswork =   1.7638
#[hs/ls]_Thiswork =   0.5819, [Pb/hs]_Thiswork =   0.9749
# Elemental abundance ratios: 
# He/H =  9.8472E-02, C/O =  2.4223E+01, N/O = 2.11413E-01
