#pulse    Mcore         M_csh         t_csh         Ddredge       lambda       DMh           THeshell       Tbce        THshell       interpulse       Mtot         MaxL          MaxLHe      maxR           Mbol         Teff 
   1   8.172137E-01  5.727887E-03  4.096870E+01  6.048679E-04  4.237515E-01  1.427412E-03  2.454385E+08  6.101623E+06  8.272982E+07  0.000000E+00  2.999976E+00  1.279537E+04  6.083570E+05  2.303572E+02 -5.547632E+00  2.999849E+00
   2   8.184983E-01  5.756319E-03  3.507377E+01  1.442552E-03  7.634460E-01  1.889527E-03  2.600137E+08  7.492317E+06  8.444161E+07  1.268090E+04  2.999974E+00  1.365453E+04  1.500979E+06  2.409141E+02 -5.618192E+00  2.999849E+00
   3   8.194724E-01  5.799413E-03  3.423226E+01  2.205849E-03  9.127636E-01  2.416670E-03  2.730172E+08  9.632214E+06  8.486008E+07  1.397923E+04  2.999972E+00  1.462626E+04  3.507838E+06  2.525693E+02 -5.692832E+00  2.999849E+00
   4   8.201885E-01  5.913377E-03  3.275412E+01  2.841055E-03  9.723384E-01  2.921879E-03  2.843508E+08  1.248924E+07  8.460529E+07  1.513979E+04  2.999968E+00  1.558544E+04  7.970908E+06  2.673072E+02 -5.761797E+00  2.999849E+00
   5   8.207417E-01  6.027222E-03  3.357972E+01  3.396451E-03  1.000650E+00  3.394246E-03  2.948867E+08  1.552214E+07  8.424878E+07  1.623425E+04  2.999960E+00  1.643941E+04  1.668223E+07  2.827163E+02 -5.819715E+00  2.999849E+00
   6   8.212289E-01  6.158590E-03  3.669509E+01  3.879070E-03  9.988182E-01  3.883660E-03  3.041650E+08  1.857257E+07  8.396267E+07  1.752087E+04  2.999945E+00  1.716970E+04  3.247832E+07  2.989271E+02 -5.866907E+00  2.999849E+00
   7   8.216846E-01  6.310880E-03  3.979726E+01  4.171073E-03  9.622281E-01  4.334807E-03  3.124410E+08  2.182736E+07  8.377613E+07  1.868209E+04  2.999920E+00  1.780550E+04  5.818994E+07  3.114542E+02 -5.906385E+00  2.999849E+00
   8   8.221177E-01  6.458521E-03  3.921868E+01  4.587114E-03  9.763149E-01  4.698396E-03  3.194978E+08  2.498782E+07  8.362718E+07  1.952348E+04  2.999880E+00  1.835629E+04  9.414254E+07  3.231189E+02 -5.939462E+00  2.999849E+00
   9   8.225383E-01  6.601810E-03  4.078520E+01  4.920900E-03  9.826815E-01  5.007625E-03  3.253423E+08  2.803165E+07  8.347542E+07  2.017590E+04  2.999814E+00  1.884280E+04  1.412903E+08  3.347284E+02 -5.967865E+00  2.999849E+00
  10   8.229513E-01  6.766021E-03  4.258961E+01  5.198240E-03  9.745664E-01  5.333900E-03  3.240197E+08  3.092909E+07  8.334997E+07  2.089883E+04  2.999703E+00  1.927974E+04  2.046373E+08  3.466427E+02 -5.992754E+00  2.999849E+00
  11   8.233411E-01  6.911516E-03  4.316380E+01  5.444288E-03  9.742622E-01  5.588114E-03  3.238572E+08  3.351663E+07  8.324120E+07  2.138657E+04  2.999510E+00  1.966321E+04  2.731129E+08  3.627113E+02 -6.014137E+00  2.999849E+00
  12   8.237144E-01  7.035613E-03  4.054016E+01  5.648494E-03  9.709333E-01  5.817592E-03  3.282068E+08  3.561030E+07  8.312043E+07  2.181417E+04  2.999161E+00  1.999898E+04  3.311057E+08  3.767881E+02 -6.032520E+00  2.999849E+00
  13   8.240724E-01  7.155180E-03  3.959311E+01  5.819738E-03  9.689196E-01  6.006420E-03  3.264065E+08  3.727554E+07  8.296538E+07  2.212498E+04  2.998493E+00  2.029135E+04  4.466299E+08  3.934143E+02 -6.048278E+00  2.999849E+00
  14   8.244120E-01  7.256985E-03  3.757021E+01  5.953014E-03  9.664886E-01  6.159425E-03  3.268660E+08  3.871359E+07  8.281334E+07  2.232817E+04  2.997210E+00  2.055483E+04  5.224075E+08  4.086169E+02 -6.062285E+00  2.999849E+00
  15   8.247247E-01  7.334232E-03  3.589812E+01  6.086051E-03  9.713375E-01  6.265640E-03  3.295056E+08  4.018564E+07  8.267635E+07  2.237369E+04  2.995002E+00  2.080666E+04  6.377221E+08  4.212742E+02 -6.075507E+00  2.999849E+00
  16   8.250315E-01  7.402778E-03  3.593721E+01  6.173253E-03  9.656516E-01  6.392837E-03  3.289813E+08  4.169868E+07  8.255230E+07  2.249357E+04  2.991331E+00  2.104876E+04  7.176408E+08  4.322803E+02 -6.088067E+00  2.999849E+00
  17   8.253121E-01  7.449985E-03  3.807066E+01  6.256163E-03  9.693659E-01  6.453872E-03  3.309814E+08  4.308842E+07  8.241558E+07  2.240865E+04  2.985447E+00  2.128269E+04  7.759027E+08  4.425933E+02 -6.100066E+00  2.999849E+00
  18   8.255834E-01  7.480562E-03  3.769641E+01  6.308556E-03  9.664606E-01  6.527483E-03  3.304044E+08  4.413843E+07  8.228311E+07  2.239037E+04  2.975547E+00  2.149559E+04  8.895432E+08  4.538986E+02 -6.110874E+00  2.999849E+00
  19   8.258324E-01  7.491946E-03  3.876392E+01  6.331146E-03  9.654693E-01  6.557584E-03  3.297100E+08  4.467062E+07  8.213176E+07  2.226581E+04  2.958135E+00  2.166507E+04  9.091603E+08  4.658527E+02 -6.119401E+00  2.999849E+00
  20   8.260711E-01  7.496238E-03  4.006672E+01  6.375253E-03  9.703873E-01  6.569803E-03  3.335960E+08  4.477447E+07  8.196350E+07  2.212564E+04  2.924294E+00  2.179763E+04  1.031075E+09  4.785125E+02 -6.126024E+00  2.999849E+00
  21   8.263344E-01  7.526815E-03  4.059662E+01  6.412387E-03  9.659265E-01  6.638587E-03  3.304693E+08  4.411058E+07  8.179002E+07  2.223322E+04  2.836011E+00  2.187103E+04  1.028637E+09  4.953957E+02 -6.129674E+00  2.999849E+00
  22   8.265960E-01  7.551074E-03  4.010791E+01  5.957186E-03  8.926052E-01  6.673932E-03  3.318125E+08  4.126956E+07  8.150452E+07  2.262279E+04  2.303455E+00  2.178397E+04  1.101855E+09  5.489187E+02 -6.125343E+00  2.999849E+00
