# Initial mass = 1.700, Z =  0.0003, Y =  0.240, M_mix = 1.00E-03
# Final mass = 0.665, Mass expelled =   1.0350
# El  Z   log e(X)   [X/H]    [X/Fe]     X(i)      Mass(i)
  p   1  12.000000  0.000000  0.000000 7.02710E-01 7.27305E-01
 he   2  11.040673  0.110673  1.881058 3.06460E-01 3.17187E-01
  c   6   9.245338  0.775338  2.545723 1.47310E-02 1.52466E-02
  n   7   6.846561 -1.023439  0.746946 6.85838E-05 7.09842E-05
  o   8   7.753314 -0.976686  0.793699 6.32007E-04 6.54127E-04
  f   9   5.286294  0.866294  2.636680 2.56046E-06 2.65008E-06
 ne  10   7.835680 -0.134319  1.636066 9.63645E-04 9.97373E-04
 na  11   5.767942 -0.472058  1.298327 9.39283E-06 9.72158E-06
 mg  12   6.367464 -1.272536  0.497849 3.94889E-05 4.08710E-05
 al  13   4.838232 -1.611768  0.158617 1.29605E-06 1.34141E-06
 si  14   6.166168 -1.383832  0.386553 2.87060E-05 2.97107E-05
  p  15   3.916771 -1.493229  0.277156 1.78272E-07 1.84512E-07
  s  16   5.393942 -1.756058  0.014328 5.53719E-06 5.73099E-06
 cl  17   3.517651 -1.712349  0.058036 8.13990E-08 8.42480E-08
 ar  18   4.669177 -1.770823 -0.000438 1.30013E-06 1.34564E-06
  k  19   3.335438 -1.744562  0.025823 5.90076E-08 6.10728E-08
 ca  20   4.516642 -1.773358 -0.002973 9.18044E-07 9.50176E-07
 sc  21   1.425928 -1.624072  0.146313 8.35664E-10 8.64912E-10
 ti  22   3.167212 -1.742787  0.027598 4.90416E-08 5.07580E-08
  v  23   2.182133 -1.777867 -0.007482 5.40162E-09 5.59068E-09
 cr  24   3.852552 -1.787447 -0.017062 2.58130E-07 2.67164E-07
 mn  25   3.730419 -1.749581  0.020804 2.05877E-07 2.13083E-07
 fe  26   5.769615 -1.770385  0.000000 2.29042E-05 2.37058E-05
 co  27   3.330573 -1.539427  0.230958 8.79523E-08 9.10307E-08
 ni  28   4.459211 -1.740789  0.029596 1.17791E-06 1.21914E-06
 cu  29   2.857086 -1.392914  0.377471 3.18779E-08 3.29936E-08
 zn  30   3.068594 -1.561406  0.208979 5.34007E-08 5.52697E-08
 ga  31   1.918219 -1.161781  0.608604 4.02634E-09 4.16726E-09
 ge  32   2.384833 -1.195167  0.575219 1.22836E-08 1.27135E-08
 as  33   0.963202 -1.336797  0.433588 4.79875E-10 4.96670E-10
 se  34   2.247864 -1.092136  0.678249 9.74061E-09 1.00815E-08
 br  35   1.341690 -1.198310  0.572075 1.22342E-09 1.26624E-09
 kr  36   2.311172 -0.938828  0.831557 1.19597E-08 1.23783E-08
 rb  37   1.519037 -1.000963  0.769423 1.96859E-09 2.03750E-09
 sr  38   2.405436 -0.474565  1.295821 1.55365E-08 1.60803E-08
  y  39   1.787333 -0.422668  1.347718 3.79821E-09 3.93115E-09
 zr  40   2.203867 -0.326133  1.444252 1.01693E-08 1.05252E-08
 nb  41   0.994261 -0.415739  1.354646 6.39176E-10 6.61547E-10
 mo  42   1.386829 -0.553171  1.217215 1.62984E-09 1.68688E-09
 ru  44   1.112128 -0.647872  1.122514 9.12150E-10 9.44075E-10
 rh  45   0.085876 -0.974123  0.796262 8.74244E-11 9.04843E-11
 pd  46   1.137449 -0.512551  1.257835 1.01809E-09 1.05373E-09
 ag  47   0.354798 -0.845202  0.925184 1.70218E-10 1.76176E-10
 cd  48   1.330645 -0.379355  1.391030 1.67791E-09 1.73664E-09
 in  49   0.203898 -0.556102  1.214284 1.28004E-10 1.32484E-10
 sn  50   1.792229 -0.277771  1.492614 5.12899E-09 5.30851E-09
 sb  51   0.280739 -0.729261  1.041124 1.62016E-10 1.67687E-10
 te  52   1.394705 -0.785295  0.985090 2.20735E-09 2.28461E-09
  i  53   0.319933 -1.230067  0.540318 1.84809E-10 1.91278E-10
 xe  54   1.532418 -0.707582  1.062804 3.11871E-09 3.22787E-09
 cs  55   0.343930 -0.736070  1.034315 2.04544E-10 2.11703E-10
 ba  56   2.366256  0.186256  1.956641 2.22498E-08 2.30286E-08
 la  57   1.370399  0.200400  1.970785 2.27215E-09 2.35167E-09
 ce  58   1.872496  0.292496  2.062881 7.28280E-09 7.53770E-09
 pr  59   0.840149  0.080149  1.850534 6.79830E-10 7.03624E-10
 nd  60   1.633204  0.183203  1.953589 4.32120E-09 4.47244E-09
 sm  62   0.827343 -0.112657  1.657728 7.04354E-10 7.29006E-10
 eu  63  -0.245630 -0.755630  1.014755 6.01763E-11 6.22825E-11
 gd  64   0.669002 -0.380998  1.389387 5.11573E-10 5.29478E-10
 tb  65  -0.289300 -0.609300  1.161085 5.69125E-11 5.89044E-11
 dy  66   0.819448 -0.310552  1.459833 7.47510E-10 7.73673E-10
 ho  67  -0.212423 -0.682423  1.087962 7.05004E-11 7.29679E-11
 er  68   0.652261 -0.267739  1.502646 5.23560E-10 5.41884E-10
 tm  69  -0.300811 -0.420811  1.349574 5.89144E-11 6.09765E-11
 yb  70   0.981546  0.061546  1.831932 1.15613E-09 1.19660E-09
 lu  71   0.018229 -0.071771  1.698615 1.27204E-10 1.31656E-10
 hf  72   0.915154  0.205154  1.975540 1.02349E-09 1.05931E-09
 ta  73  -0.034005  0.085995  1.856380 1.16644E-10 1.20727E-10
  w  74   0.929690  0.279690  2.050076 1.09005E-09 1.12820E-09
 re  75  -0.008189 -0.268189  1.502196 1.27386E-10 1.31845E-10
 os  76   0.875431 -0.474569  1.295816 9.95465E-10 1.03031E-09
 ir  77   0.153521 -1.166479  0.603906 1.90822E-10 1.97500E-10
 pt  78   0.897912 -0.722088  1.048297 1.07507E-09 1.11270E-09
 au  79   0.102614 -0.697386  1.073000 1.73910E-10 1.79997E-10
 hg  80   1.398414  0.228414  1.998799 3.49976E-09 3.62225E-09
 tl  81   1.132653  0.362653  2.133039 1.93381E-09 2.00149E-09
 pb  82   3.123748  1.083748  2.854133 1.92067E-07 1.98790E-07
 bi  83   1.257020  0.607020  2.377405 2.63293E-09 2.72509E-09
#  [ls/Fe]  [hs/Fe]  [hs/ls]  [Pb/hs]
    1.3626   1.9968   0.6342   0.8574
# Initial mass = 1.700, Z =  0.0003, Y =  0.240, M_mix = 2.00E-03
# Final mass = 0.665, Mass expelled =   1.0350
# El  Z   log e(X)   [X/H]    [X/Fe]     X(i)      Mass(i)
  p   1  12.000000  0.000000  0.000000 7.02714E-01 7.27309E-01
 he   2  11.040558  0.110558  1.882570 3.06381E-01 3.17104E-01
  c   6   9.236317  0.766316  2.538329 1.44283E-02 1.49333E-02
  n   7   6.851147 -1.018853  0.753159 6.93122E-05 7.17382E-05
  o   8   7.805748 -0.924252  0.847761 7.13114E-04 7.38073E-04
  f   9   5.346370  0.926370  2.698382 2.94033E-06 3.04324E-06
 ne  10   7.938315 -0.031684  1.740328 1.22055E-03 1.26327E-03
 na  11   5.947719 -0.292281  1.479731 1.42094E-05 1.47067E-05
 mg  12   6.462198 -1.177802  0.594210 4.91147E-05 5.08337E-05
 al  13   4.849181 -1.600819  0.171193 1.32915E-06 1.37567E-06
 si  14   6.167445 -1.382555  0.389457 2.87907E-05 2.97984E-05
  p  15   4.028109 -1.381891  0.390121 2.30369E-07 2.38432E-07
  s  16   5.394866 -1.755134  0.016878 5.54901E-06 5.74323E-06
 cl  17   3.516452 -1.713548  0.058464 8.11751E-08 8.40162E-08
 ar  18   4.668236 -1.771764  0.000248 1.29733E-06 1.34273E-06
  k  19   3.336067 -1.743933  0.028080 5.90935E-08 6.11617E-08
 ca  20   4.515753 -1.774247 -0.002235 9.16172E-07 9.48238E-07
 sc  21   1.453522 -1.596478  0.175534 8.90488E-10 9.21655E-10
 ti  22   3.182625 -1.727375  0.044637 5.08135E-08 5.25920E-08
  v  23   2.187937 -1.772063 -0.000051 5.47433E-09 5.66593E-09
 cr  24   3.851971 -1.788029 -0.016017 2.57786E-07 2.66808E-07
 mn  25   3.727824 -1.752176  0.019836 2.04651E-07 2.11814E-07
 fe  26   5.767988 -1.772012  0.000000 2.28187E-05 2.36173E-05
 co  27   3.311162 -1.558838  0.213174 8.41082E-08 8.70520E-08
 ni  28   4.455815 -1.744185  0.027827 1.16874E-06 1.20965E-06
 cu  29   2.846766 -1.403234  0.368779 3.11296E-08 3.22191E-08
 zn  30   3.104364 -1.525636  0.246377 5.79856E-08 6.00151E-08
 ga  31   2.027228 -1.052772  0.719241 5.17515E-09 5.35628E-09
 ge  32   2.525917 -1.054083  0.717929 1.69985E-08 1.75935E-08
 as  33   1.108590 -1.191410  0.580602 6.70684E-10 6.94158E-10
 se  34   2.463474 -0.876526  0.895487 1.60029E-08 1.65630E-08
 br  35   1.545402 -0.994598  0.777414 1.95564E-09 2.02408E-09
 kr  36   2.625980 -0.624020  1.147993 2.46906E-08 2.55548E-08
 rb  37   1.855321 -0.664679  1.107333 4.27015E-09 4.41960E-09
 sr  38   2.738140 -0.141860  1.630152 3.34242E-08 3.45941E-08
  y  39   2.119340 -0.090660  1.681352 8.15810E-09 8.44364E-09
 zr  40   2.514320 -0.015680  1.756333 2.07849E-08 2.15124E-08
 nb  41   1.299325 -0.110675  1.661337 1.29029E-09 1.33545E-09
 mo  42   1.672450 -0.267550  1.504462 3.14607E-09 3.25618E-09
 ru  44   1.387517 -0.372483  1.399529 1.71972E-09 1.77991E-09
 rh  45   0.337616 -0.722384  1.049628 1.56090E-10 1.61553E-10
 pd  46   1.410189 -0.239811  1.532201 1.90779E-09 1.97456E-09
 ag  47   0.612352 -0.587648  1.184365 3.08009E-10 3.18789E-10
 cd  48   1.600958 -0.109042  1.662970 3.12669E-09 3.23613E-09
 in  49   0.468322 -0.291678  1.480334 2.35315E-10 2.43551E-10
 sn  50   2.052921 -0.017079  1.754934 9.34818E-09 9.67537E-09
 sb  51   0.530864 -0.479136  1.292876 2.88195E-10 2.98282E-10
 te  52   1.642688 -0.537312  1.234700 3.90712E-09 4.04386E-09
  i  53   0.516524 -1.033476  0.738537 2.90615E-10 3.00787E-10
 xe  54   1.765672 -0.474328  1.297684 5.33619E-09 5.52296E-09
 cs  55   0.570536 -0.509464  1.262548 3.44663E-10 3.56726E-10
 ba  56   2.578152  0.398152  2.170164 3.62431E-08 3.75116E-08
 la  57   1.574541  0.404541  2.176553 3.63564E-09 3.76288E-09
 ce  58   2.073938  0.493938  2.265951 1.15810E-08 1.19863E-08
 pr  59   1.042036  0.282036  2.054048 1.08216E-09 1.12003E-09
 nd  60   1.828101  0.378101  2.150113 6.76870E-09 7.00560E-09
 sm  62   1.019927  0.079927  1.851939 1.09743E-09 1.13584E-09
 eu  63  -0.063017 -0.573017  1.198995 9.16310E-11 9.48381E-11
 gd  64   0.859313 -0.190687  1.581325 7.92907E-10 8.20658E-10
 tb  65  -0.104664 -0.424664  1.347348 8.70657E-11 9.01130E-11
 dy  66   1.009262 -0.120738  1.651274 1.15727E-09 1.19777E-09
 ho  67  -0.029840 -0.499840  1.272172 1.07344E-10 1.11101E-10
 er  68   0.845983 -0.074017  1.697995 8.17881E-10 8.46507E-10
 tm  69  -0.112839 -0.232839  1.539173 9.08231E-11 9.40019E-11
 yb  70   1.179448  0.259448  2.031460 1.82353E-09 1.88735E-09
 lu  71   0.212433  0.122433  1.894445 1.98933E-10 2.05896E-10
 hf  72   1.106071  0.396071  2.168084 1.58856E-09 1.64416E-09
 ta  73   0.156752  0.276752  2.048764 1.80977E-10 1.87311E-10
  w  74   1.122115  0.472115  2.244127 1.69775E-09 1.75717E-09
 re  75   0.183424 -0.076576  1.695436 1.98033E-10 2.04965E-10
 os  76   1.066133 -0.283867  1.488146 1.54430E-09 1.59835E-09
 ir  77   0.315185 -1.004815  0.767197 2.76882E-10 2.86573E-10
 pt  78   1.080962 -0.539038  1.232974 1.63866E-09 1.69601E-09
 au  79   0.282535 -0.517465  1.254547 2.63176E-10 2.72387E-10
 hg  80   1.589144  0.419144  2.191156 5.42964E-09 5.61968E-09
 tl  81   1.327565  0.557565  2.329577 3.02920E-09 3.13522E-09
 pb  82   3.378606  1.338606  3.110618 3.45393E-07 3.57482E-07
 bi  83   1.538754  0.888754  2.660767 5.03706E-09 5.21336E-09
#  [ls/Fe]  [hs/Fe]  [hs/ls]  [Pb/hs]
    1.6893   2.2042   0.5149   0.9064
# Initial mass = 1.700, Z =  0.0003, Y =  0.240, M_mix = 4.00E-03
# Final mass = 0.665, Mass expelled =   1.0350
# El  Z   log e(X)   [X/H]    [X/Fe]     X(i)      Mass(i)
  p   1  12.000000  0.000000  0.000000 7.02723E-01 7.27319E-01
 he   2  11.040371  0.110371  1.884509 3.06253E-01 3.16972E-01
  c   6   9.219448  0.749448  2.523586 1.38788E-02 1.43645E-02
  n   7   6.845460 -1.024539  0.749599 6.84115E-05 7.08059E-05
  o   8   7.883823 -0.846176  0.927962 8.53571E-04 8.83447E-04
  f   9   5.397573  0.977572  2.751711 3.30830E-06 3.42409E-06
 ne  10   8.075632  0.105632  1.879771 1.67447E-03 1.73307E-03
 na  11   6.201399 -0.038601  1.735538 2.54837E-05 2.63756E-05
 mg  12   6.618878 -1.021122  0.753016 7.04527E-05 7.29185E-05
 al  13   4.877220 -1.572780  0.201358 1.41781E-06 1.46743E-06
 si  14   6.169794 -1.380207  0.393932 2.89472E-05 2.99604E-05
  p  15   4.150447 -1.259552  0.514586 3.05329E-07 3.16016E-07
  s  16   5.396406 -1.753594  0.020544 5.56879E-06 5.76370E-06
 cl  17   3.516791 -1.713209  0.060930 8.12396E-08 8.40830E-08
 ar  18   4.667008 -1.772992  0.001146 1.29368E-06 1.33896E-06
  k  19   3.337234 -1.742765  0.031373 5.92533E-08 6.13272E-08
 ca  20   4.514580 -1.775420 -0.001281 9.13713E-07 9.45693E-07
 sc  21   1.480293 -1.569707  0.204432 9.47119E-10 9.80269E-10
 ti  22   3.201952 -1.708048  0.066091 5.31265E-08 5.49860E-08
  v  23   2.195372 -1.764628  0.009510 5.56893E-09 5.76384E-09
 cr  24   3.851343 -1.788657 -0.014518 2.57417E-07 2.66426E-07
 mn  25   3.724640 -1.755360  0.018778 2.03159E-07 2.10270E-07
 fe  26   5.765862 -1.774138  0.000000 2.27075E-05 2.35023E-05
 co  27   3.282744 -1.587255  0.186883 7.87819E-08 8.15392E-08
 ni  28   4.453023 -1.746976  0.027162 1.16127E-06 1.20191E-06
 cu  29   2.841040 -1.408960  0.365178 3.07222E-08 3.17975E-08
 zn  30   3.148512 -1.481488  0.292650 6.41909E-08 6.64376E-08
 ga  31   2.126084 -0.953916  0.820223 6.49806E-09 6.72549E-09
 ge  32   2.645434 -0.934566  0.839573 2.23838E-08 2.31672E-08
 as  33   1.227057 -1.072943  0.701195 8.81027E-10 9.11863E-10
 se  34   2.615784 -0.724216  1.049922 2.27255E-08 2.35209E-08
 br  35   1.686803 -0.853197  0.920941 2.70829E-09 2.80308E-09
 kr  36   2.789753 -0.460247  1.313891 3.60006E-08 3.72606E-08
 rb  37   2.019538 -0.500462  1.273676 6.23254E-09 6.45068E-09
 sr  38   2.920469  0.040469  1.814608 5.08623E-08 5.26425E-08
  y  39   2.297964  0.087964  1.862103 1.23089E-08 1.27397E-08
 zr  40   2.690760  0.160760  1.934898 3.12028E-08 3.22949E-08
 nb  41   1.473248  0.063249  1.837387 1.92582E-09 1.99323E-09
 mo  42   1.845705 -0.094295  1.679843 4.68844E-09 4.85254E-09
 ru  44   1.559095 -0.200905  1.573234 2.55294E-09 2.64230E-09
 rh  45   0.501479 -0.558521  1.215618 2.27637E-10 2.35605E-10
 pd  46   1.584489 -0.065511  1.708627 2.84994E-09 2.94969E-09
 ag  47   0.781508 -0.418492  1.355647 4.54700E-10 4.70614E-10
 cd  48   1.776612  0.066612  1.840751 4.68538E-09 4.84937E-09
 in  49   0.641961 -0.118039  1.656100 3.50990E-10 3.63275E-10
 sn  50   2.227001  0.157001  1.931140 1.39577E-08 1.44462E-08
 sb  51   0.702307 -0.307693  1.466445 4.27696E-10 4.42665E-10
 te  52   1.816032 -0.363968  1.410171 5.82380E-09 6.02764E-09
  i  53   0.667057 -0.882943  0.891196 4.11013E-10 4.25399E-10
 xe  54   1.936703 -0.303297  1.470841 7.91167E-09 8.18858E-09
 cs  55   0.740214 -0.339786  1.434353 5.09424E-10 5.27254E-10
 ba  56   2.752124  0.572124  2.346262 5.41008E-08 5.59943E-08
 la  57   1.748032  0.578032  2.352170 5.42096E-09 5.61070E-09
 ce  58   2.249313  0.669313  2.443452 1.73430E-08 1.79500E-08
 pr  59   1.217555  0.457555  2.231694 1.62112E-09 1.67786E-09
 nd  60   2.000073  0.550073  2.324212 1.00573E-08 1.04093E-08
 sm  62   1.191403  0.251403  2.025542 1.62877E-09 1.68578E-09
 eu  63   0.105018 -0.404982  1.369156 1.34922E-10 1.39644E-10
 gd  64   1.030026 -0.019974  1.754165 1.17474E-09 1.21585E-09
 tb  65   0.061400 -0.258600  1.515539 1.27619E-10 1.32086E-10
 dy  66   1.179396  0.049396  1.823534 1.71227E-09 1.77220E-09
 ho  67   0.137540 -0.332460  1.441678 1.57821E-10 1.63344E-10
 er  68   1.022470  0.102470  1.876608 1.22796E-09 1.27093E-09
 tm  69   0.059251 -0.060749  1.713389 1.34987E-10 1.39712E-10
 yb  70   1.354294  0.434294  2.208432 2.72750E-09 2.82296E-09
 lu  71   0.384315  0.294315  2.068454 2.95526E-10 3.05869E-10
 hf  72   1.278270  0.568270  2.342408 2.36161E-09 2.44426E-09
 ta  73   0.328601  0.448601  2.222739 2.68830E-10 2.78239E-10
  w  74   1.297153  0.647153  2.421292 2.54049E-09 2.62941E-09
 re  75   0.362595  0.102595  1.876733 2.99168E-10 3.09639E-10
 os  76   1.235141 -0.114859  1.659279 2.27900E-09 2.35876E-09
 ir  77   0.465851 -0.854149  0.919989 3.91711E-10 4.05421E-10
 pt  78   1.243768 -0.376232  1.397906 2.38396E-09 2.46740E-09
 au  79   0.445266 -0.354734  1.419404 3.82809E-10 3.96208E-10
 hg  80   1.757992  0.587992  2.362130 8.00986E-09 8.29021E-09
 tl  81   1.489500  0.719500  2.493639 4.39814E-09 4.55207E-09
 pb  82   3.606309  1.566309  3.340447 5.83476E-07 6.03897E-07
 bi  83   1.775285  1.125285  2.899423 8.68387E-09 8.98780E-09
#  [ls/Fe]  [hs/Fe]  [hs/ls]  [Pb/hs]
    1.8705   2.3806   0.5101   0.9598
# Initial mass = 2.360, Z =  0.0003, Y =  0.240, M_mix = 1.00E-04
# Final mass = 0.708, Mass expelled =   1.6520
# El  Z   log e(X)   [X/H]    [X/Fe]     X(i)      Mass(i)
  p   1  12.000000  0.000000  0.000000 7.13641E-01 1.17893E+00
 he   2  11.041379  0.111379  1.879990 3.11734E-01 5.14984E-01
  c   6   9.318500  0.848499  2.617111 1.77051E-02 2.92488E-02
  n   7   6.721560 -1.148440  0.620171 5.22305E-05 8.62847E-05
  o   8   7.595273 -1.134727  0.633885 4.46052E-04 7.36877E-04
  f   9   5.490127  1.070127  2.838738 4.15771E-06 6.86853E-06
 ne  10   7.962526 -0.007474  1.761137 1.31059E-03 2.16509E-03
 na  11   5.835072 -0.404928  1.363684 1.11335E-05 1.83925E-05
 mg  12   6.566722 -1.073278  0.695333 6.34507E-05 1.04821E-04
 al  13   5.128206 -1.321794  0.446817 2.56625E-06 4.23944E-06
 si  14   6.175288 -1.374712  0.393899 2.97712E-05 4.91821E-05
  p  15   3.737694 -1.672306  0.096305 1.19870E-07 1.98025E-07
  s  16   5.392313 -1.757688  0.010924 5.60226E-06 9.25493E-06
 cl  17   3.530612 -1.699388  0.069223 8.51696E-08 1.40700E-07
 ar  18   4.668762 -1.771238 -0.002626 1.31910E-06 2.17915E-06
  k  19   3.344004 -1.735996  0.032615 6.11191E-08 1.00969E-07
 ca  20   4.513937 -1.776062 -0.007451 9.26537E-07 1.53064E-06
 sc  21   1.516931 -1.533069  0.235542 1.04649E-09 1.72881E-09
 ti  22   3.149375 -1.760625  0.007987 4.78002E-08 7.89660E-08
  v  23   2.169994 -1.790006 -0.021394 5.33445E-09 8.81251E-09
 cr  24   3.853480 -1.786520 -0.017908 2.62706E-07 4.33990E-07
 mn  25   3.714986 -1.765014  0.003597 2.01780E-07 3.33340E-07
 fe  26   5.771389 -1.768611  0.000000 2.33557E-05 3.85836E-05
 co  27   3.616403 -1.253597  0.515014 1.72496E-07 2.84964E-07
 ni  28   4.470763 -1.729237  0.039375 1.22848E-06 2.02945E-06
 cu  29   2.898591 -1.351409  0.417202 3.56203E-08 5.88448E-08
 zn  30   2.933019 -1.696981  0.071630 3.96895E-08 6.55670E-08
 ga  31   1.583316 -1.496684  0.271927 1.89109E-09 3.12407E-09
 ge  32   2.005097 -1.574903  0.193709 5.20347E-09 8.59613E-09
 as  33   0.646811 -1.653189  0.115422 2.35201E-10 3.88552E-10
 se  34   1.773792 -1.566208  0.202404 3.32062E-09 5.48566E-09
 br  35   0.895144 -1.644856  0.123755 4.44356E-10 7.34076E-10
 kr  36   1.767993 -1.482007  0.286604 3.47733E-09 5.74454E-09
 rb  37   1.127897 -1.392103  0.376509 8.12307E-10 1.34193E-09
 sr  38   1.629521 -1.250479  0.518133 2.64328E-09 4.36671E-09
  y  39   1.055598 -1.154402  0.614210 7.15399E-10 1.18184E-09
 zr  40   1.477768 -1.052232  0.716379 1.94042E-09 3.20558E-09
 nb  41   0.311018 -1.098982  0.669629 1.34611E-10 2.22378E-10
 mo  42   0.628735 -1.311265  0.457346 2.88904E-10 4.77269E-10
 ru  44   0.214015 -1.545985  0.222626 1.17127E-10 1.93493E-10
 rh  45  -0.592861 -1.652861  0.115750 1.86037E-11 3.07333E-11
 pd  46   0.197344 -1.452656  0.315955 1.18682E-10 1.96063E-10
 ag  47  -0.399335 -1.599335  0.169276 3.04493E-11 5.03022E-11
 cd  48   0.405165 -1.304835  0.463776 2.02298E-10 3.34197E-10
 in  49  -0.638941 -1.398941  0.369671 1.86676E-11 3.08389E-11
 sn  50   0.904835 -1.165165  0.603446 6.75058E-10 1.11520E-09
 sb  51  -0.539951 -1.549951  0.218660 2.48641E-11 4.10754E-11
 te  52   0.519508 -1.660492  0.108120 2.98798E-10 4.93615E-10
  i  53  -0.147808 -1.697808  0.070803 6.39273E-11 1.05608E-10
 xe  54   0.817891 -1.422109  0.346503 6.11155E-10 1.00963E-09
 cs  55  -0.414890 -1.494890  0.273721 3.61968E-11 5.97972E-11
 ba  56   1.342904 -0.837096  0.931515 2.14131E-09 3.53744E-09
 la  57   0.326799 -0.843201  0.925411 2.08708E-10 3.44786E-10
 ce  58   0.859076 -0.720924  1.047688 7.17106E-10 1.18466E-09
 pr  59  -0.149587 -0.909587  0.859025 7.06917E-11 1.16783E-10
 nd  60   0.535806 -0.914194  0.854417 3.50679E-10 5.79322E-10
 sm  62  -0.202971 -1.142972  0.625640 6.67083E-11 1.10202E-10
 eu  63  -1.021080 -1.531080  0.237531 1.02490E-11 1.69313E-11
 gd  64  -0.280781 -1.330781  0.437831 5.83216E-11 9.63473E-11
 tb  65  -1.132747 -1.452747  0.315865 8.28828E-12 1.36922E-11
 dy  66  -0.132486 -1.262486  0.506125 8.47980E-11 1.40086E-10
 ho  67  -1.035491 -1.505491  0.263120 1.07604E-11 1.77762E-11
 er  68  -0.304499 -1.224499  0.544113 5.87368E-11 9.70332E-11
 tm  69  -1.232702 -1.352702  0.415909 6.99897E-12 1.15623E-11
 yb  70  -0.026348 -0.946348  0.822263 1.15297E-10 1.90470E-10
 lu  71  -0.955948 -1.045948  0.722664 1.37097E-11 2.26484E-11
 hf  72  -0.122054 -0.832054  0.936557 9.54067E-11 1.57612E-10
 ta  73  -1.068477 -0.948477  0.820135 1.09420E-11 1.80762E-11
  w  74  -0.147773 -0.797773  0.970839 9.26161E-11 1.53002E-10
 re  75  -0.989937 -1.249937  0.518675 1.34921E-11 2.22889E-11
 os  76  -0.034418 -1.384418  0.384193 1.24417E-10 2.05537E-10
 ir  77  -0.371296 -1.691296  0.077315 5.78782E-11 9.56148E-11
 pt  78   0.100999 -1.519001  0.249610 1.74271E-10 2.87896E-10
 au  79  -0.690644 -1.490644  0.277967 2.84295E-11 4.69655E-11
 hg  80   0.359926 -0.810074  0.958538 3.25278E-10 5.37359E-10
 tl  81   0.166489 -0.603511  1.165100 2.12301E-10 3.50722E-10
 pb  82   1.811787 -0.228213  1.540398 9.51033E-09 1.57111E-08
 bi  83   0.052460 -0.597540  1.171071 1.66949E-10 2.75800E-10
#  [ls/Fe]  [hs/Fe]  [hs/ls]  [Pb/hs]
    0.6162   0.9682   0.3520   0.5722
# Initial mass = 2.360, Z =  0.0003, Y =  0.240, M_mix = 1.00E-03
# Final mass = 0.708, Mass expelled =   1.6520
# El  Z   log e(X)   [X/H]    [X/Fe]     X(i)      Mass(i)
  p   1  12.000000  0.000000  0.000000 7.13632E-01 1.17892E+00
 he   2  11.041285  0.111284  1.881689 3.11662E-01 5.14866E-01
  c   6   9.311399  0.841398  2.611803 1.74177E-02 2.87741E-02
  n   7   6.722941 -1.147059  0.623346 5.23962E-05 8.65585E-05
  o   8   7.677926 -1.052074  0.718331 5.39551E-04 8.91338E-04
  f   9   5.560981  1.140981  2.911386 4.89444E-06 8.08562E-06
 ne  10   8.033893  0.063893  1.834298 1.54464E-03 2.55175E-03
 na  11   5.934851 -0.305149  1.465256 1.40089E-05 2.31427E-05
 mg  12   6.656921 -0.983079  0.787326 7.80963E-05 1.29015E-04
 al  13   5.163393 -1.286607  0.483798 2.78279E-06 4.59717E-06
 si  14   6.180546 -1.369454  0.400951 3.01336E-05 4.97806E-05
  p  15   3.999189 -1.410810  0.359594 2.18877E-07 3.61585E-07
  s  16   5.395457 -1.754543  0.015862 5.64290E-06 9.32208E-06
 cl  17   3.531096 -1.698904  0.071501 8.52635E-08 1.40855E-07
 ar  18   4.667512 -1.772488 -0.002083 1.31529E-06 2.17286E-06
  k  19   3.343991 -1.736009  0.034396 6.11166E-08 1.00965E-07
 ca  20   4.512777 -1.777223 -0.006818 9.24054E-07 1.52654E-06
 sc  21   1.556906 -1.493094  0.277311 1.14738E-09 1.89547E-09
 ti  22   3.167754 -1.742246  0.028159 4.98660E-08 8.23787E-08
  v  23   2.179795 -1.780205 -0.009800 5.45614E-09 9.01354E-09
 cr  24   3.853160 -1.786840 -0.016435 2.62509E-07 4.33664E-07
 mn  25   3.710908 -1.769092  0.001313 1.99892E-07 3.30221E-07
 fe  26   5.769595 -1.770405  0.000000 2.32591E-05 3.84241E-05
 co  27   3.601543 -1.268456  0.501948 1.66693E-07 2.75376E-07
 ni  28   4.466181 -1.733819  0.036586 1.21557E-06 2.00813E-06
 cu  29   2.877888 -1.372112  0.398293 3.39617E-08 5.61048E-08
 zn  30   2.966826 -1.663174  0.107231 4.29021E-08 7.08742E-08
 ga  31   1.720394 -1.359606  0.410799 2.59289E-09 4.28346E-09
 ge  32   2.191990 -1.388010  0.382395 8.00165E-09 1.32187E-08
 as  33   0.825298 -1.474702  0.295703 3.54749E-10 5.86046E-10
 se  34   2.138576 -1.201424  0.568980 7.69124E-09 1.27059E-08
 br  35   1.184992 -1.355008  0.415397 8.66112E-10 1.43082E-09
 kr  36   2.387850 -0.862150  0.908255 1.44910E-08 2.39391E-08
 rb  37   1.798464 -0.721536  1.048869 3.80436E-09 6.28480E-09
 sr  38   2.451505 -0.428495  1.341909 1.75437E-08 2.89822E-08
  y  39   1.933629 -0.276371  1.494034 5.40224E-09 8.92451E-09
 zr  40   2.403916 -0.126084  1.644321 1.63697E-08 2.70427E-08
 nb  41   1.231571 -0.178429  1.591976 1.12106E-09 1.85199E-09
 mo  42   1.533588 -0.406412  1.363993 2.32061E-09 3.83365E-09
 ru  44   1.026810 -0.733190  1.037215 7.61108E-10 1.25735E-09
 rh  45  -0.018108 -1.078108  0.692297 6.98789E-11 1.15440E-10
 pd  46   1.039113 -0.610887  1.159518 8.24424E-10 1.36195E-09
 ag  47   0.273731 -0.926269  0.844136 1.43429E-10 2.36945E-10
 cd  48   1.321157 -0.388843  1.381562 1.66717E-09 2.75417E-09
 in  49   0.230831 -0.529169  1.241236 1.38310E-10 2.28489E-10
 sn  50   1.884131 -0.185869  1.584536 6.43624E-09 1.06327E-08
 sb  51   0.384453 -0.625547  1.144858 2.08916E-10 3.45129E-10
 te  52   1.488469 -0.691531  1.078874 2.78185E-09 4.59562E-09
  i  53   0.384951 -1.165049  0.605356 2.17992E-10 3.60122E-10
 xe  54   1.709524 -0.530476  1.239929 4.76190E-09 7.86665E-09
 cs  55   0.415952 -0.664048  1.106357 2.45192E-10 4.05058E-10
 ba  56   2.406480  0.226480  1.996885 2.47885E-08 4.09506E-08
 la  57   1.395376  0.225376  1.995781 2.44406E-09 4.03758E-09
 ce  58   1.928174  0.348174  2.118579 8.40767E-09 1.38895E-08
 pr  59   0.900617  0.140617  1.911021 7.93536E-10 1.31092E-09
 nd  60   1.583724  0.133724  1.904129 3.91583E-09 6.46894E-09
 sm  62   0.821043 -0.118957  1.651448 7.05001E-10 1.16466E-09
 eu  63  -0.220095 -0.730095  1.040310 6.48127E-11 1.07071E-10
 gd  64   0.692116 -0.357884  1.412521 5.47924E-10 9.05170E-10
 tb  65  -0.268436 -0.588436  1.181968 6.06415E-11 1.00180E-10
 dy  66   0.825302 -0.304698  1.465707 7.69431E-10 1.27110E-09
 ho  67  -0.215766 -0.685766  1.084639 7.10473E-11 1.17370E-10
 er  68   0.663507 -0.256493  1.513912 5.45646E-10 9.01407E-10
 tm  69  -0.318050 -0.438050  1.332354 5.75017E-11 9.49928E-11
 yb  70   1.008174  0.088174  1.858579 1.24834E-09 2.06226E-09
 lu  71   0.055511 -0.034489  1.735915 1.40760E-10 2.32536E-10
 hf  72   0.919558  0.209558  1.979962 1.04999E-09 1.73458E-09
 ta  73  -0.043594  0.076406  1.846810 1.15871E-10 1.91418E-10
  w  74   0.889975  0.239975  2.010379 1.01025E-09 1.66893E-09
 re  75  -0.040842 -0.300842  1.469563 1.19996E-10 1.98234E-10
 os  76   0.856085 -0.493915  1.276490 9.66891E-10 1.59730E-09
 ir  77   0.174437 -1.145563  0.624841 2.03349E-10 3.35933E-10
 pt  78   0.927583 -0.692417  1.077988 1.16898E-09 1.93115E-09
 au  79   0.133219 -0.666781  1.103624 1.89507E-10 3.13066E-10
 hg  80   1.391488  0.221488  1.991893 3.49793E-09 5.77858E-09
 tl  81   1.209956  0.439956  2.210361 2.34647E-09 3.87636E-09
 pb  82   3.167136  1.127136  2.897541 2.15546E-07 3.56082E-07
 bi  83   1.496118  0.846118  2.616522 4.63699E-09 7.66031E-09
#  [ls/Fe]  [hs/Fe]  [hs/ls]  [Pb/hs]
    1.4934   2.0371   0.5437   0.8605
# Initial mass = 2.360, Z =  0.0003, Y =  0.240, M_mix = 2.00E-03
# Final mass = 0.708, Mass expelled =   1.6520
# El  Z   log e(X)   [X/H]    [X/Fe]     X(i)      Mass(i)
  p   1  12.000000  0.000000  0.000000 7.13618E-01 1.17890E+00
 he   2  11.041179  0.111178  1.883185 3.11580E-01 5.14730E-01
  c   6   9.303396  0.833396  2.605403 1.70994E-02 2.82482E-02
  n   7   6.723006 -1.146994  0.625013 5.24030E-05 8.65698E-05
  o   8   7.736065 -0.993934  0.778073 6.16827E-04 1.01900E-03
  f   9   5.601225  1.181225  2.953232 5.36956E-06 8.87051E-06
 ne  10   8.108681  0.138681  1.910688 1.83488E-03 3.03122E-03
 na  11   6.056593 -0.183407  1.588600 1.85412E-05 3.06300E-05
 mg  12   6.739097 -0.900903  0.871104 9.43622E-05 1.55886E-04
 al  13   5.206684 -1.243316  0.528691 3.07442E-06 5.07894E-06
 si  14   6.185349 -1.364651  0.407356 3.04680E-05 5.03332E-05
  p  15   4.131620 -1.278380  0.493627 2.96908E-07 4.90493E-07
  s  16   5.397453 -1.752547  0.019460 5.66878E-06 9.36483E-06
 cl  17   3.528571 -1.701429  0.070578 8.47675E-08 1.40036E-07
 ar  18   4.666766 -1.773234 -0.001227 1.31300E-06 2.16908E-06
  k  19   3.343729 -1.736271  0.035736 6.10785E-08 1.00902E-07
 ca  20   4.511879 -1.778121 -0.006114 9.22125E-07 1.52335E-06
 sc  21   1.579796 -1.470204  0.301803 1.20945E-09 1.99802E-09
 ti  22   3.180420 -1.729580  0.042427 5.13406E-08 8.48147E-08
  v  23   2.187445 -1.772555 -0.000548 5.55298E-09 9.17352E-09
 cr  24   3.852768 -1.787232 -0.015225 2.62267E-07 4.33265E-07
 mn  25   3.708844 -1.771156  0.000851 1.98940E-07 3.28649E-07
 fe  26   5.767993 -1.772007  0.000000 2.31730E-05 3.82818E-05
 co  27   3.581882 -1.288118  0.483889 1.59311E-07 2.63182E-07
 ni  28   4.463758 -1.736242  0.035765 1.20878E-06 1.99691E-06
 cu  29   2.882318 -1.367682  0.404325 3.43093E-08 5.66790E-08
 zn  30   3.033547 -1.596453  0.175554 5.00253E-08 8.26419E-08
 ga  31   1.893658 -1.186342  0.585665 3.86401E-09 6.38335E-09
 ge  32   2.385444 -1.194556  0.577451 1.24918E-08 2.06364E-08
 as  33   1.001578 -1.298422  0.473585 5.32345E-10 8.79434E-10
 se  34   2.383313 -0.956687  0.815320 1.35122E-08 2.23221E-08
 br  35   1.406601 -1.133399  0.638608 1.44269E-09 2.38333E-09
 kr  36   2.748799 -0.501201  1.270806 3.32689E-08 5.49602E-08
 rb  37   2.094615 -0.425385  1.346622 7.52357E-09 1.24289E-08
 sr  38   2.673457 -0.206543  1.565464 2.92460E-08 4.83143E-08
  y  39   2.140364 -0.069636  1.702371 8.69561E-09 1.43651E-08
 zr  40   2.595222  0.065223  1.837229 2.54294E-08 4.20094E-08
 nb  41   1.423052  0.013052  1.785059 1.74221E-09 2.87813E-09
 mo  42   1.716816 -0.223184  1.548823 3.53851E-09 5.84563E-09
 ru  44   1.201125 -0.558875  1.213132 1.13698E-09 1.87829E-09
 rh  45   0.135539 -0.924461  0.847546 9.95372E-11 1.64435E-10
 pd  46   1.217352 -0.432648  1.339359 1.24274E-09 2.05301E-09
 ag  47   0.441763 -0.758237  1.013770 2.11184E-10 3.48876E-10
 cd  48   1.510059 -0.199941  1.572066 2.57557E-09 4.25485E-09
 in  49   0.418925 -0.341075  1.430932 2.13275E-10 3.52330E-10
 sn  50   2.078424  0.008425  1.780432 1.00674E-08 1.66313E-08
 sb  51   0.575626 -0.434374  1.337633 3.24441E-10 5.35977E-10
 te  52   1.680541 -0.499459  1.272548 4.32909E-09 7.15166E-09
  i  53   0.542760 -1.007240  0.764767 3.13502E-10 5.17905E-10
 xe  54   1.896691 -0.343309  1.428698 7.32719E-09 1.21045E-08
 cs  55   0.598513 -0.481487  1.290520 3.73301E-10 6.16694E-10
 ba  56   2.603909  0.423909  2.195916 3.90544E-08 6.45179E-08
 la  57   1.595690  0.425690  2.197697 3.87628E-09 6.40362E-09
 ce  58   2.135004  0.555004  2.327011 1.35362E-08 2.23618E-08
 pr  59   1.105686  0.345686  2.117693 1.27241E-09 2.10202E-09
 nd  60   1.785964  0.335964  2.107971 6.23813E-09 1.03054E-08
 sm  62   1.025941  0.085941  1.857948 1.13000E-09 1.86676E-09
 eu  63  -0.026590 -0.536590  1.235417 1.01194E-10 1.67173E-10
 gd  64   0.896261 -0.153739  1.618268 8.76713E-10 1.44833E-09
 tb  65  -0.068830 -0.388830  1.383177 9.60211E-11 1.58627E-10
 dy  66   1.031676 -0.098324  1.673683 1.23747E-09 2.04430E-09
 ho  67  -0.015782 -0.485782  1.286225 1.12596E-10 1.86008E-10
 er  68   0.871273 -0.048727  1.723280 8.80375E-10 1.45438E-09
 tm  69  -0.111955 -0.231955  1.540052 9.24204E-11 1.52678E-10
 yb  70   1.217471  0.297471  2.069478 2.02126E-09 3.33913E-09
 lu  71   0.263755  0.173755  1.945762 2.27361E-10 3.75600E-10
 hf  72   1.131771  0.421771  2.193778 1.71155E-09 2.82748E-09
 ta  73   0.170167  0.290167  2.062174 1.89551E-10 3.13138E-10
  w  74   1.103692  0.453692  2.225699 1.65249E-09 2.72991E-09
 re  75   0.168067 -0.091933  1.680074 1.94119E-10 3.20685E-10
 os  76   1.059860 -0.290140  1.481867 1.54577E-09 2.55361E-09
 ir  77   0.346281 -0.973719  0.798288 3.02049E-10 4.98985E-10
 pt  78   1.127611 -0.492389  1.279618 1.85278E-09 3.06080E-09
 au  79   0.336862 -0.463138  1.308869 3.02873E-10 5.00346E-10
 hg  80   1.611208  0.441208  2.213215 5.80126E-09 9.58369E-09
 tl  81   1.434821  0.664821  2.436828 3.93796E-09 6.50551E-09
 pb  82   3.396836  1.356836  3.128843 3.65789E-07 6.04284E-07
 bi  83   1.736035  1.086035  2.858042 8.05648E-09 1.33093E-08
#  [ls/Fe]  [hs/Fe]  [hs/ls]  [Pb/hs]
    1.7017   2.2402   0.5385   0.8886
