 #pulse    Mcore         M_csh         t_csh         Ddredge       lambda        DMh           THeshell       Tbce       THshell     interpulse       Mtot         MaxL          MaxLHe       maxR	   Mbol		Teff
   1   9.050141E-01  2.741218E-03  2.470025E+01  1.677871E-04  2.030731E-01  8.262396E-04  2.478953E+08  2.506118E+07  8.449861E+07  0.000000E+00  4.975139E+00  2.107574E+04  3.351629E+05  3.393981E+02 -6.089458E+00  3.822489E+03
   2   9.058338E-01  2.823293E-03  2.191331E+01  4.603863E-04  4.662280E-01  9.874701E-04  2.587292E+08  3.022702E+07  8.575149E+07  4.144374E+03  4.971538E+00  2.181258E+04  5.897668E+05  3.476381E+02 -6.126768E+00  3.809647E+03
   3   9.065211E-01  2.874136E-03  2.049212E+01  6.679296E-04  5.819787E-01  1.147687E-03  2.680417E+08  3.583916E+07  8.685290E+07  4.329438E+03  4.967067E+00  2.253248E+04  9.901256E+05  3.557248E+02 -6.162023E+00  3.797959E+03
   4   9.071394E-01  2.893269E-03  1.881559E+01  9.507537E-04  7.391566E-01  1.286268E-03  2.761625E+08  4.157324E+07  8.782090E+07  4.526505E+03  4.961629E+00  2.322281E+04  1.594674E+06  3.635709E+02 -6.194788E+00  3.786066E+03
   5   9.076209E-01  2.934456E-03  1.837985E+01  1.190424E-03  8.311623E-01  1.432240E-03  2.839406E+08  4.812278E+07  8.869080E+07  4.649731E+03  4.955050E+00  2.397381E+04  2.608975E+06  3.718311E+02 -6.229344E+00  3.774685E+03
   6   9.080144E-01  2.966940E-03  1.835575E+01  1.375616E-03  8.684804E-01  1.583934E-03  2.912346E+08  5.543218E+07  8.947230E+07  4.843801E+03  4.946935E+00  2.484720E+04  4.147182E+06  3.813891E+02 -6.268194E+00  3.762204E+03
   7   9.083616E-01  2.992451E-03  1.724822E+01  1.548052E-03  8.985608E-01  1.722813E-03  2.975321E+08  6.192402E+07  9.012354E+07  5.042194E+03  4.936605E+00  2.600338E+04  6.268622E+06  3.942302E+02 -6.317575E+00  3.743182E+03
   8   9.086756E-01  3.021002E-03  1.659406E+01  1.689136E-03  9.071673E-01  1.861989E-03  3.033885E+08  6.645621E+07  9.064012E+07  5.256171E+03  4.922982E+00  2.731789E+04  9.239816E+06  4.093493E+02 -6.371118E+00  3.721835E+03
   9   9.089710E-01  3.052235E-03  1.695080E+01  1.824319E-03  9.192395E-01  1.984596E-03  3.088982E+08  6.989394E+07  9.107106E+07  5.459745E+03  4.905287E+00  2.861893E+04  1.310515E+07  4.237711E+02 -6.421634E+00  3.702101E+03
  10   9.092547E-01  3.087282E-03  1.657901E+01  1.899719E-03  9.012045E-01  2.107978E-03  3.139667E+08  7.289170E+07  9.145657E+07  5.671446E+03  4.883029E+00  2.972614E+04  1.815090E+07  4.365629E+02 -6.462846E+00  3.684088E+03
  11   9.095253E-01  3.099620E-03  1.638187E+01  2.004981E-03  9.238163E-01  2.170324E-03  3.179177E+08  7.589375E+07  9.182898E+07  5.771824E+03  4.857463E+00  3.043997E+04  2.309451E+07  4.454578E+02 -6.488611E+00  3.668968E+03
  12   9.097898E-01  3.133416E-03  1.698913E+01  2.069652E-03  9.119393E-01  2.269506E-03  3.223926E+08  7.919754E+07  9.234562E+07  5.934731E+03  4.828568E+00  3.104709E+04  3.005504E+07  4.526386E+02 -6.510053E+00  3.659630E+03
  13   9.100466E-01  3.138781E-03  1.626073E+01  2.088249E-03  8.975968E-01  2.326488E-03  3.254116E+08  8.169075E+07  9.280964E+07  6.038510E+03  4.797634E+00  3.130131E+04  3.593775E+07  4.558766E+02 -6.518907E+00  3.654118E+03
  14   9.103081E-01  3.178060E-03  1.644538E+01  2.268612E-03  9.364482E-01  2.422571E-03  3.288584E+08  8.323591E+07  9.318756E+07  6.170870E+03  4.762494E+00  3.194105E+04  4.493471E+07  4.634085E+02 -6.540873E+00  3.643505E+03
  15   9.105505E-01  3.260076E-03  1.741371E+01  2.197504E-03  8.751217E-01  2.511084E-03  3.330954E+08  8.414190E+07  9.342944E+07  6.329751E+03  4.721941E+00  3.267818E+04  5.972686E+07  4.720574E+02 -6.565645E+00  3.632160E+03
  16   9.107692E-01  3.294647E-03  1.553658E+01  2.444744E-03  9.450909E-01  2.586782E-03  3.333960E+08  8.474210E+07  9.358222E+07  6.476038E+03  4.675449E+00  3.334405E+04  7.350007E+07  4.805887E+02 -6.587546E+00  3.619448E+03
  17   9.109734E-01  3.272831E-03  1.568504E+01  2.465189E-03  9.306287E-01  2.648950E-03  3.382665E+08  8.526982E+07  9.368582E+07  6.640874E+03  4.622680E+00  3.385867E+04  7.963661E+07  4.878188E+02 -6.604175E+00  3.607475E+03
  18   9.111844E-01  3.276467E-03  1.473555E+01  2.494454E-03  9.320920E-01  2.676189E-03  3.404144E+08  8.550706E+07  9.373170E+07  6.618495E+03  4.563962E+00  3.440191E+04  8.823836E+07  4.958837E+02 -6.621457E+00  3.594019E+03
  19   9.113924E-01  3.299356E-03  1.435074E+01  2.541184E-03  9.403383E-01  2.702415E-03  3.425110E+08  8.570376E+07  9.374707E+07  6.650532E+03  4.498815E+00  3.482397E+04  9.951382E+07  5.020649E+02 -6.634696E+00  3.582800E+03
  20   9.115933E-01  3.302872E-03  1.324600E+01  2.574086E-03  9.387240E-01  2.742112E-03  3.416584E+08  8.584012E+07  9.374537E+07  6.710499E+03  4.426390E+00  3.521052E+04  1.096906E+08  5.083936E+02 -6.646681E+00  3.571969E+03
  21   9.117920E-01  3.347099E-03  1.398231E+01  2.637923E-03  9.513747E-01  2.772748E-03  3.440922E+08  8.587662E+07  9.370429E+07  6.755162E+03  4.346567E+00  3.545753E+04  1.286880E+08  5.139903E+02 -6.654272E+00  3.560137E+03
  22   9.119812E-01  3.331900E-03  1.420956E+01  2.344131E-03  8.291624E-01  2.827108E-03  3.447027E+08  8.582495E+07  9.363435E+07  6.856235E+03  4.257433E+00  3.570855E+04  1.346913E+08  5.205627E+02 -6.661931E+00  3.545707E+03
  23   9.121713E-01  3.323019E-03  1.356965E+01  2.276599E-03  8.041391E-01  2.831101E-03  3.400738E+08  8.564351E+07  9.350947E+07  6.843023E+03  4.160324E+00  3.582403E+04  1.427785E+08  5.253513E+02 -6.665436E+00  3.534303E+03
  24   9.123661E-01  3.360868E-03  1.509258E+01  2.701402E-03  9.466736E-01  2.853572E-03  3.511787E+08  8.545804E+07  9.338553E+07  6.933854E+03  4.053879E+00  3.574769E+04  1.593767E+08  5.291019E+02 -6.663120E+00  3.521314E+03
  25   9.125566E-01  3.362298E-03  1.507032E+01  2.731740E-03  9.446185E-01  2.891898E-03  3.439561E+08  8.514692E+07  9.321963E+07  6.999340E+03  3.936113E+00  3.577764E+04  1.700812E+08  5.343175E+02 -6.664030E+00  3.507258E+03
  26   9.127359E-01  3.351808E-03  1.582829E+01  2.724230E-03  9.358108E-01  2.911091E-03  3.448697E+08  8.468265E+07  9.300914E+07  7.020630E+03  3.807669E+00  3.557067E+04  1.729191E+08  5.378223E+02 -6.657731E+00  3.492082E+03
  27   9.129140E-01  3.339112E-03  1.496733E+01  2.721369E-03  9.376695E-01  2.902269E-03  3.402057E+08  8.408785E+07  9.275815E+07  6.975650E+03  3.668779E+00  3.523984E+04  1.819635E+08  5.406370E+02 -6.647584E+00  3.476828E+03
  28   9.130868E-01  3.329575E-03  1.452799E+01  2.732873E-03  9.442511E-01  2.894223E-03  3.435970E+08  8.331762E+07  9.247646E+07  6.932286E+03  3.518979E+00  3.481084E+04  1.860188E+08  5.430360E+02 -6.634286E+00  3.461045E+03
  29   9.132723E-01  3.337204E-03  1.695257E+01  2.741158E-03  9.392986E-01  2.918303E-03  3.493261E+08  8.214799E+07  9.210972E+07  6.975504E+03  3.354746E+00  3.429708E+04  1.921772E+08  5.464556E+02 -6.618144E+00  3.440697E+03
  30   9.134481E-01  3.333807E-03  1.617768E+01  2.754629E-03  9.443389E-01  2.916992E-03  3.471337E+08  8.071269E+07  9.173860E+07  6.958091E+03  3.176438E+00  3.362674E+04  2.003014E+08  5.470543E+02 -6.596712E+00  3.419981E+03
  31   9.136225E-01  3.328264E-03  1.642817E+01  2.765596E-03  9.442014E-01  2.929032E-03  3.476361E+08  7.869250E+07  9.131880E+07  6.966423E+03  2.981589E+00  3.276284E+04  2.034860E+08  5.489714E+02 -6.568454E+00  3.397669E+03
  32   9.138090E-01  3.338218E-03  1.601585E+01  2.786458E-03  9.438903E-01  2.952099E-03  3.452339E+08  7.606988E+07  9.085369E+07  7.040100E+03  2.766767E+00  3.172734E+04  2.086625E+08  5.482917E+02 -6.533585E+00  3.371071E+03
  33   9.139972E-01  3.360510E-03  1.797252E+01  2.806425E-03  9.434348E-01  2.974689E-03  3.531432E+08  7.216553E+07  9.031704E+07  7.159349E+03  2.528504E+00  3.046503E+04  2.275339E+08  5.466583E+02 -6.489503E+00  3.343032E+03
  34   9.141977E-01  3.379703E-03  1.818183E+01  2.839684E-03  9.443784E-01  3.006935E-03  3.496993E+08  6.567599E+07  8.971677E+07  7.403333E+03  2.248381E+00  2.915523E+04  2.420449E+08  5.356916E+02 -6.441791E+00  3.336996E+03
  35   9.144779E-01  3.484130E-03  1.956451E+01  2.883792E-03  9.243261E-01  3.119886E-03  3.500812E+08  3.420355E+07  8.826856E+07  8.196018E+03  1.831578E+00  2.674994E+04  2.917190E+08  6.103068E+02 -6.348307E+00  3.121051E+03
