#pulse    Mcore         M_csh         t_csh         Ddredge       lambda       DMh           THeshell       Tbce        THshell       interpulse       Mtot         MaxL          MaxLHe      maxR           Mbol         Teff 
   1   5.401140E-01  3.372210E-02  5.053770E+02  0.000000E+00  0.000000E+00  6.183624E-03  1.809835E+08  1.154332E+06  5.543685E+07  0.000000E+00  9.499834E-01  1.274412E+03  4.126659E+04  5.813180E+01 -3.043275E+00  9.499522E-01
   2   5.430204E-01  3.656733E-02  2.873258E+02  0.000000E+00  0.000000E+00  2.794385E-03  2.050698E+08  1.239220E+06  5.900685E+07  1.839262E+05  9.499818E-01  1.754775E+03  4.496306E+05  7.153183E+01 -3.390554E+00  9.499522E-01
   3   5.488032E-01  3.841013E-02  3.218678E+02  0.000000E+00  0.000000E+00  5.729198E-03  2.266628E+08  1.319878E+06  6.227757E+07  2.948160E+05  9.499786E-01  2.234509E+03  3.640134E+06  8.383974E+01 -3.652956E+00  9.499522E-01
   4   5.568652E-01  3.764939E-02  3.936467E+02  0.000000E+00  0.000000E+00  8.029580E-03  2.406610E+08  1.401833E+06  6.495769E+07  3.438234E+05  9.499736E-01  2.749350E+03  1.124257E+07  9.610274E+01 -3.878075E+00  9.499522E-01
   5   5.662239E-01  3.547931E-02  3.968203E+02  0.000000E+00  0.000000E+00  9.301245E-03  2.499366E+08  1.458199E+06  6.694664E+07  3.345988E+05  9.499667E-01  3.197184E+03  1.899302E+07  1.061755E+02 -4.041919E+00  9.499522E-01
   6   5.762957E-01  3.307211E-02  3.571826E+02  6.434321E-04  6.415666E-02  1.002908E-02  2.568707E+08  1.502388E+06  6.867065E+07  3.051416E+05  9.499573E-01  3.635181E+03  2.726789E+07  1.155819E+02 -4.181316E+00  9.499522E-01
   7   5.852388E-01  2.981323E-02  3.087373E+02  2.949238E-04  3.076445E-02  9.586513E-03  2.586953E+08  1.601923E+06  6.724479E+07  2.349263E+05  9.499426E-01  4.415815E+03  2.252079E+07  1.344227E+02 -4.392528E+00  9.499522E-01
   8   5.945895E-01  2.812701E-02  3.045884E+02  9.108186E-04  9.442800E-02  9.645641E-03  2.621500E+08  1.627812E+06  6.843764E+07  2.083590E+05  9.499205E-01  4.824294E+03  2.781131E+07  1.431642E+02 -4.488585E+00  9.499522E-01
   9   6.027746E-01  2.575743E-02  2.404667E+02  3.016591E-04  3.316427E-02  9.095907E-03  2.621092E+08  1.675580E+06  6.697533E+07  1.669490E+05  9.498752E-01  5.606042E+03  2.423847E+07  1.648353E+02 -4.651641E+00  9.499522E-01
  10   6.112758E-01  2.410978E-02  2.229231E+02  6.262660E-04  7.114370E-02  8.802831E-03  2.641740E+08  1.679357E+06  6.784575E+07  1.492126E+05  9.497701E-01  5.980332E+03  2.527293E+07  1.733636E+02 -4.721814E+00  9.499522E-01
  11   6.192519E-01  2.264649E-02  2.024302E+02  5.813241E-04  6.757712E-02  8.602381E-03  2.660752E+08  1.688310E+06  6.793097E+07  1.312673E+05  9.495764E-01  6.508134E+03  2.651905E+07  1.867796E+02 -4.813642E+00  9.499522E-01
  12   6.269832E-01  2.131552E-02  1.851093E+02  4.830360E-04  5.810902E-02  8.312583E-03  2.672490E+08  1.675108E+06  6.814290E+07  1.168966E+05  9.490691E-01  6.986449E+03  2.736407E+07  1.997289E+02 -4.890642E+00  9.499522E-01
  13   6.345322E-01  2.006918E-02  1.709266E+02  2.596378E-04  3.232509E-02  8.032084E-03  2.689556E+08  1.644194E+06  6.846850E+07  1.052567E+05  9.475676E-01  7.427964E+03  2.768466E+07  2.120618E+02 -4.957175E+00  9.499522E-01
  14   6.420366E-01  1.896030E-02  1.553781E+02  9.399652E-05  1.210665E-02  7.764041E-03  2.708924E+08  1.596649E+06  6.913336E+07  9.630060E+04  9.434709E-01  7.793322E+03  2.793730E+07  2.201736E+02 -5.009307E+00  9.499522E-01
  15   6.494617E-01  1.795453E-02  1.555674E+02  2.747774E-05  3.654380E-03  7.519126E-03  2.724421E+08  1.528984E+06  6.981018E+07  8.860209E+04  9.378177E-01  8.150785E+03  2.945463E+07  2.278100E+02 -5.057998E+00  9.499522E-01
  16   6.567370E-01  1.703846E-02  1.317470E+02  1.174212E-05  1.607914E-03  7.302701E-03  2.743720E+08  1.430351E+06  7.047464E+07  8.191576E+04  9.303783E-01  8.505594E+03  3.070816E+07  2.355323E+02 -5.104262E+00  9.499522E-01
  17   6.638326E-01  1.620799E-02  1.322366E+02  4.231930E-06  5.954278E-04  7.107377E-03  2.763668E+08  1.305252E+06  7.112146E+07  7.598196E+04  9.204930E-01  8.857001E+03  3.219422E+07  2.426110E+02 -5.148217E+00  9.499522E-01
  18   6.707401E-01  1.542634E-02  1.235839E+02  0.000000E+00  0.000000E+00  6.911695E-03  2.781155E+08  1.172090E+06  7.175479E+07  7.063397E+04  9.071379E-01  9.202257E+03  3.345330E+07  2.491981E+02 -5.189736E+00  9.499522E-01
  19   6.774732E-01  1.467752E-02  1.084639E+02  0.000000E+00  0.000000E+00  6.713569E-03  2.802362E+08  1.032432E+06  7.235721E+07  6.587378E+04  8.898191E-01  9.540239E+03  3.395665E+07  2.551711E+02 -5.228899E+00  9.499522E-01
  20   6.840331E-01  1.405412E-02  9.146940E+01  0.000000E+00  0.000000E+00  6.540895E-03  2.817495E+08  8.932456E+05  7.294710E+07  6.160668E+04  8.680869E-01  9.870741E+03  3.626951E+07  2.601065E+02 -5.265874E+00  9.499522E-01
  21   6.904157E-01  1.341844E-02  1.005516E+02  0.000000E+00  0.000000E+00  6.364048E-03  2.835652E+08  7.366108E+05  7.351174E+07  5.769072E+04  8.419175E-01  1.019274E+04  3.651417E+07  2.625291E+02 -5.300727E+00  9.499522E-01
  22   6.966295E-01  1.284134E-02  9.481742E+01  0.000000E+00  0.000000E+00  6.198049E-03  2.850219E+08  5.534211E+05  7.406255E+07  5.420018E+04  8.133869E-01  1.050749E+04  3.883104E+07  2.610030E+02 -5.333748E+00  9.499522E-01
  23   7.026767E-01  1.231545E-02  8.936647E+01  0.000000E+00  0.000000E+00  6.037652E-03  2.866638E+08  4.150031E+05  7.458783E+07  5.099957E+04  7.873145E-01  1.081550E+04  3.987147E+07  2.552797E+02 -5.365117E+00  9.499522E-01
  24   7.085640E-01  1.182091E-02  8.448109E+01  8.940697E-07  1.519434E-04  5.884230E-03  2.882927E+08  3.200608E+05  7.509811E+07  4.809298E+04  7.677245E-01  1.111609E+04  4.105769E+07  2.464359E+02 -5.394880E+00  9.499522E-01
  25   7.142919E-01  1.134753E-02  7.956490E+01  4.529953E-06  7.907277E-04  5.728841E-03  2.896168E+08  2.500408E+05  7.560120E+07  4.537375E+04  7.555864E-01  1.141504E+04  4.193682E+07  2.364537E+02 -5.423694E+00  9.499522E-01
  26   7.198674E-01  1.089960E-02  7.635706E+01  7.510185E-06  1.345909E-03  5.580008E-03  2.908872E+08  2.016934E+05  7.608822E+07  4.287842E+04  7.491799E-01  1.171162E+04  4.260861E+07  2.256610E+02 -5.451542E+00  9.499522E-01
  27   7.252896E-01  1.048541E-02  7.301104E+01  5.125999E-06  9.440590E-04  5.429745E-03  2.924037E+08  1.639761E+05  7.655557E+07  4.053147E+04  7.466246E-01  1.200512E+04  4.308300E+07  2.176269E+02 -5.478417E+00  9.499522E-01
  28   7.305708E-01  1.009130E-02  6.791009E+01  6.556511E-07  1.240289E-04  5.286276E-03  2.935758E+08  1.261610E+05  7.701904E+07  3.837911E+04  7.454756E-01  1.229545E+04  4.362290E+07  2.079141E+02 -5.504362E+00  9.499522E-01
