# Minitial =  1.75 msun, Z = 0.0001, Mfinal = 0.664 msun, c13 pocket included (pmz = 2e-3msun)
  species    A      yield       mass(i)_lost    mass(i)_0        <X(i)>          X0(i)   log10(<X(i)>/X0(i)) 
      n      1   0.0000000E+00  0.0000000E+00  0.0000000E+00  0.0000000E+00  0.0000000E+00  0.0000000E+00
      p      1  -1.1556959E-01  7.2047418E-01  8.3604378E-01  6.6342008E-01  7.6990002E-01 -6.4645708E-02
      d      2  -3.5037559E-07  3.2263161E-09  3.5360191E-07  2.9708251E-09  3.2562664E-07 -2.0398428E+00
    he3      3   1.8530220E-04  1.8755134E-04  2.2491411E-06  1.7269922E-04  2.0712000E-06  1.9210683E+00
    he4      4   8.8468805E-02  3.3822858E-01  2.4975978E-01  3.1144437E-01  2.2999999E-01  1.3165268E-01
    li7      7   9.0148472E-11  1.5260651E-10  6.2458039E-11  1.4052165E-10  5.7516662E-11  3.8794959E-01
    be7      7   8.6874457E-14  8.6874457E-14  0.0000000E+00  7.9994896E-14  0.0000000E+00  0.0000000E+00
     b8      8   2.2744226E-28  2.2744226E-28  0.0000000E+00  2.0943118E-28  0.0000000E+00  0.0000000E+00
    c12     12   2.1855211E-02  2.1873802E-02  1.8591682E-05  2.0141624E-02  1.7120798E-05  3.0705705E+00
    c13     13   1.1446115E-06  1.3698036E-06  2.2519210E-07  1.2613293E-06  2.0737599E-07  7.8407001E-01
    c14     14   1.4410473E-08  1.4410473E-08  0.0000000E+00  1.3269313E-08  0.0000000E+00  0.0000000E+00
    n13     13   0.0000000E+00  0.0000000E+00  0.0000000E+00  0.0000000E+00  0.0000000E+00  0.0000000E+00
    n14     14   5.5595112E-05  6.1089391E-05  5.4942807E-06  5.6251742E-05  5.0595995E-06  1.0460198E+00
    n15     15   9.5867136E-08  1.0901862E-07  1.3151482E-08  1.0038548E-07  1.2110999E-08  9.1849095E-01
    o14     14   0.0000000E+00  0.0000000E+00  0.0000000E+00  0.0000000E+00  0.0000000E+00  0.0000000E+00
    o15     15   0.0000000E+00  0.0000000E+00  0.0000000E+00  0.0000000E+00  0.0000000E+00  0.0000000E+00
    o16     16   7.5164833E-04  7.9713267E-04  4.5484368E-05  7.3400803E-04  4.1885865E-05  1.2436334E+00
    o17     17   8.6389468E-07  8.8225426E-07  1.8359586E-08  8.1238886E-07  1.6907064E-08  1.6816957E+00
    o18     18  -3.2571279E-08  7.0012220E-08  1.0258350E-07  6.4467976E-08  9.4467595E-08 -1.6593884E-01
    o19     19   0.0000000E+00  0.0000000E+00  0.0000000E+00  0.0000000E+00  0.0000000E+00  0.0000000E+00
    f17     17   0.0000000E+00  0.0000000E+00  0.0000000E+00  0.0000000E+00  0.0000000E+00  0.0000000E+00
    f18     18   0.0000000E+00  0.0000000E+00  0.0000000E+00  0.0000000E+00  0.0000000E+00  0.0000000E+00
    f19     19   6.0761622E-06  6.0788138E-06  2.6518046E-09  5.5974347E-06  2.4420066E-09  3.3602421E+00
    f20     20   0.0000000E+00  0.0000000E+00  0.0000000E+00  0.0000000E+00  0.0000000E+00  0.0000000E+00
   ne19     19   0.0000000E+00  0.0000000E+00  0.0000000E+00  0.0000000E+00  0.0000000E+00  0.0000000E+00
   ne20     20   6.2899424E-05  7.2104485E-05  9.2050595E-06  6.6394554E-05  8.4767998E-06  8.9390051E-01
   ne21     21   1.8067570E-06  1.8299261E-06  2.3169020E-08  1.6850148E-06  2.1336000E-08  1.8974907E+00
   ne22     22   3.9753001E-03  3.9760447E-03  7.4452589E-07  3.6611832E-03  6.8562258E-07  3.7275364E+00
   ne23     23   0.0000000E+00  0.0000000E+00  0.0000000E+00  0.0000000E+00  0.0000000E+00  0.0000000E+00
   na21     21   0.0000000E+00  0.0000000E+00  0.0000000E+00  0.0000000E+00  0.0000000E+00  0.0000000E+00
   na22     22   1.2173530E-25  1.2173530E-25  0.0000000E+00  1.1209513E-25  0.0000000E+00  0.0000000E+00
   na23     23   1.0824339E-04  1.0845547E-04  2.1207934E-07  9.9866913E-05  1.9530066E-07  2.7087178E+00
   na24     24   2.8891551E-40  2.8891551E-40  0.0000000E+00  2.6603651E-40  0.0000000E+00  0.0000000E+00
   mg23     23   0.0000000E+00  0.0000000E+00  0.0000000E+00  0.0000000E+00  0.0000000E+00  0.0000000E+00
   mg24     24   4.1410065E-05  4.5800971E-05  4.3909067E-06  4.2174008E-05  4.0435198E-06  1.0182853E+00
   mg25     25   2.4967036E-05  2.5546080E-05  5.7904452E-07  2.3523095E-05  5.3323333E-07  1.6445771E+00
   mg26     26   2.8752222E-05  2.9415261E-05  6.6304051E-07  2.7085876E-05  6.1058398E-07  1.6469975E+00
   mg27     27   0.0000000E+00  0.0000000E+00  0.0000000E+00  0.0000000E+00  0.0000000E+00  0.0000000E+00
   al25     25   0.0000000E+00  0.0000000E+00  0.0000000E+00  0.0000000E+00  0.0000000E+00  0.0000000E+00
   al-6     26   1.1547213E-08  1.1547213E-08  0.0000000E+00  1.0632793E-08  0.0000000E+00  0.0000000E+00
   al*6     26   0.0000000E+00  0.0000000E+00  0.0000000E+00  0.0000000E+00  0.0000000E+00  0.0000000E+00
   al27     27   6.4654517E-07  1.0503155E-06  4.0377034E-07  9.6714143E-07  3.7182599E-07  4.1515023E-01
   al28     28   0.0000000E+00  0.0000000E+00  0.0000000E+00  0.0000000E+00  0.0000000E+00  0.0000000E+00
   si27     27   0.0000000E+00  0.0000000E+00  0.0000000E+00  0.0000000E+00  0.0000000E+00  0.0000000E+00
   si28     28   4.8387892E-07  5.3457247E-06  4.8618458E-06  4.9223986E-06  4.4772000E-06  4.1170299E-02
   si29     29   3.7008874E-08  2.9269845E-07  2.5568957E-07  2.6951975E-07  2.3546065E-07  5.8672257E-02
   si30     30   5.8800467E-08  2.3316754E-07  1.7436707E-07  2.1470308E-07  1.6057200E-07  1.2616847E-01
    p31     31   1.0626688E-07  1.4854795E-07  4.2281073E-08  1.3678449E-07  3.8935998E-08  5.4568553E-01
    p32     32  -2.1264963E-33 -2.1264963E-33  0.0000000E+00 -1.9580997E-33  0.0000000E+00  0.0000000E+00
    p33     33   1.6987342E-29  1.6987342E-29  0.0000000E+00  1.5642120E-29  0.0000000E+00  0.0000000E+00
    s32     32  -7.5710886E-09  2.3222460E-06  2.3298171E-06  2.1383482E-06  2.1454932E-06 -1.4487145E-03
    s33     33   2.4136373E-09  2.1649200E-08  1.9235562E-08  1.9934808E-08  1.7713738E-08  5.1301833E-02
    s34     34   1.2627069E-08  1.2449773E-07  1.1187066E-07  1.1463880E-07  1.0301999E-07  4.6410140E-02
    s35     35   2.1148350E-26  2.1148350E-26  0.0000000E+00  1.9473620E-26  0.0000000E+00  0.0000000E+00
    s36     36   2.9477851E-09  3.5000105E-09  5.5222538E-10  3.2228458E-09  5.0853599E-10  8.0191779E-01
   cl35     35  -8.3218588E-10  2.3068086E-08  2.3900272E-08  2.1241332E-08  2.2009399E-08 -1.5426428E-02
   cl36     36   5.1000107E-11  5.1000107E-11  0.0000000E+00  4.6961424E-11  0.0000000E+00  0.0000000E+00
   cl37     37   6.9678361E-09  1.5042961E-08  8.0751246E-09  1.3851714E-08  7.4362601E-09  2.7014896E-01
   ar36     36  -1.8309294E-08  4.2674964E-07  4.4505893E-07  3.9295549E-07  4.0984804E-07 -1.8279500E-02
   ar37     37   9.2047950E-27  9.2047950E-27  0.0000000E+00  8.4758705E-27  0.0000000E+00  0.0000000E+00
   ar38     38   5.4568901E-09  9.0871985E-08  8.5415095E-08  8.3675864E-08  7.8657465E-08  2.6860271E-02
   ar39     39   2.4866521E-13  2.4866521E-13  0.0000000E+00  2.2897350E-13  0.0000000E+00  0.0000000E+00
   ar40     40   1.6146031E-09  1.7584069E-09  1.4380371E-10  1.6191593E-09  1.3242665E-10  1.0873141E+00
    k39     39   5.4137850E-10  2.3712222E-08  2.3170843E-08  2.1834460E-08  2.1337678E-08  9.9953059E-03
    k40     40   3.0049835E-10  3.0424951E-10  3.7511678E-12  2.8015609E-10  3.4543937E-12  1.9090283E+00
    k41     41   8.6938412E-10  2.6272766E-09  1.7578925E-09  2.4192235E-09  1.6188165E-09  1.7447837E-01
   ca40     40  -1.4517298E-08  3.8666207E-07  4.0117936E-07  3.5604242E-07  3.6943999E-07 -1.6042162E-02
   ca41     41   7.3270404E-11  7.3270404E-11  0.0000000E+00  6.7468142E-11  0.0000000E+00  0.0000000E+00
   ca42     42   6.3311778E-10  3.4445657E-09  2.8114480E-09  3.1717917E-09  2.5890199E-09  8.8169277E-02
   ca43     43   1.5360502E-10  7.5418605E-10  6.0058103E-10  6.9446232E-10  5.5306598E-10  9.8871753E-02
   ca44     44   4.6814108E-10  9.9642827E-09  9.4961417E-09  9.1752144E-09  8.7448528E-09  2.0863734E-02
   ca45     45   1.0826491E-27  1.0826491E-27  0.0000000E+00  9.9691449E-28  0.0000000E+00  0.0000000E+00
   ca46     46   7.0593598E-10  7.2497303E-10  1.9037024E-11  6.6756267E-10  1.7530906E-11  1.5806876E+00
   ca47     47  -2.2347468E-36 -2.2347468E-36  0.0000000E+00 -2.0577781E-36  0.0000000E+00  0.0000000E+00
   ca48     48   4.4572124E-12  9.3312924E-10  9.2867203E-10  8.5923507E-10  8.5520002E-10  2.0443143E-03
   sc45     45   1.9464289E-10  4.6255261E-10  2.6790972E-10  4.2592321E-10  2.4671401E-10  2.3713751E-01
   sc46     46   1.0729899E-28  1.0729899E-28  0.0000000E+00  9.8802018E-29  0.0000000E+00  0.0000000E+00
   sc47     47  -6.1060030E-36 -6.1060030E-36  0.0000000E+00 -5.6224708E-36  0.0000000E+00  0.0000000E+00
   sc48     48   8.1125567E-34  1.6978415E-31  1.6897289E-31  1.5633900E-31  1.5560458E-31  0.0000000E+00
   ti46     46   5.2094995E-11  1.6888873E-09  1.6367923E-09  1.5551449E-09  1.5072972E-09  1.3571953E-02
   ti47     47   3.5215164E-12  1.5116904E-09  1.5081689E-09  1.3919802E-09  1.3888499E-09  9.7775052E-04
   ti48     48  -8.4780183E-10  1.4414042E-08  1.5261843E-08  1.3272598E-08  1.4054399E-08 -2.4856323E-02
   ti49     49   8.1669427E-10  1.9600286E-09  1.1433343E-09  1.8048146E-09  1.0528793E-09  2.3405401E-01
   ti50     50   3.1142773E-09  4.2313548E-09  1.1170777E-09  3.8962753E-09  1.0286999E-09  5.7836097E-01
    v51     51  -3.7321701E-11  2.4245344E-09  2.4618561E-09  2.2325364E-09  2.2670859E-09 -6.6694226E-03
   cr52     52  -2.9454341E-09  9.7973150E-08  1.0091858E-07  9.0214691E-08  9.2934400E-08 -1.2899226E-02
   cr53     53  -2.8654057E-10  1.1376835E-08  1.1663376E-08  1.0475908E-08  1.0740626E-08 -1.0837910E-02
   cr54     54   2.4535505E-09  5.4115881E-09  2.9580376E-09  4.9830464E-09  2.7240119E-09  2.6228595E-01
   mn55     55   4.3681894E-09  9.2502617E-08  8.8134428E-08  8.5177369E-08  8.1161666E-08  2.0973263E-02
   fe54     54  -4.2857721E-08  5.3786636E-07  5.8072408E-07  4.9527290E-07  5.3477999E-07 -3.3330593E-02
   fe55     55   7.3633331E-23  7.3633331E-23  0.0000000E+00  6.7802330E-23  0.0000000E+00  0.0000000E+00
   fe56     56  -3.7822883E-07  9.0750555E-06  9.4532843E-06  8.3564046E-06  8.7053859E-06 -1.7768579E-02
   fe57     57   8.9506955E-08  3.1172539E-07  2.2221843E-07  2.8703997E-07  2.0463759E-07  1.4695697E-01
   fe58     58   1.1766126E-07  1.4775365E-07  3.0092391E-08  1.3605309E-07  2.7711625E-08  6.9104642E-01
   fe59     59   1.8857982E-27  1.8857982E-27  0.0000000E+00  1.7364625E-27  0.0000000E+00  0.0000000E+00
   fe60     60   4.0510160E-09  4.0510160E-09  0.0000000E+00  3.7302175E-09  0.0000000E+00  0.0000000E+00
   co59     59   2.3335376E-08  4.6542809E-08  2.3207432E-08  4.2857099E-08  2.1371372E-08  3.0219036E-01
   co60     60   8.1635596E-15  8.1635596E-15  0.0000000E+00  7.5170905E-15  0.0000000E+00  0.0000000E+00
   ni58     58  -2.5168987E-08  3.0688105E-07  3.3205004E-07  2.8257924E-07  3.0577985E-07 -3.4268629E-02
   ni59     59   4.3130707E-10  4.3130707E-10  0.0000000E+00  3.9715201E-10  0.0000000E+00  0.0000000E+00
   ni60     60   8.9113144E-09  1.4122753E-07  1.3231622E-07  1.3004377E-07  1.2184800E-07  2.8271167E-02
   ni61     61   7.8634530E-09  1.3711176E-08  5.8477232E-09  1.2625393E-08  5.3850795E-09  3.7005281E-01
   ni62     62   1.9040018E-08  3.7990198E-08  1.8950180E-08  3.4981767E-08  1.7450933E-08  3.0202308E-01
   ni63     63   2.1733074E-13  2.1733074E-13  0.0000000E+00  2.0012040E-13  0.0000000E+00  0.0000000E+00
   ni64     64   1.1823099E-08  1.6804742E-08  4.9816431E-09  1.5473981E-08  4.5875197E-09  5.2802414E-01
   cu63     63   3.8845438E-09  7.9964062E-09  4.1118624E-09  7.3631736E-09  3.7865520E-09  2.8882113E-01
   cu64     64   0.0000000E+00  0.0000000E+00  0.0000000E+00  0.0000000E+00  0.0000000E+00  0.0000000E+00
   cu65     65   3.1106031E-09  5.0015090E-09  1.8909059E-09  4.6054414E-09  1.7413065E-09  4.2239603E-01
   zn64     64  -5.9456884E-11  6.9853621E-09  7.0448190E-09  6.4321934E-09  6.4874670E-09 -3.7160711E-03
   zn65     65   9.0453515E-26  9.0453515E-26  0.0000000E+00  8.3290535E-26  0.0000000E+00  0.0000000E+00
   zn66     66   3.4024521E-09  7.5704563E-09  4.1680042E-09  6.9709545E-09  3.8382519E-09  2.5915879E-01
   zn67     67   7.8782603E-10  1.4095998E-09  6.2177374E-10  1.2979741E-09  5.7258198E-10  3.5542837E-01
   zn68     68   5.2181974E-09  8.1041405E-09  2.8859430E-09  7.4623765E-09  2.6576212E-09  4.4838405E-01
   zn69     69   0.0000000E+00  0.0000000E+00  0.0000000E+00  0.0000000E+00  0.0000000E+00  0.0000000E+00
   zn70     70   3.3357025E-11  1.3159225E-10  9.8235226E-11  1.2117150E-10  9.0463331E-11  1.2692794E-01
   ga69     69   7.9889928E-10  1.0634797E-09  2.6458050E-10  9.7926312E-10  2.4364818E-10  6.0413623E-01
   ga70     70   0.0000000E+00  0.0000000E+00  0.0000000E+00  0.0000000E+00  0.0000000E+00  0.0000000E+00
   ga71     71   8.4509338E-10  1.0257792E-09  1.8068584E-10  9.4454811E-10  1.6639086E-10  7.5409460E-01
   ge70     70   1.3191352E-09  1.6134254E-09  2.9429015E-10  1.4856588E-09  2.7100733E-10  7.3893803E-01
   ge71     71  -2.8006499E-31 -2.8006499E-31  0.0000000E+00 -2.5788675E-31  0.0000000E+00  0.0000000E+00
   ge72     72   1.5566232E-09  1.9566366E-09  4.0001349E-10  1.8016912E-09  3.6836637E-10  6.8940043E-01
   ge73     73   4.6013426E-10  5.7396826E-10  1.1383399E-10  5.2851590E-10  1.0482800E-10  7.0258075E-01
   ge74     74   2.1912505E-09  2.7328599E-09  5.4160948E-10  2.5164457E-09  4.9875998E-10  7.0289600E-01
   as75     75   1.9930013E-10  2.7870201E-10  7.9401881E-11  2.5663169E-10  7.3119996E-11  5.4527414E-01
   se76     76   7.4021961E-10  8.2288648E-10  8.2666866E-11  7.5772238E-10  7.6126661E-11  9.9797338E-01
   se77     77   2.9300040E-10  3.6120257E-10  6.8202152E-11  3.3259906E-10  6.2806330E-11  7.2391760E-01
   se78     78   2.0637594E-09  2.2789906E-09  2.1523125E-10  2.0985180E-09  1.9820319E-10  1.0248021E+00
   se79     79   1.2088745E-10  1.2088745E-10  0.0000000E+00  1.1131442E-10  0.0000000E+00  0.0000000E+00
   se80     80   2.8641822E-09  3.3249044E-09  4.6072207E-10  3.0616063E-09  4.2427198E-10  8.5830498E-01
   br79     79   3.4292003E-10  4.1659395E-10  7.3673921E-11  3.8360401E-10  6.7845195E-11  7.5236404E-01
   br80     80   0.0000000E+00  0.0000000E+00  0.0000000E+00  0.0000000E+00  0.0000000E+00  0.0000000E+00
   br81     81   3.8642595E-10  4.5991266E-10  7.3486710E-11  4.2349232E-10  6.7672798E-11  7.9643142E-01
   kr80     80  -9.5959178E-13  1.6598592E-11  1.7558184E-11  1.5284156E-11  1.6169066E-11 -2.4443466E-02
   kr81     81   1.3151005E-13  1.3151005E-13  0.0000000E+00  1.2109581E-13  0.0000000E+00  0.0000000E+00
   kr82     82   1.5182907E-09  1.6084694E-09  9.0178628E-11  1.4810952E-09  8.3044127E-11  1.2512741E+00
   kr83     83   5.1834431E-10  6.0876942E-10  9.0425126E-11  5.6056121E-10  8.3271126E-11  8.2812858E-01
   kr84     84   4.1349835E-09  4.5860009E-09  4.5101750E-10  4.2228372E-09  4.1533516E-10  1.0072056E+00
   kr-5     85   7.9619481E-20  7.9619481E-20  0.0000000E+00  7.3314439E-20  0.0000000E+00  0.0000000E+00
   kr*5     85   0.0000000E+00  0.0000000E+00  0.0000000E+00  0.0000000E+00  0.0000000E+00  0.0000000E+00
   kr86     86   3.0548804E-08  3.0688444E-08  1.3964062E-10  2.8258237E-08  1.2859293E-10  2.3419280E+00
   rb85     85   1.2076621E-09  1.3134653E-09  1.0580330E-10  1.2094524E-09  9.7432659E-11  1.0938842E+00
   rb86     86  -1.9243969E-29 -1.9243969E-29  0.0000000E+00 -1.7720045E-29  0.0000000E+00  0.0000000E+00
   rb87     87   4.2192090E-09  4.2637769E-09  4.4567953E-11  3.9261296E-09  4.1041955E-11  1.9807366E+00
   sr86     86   1.1754705E-09  1.2096288E-09  3.4158378E-11  1.1138388E-09  3.1455932E-11  1.5491198E+00
   sr87     87   7.7807283E-10  8.0222173E-10  2.4148905E-11  7.3869405E-10  2.2238360E-11  1.5213618E+00
   sr88     88   2.2242890E-08  2.2535744E-08  2.9285396E-10  2.0751147E-08  2.6968477E-10  1.8861856E+00
   sr89     89   5.7481040E-29  5.7481040E-29  0.0000000E+00  5.2929135E-29  0.0000000E+00  0.0000000E+00
   sr90     90   6.6187035E-17  6.6187035E-17  0.0000000E+00  6.0945708E-17  0.0000000E+00  0.0000000E+00
    y89     89   6.8787287E-09  6.9553177E-09  7.6588867E-11  6.4045285E-09  7.0529527E-11  1.9581162E+00
    y90     90   1.6738194E-20  1.6738194E-20  0.0000000E+00  1.5412701E-20  0.0000000E+00  0.0000000E+00
    y91     91  -3.5033517E-32 -3.5033517E-32  0.0000000E+00 -3.2259224E-32  0.0000000E+00  0.0000000E+00
   zr90     90   6.8779804E-09  6.9612351E-09  8.3254709E-11  6.4099774E-09  7.6667998E-11  1.9222424E+00
   zr91     91   2.0360882E-09  2.0544459E-09  1.8357749E-11  1.8917550E-09  1.6905373E-11  2.0488400E+00
   zr92     92   3.8381485E-09  3.8665164E-09  2.8368047E-11  3.5603283E-09  2.6123704E-11  2.1344552E+00
   zr93     93   7.6234385E-10  7.6234385E-10  0.0000000E+00  7.0197409E-10  0.0000000E+00  0.0000000E+00
   zr94     94   4.4947410E-09  4.5241144E-09  2.9373313E-11  4.1658512E-09  2.7049439E-11  2.1875455E+00
   zr95     95   6.1592944E-28  6.1592944E-28  0.0000000E+00  5.6715421E-28  0.0000000E+00  0.0000000E+00
   zr96     96   2.5883451E-09  2.5931781E-09  4.8329166E-12  2.3878253E-09  4.4505597E-12  2.7295878E+00
   nb93     93   4.1570386E-10  4.2838819E-10  1.2684322E-11  3.9446427E-10  1.1680800E-11  1.5285351E+00
   nb94     94   4.1358510E-15  4.1358510E-15  0.0000000E+00  3.8083342E-15  0.0000000E+00  0.0000000E+00
   nb95     95   7.6199799E-28  7.6199799E-28  0.0000000E+00  7.0165562E-28  0.0000000E+00  0.0000000E+00
   mo94     94   3.7631573E-13  4.3516891E-12  3.9753734E-12  4.0070803E-12  3.6608611E-12  3.9244790E-02
   mo95     95   5.0673254E-10  5.1368632E-10  6.9537830E-12  4.7300769E-10  6.4036333E-12  1.8684417E+00
   mo96     96   9.7246788E-10  9.7986463E-10  7.3967117E-12  9.0226948E-10  6.8115192E-12  2.1220922E+00
   mo97     97   3.8793124E-10  3.9223433E-10  4.3030831E-12  3.6117342E-10  3.9626440E-12  1.9597307E+00
   mo98     98   1.3259215E-09  1.3369685E-09  1.1047041E-11  1.2310944E-09  1.0173053E-11  2.0828400E+00
   tc99     99   2.0097054E-11  2.0097054E-11  0.0000000E+00  1.8505576E-11  0.0000000E+00  0.0000000E+00
   ru99     99   1.4819400E-10  1.5205115E-10  3.8571464E-12  1.4001027E-10  3.5519879E-12  1.5956883E+00
  ru100    100   6.3940553E-10  6.4325278E-10  3.8472415E-12  5.9231381E-10  3.5428665E-12  2.2231970E+00
  ru101    101   1.3788774E-10  1.4314888E-10  5.2611383E-12  1.3181298E-10  4.8449027E-12  1.4346731E+00
  ru102    102   8.8689039E-10  8.9671653E-10  9.8261581E-12  8.2570584E-10  9.0487600E-12  1.9602363E+00
  rh103    103   1.4999531E-10  1.5627033E-10  6.2750239E-12  1.4389534E-10  5.7785747E-12  1.3962259E+00
  pd104    104   4.8898380E-10  4.9172977E-10  2.7459732E-12  4.5278986E-10  2.5287253E-12  2.2529950E+00
  pd105    105   1.2431253E-10  1.2986975E-10  5.5572205E-12  1.1958541E-10  5.1175600E-12  1.3686153E+00
  pd106    106   5.6757482E-10  5.7444116E-10  6.8663434E-12  5.2895138E-10  6.3231117E-12  1.9224849E+00
  pd107    107   1.0092862E-10  1.0092862E-10  0.0000000E+00  9.2936117E-11  0.0000000E+00  0.0000000E+00
  pd108    108   7.2436179E-10  7.3113493E-10  6.7731463E-12  6.7323663E-10  6.2372876E-12  2.0331719E+00
  ag107    107   1.1637070E-11  1.6301738E-11  4.6646675E-12  1.5010809E-11  4.2956216E-12  5.4337811E-01
  ag108    108   0.0000000E+00  0.0000000E+00  0.0000000E+00  0.0000000E+00  0.0000000E+00  0.0000000E+00
  ag109    109   1.8322949E-10  1.8764416E-10  4.4146770E-12  1.7278469E-10  4.0654090E-12  1.6284010E+00
  cd108    108   1.6503969E-14  2.7807411E-13  2.6157014E-13  2.5605351E-13  2.4087600E-13  2.6537195E-02
  cd109    109   4.3639138E-29  4.3639138E-29  0.0000000E+00  4.0183370E-29  0.0000000E+00  0.0000000E+00
  cd110    110   6.3004463E-10  6.3378341E-10  3.7387953E-12  5.8359434E-10  3.4429998E-12  2.2291741E+00
  cd111    111   2.1041693E-10  2.1428334E-10  3.8664011E-12  1.9731432E-10  3.5605100E-12  1.7436464E+00
  cd112    112   8.1019685E-10  8.1755136E-10  7.3544911E-12  7.5280976E-10  6.7726393E-12  2.0459273E+00
  cd113    113   2.3969982E-10  2.4345753E-10  3.7577298E-12  2.2417822E-10  3.4604364E-12  1.8114625E+00
  cd114    114   1.2049186E-09  1.2138318E-09  8.9131662E-12  1.1177089E-09  8.2079994E-12  2.1340914E+00
  in115    115   2.3272771E-10  2.3608848E-10  3.3607676E-12  2.1739271E-10  3.0948798E-12  1.8466012E+00
  sn116    116   1.7402608E-09  1.7507756E-09  1.0514784E-11  1.6121323E-09  9.6829064E-12  2.2213950E+00
  sn117    117   5.0434845E-10  5.0995025E-10  5.6017942E-12  4.6956744E-10  5.1586075E-12  1.9591655E+00
  sn118    118   2.5077369E-09  2.5248186E-09  1.7081598E-11  2.3248790E-09  1.5730185E-11  2.1696665E+00
  sn119    119   7.2637801E-10  7.3275064E-10  6.3726155E-12  6.7472439E-10  5.8684451E-12  2.0606034E+00
  sn120    120   4.0274615E-09  4.0518344E-09  2.4373078E-11  3.7309711E-09  2.2444798E-11  2.2207062E+00
  sb121    121   2.8755609E-10  2.9131478E-10  3.7586956E-12  2.6824565E-10  3.4613261E-12  1.8892901E+00
  te122    122   4.9623206E-10  4.9873056E-10  2.4985086E-12  4.5923626E-10  2.3008386E-12  2.3001499E+00
  te123    123   1.8250358E-10  1.8338275E-10  8.7917483E-13  1.6886073E-10  8.0961876E-13  2.3192482E+00
  te124    124   9.5051700E-10  9.5523744E-10  4.7203986E-12  8.7959251E-10  4.3469438E-12  2.3060975E+00
  te125    125   3.1914413E-10  3.2624164E-10  7.0975214E-12  3.0040667E-10  6.5359996E-12  1.6623976E+00
  te126    126   1.7767686E-09  1.7958329E-09  1.9064273E-11  1.6536216E-09  1.7556000E-11  1.9740106E+00
   i127    127   2.3150486E-10  2.5541491E-10  2.3910060E-11  2.3518870E-10  2.2018411E-11  1.0286305E+00
  xe128    128   5.6218491E-10  5.6476740E-10  2.5824668E-12  5.2004367E-10  2.3781545E-12  2.3397996E+00
  xe129    129   2.1664112E-10  2.4906091E-10  3.2419796E-11  2.2933787E-10  2.9854900E-11  8.8546014E-01
  xe130    130   1.1279029E-09  1.1331485E-09  5.2456355E-12  1.0434148E-09  4.8306264E-12  2.3344536E+00
  xe131    131   4.2732123E-10  4.5352547E-10  2.6204223E-11  4.1761095E-10  2.4131072E-11  1.2381953E+00
  xe132    132   2.2230913E-09  2.2553630E-09  3.2271658E-11  2.0767617E-09  2.9718478E-11  1.8443601E+00
  xe133    133  -8.2988661E-34 -8.2988661E-34  0.0000000E+00 -7.6416817E-34  0.0000000E+00  0.0000000E+00
  xe134    134   5.4162447E-10  5.5372140E-10  1.2096915E-11  5.0987237E-10  1.1139866E-11  1.6605815E+00
  cs133    133   2.9520111E-10  3.0368569E-10  8.4845637E-12  2.7963692E-10  7.8133056E-12  1.5537597E+00
  cs134    134   1.6039956E-25  1.6039956E-25  0.0000000E+00  1.4769756E-25  0.0000000E+00  0.0000000E+00
  cs135    135   5.8961469E-10  5.8961469E-10  0.0000000E+00  5.4292332E-10  0.0000000E+00  0.0000000E+00
  cs136    136  -1.5578335E-30 -1.5578335E-30  0.0000000E+00 -1.4344692E-30  0.0000000E+00  0.0000000E+00
  cs137    137   1.9393447E-16  1.9393447E-16  0.0000000E+00  1.7857686E-16  0.0000000E+00  0.0000000E+00
  ba134    134   3.2157946E-10  3.2418054E-10  2.6010795E-12  2.9850880E-10  2.3952947E-12  2.0955982E+00
  ba135    135   2.4571103E-10  2.5285810E-10  7.1470499E-12  2.3283436E-10  6.5816098E-12  1.5487150E+00
  ba136    136   2.2558670E-09  2.2644455E-09  8.5784739E-12  2.0851250E-09  7.8997867E-12  2.4215167E+00
  ba137    137   2.6969413E-09  2.7092992E-09  1.2357825E-11  2.4947509E-09  1.1380133E-11  2.3408799E+00
  ba138    138   2.5410904E-08  2.5490365E-08  7.9462568E-11  2.3471792E-08  7.3175875E-11  2.5061784E+00
  la139    139   2.9746292E-09  2.9855283E-09  1.0899002E-11  2.7491054E-09  1.0036727E-11  2.4375992E+00
  ce140    140   8.2782510E-09  8.3032310E-09  2.4980174E-11  7.6457010E-09  2.3003864E-11  2.5216165E+00
  ce141    141   2.4613695E-30  2.4613695E-30  0.0000000E+00  2.2664545E-30  0.0000000E+00  0.0000000E+00
  ce142    142   3.4269707E-10  3.4588077E-10  3.1837059E-12  3.1849060E-10  2.9318264E-12  2.0359583E+00
  pr141    141   7.9614376E-10  8.0044898E-10  4.3052480E-12  7.3706169E-10  3.9646376E-12  2.2693002E+00
  nd142    142   2.1480504E-09  2.1537934E-09  5.7430068E-12  1.9832351E-09  5.2886476E-12  2.5740297E+00
  nd143    143   3.2899503E-10  3.3156614E-10  2.5711124E-12  3.0530953E-10  2.3676985E-12  2.1104140E+00
  nd144    144   1.0329684E-09  1.0380784E-09  5.1100070E-12  9.5587338E-10  4.7057280E-12  2.3077736E+00
  nd145    145   1.8927380E-10  1.9117399E-10  1.9001940E-12  1.7603499E-10  1.7498598E-12  2.0025957E+00
  nd146    146   9.4002639E-10  9.4376651E-10  3.7401388E-12  8.6902996E-10  3.4442371E-12  2.4019418E+00
  nd147    147  -8.4731596E-32 -8.4731596E-32  0.0000000E+00 -7.8021727E-32  0.0000000E+00  0.0000000E+00
  nd148    148   1.1212703E-10  1.1339218E-10  1.2651484E-12  1.0441269E-10  1.1650560E-12  1.9524064E+00
  pm147    147   6.0393539E-26  6.0393539E-26  0.0000000E+00  5.5610996E-26  0.0000000E+00  0.0000000E+00
  pm148    148   0.0000000E+00  0.0000000E+00  0.0000000E+00  0.0000000E+00  0.0000000E+00  0.0000000E+00
  sm147    147   1.0676832E-10  1.0778666E-10  1.0183484E-12  9.9251073E-11  9.3778154E-13  2.0246334E+00
  sm148    148   2.4506985E-10  2.4583863E-10  7.6878548E-13  2.2637076E-10  7.0796288E-13  2.5048099E+00
  sm149    149   4.0527467E-11  4.1479105E-11  9.5163731E-13  3.8194389E-11  8.7634842E-13  1.6393228E+00
  sm150    150   1.9414585E-10  1.9465744E-10  5.1159489E-13  1.7924259E-10  4.7112000E-13  2.5803096E+00
  sm151    151   1.3288031E-15  1.3288031E-15  0.0000000E+00  1.2235756E-15  0.0000000E+00  0.0000000E+00
  sm152    152   1.7562045E-10  1.7749947E-10  1.8790273E-12  1.6344336E-10  1.7303679E-12  1.9752288E+00
  eu151    151   2.8390750E-11  2.9630274E-11  1.2395244E-12  2.7283863E-11  1.1414592E-12  1.3784454E+00
  eu152    152   2.1524922E-22  2.1524922E-22  0.0000000E+00  1.9820370E-22  0.0000000E+00  0.0000000E+00
  eu153    153   3.2813533E-11  3.4184558E-11  1.3710249E-12  3.1477494E-11  1.2625560E-12  1.3967495E+00
  eu154    154   2.0463680E-22  2.0463680E-22  0.0000000E+00  1.8843168E-22  0.0000000E+00  0.0000000E+00
  eu155    155   6.6585594E-25  6.6585594E-25  0.0000000E+00  6.1312705E-25  0.0000000E+00  0.0000000E+00
  gd152    152   6.2032336E-14  8.0131567E-14  1.8099231E-14  7.3785975E-14  1.6667306E-14  6.4610839E-01
  gd153    153   2.0282356E-29  2.0282356E-29  0.0000000E+00  1.8676203E-29  0.0000000E+00  0.0000000E+00
  gd154    154   2.2817522E-11  2.3017395E-11  1.9987384E-13  2.1194655E-11  1.8406079E-13  2.0612650E+00
  gd155    155   5.1846825E-11  5.3212545E-11  1.3657191E-12  4.8998663E-11  1.2576700E-12  1.5906175E+00
  gd156    156   1.3907742E-10  1.4097856E-10  1.9011453E-12  1.2981452E-10  1.7507358E-12  1.8701026E+00
  gd157    157   6.3990944E-11  6.5453733E-11  1.4627888E-12  6.0270476E-11  1.3470599E-12  1.6507177E+00
  gd158    158   2.6763444E-10  2.6997105E-10  2.3366107E-12  2.4859212E-10  2.1517493E-12  2.0626957E+00
  tb159    159   5.8391403E-11  6.0154035E-11  1.7626287E-12  5.5390456E-11  1.6231779E-12  1.5330688E+00
  dy160    160   9.7823402E-11  9.8090126E-11  2.6672317E-13  9.0322402E-11  2.4562134E-13  2.5655293E+00
  dy161    161   4.3080369E-11  4.5257142E-11  2.1767729E-12  4.1673245E-11  2.0045573E-12  1.3178389E+00
  dy162    162   1.8960020E-10  1.9255421E-10  2.9540110E-12  1.7730591E-10  2.7203040E-12  1.8141057E+00
  dy163    163   7.9150415E-11  8.2055043E-11  2.9046301E-12  7.5557130E-11  2.6748300E-12  1.4509792E+00
  dy164    164   3.8245798E-10  3.8577533E-10  3.3173338E-12  3.5522590E-10  3.0548825E-12  2.0655100E+00
  ho165    165   7.0786176E-11  7.3370005E-11  2.5838301E-12  6.7559860E-11  2.3794100E-12  1.4532194E+00
  er166    166   1.6197148E-10  1.6442604E-10  2.4545596E-12  1.5140519E-10  2.2603666E-12  1.8259618E+00
  er167    167   6.4722304E-11  6.6407865E-11  1.6855628E-12  6.1149051E-11  1.5522092E-12  1.5954394E+00
  er168    168   2.5437041E-10  2.5637073E-10  2.0003194E-12  2.3606883E-10  1.8420638E-12  2.1077340E+00
  er169    169  -2.3438761E-32 -2.3438761E-32  0.0000000E+00 -2.1582654E-32  0.0000000E+00  0.0000000E+00
  er170    170   8.2360230E-11  8.3478911E-11  1.1186821E-12  7.6868248E-11  1.0301772E-12  1.8728350E+00
  tm169    169   6.1592842E-11  6.2774973E-11  1.1821324E-12  5.7803845E-11  1.0886078E-12  1.7250853E+00
  tm170    170   1.5646180E-27  1.5646180E-27  0.0000000E+00  1.4407165E-27  0.0000000E+00  0.0000000E+00
  tm171    171   7.5957783E-27  7.5957783E-27  0.0000000E+00  6.9942711E-27  0.0000000E+00  0.0000000E+00
  yb170    170   8.7837328E-11  8.8060906E-11  2.2358133E-13  8.1087394E-11  2.0589265E-13  2.5953126E+00
  yb171    171   1.0954420E-10  1.1060758E-10  1.0633778E-12  1.0184860E-10  9.7924858E-13  2.0170622E+00
  yb172    172   3.1591429E-10  3.1756078E-10  1.6465004E-12  2.9241326E-10  1.5162372E-12  2.2852299E+00
  yb173    173   1.3988168E-10  1.4111096E-10  1.2292738E-12  1.2993642E-10  1.1320197E-12  2.0598769E+00
  yb174    174   6.1748578E-10  6.1994554E-10  2.4597342E-12  5.7085225E-10  2.2651319E-12  2.4014301E+00
  lu175    175   7.9678965E-11  8.0789132E-11  1.1101695E-12  7.4391465E-11  1.0223382E-12  1.8619285E+00
  lu176    176   5.9504394E-11  5.9536799E-11  3.2405119E-14  5.4822102E-11  2.9841384E-14  3.2641368E+00
  lu177    177  -2.7599314E-33 -2.7599314E-33  0.0000000E+00 -2.5413734E-33  0.0000000E+00  0.0000000E+00
  hf176    176  -2.5062661E-14  2.2427316E-13  2.4933582E-13  2.0651304E-13  2.2960960E-13 -4.6042543E-02
  hf177    177   6.3871346E-11  6.4767539E-11  8.9619458E-13  5.9638620E-11  8.2529198E-13  1.8589200E+00
  hf178    178   3.0418210E-10  3.0550434E-10  1.3222486E-12  2.8131156E-10  1.2176386E-12  2.3636692E+00
  hf179    179   1.0541888E-10  1.0608277E-10  6.6389244E-13  9.7682112E-11  6.1136854E-13  2.2035120E+00
  hf180    180   6.1711164E-10  6.1883093E-10  1.7193028E-12  5.6982591E-10  1.5832798E-12  2.5561845E+00
  ta181    181   1.2259475E-10  1.2332321E-10  7.2845392E-13  1.1355729E-10  6.7082218E-13  2.2286077E+00
  ta182    182   4.0140311E-31  4.0140311E-31  0.0000000E+00  3.6961614E-31  0.0000000E+00  0.0000000E+00
  ta183    183   0.0000000E+00  0.0000000E+00  0.0000000E+00  0.0000000E+00  0.0000000E+00  0.0000000E+00
   w182    182   2.5873656E-10  2.5987967E-10  1.1431266E-12  2.3929989E-10  1.0526879E-12  2.3566430E+00
   w183    183   1.4070788E-10  1.4132855E-10  6.2067479E-13  1.3013679E-10  5.7156997E-13  2.3573308E+00
   w184    184   4.1626036E-10  4.1759654E-10  1.3361815E-12  3.8452722E-10  1.2304693E-12  2.4948564E+00
   w185    185   2.1761400E-28  2.1761400E-28  0.0000000E+00  2.0038123E-28  0.0000000E+00  0.0000000E+00
   w186    186   3.3758285E-10  3.3883618E-10  1.2533376E-12  3.1200387E-10  1.1541795E-12  2.4318867E+00
  re185    185   7.7208906E-11  7.7845924E-11  6.3702060E-13  7.1681334E-11  5.8662266E-13  2.0870473E+00
  re186    186  -9.7800599E-36 -9.7800599E-36  0.0000000E+00 -9.0055803E-36  0.0000000E+00  0.0000000E+00
  re187    187   5.6897414E-11  5.8059099E-11  1.1616838E-12  5.3461419E-11  1.0697770E-12  1.6987473E+00
  os186    186   1.5929537E-10  1.5964845E-10  3.5307385E-13  1.4700594E-10  3.2514039E-13  2.6552639E+00
  os187    187   4.6758635E-11  4.7040965E-11  2.8232885E-13  4.3315806E-11  2.5999236E-13  2.2216859E+00
  os188    188   2.8958624E-10  2.9256467E-10  2.9784339E-12  2.6939656E-10  2.7427945E-12  1.9921988E+00
  os189    189   7.6670600E-11  8.0321361E-11  3.6507624E-12  7.3960740E-11  3.3619318E-12  1.3424124E+00
  os190    190   3.5672509E-10  3.6269349E-10  5.9683825E-12  3.3397191E-10  5.4961929E-12  1.7836480E+00
  os191    191  -5.6322208E-31 -5.6322208E-31  0.0000000E+00 -5.1862073E-31  0.0000000E+00  0.0000000E+00
  os192    192   8.8608558E-11  9.7975690E-11  9.3671295E-12  9.0217028E-11  8.6260478E-12  1.0194767E+00
  ir191    191   7.5491079E-11  8.3389080E-11  7.8980043E-12  7.6785529E-11  7.2731526E-12  1.0235567E+00
  ir192    192   1.2150477E-27  1.2150477E-27  0.0000000E+00  1.1188286E-27  0.0000000E+00  0.0000000E+00
  ir193    193   8.6920166E-11  1.0033559E-10  1.3415422E-11  9.2390047E-11  1.2354059E-11  8.7381554E-01
  pt192    192   1.0965866E-10  1.0999077E-10  3.3211883E-13  1.0128064E-10  3.0584319E-13  2.5200276E+00
  pt193    193   2.2117372E-16  2.2117372E-16  0.0000000E+00  2.0365905E-16  0.0000000E+00  0.0000000E+00
  pt194    194   3.0347996E-10  3.1762695E-10  1.4146987E-11  2.9247418E-10  1.3027746E-11  1.3512182E+00
  pt195    195   1.2248892E-10  1.3708151E-10  1.4592594E-11  1.2622607E-10  1.3438099E-11  9.7281122E-01
  pt196    196   5.3193083E-10  5.4287441E-10  1.0943601E-11  4.9988436E-10  1.0077796E-11  1.6955040E+00
  au197    197   1.7029722E-10  1.7689267E-10  6.5954399E-12  1.6288459E-10  6.0736407E-12  1.4284309E+00
  hg198    198   6.1397132E-10  6.1552069E-10  1.5493663E-12  5.6677779E-10  1.4267879E-12  2.5990534E+00
  hg199    199   2.6993102E-10  2.7256580E-10  2.6347926E-12  2.5098140E-10  2.4263404E-12  2.0146899E+00
  hg200    200   9.0998548E-10  9.1361141E-10  3.6259329E-12  8.4126284E-10  3.3390667E-12  2.4013066E+00
  hg201    201   3.6961051E-10  3.7168973E-10  2.0792242E-12  3.4225575E-10  1.9147260E-12  2.2522442E+00
  hg202    202   1.4913132E-09  1.4960472E-09  4.7339567E-12  1.3775757E-09  4.3594291E-12  2.4996858E+00
  tl203    203   7.4629430E-10  7.4816686E-10  1.8725657E-12  6.8891981E-10  1.7244173E-12  2.6015263E+00
  tl204    204   2.7025874E-25  2.7025874E-25  0.0000000E+00  2.4885704E-25  0.0000000E+00  0.0000000E+00
  tl205    205   1.0890995E-09  1.0936136E-09  4.5141256E-12  1.0070108E-09  4.1569899E-12  2.3842552E+00
  pb204    204   6.8387629E-10  6.8624645E-10  2.3701811E-12  6.3190281E-10  2.1826640E-12  2.4616635E+00
  pb205    205   2.7476738E-10  2.7476738E-10  0.0000000E+00  2.5300864E-10  0.0000000E+00  0.0000000E+00
  pb206    206   6.7671122E-09  6.7893837E-09  2.2271360E-11  6.2517347E-09  2.0509360E-11  2.4840484E+00
  pb207    207   1.1738204E-08  1.1762969E-08  2.4765178E-11  1.0831464E-08  2.2805877E-11  2.6766403E+00
  pb208    208   1.7137971E-07  1.7145094E-07  7.1227260E-11  1.5787380E-07  6.5592101E-11  3.3814585E+00
  bi209    209   3.2423282E-09  3.2472818E-09  4.9536846E-12  2.9901306E-09  4.5617728E-12  2.8165565E+00
  bi210    210  -3.0970350E-35 -3.0970350E-35  0.0000000E+00 -2.8517820E-35  0.0000000E+00  0.0000000E+00
  po210    210   1.3832586E-08  1.3832586E-08  0.0000000E+00  1.2737188E-08  0.0000000E+00  0.0000000E+00
