# Minitial =  2.00 msun, Z = 0.0001, Mfinal = 0.685 msun, c13 pocket included (pmz = 2e-3msun)
# Initial abundances up to Ge from Kobayashi, Karakas, Umeda (2010); the rest scaled solar from Sneden, Cowan & Gallino (2008)
  species    A      yield       mass(i)_lost    mass(i)_0        <X(i)>          X0(i)   log10(<X(i)>/X0(i)) 
      n      1   0.0000000E+00  0.0000000E+00  0.0000000E+00  0.0000000E+00  0.0000000E+00  0.0000000E+00
      p      1  -1.7553872E-01  8.3668166E-01  1.0122204E+00  4.6098161E-01  7.6980817E-01 -2.2269893E-01
      d      2  -6.5771164E-05  2.2365229E-07  6.5994820E-05  1.2322440E-07  5.0190014E-05 -2.6099205E+00
    he3      3   1.9441218E-04  2.2419899E-04  2.9786810E-05  1.2352561E-04  2.2653297E-05  7.3662555E-01
    he4      4   1.3203287E-01  4.3442369E-01  3.0239081E-01  2.3935188E-01  2.2997259E-01  1.7360756E-02
    li7      7  -7.4171902E-10  9.4686141E-11  8.3640517E-10  5.2168672E-11  6.3609817E-10 -1.0861144E+00
    be7      7   1.6476076E-13  1.6476076E-13  0.0000000E+00  9.0777273E-14  0.0000000E+00  0.0000000E+00
     b8      8   9.0968159E-29  9.0968159E-29  0.0000000E+00  5.0120196E-29  0.0000000E+00  0.0000000E+00
    c12     12   3.3991300E-02  3.4005255E-02  1.3953416E-05  1.8735677E-02  1.0611775E-05  3.2468812E+00
    c13     13   1.5283766E-06  1.5367177E-06  8.3410701E-09  8.4667641E-07  6.3435039E-09  2.1253881E+00
    c14     14   3.9555932E-08  3.9555932E-08  0.0000000E+00  2.1793902E-08  0.0000000E+00  0.0000000E+00
    n13     13   0.0000000E+00  0.0000000E+00  0.0000000E+00  0.0000000E+00  0.0000000E+00  0.0000000E+00
    n14     14   7.1359871E-05  7.1970870E-05  6.1100036E-07  3.9653369E-05  4.6467460E-07  1.9311311E+00
    n15     15   3.3847755E-08  3.4033409E-08  1.8565285E-10  1.8751189E-08  1.4119167E-10  2.1232197E+00
    o14     14   0.0000000E+00  0.0000000E+00  0.0000000E+00  0.0000000E+00  0.0000000E+00  0.0000000E+00
    o15     15   0.0000000E+00  0.0000000E+00  0.0000000E+00  0.0000000E+00  0.0000000E+00  0.0000000E+00
    o16     16   9.8245789E-04  1.0896483E-03  1.0719045E-04  6.0035719E-04  8.1519880E-05  8.6714619E-01
    o17     17   1.6296827E-06  1.6315172E-06  1.8344276E-09  8.9890750E-07  1.3951087E-09  2.8091071E+00
    o18     18  -3.3084593E-09  2.2773143E-08  2.6081603E-08  1.2547186E-08  1.9835435E-08 -1.9889536E-01
    o19     19   0.0000000E+00  0.0000000E+00  0.0000000E+00  0.0000000E+00  0.0000000E+00  0.0000000E+00
    f17     17   0.0000000E+00  0.0000000E+00  0.0000000E+00  0.0000000E+00  0.0000000E+00  0.0000000E+00
    f18     18   0.0000000E+00  0.0000000E+00  0.0000000E+00  0.0000000E+00  0.0000000E+00  0.0000000E+00
    f19     19   1.2550851E-05  1.2550940E-05  8.8904217E-11  6.9151183E-06  6.7612936E-11  5.0097699E+00
    f20     20   0.0000000E+00  0.0000000E+00  0.0000000E+00  0.0000000E+00  0.0000000E+00  0.0000000E+00
   ne19     19   0.0000000E+00  0.0000000E+00  0.0000000E+00  0.0000000E+00  0.0000000E+00  0.0000000E+00
   ne20     20   1.4668897E-04  1.6997333E-04  2.3284356E-05  9.3649214E-05  1.7708087E-05  7.2333252E-01
   ne21     21   4.3309101E-06  4.3409914E-06  1.0081367E-08  2.3917307E-06  7.6670252E-09  2.4940853E+00
   ne22     22   7.6602893E-03  7.6603377E-03  4.8552394E-08  4.2205718E-03  3.6924796E-08  5.0580530E+00
   ne23     23   0.0000000E+00  0.0000000E+00  0.0000000E+00  0.0000000E+00  0.0000000E+00  0.0000000E+00
   na21     21   0.0000000E+00  0.0000000E+00  0.0000000E+00  0.0000000E+00  0.0000000E+00  0.0000000E+00
   na22     22   3.2823937E-23  3.2823937E-23  0.0000000E+00  1.8084813E-23  0.0000000E+00  0.0000000E+00
   na23     23   2.3708175E-04  2.3724305E-04  1.6129829E-07  1.3071242E-04  1.2266968E-07  3.0275795E+00
   na24     24   3.5621007E-42  3.5621007E-42  0.0000000E+00  1.9632191E-42  0.0000000E+00  0.0000000E+00
   mg23     23   0.0000000E+00  0.0000000E+00  0.0000000E+00  0.0000000E+00  0.0000000E+00  0.0000000E+00
   mg24     24   8.1468956E-05  9.4537922E-05  1.3068962E-05  5.2087009E-05  9.9391345E-06  7.1938086E-01
   mg25     25   8.1894643E-05  8.1980841E-05  8.6197815E-08  4.5168505E-05  6.5554687E-08  2.8382320E+00
   mg26     26   9.9061421E-05  9.9140321E-05  7.8898495E-08  5.4622764E-05  6.0003444E-08  2.9591975E+00
   mg27     27   0.0000000E+00  0.0000000E+00  0.0000000E+00  0.0000000E+00  0.0000000E+00  0.0000000E+00
   al25     25   0.0000000E+00  0.0000000E+00  0.0000000E+00  0.0000000E+00  0.0000000E+00  0.0000000E+00
   al-6     26   3.0894267E-08  3.0894267E-08  0.0000000E+00  1.7021634E-08  0.0000000E+00  0.0000000E+00
   al*6     26   0.0000000E+00  0.0000000E+00  0.0000000E+00  0.0000000E+00  0.0000000E+00  0.0000000E+00
   al27     27   2.6870891E-06  3.1745483E-06  4.8745920E-07  1.7490623E-06  3.7071979E-07  6.7375952E-01
   al28     28   0.0000000E+00  0.0000000E+00  0.0000000E+00  0.0000000E+00  0.0000000E+00  0.0000000E+00
   si27     27   0.0000000E+00  0.0000000E+00  0.0000000E+00  0.0000000E+00  0.0000000E+00  0.0000000E+00
   si28     28   1.3868685E-06  1.3780264E-05  1.2393395E-05  7.5924313E-06  9.4253555E-06 -9.3916863E-02
   si29     29   1.5715432E-07  2.7191439E-07  1.1476007E-07  1.4981508E-07  8.7276689E-08  2.3465729E-01
   si30     30   1.5292652E-07  2.9167262E-07  1.3874610E-07  1.6070116E-07  1.0551842E-07  1.8269075E-01
    p31     31   1.7958624E-07  2.2613891E-07  4.6552667E-08  1.2459444E-07  3.5403978E-08  5.4644656E-01
    p32     32   3.9133871E-28  3.9133871E-28  0.0000000E+00  2.1561361E-28  0.0000000E+00  0.0000000E+00
    p33     33   6.4480223E-25  6.4480223E-25  0.0000000E+00  3.5526292E-25  0.0000000E+00  0.0000000E+00
    s32     32  -8.7906301E-08  5.6822364E-06  5.7701427E-06  3.1307086E-06  4.3882769E-06 -1.4665140E-01
    s33     33   1.1083344E-08  3.4388840E-08  2.3305496E-08  1.8947018E-08  1.7724165E-08  2.8975094E-02
    s34     34   4.1098964E-08  1.0325159E-07  6.2152623E-08  5.6887924E-08  4.7267964E-08  8.0453202E-02
    s35     35   1.2040559E-22  1.2040559E-22  0.0000000E+00  6.6339169E-23  0.0000000E+00  0.0000000E+00
    s36     36   3.0528835E-09  3.0792495E-09  2.6366060E-11  1.6965561E-09  2.0051769E-11  1.9274156E+00
   cl35     35  -5.7372773E-11  6.9379786E-09  6.9953514E-09  3.8225778E-09  5.3200653E-09 -1.4356065E-01
   cl36     36   2.3235233E-11  2.3235233E-11  0.0000000E+00  1.2801781E-11  0.0000000E+00  0.0000000E+00
   cl37     37   2.4672092E-08  2.6910513E-08  2.2384217E-09  1.4826728E-08  1.7023519E-09  9.3999600E-01
   ar36     36  -6.7996780E-08  1.0398737E-06  1.1078705E-06  5.7293317E-07  8.4255151E-07 -1.6749249E-01
   ar37     37   5.6512168E-22  5.6512168E-22  0.0000000E+00  3.1136178E-22  0.0000000E+00  0.0000000E+00
   ar38     38   3.2595320E-08  5.7392075E-08  2.4796755E-08  3.1620978E-08  1.8858291E-08  2.2447297E-01
   ar39     39   4.7079257E-13  4.7079257E-13  0.0000000E+00  2.5938984E-13  0.0000000E+00  0.0000000E+00
   ar40     40   3.1051071E-09  3.1111302E-09  6.0230991E-12  1.7141213E-09  4.5806540E-12  2.5731142E+00
    k39     39   4.1468278E-09  7.4180675E-09  3.2712399E-09  4.0870893E-09  2.4878253E-09  2.1559426E-01
    k40     40   3.2362926E-10  3.2465813E-10  1.0288632E-12  1.7887500E-10  7.8246535E-13  2.3590846E+00
    k41     41   2.4747417E-09  3.0016416E-09  5.2689980E-10  1.6537970E-09  4.0071491E-10  6.1564672E-01
   ca40     40  -5.0709559E-08  9.2225264E-07  9.7296220E-07  5.0812815E-07  7.3995176E-07 -1.6323014E-01
   ca41     41   2.0394494E-10  2.0394494E-10  0.0000000E+00  1.1236636E-10  0.0000000E+00  0.0000000E+00
   ca42     42   1.9800988E-09  2.6031368E-09  6.2303812E-10  1.4342351E-09  4.7382948E-10  4.8099828E-01
   ca43     43   4.6865656E-10  4.8837445E-10  1.9717904E-11  2.6907682E-10  1.4995751E-11  1.2539080E+00
   ca44     44   1.5096631E-09  5.6513394E-09  4.1416763E-09  3.1136855E-09  3.1498044E-09 -5.0088456E-03
   ca45     45   8.0555683E-24  8.0555683E-24  0.0000000E+00  4.4383295E-24  0.0000000E+00  0.0000000E+00
   ca46     46   1.1141364E-09  1.1168837E-09  2.7472809E-12  6.1536287E-10  2.0893469E-12  2.4691207E+00
   ca47     47   2.7978204E-33  2.7978204E-33  0.0000000E+00  1.5414988E-33  0.0000000E+00  0.0000000E+00
   ca48     48   1.0558828E-12  9.8429919E-12  8.7871091E-12  5.4231359E-12  6.6827234E-12 -9.0702988E-02
   sc45     45   3.7598447E-10  4.0079939E-10  2.4814914E-11  2.2082611E-10  1.8872100E-11  1.0682302E+00
   sc46     46   2.7737136E-25  2.7737136E-25  0.0000000E+00  1.5282168E-25  0.0000000E+00  0.0000000E+00
   sc47     47   7.6254385E-33  7.6254385E-33  0.0000000E+00  4.2013435E-33  0.0000000E+00  0.0000000E+00
   sc48     48   1.9212427E-34  1.7909485E-33  1.5988242E-33  9.8674844E-34  1.2159289E-33  0.0000000E+00
   ti46     46   1.7304597E-10  7.3766404E-10  5.6461807E-10  4.0642645E-10  4.2940018E-10 -2.3880256E-02
   ti47     47   1.2394319E-10  7.8716644E-10  6.6322325E-10  4.3370049E-10  5.0439086E-10 -6.5577313E-02
   ti48     48  -9.4623775E-10  1.1056836E-08  1.2003074E-08  6.0919207E-09  9.1285113E-09 -1.7564572E-01
   ti49     49   1.1087201E-09  1.5245022E-09  4.1578208E-10  8.3994606E-10  3.1620828E-10  4.2427814E-01
   ti50     50   5.6508496E-09  5.6781291E-09  2.7279595E-11  3.1284457E-09  2.0746526E-11  2.1783834E+00
    v51     51   1.5647172E-10  1.6055968E-09  1.4491250E-09  8.8462632E-10  1.1020805E-09 -9.5453486E-02
   cr52     52  -6.2108683E-09  1.3020788E-07  1.3641875E-07  7.1739876E-08  1.0374843E-07 -1.6022092E-01
   cr53     53   5.1992277E-10  8.5583647E-09  8.0384419E-09  4.7153521E-09  6.1133516E-09 -1.1276525E-01
   cr54     54   5.1380216E-09  5.2122124E-09  7.4190931E-11  2.8717424E-09  5.6423276E-11  1.7066872E+00
   mn55     55   2.2004745E-09  2.5138197E-08  2.2937723E-08  1.3850246E-08  1.7444469E-08 -1.0020025E-01
   fe54     54  -2.2145898E-08  1.7559954E-07  1.9774544E-07  9.6749055E-08  1.5038826E-07 -1.9156723E-01
   fe55     55   2.8675090E-19  2.8675090E-19  0.0000000E+00  1.5798947E-19  0.0000000E+00  0.0000000E+00
   fe56     56  -7.5646585E-07  1.1162045E-05  1.1918511E-05  6.1498868E-06  9.0641988E-06 -1.6846232E-01
   fe57     57   1.9214404E-07  3.2349197E-07  1.3134793E-07  1.7823248E-07  9.9891992E-08  2.5145617E-01
   fe58     58   2.9123387E-07  2.9365779E-07  2.4239202E-09  1.6179492E-07  1.8434263E-09  1.9433391E+00
   fe59     59   9.9177289E-24  9.9177289E-24  0.0000000E+00  5.4643133E-24  0.0000000E+00  0.0000000E+00
   fe60     60   1.1356502E-08  1.1356502E-08  0.0000000E+00  6.2570260E-09  0.0000000E+00  0.0000000E+00
   co59     59   5.6236907E-08  7.2883388E-08  1.6646483E-08  4.0156134E-08  1.2659890E-08  5.0132197E-01
   co60     60   2.2885505E-14  2.2885505E-14  0.0000000E+00  1.2609093E-14  0.0000000E+00  0.0000000E+00
   ni58     58  -7.2360677E-09  5.5282420E-08  6.2518488E-08  3.0458633E-08  4.7546212E-08 -1.9340554E-01
   ni59     59   8.0268889E-11  8.0268889E-11  0.0000000E+00  4.4225283E-11  0.0000000E+00  0.0000000E+00
   ni60     60   5.6632530E-09  2.0802582E-07  2.0236257E-07  1.1461478E-07  1.5389965E-07 -1.2799701E-01
   ni61     61   1.5760529E-08  1.9990480E-08  4.2299515E-09  1.1014039E-08  3.2169394E-09  5.3450370E-01
   ni62     62   4.4910596E-08  5.1571433E-08  6.6608385E-09  2.8414012E-08  5.0656639E-09  7.4889624E-01
   ni63     63   4.1102663E-13  4.1102663E-13  0.0000000E+00  2.2646094E-13  0.0000000E+00  0.0000000E+00
   ni64     64   2.3149852E-08  2.4357901E-08  1.2080487E-09  1.3420331E-08  9.1873842E-10  1.1645713E+00
   cu63     63   1.0102208E-08  1.0946151E-08  8.4394264E-10  6.0309366E-09  6.4183053E-10  9.7296441E-01
   cu64     64   0.0000000E+00  0.0000000E+00  0.0000000E+00  0.0000000E+00  0.0000000E+00  0.0000000E+00
   cu65     65   5.8119856E-09  6.2842536E-09  4.7226806E-10  3.4623986E-09  3.5916667E-10  9.8408103E-01
   zn64     64  -1.1727295E-09  1.3969739E-08  1.5142469E-08  7.6968254E-09  1.1516066E-08 -1.7499255E-01
   zn65     65   3.1207285E-21  3.1207285E-21  0.0000000E+00  1.7194096E-21  0.0000000E+00  0.0000000E+00
   zn66     66   6.6608754E-09  7.5926438E-09  9.3176866E-10  4.1832746E-09  7.0862349E-10  7.7110088E-01
   zn67     67   1.4913675E-09  1.5831990E-09  9.1831487E-11  8.7228591E-10  6.9839176E-11  1.0965598E+00
   zn68     68   8.7706802E-09  9.3800301E-09  6.0934957E-10  5.1680606E-09  4.6341914E-10  1.0473536E+00
   zn69     69   0.0000000E+00  0.0000000E+00  0.0000000E+00  0.0000000E+00  0.0000000E+00  0.0000000E+00
   zn70     70   3.6485162E-11  4.1009269E-11  4.5241081E-12  2.2594638E-11  3.4406497E-12  8.1736493E-01
   ga69     69   1.2605704E-09  1.3355038E-09  7.4933351E-11  7.3581474E-10  5.6987894E-11  1.1109859E+00
   ga70     70   0.0000000E+00  0.0000000E+00  0.0000000E+00  0.0000000E+00  0.0000000E+00  0.0000000E+00
   ga71     71   1.1686532E-09  1.2367879E-09  6.8134713E-11  6.8142580E-10  5.1817432E-11  1.1189427E+00
   ge70     70   1.9418789E-09  2.0724999E-09  1.3062100E-10  1.1418733E-09  9.9339155E-11  1.0604974E+00
   ge71     71   2.1244423E-27  2.1244423E-27  0.0000000E+00  1.1704916E-27  0.0000000E+00  0.0000000E+00
   ge72     72   2.1452953E-09  2.3053299E-09  1.6003469E-10  1.2701542E-09  1.2170868E-10  1.0185349E+00
   ge73     73   6.4643074E-10  6.6431305E-10  1.7882288E-11  3.6601269E-10  1.3599738E-11  1.4299656E+00
   ge74     74   3.0010843E-09  3.3093410E-09  3.0825667E-10  1.8233284E-09  2.3443364E-10  8.9084494E-01
   as75     75   2.6444918E-10  3.8200690E-10  1.1755771E-10  2.1047211E-10  8.9404338E-11  3.7183595E-01
   se76     76   9.8402775E-10  1.0657597E-09  8.1731920E-11  5.8719540E-10  6.2158306E-11  9.7528344E-01
   se77     77   3.8470174E-10  4.6862875E-10  8.3927004E-11  2.5819766E-10  6.3827700E-11  6.0694313E-01
   se78     78   2.6189644E-09  2.8822100E-09  2.6324565E-10  1.5879944E-09  2.0020212E-10  8.9938033E-01
   se79     79   1.9543894E-10  1.9543894E-10  0.0000000E+00  1.0767986E-10  0.0000000E+00  0.0000000E+00
   se80     80   3.4630925E-09  4.0496886E-09  5.8659611E-10  2.2312334E-09  4.4611481E-10  6.9909835E-01
   br79     79   4.0126244E-10  4.1600604E-10  1.4743590E-11  2.2920442E-10  1.1212712E-11  1.3105123E+00
   br80     80   0.0000000E+00  0.0000000E+00  0.0000000E+00  0.0000000E+00  0.0000000E+00  0.0000000E+00
   br81     81   4.5260645E-10  6.2458388E-10  1.7197742E-10  3.4412334E-10  1.3079129E-10  4.2013529E-01
   kr80     80  -2.5976374E-12  1.6268393E-11  1.8866030E-11  8.9633015E-12  1.4347889E-11 -2.0432000E-01
   kr81     81   1.9716023E-14  1.9716023E-14  0.0000000E+00  1.0862822E-14  0.0000000E+00  0.0000000E+00
   kr82     82   1.7199357E-09  1.8374906E-09  1.1755483E-10  1.0123915E-09  8.9402138E-11  1.0540006E+00
   kr83     83   5.9212013E-10  7.0213857E-10  1.1001845E-10  3.8685319E-10  8.3670626E-11  6.6497320E-01
   kr84     84   4.4892619E-09  5.0436735E-09  5.5441168E-10  2.7788833E-09  4.2163811E-10  8.1893045E-01
   kr-5     85  -6.2731516E-19 -6.2731516E-19  0.0000000E+00 -3.4562819E-19  0.0000000E+00  0.0000000E+00
   kr*5     85   0.0000000E+00  0.0000000E+00  0.0000000E+00  0.0000000E+00  0.0000000E+00  0.0000000E+00
   kr86     86   6.4460228E-09  6.6528241E-09  2.0680113E-10  3.6654677E-09  1.5727525E-10  1.3674691E+00
   rb85     85   1.4304415E-09  1.4987640E-09  6.8322507E-11  8.2576529E-10  5.1960252E-11  1.2011853E+00
   rb86     86   6.9579319E-26  6.9579319E-26  0.0000000E+00  3.8335713E-26  0.0000000E+00  0.0000000E+00
   rb87     87   1.4155463E-09  1.4620452E-09  4.6498819E-11  8.0553447E-10  3.5363022E-11  1.3575348E+00
   sr86     86   1.0020186E-09  1.0439509E-09  4.1932353E-11  5.7517957E-10  3.1890157E-11  1.2561468E+00
   sr87     87   6.2180150E-10  6.5079864E-10  2.8997138E-11  3.5856673E-10  2.2052743E-11  1.2111074E+00
   sr88     88   1.6706082E-08  1.7103167E-08  3.9708486E-10  9.4232320E-09  3.0198877E-10  1.4942091E+00
   sr89     89   1.4835814E-25  1.4835814E-25  0.0000000E+00  8.1740017E-26  0.0000000E+00  0.0000000E+00
   sr90     90   2.8836734E-16  2.8836734E-16  0.0000000E+00  1.5888007E-16  0.0000000E+00  0.0000000E+00
    y89     89   5.0992153E-09  5.1948854E-09  9.5670263E-11  2.8621958E-09  7.2758612E-11  1.5948149E+00
    y90     90   7.2925878E-20  7.2925878E-20  0.0000000E+00  4.0179545E-20  0.0000000E+00  0.0000000E+00
    y91     91   2.1276403E-29  2.1276403E-29  0.0000000E+00  1.1722535E-29  0.0000000E+00  0.0000000E+00
   zr90     90   5.1220734E-09  5.2368008E-09  1.1472734E-10  2.8852896E-09  8.7251796E-11  1.5194150E+00
   zr91     91   1.6480943E-09  1.6732741E-09  2.5179766E-11  9.2191405E-10  1.9149576E-11  1.6825312E+00
   zr92     92   3.0958263E-09  3.1346918E-09  3.8865685E-11  1.7271029E-09  2.9557915E-11  1.7666445E+00
   zr93     93   7.3536782E-10  7.3536782E-10  0.0000000E+00  4.0516132E-10  0.0000000E+00  0.0000000E+00
   zr94     94   3.4298713E-09  3.4701899E-09  4.0318634E-11  1.9119504E-09  3.0662903E-11  1.7948633E+00
   zr95     95   5.9476291E-25  5.9476291E-25  0.0000000E+00  3.2769304E-25  0.0000000E+00  0.0000000E+00
   zr96     96   1.2250559E-09  1.2317080E-09  6.6520504E-12  6.7862693E-10  5.0589806E-12  2.1275680E+00
   nb93     93   2.0677612E-10  2.2305896E-10  1.6282838E-11  1.2289750E-10  1.2383333E-11  9.9670547E-01
   nb94     94   7.6891348E-16  7.6891348E-16  0.0000000E+00  4.2364377E-16  0.0000000E+00  0.0000000E+00
   nb95     95   6.2811413E-25  6.2811413E-25  0.0000000E+00  3.4606837E-25  0.0000000E+00  0.0000000E+00
   mo94     94   9.3241909E-14  9.3241909E-14  0.0000000E+00  5.1372951E-14  0.0000000E+00  0.0000000E+00
   mo95     95   4.4941983E-10  4.5824070E-10  8.8208520E-12  2.5247421E-10  6.7083851E-12  1.5755991E+00
   mo96     96   7.0577882E-10  7.1631123E-10  1.0532414E-11  3.9466183E-10  8.0100527E-12  1.6925898E+00
   mo97     97   2.2952501E-10  2.3496927E-10  5.4442575E-12  1.2945965E-10  4.1404363E-12  1.4950883E+00
   mo98     98   6.5699229E-10  6.7073230E-10  1.3740009E-11  3.6954947E-10  1.0449475E-11  1.5485781E+00
   tc99     99   2.3890067E-11  2.3890067E-11  0.0000000E+00  1.3162571E-11  0.0000000E+00  0.0000000E+00
   ru99     99   5.7904598E-11  5.9025049E-11  1.1204523E-12  3.2520688E-11  8.5212008E-13  1.5816590E+00
  ru100    100   3.1335778E-10  3.1894742E-10  5.5896282E-12  1.7572860E-10  4.2509932E-12  1.6163521E+00
  ru101    101   6.6879627E-11  7.4251411E-11  7.3717811E-12  4.0909866E-11  5.6063466E-12  8.6314809E-01
  ru102    102   4.7139881E-10  4.8525173E-10  1.3852918E-11  2.6735630E-10  1.0535344E-11  1.4044417E+00
  rh103    103   7.9270035E-11  8.7453919E-11  8.1838815E-12  4.8183978E-11  6.2239597E-12  8.8883591E-01
  pd104    104   2.7406180E-10  2.7802530E-10  3.9634862E-12  1.5318198E-10  3.0142885E-12  1.7060229E+00
  pd105    105   6.9131763E-11  7.6625699E-11  7.4939343E-12  4.2218014E-11  5.6992453E-12  8.6968040E-01
  pd106    106   3.3437703E-10  3.4365621E-10  9.2791885E-12  1.8934226E-10  7.0569566E-12  1.4286301E+00
  pd107    107   6.2646492E-11  6.2646492E-11  0.0000000E+00  3.4515973E-11  0.0000000E+00  0.0000000E+00
  pd108    108   4.4574000E-10  4.5499463E-10  9.2546257E-12  2.5068575E-10  7.0382771E-12  1.5516633E+00
  ag107    107   3.0771176E-12  1.0417246E-11  7.3401285E-12  5.7395295E-12  5.5822734E-12  1.2065176E-02
  ag108    108   0.0000000E+00  0.0000000E+00  0.0000000E+00  0.0000000E+00  0.0000000E+00  0.0000000E+00
  ag109    109   1.1180874E-10  1.1822861E-10  6.4198646E-12  6.5139727E-11  4.8823996E-12  1.1252127E+00
  cd108    108   6.1274092E-15  6.1274092E-15  0.0000000E+00  3.3759830E-15  0.0000000E+00  0.0000000E+00
  cd109    109   1.0404716E-27  1.0404716E-27  0.0000000E+00  5.7326258E-28  0.0000000E+00  0.0000000E+00
  cd110    110   3.9995382E-10  4.0447629E-10  4.5224653E-12  2.2285195E-10  3.4394000E-12  1.8115338E+00
  cd111    111   1.3283542E-10  1.3814255E-10  5.3071245E-12  7.6111596E-11  4.0361447E-12  1.2754841E+00
  cd112    112   5.2782695E-10  5.3801941E-10  1.0192432E-11  2.9642941E-10  7.7514922E-12  1.5825360E+00
  cd113    113   1.5597344E-10  1.6116730E-10  5.1938644E-12  8.8797407E-11  3.9500087E-12  1.3518022E+00
  cd114    114   8.0623136E-10  8.1747464E-10  1.1243298E-11  4.5039925E-10  8.5506905E-12  1.7215965E+00
  in115    115   1.5504979E-10  1.5977783E-10  4.7280318E-12  8.8031860E-11  3.5957363E-12  1.3888520E+00
  sn116    116   1.1850958E-09  1.1987870E-09  1.3691141E-11  6.6048866E-10  1.0412310E-11  1.8023183E+00
  sn117    117   3.4460637E-10  3.5201089E-10  7.4045154E-12  1.9394539E-10  5.6312407E-12  1.5370754E+00
  sn118    118   1.7678667E-09  1.7908429E-09  2.2976180E-11  9.8669029E-10  1.7473715E-11  1.7517955E+00
  sn119    119   5.1113913E-10  5.1718607E-10  6.0469611E-12  2.8495101E-10  4.5988014E-12  1.7921256E+00
  sn120    120   2.9311320E-09  2.9637555E-09  3.2623501E-11  1.6329230E-09  2.4810641E-11  1.8183277E+00
  sb121    121   2.0853749E-10  2.1300918E-10  4.4716882E-12  1.1736043E-10  3.4007833E-12  1.5379428E+00
  te122    122   3.6374251E-10  3.6749023E-10  3.7477131E-12  2.0247395E-10  2.8501901E-12  1.8514953E+00
  te123    123   1.3350197E-10  1.3483724E-10  1.3352672E-12  7.4290490E-11  1.0154899E-12  1.8642577E+00
  te124    124   7.0057010E-10  7.0767309E-10  7.1029714E-12  3.8990253E-10  5.4019120E-12  1.8584086E+00
  te125    125   2.3422700E-10  2.4447641E-10  1.0249405E-11  1.3469774E-10  7.7948203E-12  1.2375542E+00
  te126    126   1.3574722E-09  1.3858478E-09  2.8375484E-11  7.6355244E-10  2.1579967E-11  1.5487881E+00
   i127    127   1.7573956E-10  2.0216961E-10  2.6430047E-11  1.1138821E-10  2.0100433E-11  7.4363381E-01
  xe128    128   4.3526455E-10  4.3898976E-10  3.7252024E-12  2.4186764E-10  2.8330702E-12  1.9313204E+00
  xe129    129   1.6517540E-10  2.0408884E-10  3.8913438E-11  1.1244564E-10  2.9594233E-11  5.7973558E-01
  xe130    130   8.9005697E-10  8.9603219E-10  5.9752424E-12  4.9368165E-10  4.5442578E-12  2.0359840E+00
  xe131    131   3.3937078E-10  3.7086845E-10  3.1497655E-11  2.0433523E-10  2.3954424E-11  9.3095750E-01
  xe132    132   1.8452784E-09  1.8848521E-09  3.9573702E-11  1.0384860E-09  3.0096370E-11  1.5378865E+00
  xe133    133   2.9936634E-31  2.9936634E-31  0.0000000E+00  1.6494012E-31  0.0000000E+00  0.0000000E+00
  xe134    134   5.0286275E-10  5.1675947E-10  1.3896724E-11  2.8471595E-10  1.0568660E-11  1.4303919E+00
  cs133    133   2.4936694E-10  2.6076385E-10  1.1396901E-11  1.4367155E-10  8.6675077E-12  1.2194766E+00
  cs134    134   2.0042101E-22  2.0042101E-22  0.0000000E+00  1.1042479E-22  0.0000000E+00  0.0000000E+00
  cs135    135   6.0493238E-10  6.0493238E-10  0.0000000E+00  3.3329606E-10  0.0000000E+00  0.0000000E+00
  cs136    136   1.0176628E-28  1.0176628E-28  0.0000000E+00  5.6069574E-29  0.0000000E+00  0.0000000E+00
  cs137    137   9.1165415E-16  9.1165415E-16  0.0000000E+00  5.0228879E-16  0.0000000E+00  0.0000000E+00
  ba134    134   2.4856384E-10  2.5407301E-10  5.5091847E-12  1.3998512E-10  4.1898147E-12  1.5238870E+00
  ba135    135   1.3791880E-10  1.4933124E-10  1.1412447E-11  8.2276165E-11  8.6793298E-12  9.7678787E-01
  ba136    136   1.6882080E-09  1.7039142E-09  1.5706231E-11  9.3879571E-10  1.1944815E-11  1.8953917E+00
  ba137    137   1.9864195E-09  2.0071458E-09  2.0726379E-11  1.1058654E-09  1.5762711E-11  1.8460714E+00
  ba138    138   2.6262994E-08  2.6383193E-08  1.2019853E-10  1.4536194E-08  9.1412718E-11  2.2014441E+00
  la139    139   3.2125551E-09  3.2269063E-09  1.4351115E-11  1.7779097E-09  1.0914230E-11  2.2119167E+00
  ce140    140   1.0369873E-08  1.0401659E-08  3.1786008E-11  5.7309415E-09  2.4173719E-11  2.3748825E+00
  ce141    141   6.5230053E-27  6.5230053E-27  0.0000000E+00  3.5939420E-27  0.0000000E+00  0.0000000E+00
  ce142    142   7.8585999E-10  7.8963175E-10  3.7717681E-12  4.3505879E-10  2.8684839E-12  2.1808956E+00
  pr141    141   1.0780109E-09  1.0832542E-09  5.2432520E-12  5.9683425E-10  3.9875685E-12  2.1751456E+00
  nd142    142   2.5388736E-09  2.5463187E-09  7.4451487E-12  1.4029303E-09  5.6621426E-12  2.3940554E+00
  nd143    143   4.2998127E-10  4.3335019E-10  3.3689189E-12  2.3876043E-10  2.5621113E-12  1.9693644E+00
  nd144    144   1.3464870E-09  1.3531057E-09  6.6187299E-12  7.4551276E-10  5.0336393E-12  2.1705730E+00
  nd145    145   2.4983920E-10  2.5215011E-10  2.3109099E-12  1.3892568E-10  1.7574802E-12  1.8978921E+00
  nd146    146   1.2399261E-09  1.2447821E-09  4.8560127E-12  6.8583034E-10  3.6930676E-12  2.2688293E+00
  nd147    147   4.9382836E-29  4.9382836E-29  0.0000000E+00  2.7208172E-29  0.0000000E+00  0.0000000E+00
  nd148    148   2.2569802E-10  2.2733884E-10  1.6408315E-12  1.2525556E-10  1.2478760E-12  2.0016255E+00
  pm147    147   2.5462483E-23  2.5462483E-23  0.0000000E+00  1.4028916E-23  0.0000000E+00  0.0000000E+00
  pm148    148   1.0888949E-36  1.0888949E-36  0.0000000E+00  5.9994210E-37  0.0000000E+00  0.0000000E+00
  sm147    147   1.4222314E-10  1.4337755E-10  1.1544042E-12  7.8995893E-11  8.7794100E-13  1.9541392E+00
  sm148    148   2.9686792E-10  2.9816691E-10  1.2989900E-12  1.6427928E-10  9.8790063E-13  2.2208695E+00
  sm149    149   5.6476018E-11  5.7714968E-11  1.2389485E-12  3.1798880E-11  9.4223815E-13  1.5282512E+00
  sm150    150   2.7320862E-10  2.7397085E-10  7.6222205E-13  1.5094812E-10  5.7968089E-13  2.4156387E+00
  sm151    151   1.9517937E-15  1.9517937E-15  0.0000000E+00  1.0753684E-15  0.0000000E+00  0.0000000E+00
  sm152    152   2.4905089E-10  2.5154351E-10  2.4926153E-12  1.3859146E-10  1.8956698E-12  1.8639737E+00
  eu151    151   4.0222509E-11  4.1687355E-11  1.4648451E-12  2.2968238E-11  1.1140358E-12  1.3142285E+00
  eu152    152   4.1777887E-22  4.1777887E-22  0.0000000E+00  2.3018118E-22  0.0000000E+00  0.0000000E+00
  eu153    153   4.6447381E-11  4.8249675E-11  1.8022940E-12  2.6583843E-11  1.3706706E-12  1.2876847E+00
  eu154    154  -5.1003116E-21 -5.1003116E-21  0.0000000E+00 -2.8100891E-21  0.0000000E+00  0.0000000E+00
  eu155    155   8.3321627E-24  8.3321627E-24  0.0000000E+00  4.5907232E-24  0.0000000E+00  0.0000000E+00
  gd152    152   1.0018897E-13  1.3529702E-13  3.5108049E-14  7.4543812E-14  2.6700176E-14  4.4589746E-01
  gd153    153   4.4698713E-25  4.4698713E-25  0.0000000E+00  2.4627389E-25  0.0000000E+00  0.0000000E+00
  gd154    154   3.2884990E-11  3.3205116E-11  3.2012590E-13  1.8294829E-11  2.4346036E-13  1.8759001E+00
  gd155    155   7.2884830E-11  7.4603268E-11  1.7184383E-12  4.1103728E-11  1.3068972E-12  1.4976398E+00
  gd156    156   1.9711915E-10  1.9964147E-10  2.5223181E-12  1.0999530E-10  1.9182594E-12  1.7584668E+00
  gd157    157   9.0802942E-11  9.2761132E-11  1.9581934E-12  5.1108059E-11  1.4892343E-12  1.5355264E+00
  gd158    158   3.7286246E-10  3.7596448E-10  3.1020221E-12  2.0714296E-10  2.3591326E-12  1.9435178E+00
  tb159    159   8.1383178E-11  8.3733673E-11  2.3504915E-12  4.6134253E-11  1.7875828E-12  1.4117573E+00
  dy160    160   1.3496529E-10  1.3529788E-10  3.3259832E-13  7.4544287E-11  2.5294583E-13  2.4693868E+00
  dy161    161   5.9603766E-11  6.2541583E-11  2.9378173E-12  3.4458172E-11  2.2342525E-12  1.1881599E+00
  dy162    162   2.5781596E-10  2.6219393E-10  4.3779750E-12  1.4445946E-10  3.3295131E-12  1.6373652E+00
  dy163    163   1.0792466E-10  1.1153888E-10  3.6142211E-12  6.1453925E-11  2.7486672E-12  1.3494275E+00
  dy164    164   5.1220211E-10  5.1633098E-10  4.1288652E-12  2.8447986E-10  3.1400616E-12  1.9571134E+00
  ho165    165   9.4792285E-11  9.8184245E-11  3.3919573E-12  5.4096002E-11  2.5796325E-12  1.3216074E+00
  er166    166   2.1531213E-10  2.1853280E-10  3.2206755E-12  1.2040374E-10  2.4493699E-12  1.6915857E+00
  er167    167   8.6452227E-11  8.8689348E-11  2.2371176E-12  4.8864652E-11  1.7013602E-12  1.4581985E+00
  er168    168   3.3710293E-10  3.3970288E-10  2.5999402E-12  1.8716412E-10  1.9772920E-12  1.9761518E+00
  er169    169   2.0637173E-29  2.0637173E-29  0.0000000E+00  1.1370343E-29  0.0000000E+00  0.0000000E+00
  er170    170   1.5805142E-10  1.5954350E-10  1.4920831E-12  8.7902755E-11  1.1347507E-12  1.8891020E+00
  tm169    169   8.2223076E-11  8.3667365E-11  1.4442891E-12  4.6097719E-11  1.0984028E-12  1.6229178E+00
  tm170    170   1.5550162E-24  1.5550162E-24  0.0000000E+00  8.5675826E-25  0.0000000E+00  0.0000000E+00
  tm171    171   3.7859842E-23  3.7859842E-23  0.0000000E+00  2.0859417E-23  0.0000000E+00  0.0000000E+00
  yb170    170   1.1670376E-10  1.1693936E-10  2.3559795E-13  6.4429399E-11  1.7917563E-13  2.5558052E+00
  yb171    171   1.6027368E-10  1.6157706E-10  1.3033773E-12  8.9023171E-11  9.9123726E-13  1.9533255E+00
  yb172    172   4.6734583E-10  4.6949111E-10  2.1452820E-12  2.5867278E-10  1.6315178E-12  2.2001588E+00
  yb173    173   2.0919974E-10  2.1075812E-10  1.5583769E-12  1.1612017E-10  1.1851682E-12  1.9911277E+00
  yb174    174   9.1804475E-10  9.2113928E-10  3.0945071E-12  5.0751475E-10  2.3534174E-12  2.3337498E+00
  lu175    175   1.1880633E-10  1.2030189E-10  1.4955657E-12  6.6282035E-11  1.1373993E-12  1.7654829E+00
  lu176    176   8.8677440E-11  8.8758743E-11  8.1302837E-14  4.8902889E-11  6.1831982E-14  2.8981214E+00
  lu177    177   1.0475809E-30  1.0475809E-30  0.0000000E+00  5.7717953E-31  0.0000000E+00  0.0000000E+00
  hf176    176  -4.5047435E-14  2.8015467E-13  3.2520210E-13  1.5435518E-13  2.4732091E-13 -2.0473962E-01
  hf177    177   9.5079160E-11  9.6264746E-11  1.1855848E-12  5.3038424E-11  9.0165440E-13  1.7695506E+00
  hf178    178   4.4199394E-10  4.4376181E-10  1.7678656E-12  2.4449687E-10  1.3444873E-12  2.2597165E+00
  hf179    179   1.5268097E-10  1.5359056E-10  9.0958502E-13  8.4622892E-11  6.9175248E-13  2.0875371E+00
  hf180    180   8.5095253E-10  8.5323915E-10  2.2866424E-12  4.7010418E-10  1.7390246E-12  2.4318883E+00
  ta181    181   1.6889468E-10  1.6985621E-10  9.6153511E-13  9.3584689E-11  7.3126135E-13  2.1071322E+00
  ta182    182   4.0201695E-26  4.0201695E-26  0.0000000E+00  2.2149694E-26  0.0000000E+00  0.0000000E+00
  ta183    183   2.0590808E-36  2.0590808E-36  0.0000000E+00  1.1344798E-36  0.0000000E+00  0.0000000E+00
   w182    182   3.3459932E-10  3.3611267E-10  1.5133464E-12  1.8518603E-10  1.1509218E-12  2.2065625E+00
   w183    183   1.8129798E-10  1.8214334E-10  8.4536479E-13  1.0035445E-10  6.4291210E-13  2.1933851E+00
   w184    184   5.4142968E-10  5.4321464E-10  1.7849768E-12  2.9929181E-10  1.3575006E-12  2.3433547E+00
   w185    185   1.8102600E-25  1.8102600E-25  0.0000000E+00  9.9738840E-26  0.0000000E+00  0.0000000E+00
   w186    186   5.2378080E-10  5.2537036E-10  1.5895727E-12  2.8946023E-10  1.2088930E-12  2.3792012E+00
  re185    185   1.0085106E-10  1.0162019E-10  7.6913362E-13  5.5989085E-11  5.8493726E-13  1.9809941E+00
  re186    186   5.9798180E-33  5.9798180E-33  0.0000000E+00  3.2946653E-33  0.0000000E+00  0.0000000E+00
  re187    187   8.8715570E-11  9.0184096E-11  1.4685277E-12  4.9688205E-11  1.1168364E-12  1.6482637E+00
  os186    186   2.0516827E-10  2.0568382E-10  5.1554372E-13  1.1332441E-10  3.9207846E-13  2.4609504E+00
  os187    187   5.8969038E-11  5.9228199E-11  2.5915779E-13  3.2632615E-11  1.9709325E-13  2.2189801E+00
  os188    188   4.1898157E-10  4.2310686E-10  4.1252943E-12  2.3311672E-10  3.1373459E-12  1.8710110E+00
  os189    189   1.1191017E-10  1.1693034E-10  5.0201700E-12  6.4424431E-11  3.8179117E-12  1.2272247E+00
  os190    190   5.4257548E-10  5.5086991E-10  8.2943964E-12  3.0350958E-10  6.3080079E-12  1.6822802E+00
  os191    191   2.2226501E-27  2.2226501E-27  0.0000000E+00  1.2246005E-27  0.0000000E+00  0.0000000E+00
  os192    192   1.5832537E-10  1.7136341E-10  1.3038041E-11  9.4415101E-11  9.9156178E-12  9.7872168E-01
  ir191    191   1.1591196E-10  1.2676443E-10  1.0852473E-11  6.9842659E-11  8.2534630E-12  9.2748457E-01
  ir192    192   1.4280058E-23  1.4280058E-23  0.0000000E+00  7.8678005E-24  0.0000000E+00  0.0000000E+00
  ir193    193   1.4123151E-10  1.5959760E-10  1.8366088E-11  8.7932557E-11  1.3967674E-11  7.9902560E-01
  pt192    192   1.6658827E-10  1.6703174E-10  4.4347005E-13  9.2028503E-11  3.3726537E-13  2.4359505E+00
  pt193    193   3.1606177E-16  3.1606177E-16  0.0000000E+00  1.7413871E-16  0.0000000E+00  0.0000000E+00
  pt194    194   4.8929294E-10  5.0950189E-10  2.0208920E-11  2.8071728E-10  1.5369175E-11  1.2616186E+00
  pt195    195   1.9701026E-10  2.1786378E-10  2.0853527E-11  1.2003513E-10  1.5859409E-11  8.7902141E-01
  pt196    196   8.2150003E-10  8.3720902E-10  1.5709014E-11  4.6127219E-10  1.1946931E-11  1.5867009E+00
  au197    197   2.6061889E-10  2.6908212E-10  8.4632249E-12  1.4825460E-10  6.4364044E-12  1.3623649E+00
  hg198    198   8.9983393E-10  9.0143459E-10  1.6006496E-12  4.9665816E-10  1.2173172E-12  2.6106539E+00
  hg199    199   3.9285877E-10  3.9557060E-10  2.7118342E-12  2.1794523E-10  2.0623891E-12  2.0239768E+00
  hg200    200   1.3362789E-09  1.3400206E-09  3.7417573E-12  7.3830336E-10  2.8456608E-12  2.4140518E+00
  hg201    201   5.5169591E-10  5.5387794E-10  2.1820219E-12  3.0516689E-10  1.6594591E-12  2.2645710E+00
  hg202    202   2.2138611E-09  2.2187598E-09  4.8988522E-12  1.2224571E-09  3.7256478E-12  2.5160317E+00
  tl203    203   1.1549747E-09  1.1577410E-09  2.7663434E-12  6.3787381E-10  2.1038440E-12  2.4817212E+00
  tl204    204   1.8737179E-23  1.8737179E-23  0.0000000E+00  1.0323514E-23  0.0000000E+00  0.0000000E+00
  tl205    205   2.0993218E-09  2.1045774E-09  5.2556839E-12  1.1595468E-09  3.9970236E-12  2.4625516E+00
  pb204    204   9.1642155E-10  9.1910740E-10  2.6858299E-12  5.0639526E-10  2.0426124E-12  2.3943038E+00
  pb205    205   2.5780203E-10  2.5780203E-10  0.0000000E+00  1.4203969E-10  0.0000000E+00  0.0000000E+00
  pb206    206   1.0681039E-08  1.0707160E-08  2.6121686E-11  5.8992620E-09  1.9865918E-11  2.4726892E+00
  pb207    207   1.9136902E-08  1.9165254E-08  2.8352770E-11  1.0559368E-08  2.1562689E-11  2.6899350E+00
  pb208    208   1.9966730E-07  1.9974925E-07  8.1960633E-11  1.1005468E-07  6.2332250E-11  3.2468958E+00
  bi209    209   4.1065320E-09  4.1134833E-09  6.9514156E-12  2.2663820E-09  5.2866518E-12  2.6321523E+00
  bi210    210   8.9355967E-32  8.9355967E-32  0.0000000E+00  4.9231937E-32  0.0000000E+00  0.0000000E+00
  po210    210   1.5593629E-08  1.5593629E-08  0.0000000E+00  8.5915310E-09  0.0000000E+00  0.0000000E+00
