# Minitial =  3.00 msun, Z = 0.0001, Mfinal = 0.813 msun, c13 pocket (pmz = 5e-4 msun)
  species    A      yield       mass(i)_lost    mass(i)_0        <X(i)>          X0(i)   log10(<X(i)>/X0(i)) 
      n      1   0.0000000E+00  0.0000000E+00  0.0000000E+00  0.0000000E+00  0.0000000E+00  0.0000000E+00
      p      1  -1.0295296E-01  1.5807022E+00  1.6836551E+00  7.2277188E-01  7.6990002E-01 -2.7433079E-02
      d      2  -7.1110679E-07  9.8954722E-10  7.1209632E-07  4.5246787E-10  3.2562664E-07 -2.8571322E+00
    he3      3   2.1047410E-04  2.1500350E-04  4.5294018E-06  9.8309785E-05  2.0712000E-06  1.6763747E+00
    he4      4   7.6759398E-02  5.7973468E-01  5.0297529E-01  2.6508215E-01  2.2999999E-01  6.1652672E-02
    li7      7   7.1549351E-08  7.1675132E-08  1.2578026E-10  3.2773265E-08  5.7516662E-11  2.7557261E+00
    be7      7   3.9403725E-09  3.9403725E-09  0.0000000E+00  1.8017249E-09  0.0000000E+00  0.0000000E+00
     b8      8   6.3206313E-22  6.3206313E-22  0.0000000E+00  2.8900920E-22  0.0000000E+00  0.0000000E+00
    c12     12   2.2508468E-02  2.2545910E-02  3.7440601E-05  1.0309057E-02  1.7120798E-05  2.7796950E+00
    c13     13   6.2919251E-04  6.2964601E-04  4.5349998E-07  2.8790397E-04  2.0737599E-07  3.1424892E+00
    c14     14   9.8318552E-08  9.8318552E-08  0.0000000E+00  4.4955897E-08  0.0000000E+00  0.0000000E+00
    n13     13   0.0000000E+00  0.0000000E+00  0.0000000E+00  0.0000000E+00  0.0000000E+00  0.0000000E+00
    n14     14   1.6773172E-04  1.7879630E-04  1.1064581E-05  8.1754137E-05  5.0595995E-06  1.2083936E+00
    n15     15  -2.0735911E-08  5.7490186E-09  2.6484930E-08  2.6287237E-09  1.2110999E-08 -6.6343504E-01
    o14     14   0.0000000E+00  0.0000000E+00  0.0000000E+00  0.0000000E+00  0.0000000E+00  0.0000000E+00
    o15     15   0.0000000E+00  0.0000000E+00  0.0000000E+00  0.0000000E+00  0.0000000E+00  0.0000000E+00
    o16     16   5.7855964E-04  6.7015772E-04  9.1598071E-05  3.0642786E-04  4.1885865E-05  8.6426079E-01
    o17     17   1.1223765E-06  1.1593497E-06  3.6973198E-08  5.3010962E-07  1.6907064E-08  1.4962975E+00
    o18     18  -1.3374765E-07  7.2838738E-08  2.0658638E-07  3.3305319E-08  9.4467595E-08 -4.5276928E-01
    o19     19   0.0000000E+00  0.0000000E+00  0.0000000E+00  0.0000000E+00  0.0000000E+00  0.0000000E+00
    f17     17   0.0000000E+00  0.0000000E+00  0.0000000E+00  0.0000000E+00  0.0000000E+00  0.0000000E+00
    f18     18   0.0000000E+00  0.0000000E+00  0.0000000E+00  0.0000000E+00  0.0000000E+00  0.0000000E+00
    f19     19   9.8038095E-07  9.8572127E-07  5.3402998E-09  4.5071846E-07  2.4420066E-09  2.2661586E+00
    f20     20   0.0000000E+00  0.0000000E+00  0.0000000E+00  0.0000000E+00  0.0000000E+00  0.0000000E+00
   ne19     19   0.0000000E+00  0.0000000E+00  0.0000000E+00  0.0000000E+00  0.0000000E+00  0.0000000E+00
   ne20     20   3.5991972E-05  5.4529457E-05  1.8537483E-05  2.4933450E-05  8.4767998E-06  4.6855044E-01
   ne21     21   3.4720110E-06  3.5186697E-06  4.6658609E-08  1.6089025E-06  2.1336000E-08  1.8774167E+00
   ne22     22   1.6606662E-03  1.6621655E-03  1.4993532E-06  7.6002080E-04  6.8562258E-07  3.0447404E+00
   ne23     23   0.0000000E+00  0.0000000E+00  0.0000000E+00  0.0000000E+00  0.0000000E+00  0.0000000E+00
   na21     21   0.0000000E+00  0.0000000E+00  0.0000000E+00  0.0000000E+00  0.0000000E+00  0.0000000E+00
   na22     22   6.1336439E-13  6.1336439E-13  0.0000000E+00  2.8045925E-13  0.0000000E+00  0.0000000E+00
   na23     23   2.3045599E-05  2.3472692E-05  4.2709306E-07  1.0732827E-05  1.9530066E-07  1.7400104E+00
   na24     24   0.0000000E+00  0.0000000E+00  0.0000000E+00  0.0000000E+00  0.0000000E+00  0.0000000E+00
   mg23     23   0.0000000E+00  0.0000000E+00  0.0000000E+00  0.0000000E+00  0.0000000E+00  0.0000000E+00
   mg24     24   1.0495247E-05  1.9337815E-05  8.8425677E-06  8.8421648E-06  4.0435198E-06  3.3979902E-01
   mg25     25   9.5860261E-05  9.7026365E-05  1.1661008E-06  4.4365050E-05  5.3323333E-07  1.9201237E+00
   mg26     26   2.5249642E-04  2.5383168E-04  1.3352550E-06  1.1606386E-04  6.1058398E-07  2.2789516E+00
   mg27     27   0.0000000E+00  0.0000000E+00  0.0000000E+00  0.0000000E+00  0.0000000E+00  0.0000000E+00
   al25     25   0.0000000E+00  0.0000000E+00  0.0000000E+00  0.0000000E+00  0.0000000E+00  0.0000000E+00
   al-6     26   1.0199776E-08  1.0199776E-08  0.0000000E+00  4.6638209E-09  0.0000000E+00  0.0000000E+00
   al*6     26   0.0000000E+00  0.0000000E+00  0.0000000E+00  0.0000000E+00  0.0000000E+00  0.0000000E+00
   al27     27   5.5970731E-06  6.4102005E-06  8.1312737E-07  2.9310472E-06  3.7182599E-07  8.9668310E-01
   al28     28   0.0000000E+00  0.0000000E+00  0.0000000E+00  0.0000000E+00  0.0000000E+00  0.0000000E+00
   si27     27   0.0000000E+00  0.0000000E+00  0.0000000E+00  0.0000000E+00  0.0000000E+00  0.0000000E+00
   si28     28   6.3808220E-06  1.6171783E-05  9.7909615E-06  7.3945052E-06  4.4772000E-06  2.1790263E-01
   si29     29   8.8231957E-07  1.3972365E-06  5.1491691E-07  6.3888268E-07  2.3546065E-07  4.3350279E-01
   si30     30   1.1035663E-06  1.4547131E-06  3.5114675E-07  6.6516372E-07  1.6057200E-07  6.1725879E-01
    p31     31   4.9281942E-07  5.7796660E-07  8.5147157E-08  2.6427369E-07  3.8935998E-08  8.3170265E-01
    p32     32   5.0741121E-33  5.0741121E-33  0.0000000E+00  2.3201244E-33  0.0000000E+00  0.0000000E+00
    p33     33   6.8018971E-30  6.8018971E-30  0.0000000E+00  3.1101495E-30  0.0000000E+00  0.0000000E+00
    s32     32   4.9427399E-08  4.7412973E-06  4.6918699E-06  2.1679457E-06  2.1454932E-06  4.5212354E-03
    s33     33   5.9436083E-09  4.4680881E-08  3.8737273E-08  2.0430216E-08  1.7713738E-08  6.1962731E-02
    s34     34   6.4175438E-08  2.8946462E-07  2.2528918E-07  1.3235693E-07  1.0301999E-07  1.0882520E-01
    s35     35   5.9350563E-27  5.9350563E-27  0.0000000E+00  2.7137888E-27  0.0000000E+00  0.0000000E+00
    s36     36   7.5896729E-09  8.7017646E-09  1.1120914E-09  3.9788590E-09  5.0853599E-10  8.9343685E-01
   cl35     35  -2.9650948E-10  4.7834728E-08  4.8131238E-08  2.1872303E-08  2.2009399E-08 -2.7136737E-03
   cl36     36   1.0123322E-10  1.0123322E-10  0.0000000E+00  4.6288626E-11  0.0000000E+00  0.0000000E+00
   cl37     37   8.2572136E-09  2.4519192E-08  1.6261978E-08  1.1211336E-08  7.4362601E-09  1.7830281E-01
   ar36     36  -3.5641392E-08  8.6063443E-07  8.9627582E-07  3.9352281E-07  4.0984804E-07 -1.7652959E-02
   ar37     37   4.6386100E-27  4.6386100E-27  0.0000000E+00  2.1209922E-27  0.0000000E+00  0.0000000E+00
   ar38     38   1.4088911E-08  1.8610092E-07  1.7201201E-07  8.5094157E-08  7.8657465E-08  3.4159798E-02
   ar39     39   3.4490626E-11  3.4490626E-11  0.0000000E+00  1.5770748E-11  0.0000000E+00  0.0000000E+00
   ar40     40   5.9457563E-09  6.2353536E-09  2.8959712E-10  2.8510989E-09  1.3242665E-10  1.3330369E+00
    k39     39   3.5201282E-09  5.0182411E-08  4.6662283E-08  2.2945775E-08  2.1337678E-08  3.1555589E-02
    k40     40   6.0695900E-11  6.8250135E-11  7.5542376E-12  3.1207193E-11  3.4543937E-12  9.5588285E-01
    k41     41   6.3530403E-10  4.1754116E-09  3.5401075E-09  1.9091959E-09  1.6188165E-09  7.1652859E-02
   ca40     40  -2.9370824E-08  7.7853866E-07  8.0790949E-07  3.5598475E-07  3.6943999E-07 -1.6112512E-02
   ca41     41   5.8099314E-11  5.8099314E-11  0.0000000E+00  2.6565758E-11  0.0000000E+00  0.0000000E+00
   ca42     42   8.4065732E-10  6.5024528E-09  5.6617955E-09  2.9732294E-09  2.5890199E-09  6.0093027E-02
   ca43     43   2.5939506E-10  1.4688669E-09  1.2094719E-09  6.7163552E-10  5.5306598E-10  8.4356703E-02
   ca44     44   6.7172401E-10  1.9795397E-08  1.9123673E-08  9.0513934E-09  8.7448528E-09  1.4962946E-02
   ca45     45   2.1989529E-24  2.1989529E-24  0.0000000E+00  1.0054654E-24  0.0000000E+00  0.0000000E+00
   ca46     46   1.2815081E-09  1.3198456E-09  3.8337444E-11  6.0349592E-10  1.7530906E-11  1.5368700E+00
   ca47     47   8.8664330E-39  8.8664330E-39  0.0000000E+00  4.0541526E-39  0.0000000E+00  0.0000000E+00
   ca48     48   3.2821301E-11  1.9030146E-09  1.8701933E-09  8.7014840E-10  8.5520002E-10  7.5256336E-03
   sc45     45   4.2553366E-10  9.6505992E-10  5.3952626E-10  4.4127110E-10  2.4671401E-10  2.5251171E-01
   sc46     46   5.1147409E-29  5.1147409E-29  0.0000000E+00  2.3387017E-29  0.0000000E+00  0.0000000E+00
   sc47     47   1.3568566E-37  1.3568566E-37  0.0000000E+00  6.2041907E-38  0.0000000E+00  0.0000000E+00
   sc48     48   5.9726868E-33  3.4625644E-31  3.4028375E-31  1.5832484E-31  1.5560458E-31  0.0000000E+00
   ti46     46  -5.8040239E-12  3.2904275E-09  3.2962315E-09  1.5045393E-09  1.5072972E-09 -7.9534942E-04
   ti47     47   2.8787861E-11  3.0659930E-09  3.0372052E-09  1.4019172E-09  1.3888499E-09  4.0670489E-03
   ti48     48  -1.1230892E-09  2.9611760E-08  3.0734849E-08  1.3539899E-08  1.4054399E-08 -1.6196849E-02
   ti49     49   3.2492387E-10  2.6274121E-09  2.3024882E-09  1.2013772E-09  1.0528793E-09  5.7300813E-02
   ti50     50   1.8461330E-09  4.0957446E-09  2.2496116E-09  1.8727684E-09  1.0286999E-09  2.6019537E-01
    v51     51  -8.5443208E-11  4.8723314E-09  4.9577746E-09  2.2278608E-09  2.2670859E-09 -7.5799180E-03
   cr52     52  -7.2056849E-09  1.9602783E-07  2.0323351E-07  8.9633204E-08  9.2934400E-08 -1.5707586E-02
   cr53     53  -7.8050988E-10  2.2707619E-08  2.3488129E-08  1.0382998E-08  1.0740626E-08 -1.4706801E-02
   cr54     54   3.5707077E-09  9.5277111E-09  5.9570033E-09  4.3565209E-09  2.7240119E-09  2.0393082E-01
   mn55     55  -7.1833597E-09  1.7030494E-07  1.7748830E-07  7.7871483E-08  8.1161666E-08 -1.7972497E-02
   fe54     54  -5.4217139E-08  1.1152661E-06  1.1694832E-06  5.0995249E-07  5.3477999E-07 -2.0645436E-02
   fe55     55  -1.6891754E-18 -1.6891754E-18  0.0000000E+00 -7.7237100E-19  0.0000000E+00  0.0000000E+00
   fe56     56  -7.8033008E-07  1.8257035E-05  1.9037365E-05  8.3479808E-06  8.7053859E-06 -1.8206581E-02
   fe57     57   1.2055210E-08  4.5956676E-07  4.4751155E-07  2.1013570E-07  2.0463759E-07  1.1514413E-02
   fe58     58   1.8362266E-07  2.4422380E-07  6.0601145E-08  1.1167069E-07  2.7711625E-08  6.0527724E-01
   fe59     59   7.7910284E-28  7.7910284E-28  0.0000000E+00  3.5624273E-28  0.0000000E+00  0.0000000E+00
   fe60     60   1.9970123E-07  1.9970123E-07  0.0000000E+00  9.1312863E-08  0.0000000E+00  0.0000000E+00
   co59     59   7.6800546E-08  1.2353651E-07  4.6735966E-08  5.6486744E-08  2.1371372E-08  4.2211413E-01
   co60     60   3.9484881E-13  3.9484881E-13  0.0000000E+00  1.8054358E-13  0.0000000E+00  0.0000000E+00
   ni58     58  -3.1067486E-08  6.3762695E-07  6.6869444E-07  2.9155325E-07  3.0577985E-07 -2.0690991E-02
   ni59     59   1.2586533E-11  1.2586533E-11  0.0000000E+00  5.7551589E-12  0.0000000E+00  0.0000000E+00
   ni60     60   2.9274503E-08  2.9573769E-07  2.6646319E-07  1.3522528E-07  1.2184800E-07  4.5239490E-02
   ni61     61   3.7683368E-08  4.9459725E-08  1.1776357E-08  2.2615328E-08  5.3850795E-09  6.2321079E-01
   ni62     62   1.3640589E-07  1.7456844E-07  3.8162558E-08  7.9820957E-08  1.7450933E-08  6.6029829E-01
   ni63     63   1.8357127E-10  1.8357127E-10  0.0000000E+00  8.3937482E-11  0.0000000E+00  0.0000000E+00
   ni64     64   8.3789772E-08  9.3821981E-08  1.0032213E-08  4.2899853E-08  4.5875197E-09  9.7087783E-01
   cu63     63   4.3630337E-08  5.1910956E-08  8.2806180E-09  2.3736147E-08  3.7865520E-09  7.9716629E-01
   cu64     64   0.0000000E+00  0.0000000E+00  0.0000000E+00  0.0000000E+00  0.0000000E+00  0.0000000E+00
   cu65     65   1.5516560E-08  1.9324535E-08  3.8079748E-09  8.8360927E-09  1.7413065E-09  7.0538503E-01
   zn64     64  -5.5396931E-10  1.3633143E-08  1.4187112E-08  6.2337184E-09  6.4874670E-09 -1.7327972E-02
   zn65     65   8.6042173E-25  8.6042173E-25  0.0000000E+00  3.9342557E-25  0.0000000E+00  0.0000000E+00
   zn66     66   1.4631023E-08  2.3024700E-08  8.3936778E-09  1.0527984E-08  3.8382519E-09  4.3821174E-01
   zn67     67   3.2111251E-09  4.4632755E-09  1.2521505E-09  2.0408211E-09  5.7258198E-10  5.5196726E-01
   zn68     68   1.9642389E-08  2.5454206E-08  5.8118164E-09  1.1638869E-08  2.6576212E-09  6.4141768E-01
   zn69     69   0.0000000E+00  0.0000000E+00  0.0000000E+00  0.0000000E+00  0.0000000E+00  0.0000000E+00
   zn70     70   1.8824110E-10  3.8607076E-10  1.9782966E-10  1.7652983E-10  9.0463331E-11  2.9034555E-01
   ga69     69   2.7750044E-09  3.3078262E-09  5.3282184E-10  1.5124948E-09  2.4364818E-10  7.9293072E-01
   ga70     70   0.0000000E+00  0.0000000E+00  0.0000000E+00  0.0000000E+00  0.0000000E+00  0.0000000E+00
   ga71     71   2.4792561E-09  2.8431277E-09  3.6387168E-10  1.3000127E-09  1.6639086E-10  8.9281809E-01
   ge70     70   4.1688382E-09  4.7614903E-09  5.9265215E-10  2.1771789E-09  2.7100733E-10  9.0491307E-01
   ge71     71   2.8278729E-32  2.8278729E-32  0.0000000E+00  1.2930375E-32  0.0000000E+00  0.0000000E+00
   ge72     72   4.1078918E-09  4.9134536E-09  8.0556167E-10  2.2466637E-09  3.6836637E-10  7.8525811E-01
   ge73     73   1.2071162E-09  1.4363591E-09  2.2924301E-10  6.5677142E-10  1.0482800E-10  7.9693693E-01
   ge74     74   5.2134546E-09  6.3041674E-09  1.0907129E-09  2.8825640E-09  4.9875998E-10  7.6188737E-01
   as75     75   4.7757776E-10  6.3748018E-10  1.5990240E-10  2.9148614E-10  7.3119996E-11  6.0058177E-01
   se76     76   1.6649893E-09  1.8314668E-09  1.6647754E-10  8.3743334E-10  7.6126661E-11  1.0414134E+00
   se77     77   6.5744848E-10  7.9479645E-10  1.3734798E-10  3.6341857E-10  6.2806330E-11  7.6240373E-01
   se78     78   4.2036055E-09  4.6370459E-09  4.3344048E-10  2.1202771E-09  1.9820319E-10  1.0292820E+00
   se79     79   7.4942913E-10  7.4942913E-10  0.0000000E+00  3.4267450E-10  0.0000000E+00  0.0000000E+00
   se80     80   5.1717057E-09  6.0995244E-09  9.2781882E-10  2.7889915E-09  4.2427198E-10  8.1780285E-01
   br79     79   1.8854723E-10  3.3691444E-10  1.4836721E-10  1.5405324E-10  6.7845195E-11  3.5615173E-01
   br80     80   0.0000000E+00  0.0000000E+00  0.0000000E+00  0.0000000E+00  0.0000000E+00  0.0000000E+00
   br81     81   6.8944123E-10  8.3743140E-10  1.4799019E-10  3.8291331E-10  6.7672798E-11  7.5268632E-01
   kr80     80  -1.6409825E-12  3.3718323E-11  3.5359306E-11  1.5417615E-11  1.6169066E-11 -2.0667750E-02
   kr81     81   3.0807310E-15  3.0807310E-15  0.0000000E+00  1.4086561E-15  0.0000000E+00  0.0000000E+00
   kr82     82   2.3384639E-09  2.5200688E-09  1.8160499E-10  1.1522948E-09  8.3044127E-11  1.1422547E+00
   kr83     83   8.1597168E-10  9.9807307E-10  1.8210139E-10  4.5636628E-10  8.3271126E-11  7.3881912E-01
   kr84     84   5.2480904E-09  6.1563656E-09  9.0827534E-10  2.8149820E-09  4.1533516E-10  8.3107692E-01
   kr-5     85   1.7944343E-13  1.7944343E-13  0.0000000E+00  8.2050035E-14  0.0000000E+00  0.0000000E+00
   kr*5     85   0.0000000E+00  0.0000000E+00  0.0000000E+00  0.0000000E+00  0.0000000E+00  0.0000000E+00
   kr86     86   1.4494221E-08  1.4775434E-08  2.8121333E-10  6.7560282E-09  1.2859293E-10  1.7204744E+00
   rb85     85   1.8320586E-09  2.0451292E-09  2.1307052E-10  9.3512997E-10  9.7432659E-11  9.8216742E-01
   rb86     86   1.2549758E-30  1.2549758E-30  0.0000000E+00  5.7383440E-31  0.0000000E+00  0.0000000E+00
   rb87     87   3.3719265E-09  3.4616792E-09  8.9752560E-11  1.5828436E-09  4.1041955E-11  1.5862100E+00
   sr86     86   9.0782176E-10  9.7661113E-10  6.8789377E-11  4.4655285E-10  3.1455932E-11  1.1521703E+00
   sr87     87   3.8676287E-10  4.3539480E-10  4.8631939E-11  1.9908312E-10  2.2238360E-11  9.5193166E-01
   sr88     88   7.3139810E-09  7.9037408E-09  5.8975996E-10  3.6139647E-09  2.6968477E-10  1.1271275E+00
   sr89     89   2.1273049E-30  2.1273049E-30  0.0000000E+00  9.7270455E-31  0.0000000E+00  0.0000000E+00
   sr90     90   1.9279365E-12  1.9279365E-12  0.0000000E+00  8.8154392E-13  0.0000000E+00  0.0000000E+00
    y89     89   2.0041757E-09  2.1584132E-09  1.5423744E-10  9.8692876E-10  7.0529527E-11  1.1459148E+00
    y90     90   4.8756032E-16  4.8756032E-16  0.0000000E+00  2.2293566E-16  0.0000000E+00  0.0000000E+00
    y91     91  -9.2126784E-33 -9.2126784E-33  0.0000000E+00 -4.2124729E-33  0.0000000E+00  0.0000000E+00
   zr90     90   1.5795493E-09  1.7472106E-09  1.6766136E-10  7.9890744E-10  7.6667998E-11  1.0178823E+00
   zr91     91   4.6557269E-10  5.0254217E-10  3.6969497E-11  2.2978608E-10  1.6905373E-11  1.1332990E+00
   zr92     92   9.6755048E-10  1.0246791E-09  5.7128597E-11  4.6853182E-10  2.6123704E-11  1.2537043E+00
   zr93     93   2.9190095E-10  2.9190095E-10  0.0000000E+00  1.3347094E-10  0.0000000E+00  0.0000000E+00
   zr94     94   1.1167750E-09  1.1759280E-09  5.9153044E-11  5.3769000E-10  2.7049439E-11  1.2983737E+00
   zr95     95   8.6466318E-30  8.6466318E-30  0.0000000E+00  3.9536494E-30  0.0000000E+00  0.0000000E+00
   zr96     96   1.7117012E-09  1.7214339E-09  9.7327025E-12  7.8712109E-10  4.4505597E-12  2.2476270E+00
   nb93     93   1.5371896E-11  4.0916045E-11  2.5544148E-11  1.8708753E-11  1.1680800E-11  2.0457228E-01
   nb94     94   2.3806136E-17  2.3806136E-17  0.0000000E+00  1.0885292E-17  0.0000000E+00  0.0000000E+00
   nb95     95   9.3220005E-30  9.3220005E-30  0.0000000E+00  4.2624603E-30  0.0000000E+00  0.0000000E+00
   mo94     94  -3.7255875E-13  7.6331918E-12  8.0057506E-12  3.4902569E-12  3.6608611E-12 -2.0725850E-02
   mo95     95   1.4142099E-10  1.5542477E-10  1.4003780E-11  7.1067568E-11  6.4036333E-12  1.0452451E+00
   mo96     96   2.3997548E-10  2.5487126E-10  1.4895765E-11  1.1653921E-10  6.8115192E-12  1.2332281E+00
   mo97     97   1.2434517E-10  1.3301088E-10  8.6657044E-12  6.0818871E-11  3.9626440E-12  1.1860533E+00
   mo98     98   3.6043246E-10  3.8267939E-10  2.2246932E-11  1.7497914E-10  1.0173053E-11  1.2355350E+00
   tc99     99   3.0959610E-11  3.0959610E-11  0.0000000E+00  1.4156200E-11  0.0000000E+00  0.0000000E+00
   ru99     99   1.3290712E-11  2.1058374E-11  7.7676615E-12  9.6288862E-12  3.5519879E-12  4.3310457E-01
  ru100    100   1.5609365E-10  1.6384137E-10  7.7477139E-12  7.4916032E-11  3.5428665E-12  1.3252200E+00
  ru101    101   3.2423880E-11  4.3018950E-11  1.0595071E-11  1.9670302E-11  4.8449027E-12  6.0852599E-01
  ru102    102   1.9400465E-10  2.1379291E-10  1.9788272E-11  9.7756248E-11  9.0487600E-12  1.0335554E+00
  rh103    103   3.1301919E-11  4.3938790E-11  1.2636870E-11  2.0090896E-11  5.7785747E-12  5.4117858E-01
  pd104    104   1.0052987E-10  1.0605981E-10  5.5299402E-12  4.8495569E-11  2.5287253E-12  1.2828004E+00
  pd105    105   2.4482300E-11  3.5673631E-11  1.1191331E-11  1.6311674E-11  5.1175600E-12  5.0343561E-01
  pd106    106   1.1056898E-10  1.2439667E-10  1.3827692E-11  5.6880049E-11  6.3231117E-12  9.5402908E-01
  pd107    107   2.1324590E-11  2.1324590E-11  0.0000000E+00  9.7506126E-12  0.0000000E+00  0.0000000E+00
  pd108    108   1.3382452E-10  1.4746453E-10  1.3640008E-11  6.7427765E-11  6.2372876E-12  1.0338430E+00
  ag107    107  -1.5890501E-13  9.2349713E-12  9.3938763E-12  4.2226665E-12  4.2956216E-12 -7.4392231E-03
  ag108    108   0.0000000E+00  0.0000000E+00  0.0000000E+00  0.0000000E+00  0.0000000E+00  0.0000000E+00
  ag109    109   3.2451805E-11  4.1342242E-11  8.8904361E-12  1.8903630E-11  4.0654090E-12  6.6744101E-01
  cd108    108  -2.3582807E-14  5.0317666E-13  5.2675946E-13  2.3007621E-13  2.4087600E-13 -1.9921830E-02
  cd109    109   2.2759646E-29  2.2759646E-29  0.0000000E+00  1.0406788E-29  0.0000000E+00  0.0000000E+00
  cd110    110   1.1168817E-10  1.1921750E-10  7.5293209E-12  5.4511885E-11  3.4429998E-12  1.1995542E+00
  cd111    111   3.6019975E-11  4.3806275E-11  7.7862985E-12  2.0030304E-11  3.5605100E-12  7.5017530E-01
  cd112    112   1.3678801E-10  1.5159875E-10  1.4810741E-11  6.9318128E-11  6.7726393E-12  1.0100889E+00
  cd113    113   3.9499681E-11  4.7067135E-11  7.5674527E-12  2.1521323E-11  3.4604364E-12  7.9373813E-01
  cd114    114   1.9302270E-10  2.1097235E-10  1.7949656E-11  9.6466550E-11  8.2079994E-12  1.0701394E+00
  in115    115   3.6405608E-11  4.3173642E-11  6.7680349E-12  1.9741033E-11  3.0948798E-12  8.0472612E-01
  sn116    116   2.6366406E-10  2.8483912E-10  2.1175055E-11  1.3024194E-10  9.6829064E-12  1.1287451E+00
  sn117    117   7.5393400E-11  8.6674494E-11  1.1281097E-11  3.9631683E-11  5.1586075E-12  8.8551003E-01
  sn118    118   3.7246478E-10  4.0686432E-10  3.4399542E-11  1.8603764E-10  1.5730185E-11  1.0728670E+00
  sn119    119   1.0598059E-10  1.1881399E-10  1.2833404E-11  5.4327383E-11  5.8684451E-12  9.6649569E-01
  sn120    120   5.9911082E-10  6.4819422E-10  4.9083387E-11  2.9638511E-10  2.2444798E-11  1.1207407E+00
  sb121    121   4.2316470E-11  4.9885870E-11  7.5693982E-12  2.2810183E-11  3.4613261E-12  8.1888628E-01
  te122    122   7.4323360E-11  7.9354946E-11  5.0315867E-12  3.6284840E-11  2.3008386E-12  1.1978390E+00
  te123    123   2.7150148E-11  2.8920663E-11  1.7705141E-12  1.3223897E-11  8.0961876E-13  1.2130789E+00
  te124    124   1.4193147E-10  1.5143757E-10  9.5061094E-12  6.9244430E-11  4.3469438E-12  1.2022009E+00
  te125    125   4.6905951E-11  6.1199198E-11  1.4293245E-11  2.7983171E-11  6.5359996E-12  6.3158488E-01
  te126    126   2.6935018E-10  3.0774250E-10  3.8392321E-11  1.4071444E-10  1.7556000E-11  9.0391308E-01
   i127    127   3.3349528E-11  8.1500473E-11  4.8150945E-11  3.7265878E-11  2.2018411E-11  2.2852537E-01
  xe128    128   8.5639308E-11  9.0839974E-11  5.2006650E-12  4.1536340E-11  2.3781545E-12  1.2421882E+00
  xe129    129   3.0465457E-11  9.5753620E-11  6.5288164E-11  4.3783092E-11  2.9854900E-11  1.6629080E-01
  xe130    130   1.7246884E-10  1.8303270E-10  1.0563851E-11  8.3691221E-11  4.8306264E-12  1.2386764E+00
  xe131    131   6.4270936E-11  1.1704195E-10  5.2771010E-11  5.3517121E-11  2.4131072E-11  3.4591609E-01
  xe132    132   3.4940928E-10  4.1439910E-10  6.4989833E-11  1.8948290E-10  2.9718478E-11  8.0454350E-01
  xe133    133   1.8991285E-36  1.8991285E-36  0.0000000E+00  8.6837152E-37  0.0000000E+00  0.0000000E+00
  xe134    134   4.2216222E-10  4.4652343E-10  2.4361207E-11  2.0417167E-10  1.1139866E-11  1.2631155E+00
  cs133    133   4.7217528E-11  6.4304048E-11  1.7086521E-11  2.9402855E-11  7.8133056E-12  5.7555473E-01
  cs134    134  -1.5281786E-19 -1.5281786E-19  0.0000000E+00 -6.9875565E-20  0.0000000E+00  0.0000000E+00
  cs135    135   1.7623079E-10  1.7623079E-10  0.0000000E+00  8.0581063E-11  0.0000000E+00  0.0000000E+00
  cs136    136  -3.6208297E-35 -3.6208297E-35  0.0000000E+00 -1.6556148E-35  0.0000000E+00  0.0000000E+00
  cs137    137   2.0894031E-12  2.0894031E-12  0.0000000E+00  9.5537402E-13  0.0000000E+00  0.0000000E+00
  ba134    134   4.4681332E-11  4.9919478E-11  5.2381476E-12  2.2825550E-11  2.3952947E-12  9.7906232E-01
  ba135    135   1.2072561E-11  2.6465549E-11  1.4392988E-11  1.2101303E-11  6.5816098E-12  2.6450002E-01
  ba136    136   4.0095069E-10  4.1822634E-10  1.7275643E-11  1.9123289E-10  7.8997867E-12  1.3839473E+00
  ba137    137   1.5052065E-09  1.5300932E-09  2.4886634E-11  6.9963108E-10  1.1380133E-11  1.7887218E+00
  ba138    138   5.0015023E-09  5.1615268E-09  1.6002460E-10  2.3600946E-09  7.3175875E-11  1.5085615E+00
  la139    139   5.9214728E-10  6.1409611E-10  2.1948807E-11  2.8079383E-10  1.0036727E-11  1.4467955E+00
  ce140    140   1.7857187E-09  1.8360247E-09  5.0305978E-11  8.3951746E-10  2.3003864E-11  1.5622289E+00
  ce141    141   6.6804625E-32  6.6804625E-32  0.0000000E+00  3.0546238E-32  0.0000000E+00  0.0000000E+00
  ce142    142   3.5118641E-10  3.5759787E-10  6.4114621E-12  1.6351068E-10  2.9318264E-12  1.7464079E+00
  pr141    141   1.8619072E-10  1.9486078E-10  8.6700647E-12  8.9099575E-11  3.9646376E-12  1.3516722E+00
  nd142    142   3.4941905E-10  3.6098452E-10  1.1565474E-11  1.6505922E-10  5.2886476E-12  1.4942951E+00
  nd143    143   8.6759273E-11  9.1937076E-11  5.1777996E-12  4.2037984E-11  2.3676985E-12  1.2493155E+00
  nd144    144   2.6761135E-10  2.7790206E-10  1.0290718E-11  1.2706998E-10  4.7057280E-12  1.4314162E+00
  nd145    145   5.0055498E-11  5.3882176E-11  3.8266794E-12  2.4637483E-11  1.7498598E-12  1.1485931E+00
  nd146    146   2.3922578E-10  2.4675781E-10  7.5320271E-12  1.1282936E-10  3.4442371E-12  1.5153290E+00
  nd147    147   2.7767860E-34  2.7767860E-34  0.0000000E+00  1.2696781E-34  0.0000000E+00  0.0000000E+00
  nd148    148   3.4507560E-11  3.7055362E-11  2.5478016E-12  1.6943467E-11  1.1650560E-12  1.1626555E+00
  pm147    147  -7.1847150E-19 -7.1847150E-19  0.0000000E+00 -3.2851920E-19  0.0000000E+00  0.0000000E+00
  pm148    148   0.0000000E+00  0.0000000E+00  0.0000000E+00  0.0000000E+00  0.0000000E+00  0.0000000E+00
  sm147    147   2.8184143E-11  3.0234929E-11  2.0507866E-12  1.3824841E-11  9.3778154E-13  1.1685585E+00
  sm148    148   6.0015160E-11  6.1563366E-11  1.5482081E-12  2.8149686E-11  7.0796288E-13  1.5994631E+00
  sm149    149   1.1024887E-11  1.2941329E-11  1.9164418E-12  5.9173885E-12  8.7634842E-13  8.2945329E-01
  sm150    150   5.1240075E-11  5.2270344E-11  1.0302683E-12  2.3900477E-11  4.7112000E-13  1.7052751E+00
  sm151    151   2.5491028E-14  2.5491028E-14  0.0000000E+00  1.1655705E-14  0.0000000E+00  0.0000000E+00
  sm152    152   4.6019993E-11  4.9804046E-11  3.7840534E-12  2.2772768E-11  1.7303679E-12  1.1192774E+00
  eu151    151   7.5096014E-12  1.0005801E-11  2.4961992E-12  4.5751259E-12  1.1414592E-12  6.0294265E-01
  eu152    152   3.0970239E-19  3.0970239E-19  0.0000000E+00  1.4161061E-19  0.0000000E+00  0.0000000E+00
  eu153    153   8.4273014E-12  1.1188321E-11  2.7610195E-12  5.1158305E-12  1.2625560E-12  6.0766548E-01
  eu154    154   8.2848531E-17  8.2848531E-17  0.0000000E+00  3.7882271E-17  0.0000000E+00  0.0000000E+00
  eu155    155  -4.0785782E-18 -4.0785782E-18  0.0000000E+00 -1.8649192E-18  0.0000000E+00  0.0000000E+00
  gd152    152   8.5938913E-15  4.5042776E-14  3.6448885E-14  2.0595691E-14  1.6667306E-14  9.1910951E-02
  gd153    153   5.8187016E-30  5.8187016E-30  0.0000000E+00  2.6605859E-30  0.0000000E+00  0.0000000E+00
  gd154    154   5.6981130E-12  6.1006261E-12  4.0251317E-13  2.7894952E-12  1.8406079E-13  1.1805644E+00
  gd155    155   1.4622406E-11  1.7372740E-11  2.7503345E-12  7.9436397E-12  1.2576700E-12  8.0045283E-01
  gd156    156   3.5990124E-11  3.9818718E-11  3.8285950E-12  1.8207004E-11  1.7507358E-12  1.0170178E+00
  gd157    157   1.7003917E-11  1.9949735E-11  2.9458170E-12  9.1219636E-12  1.3470599E-12  8.3070141E-01
  gd158    158   7.1260102E-11  7.5965650E-11  4.7055506E-12  3.4735093E-11  2.1517493E-12  1.2079768E+00
  tb159    159   1.5695200E-11  1.9244845E-11  3.5496454E-12  8.7996546E-12  1.6231779E-12  7.3409951E-01
  dy160    160   2.6059613E-11  2.6596749E-11  5.3713680E-13  1.2161294E-11  2.4562134E-13  1.6947137E+00
  dy161    161   1.1613317E-11  1.5996982E-11  4.3836644E-12  7.3145778E-12  2.0045573E-12  5.6217086E-01
  dy162    162   5.0386542E-11  5.6335436E-11  5.9488942E-12  2.5759230E-11  2.7203040E-12  9.7631544E-01
  dy163    163   2.1380309E-11  2.7229758E-11  5.8494498E-12  1.2450735E-11  2.6748300E-12  6.6789877E-01
  dy164    164   1.0177045E-10  1.0845101E-10  6.6805667E-12  4.9588941E-11  3.0548825E-12  1.2103903E+00
  ho165    165   1.8856730E-11  2.4060141E-11  5.2034106E-12  1.1001436E-11  2.3794100E-12  6.6498005E-01
  er166    166   4.2597675E-11  4.7540756E-11  4.9430811E-12  2.1737886E-11  2.2603666E-12  9.8303843E-01
  er167    167   1.7267071E-11  2.0661519E-11  3.3944475E-12  9.4474255E-12  1.5522092E-12  7.8436321E-01
  er168    168   6.5990741E-11  7.0019053E-11  4.0283159E-12  3.2016029E-11  1.8420638E-12  1.2400628E+00
  er169    169   1.3371619E-34  1.3371619E-34  0.0000000E+00  6.1141376E-35  0.0000000E+00  0.0000000E+00
  er170    170   2.3495631E-11  2.5748473E-11  2.2528422E-12  1.1773422E-11  1.0301772E-12  1.0579908E+00
  tm169    169   1.6643097E-11  1.9023718E-11  2.3806209E-12  8.6985454E-12  1.0886078E-12  9.0257514E-01
  tm170    170   2.6475797E-28  2.6475797E-28  0.0000000E+00  1.2105989E-28  0.0000000E+00  0.0000000E+00
  tm171    171  -8.4444885E-20 -8.4444885E-20  0.0000000E+00 -3.8612200E-20  0.0000000E+00  0.0000000E+00
  yb170    170   2.1200640E-11  2.1650896E-11  4.5025618E-13  9.8998153E-12  2.0589265E-13  1.6819862E+00
  yb171    171   3.0213408E-11  3.2354876E-11  2.1414689E-12  1.4794182E-11  9.7924858E-13  1.1791980E+00
  yb172    172   8.2475651E-11  8.5791436E-11  3.3157821E-12  3.9227909E-11  1.5162372E-12  1.4128280E+00
  yb173    173   3.7906712E-11  4.0382270E-11  2.4755562E-12  1.8464686E-11  1.1320197E-12  1.2124879E+00
  yb174    174   1.7389337E-10  1.7884687E-10  4.9535020E-12  8.1777259E-11  2.2651319E-12  1.5575391E+00
  lu175    175   2.2780935E-11  2.5016635E-11  2.2356995E-12  1.1438790E-11  1.0223382E-12  1.0487854E+00
  lu176    176   1.7118969E-11  1.7184228E-11  6.5258603E-14  7.8574430E-12  2.9841384E-14  2.4204624E+00
  lu177    177   8.9235798E-37  8.9235798E-37  0.0000000E+00  4.0802834E-37  0.0000000E+00  0.0000000E+00
  hf176    176  -2.3176719E-14  4.7894479E-13  5.0212151E-13  2.1899625E-13  2.2960960E-13 -2.0553365E-02
  hf177    177   1.8724980E-11  2.0529769E-11  1.8047890E-12  9.3871829E-12  8.2529198E-13  1.0559276E+00
  hf178    178   8.6392067E-11  8.9054861E-11  2.6627919E-12  4.0720101E-11  1.2176386E-12  1.5242904E+00
  hf179    179   3.0363163E-11  3.1700136E-11  1.3369708E-12  1.4494804E-11  6.1136854E-13  1.3749093E+00
  hf180    180   1.6997512E-10  1.7343751E-10  3.4623942E-12  7.9303848E-11  1.5832798E-12  1.6997366E+00
  ta181    181   3.4120172E-11  3.5587158E-11  1.4669869E-12  1.6272135E-11  6.7082218E-13  1.3848372E+00
  ta182    182   4.5795638E-31  4.5795638E-31  0.0000000E+00  2.0939934E-31  0.0000000E+00  0.0000000E+00
  ta183    183   0.0000000E+00  0.0000000E+00  0.0000000E+00  0.0000000E+00  0.0000000E+00  0.0000000E+00
   w182    182   6.9181952E-11  7.1484020E-11  2.3020698E-12  3.2685878E-11  1.0526879E-12  1.4920605E+00
   w183    183   3.8928274E-11  4.0178211E-11  1.2499373E-12  1.8371381E-11  5.7156997E-13  1.5070724E+00
   w184    184   1.0558523E-10  1.0827608E-10  2.6908506E-12  4.9508949E-11  1.2304693E-12  1.6046129E+00
   w185    185   2.3402526E-30  2.3402526E-30  0.0000000E+00  1.0700743E-30  0.0000000E+00  0.0000000E+00
   w186    186   8.4997863E-11  8.7521879E-11  2.5240166E-12  4.0019148E-11  1.1541795E-12  1.5399945E+00
  re185    185   2.0337339E-11  2.1620195E-11  1.2828552E-12  9.8857771E-12  5.8662266E-13  1.2266520E+00
  re186    186   2.2461416E-38  2.2461416E-38  0.0000000E+00  1.0270423E-38  0.0000000E+00  0.0000000E+00
  re187    187   1.4225955E-11  1.6565397E-11  2.3394409E-12  7.5744836E-12  1.0697770E-12  8.5005981E-01
  os186    186   3.8056867E-11  3.8767899E-11  7.1103296E-13  1.7726520E-11  3.2514039E-13  1.7365526E+00
  os187    187   1.1593750E-11  1.2162315E-11  5.6856413E-13  5.5611861E-12  2.5999236E-13  1.3302069E+00
  os188    188   7.3793485E-11  7.9791562E-11  5.9980775E-12  3.6484482E-11  2.7427945E-12  1.1239150E+00
  os189    189   1.9671939E-11  2.7023977E-11  7.3520374E-12  1.2356642E-11  3.3619318E-12  5.6531155E-01
  os190    190   9.5328356E-11  1.0734770E-10  1.2019345E-11  4.9084452E-11  5.4961929E-12  9.5088202E-01
  os191    191   2.1647257E-32  2.1647257E-32  0.0000000E+00  9.8981517E-33  0.0000000E+00  0.0000000E+00
  os192    192   2.4500110E-11  4.3363976E-11  1.8863865E-11  1.9828063E-11  8.6260478E-12  3.6146843E-01
  ir191    191   2.0088996E-11  3.5994284E-11  1.5905288E-11  1.6458291E-11  7.2731526E-12  3.5466203E-01
  ir192    192   2.4194247E-28  2.4194247E-28  0.0000000E+00  1.1062756E-28  0.0000000E+00  0.0000000E+00
  ir193    193   2.3798404E-11  5.0814866E-11  2.7016462E-11  2.3234964E-11  1.2354059E-11  2.7433234E-01
  pt192    192   2.7644532E-11  2.8313366E-11  6.6883294E-13  1.2946212E-11  3.0584319E-13  1.6266439E+00
  pt193    193   2.1960214E-15  2.1960214E-15  0.0000000E+00  1.0041251E-15  0.0000000E+00  0.0000000E+00
  pt194    194   8.4554808E-11  1.1304453E-10  2.8489714E-11  5.1689313E-11  1.3027746E-11  5.9853148E-01
  pt195    195   3.4096868E-11  6.3483961E-11  2.9387093E-11  2.9027874E-11  1.3438099E-11  3.3447739E-01
  pt196    196   1.5249391E-10  1.7453253E-10  2.2038621E-11  7.9804538E-11  1.0077796E-11  8.9866203E-01
  au197    197   4.9442384E-11  6.2724520E-11  1.3282137E-11  2.8680622E-11  6.0736407E-12  6.7413944E-01
  hg198    198   1.7335719E-10  1.7647736E-10  3.1201701E-12  8.0693806E-11  1.4267879E-12  1.7524807E+00
  hg199    199   7.6132517E-11  8.1438557E-11  5.3060403E-12  3.7237567E-11  2.4263404E-12  1.1860296E+00
  hg200    200   2.5356753E-10  2.6086958E-10  7.3020348E-12  1.1928193E-10  3.3390667E-12  1.5529495E+00
  hg201    201   1.0461458E-10  1.0880179E-10  4.1872165E-12  4.9749333E-11  1.9147260E-12  1.4146806E+00
  hg202    202   4.0176037E-10  4.1129378E-10  9.5334140E-12  1.8806300E-10  4.3594291E-12  1.6348737E+00
  tl203    203   2.1237112E-10  2.1614216E-10  3.7710403E-12  9.8830430E-11  1.7244173E-12  1.7582483E+00
  tl204    204  -1.8477428E-17 -1.8477428E-17  0.0000000E+00 -8.4487549E-18  0.0000000E+00  0.0000000E+00
  tl205    205   4.9393001E-10  5.0302074E-10  9.0907100E-12  2.3000490E-10  4.1569899E-12  1.7429581E+00
  pb204    204   1.4535750E-10  1.5013066E-10  4.7731567E-12  6.8646845E-11  2.1826640E-12  1.4976337E+00
  pb205    205   1.3054479E-11  1.3054479E-11  0.0000000E+00  5.9691258E-12  0.0000000E+00  0.0000000E+00
  pb206    206   1.8159556E-09  1.8608065E-09  4.4850873E-11  8.5084889E-10  2.0509360E-11  1.6179004E+00
  pb207    207   2.9275760E-09  2.9774490E-09  4.9873009E-11  1.3614306E-09  2.2805877E-11  1.7759488E+00
  pb208    208   8.7912944E-08  8.8056382E-08  1.4344004E-10  4.0263547E-08  6.5592101E-11  2.7880604E+00
  bi209    209   5.1617950E-09  5.1717710E-09  9.9759099E-12  2.3647786E-09  4.5617728E-12  2.7146568E+00
  bi210    210   4.9524455E-38  4.9524455E-38  0.0000000E+00  2.2644926E-38  0.0000000E+00  0.0000000E+00
  po210    210   1.5751114E-08  1.5751114E-08  0.0000000E+00  7.2021553E-09  0.0000000E+00  0.0000000E+00
