# Initial abundances
# El  Z   log e(X)   [X/H]    [X/Fe]     [X/O]      X(i)
  p   1  12.000000  0.000000  0.000000  0.000000 7.54927E-01
 he   2  10.922997 -0.007004  2.186210  1.890196 2.51088E-01
 li   3   2.083981 -1.176019  1.017194  0.721181 6.30737E-10
 be   4   0.000000 -1.300000  0.000000  0.000000 0.00000E+00
  b   5   0.000000 -2.790000  0.000000  0.000000 0.00000E+00
  c   6   6.072402 -2.397599 -0.204385 -0.500399 1.06274E-05
  n   7   4.646699 -3.223300 -1.030087 -1.326100 4.65039E-07
  o   8   6.832799 -1.897200  0.296013  0.000000 8.15337E-05
  f   9   0.676831 -3.743169 -1.549955 -1.845969 6.76058E-11
 ne  10   6.073698 -1.896302  0.296912  0.000898 1.79087E-05
 na  11   3.852564 -2.387436 -0.194222 -0.490236 1.22616E-07
 mg  12   5.747832 -1.892168  0.301046  0.005033 1.01853E-05
 al  13   4.263237 -2.186763  0.006451 -0.289563 3.70473E-07
 si  14   5.661035 -1.888965  0.304248  0.008235 9.63762E-06
  p  15   3.183246 -2.226754 -0.033541 -0.329554 3.53743E-08
  s  16   5.268762 -1.881238  0.311975  0.015962 4.45901E-06
 cl  17   2.422245 -2.807755 -0.614542 -0.910555 7.02010E-09
 ar  18   4.503964 -1.936036  0.257177 -0.038836 9.54781E-07
  k  19   1.992335 -3.087665 -0.894451 -1.190464 2.87697E-09
 ca  20   4.394652 -1.895348  0.297866  0.001853 7.44737E-07
 sc  21  -0.251838 -3.301838 -1.108624 -1.404638 1.88536E-11
 ti  22   2.462238 -2.447762 -0.254548 -0.550561 1.03925E-08
  v  23   1.460197 -2.499803 -0.306589 -0.602602 1.10083E-09
 cr  24   3.450157 -2.189843  0.003371 -0.292643 1.09792E-07
 mn  25   2.626850 -2.853150 -0.659936 -0.955950 1.74248E-08
 fe  26   5.346786 -2.193213  0.000000 -0.296013 9.29428E-06
 co  27   2.457133 -2.412867 -0.219653 -0.515666 1.26455E-08
 ni  28   3.673766 -2.526234 -0.333020 -0.629034 2.07395E-07
 cu  29   1.321825 -2.928175 -0.734962 -1.030975 9.98525E-10
 zn  30   2.423494 -2.206506 -0.013292 -0.309306 1.29890E-08
 ga  31   0.317491 -2.762509 -0.569296 -0.865309 1.08470E-10
 ge  32   0.936047 -2.643953 -0.450740 -0.746753 4.69534E-10
 as  33   0.114486 -2.185514  0.007699 -0.288314 7.30365E-11
 se  34   1.110559 -2.229440 -0.036227 -0.332240 7.62802E-10
 br  35   0.354488 -2.185512  0.007702 -0.288311 1.35364E-10
 kr  36   1.062912 -2.187088  0.006125 -0.289888 7.25421E-10
 rb  37   0.334495 -2.185505  0.007708 -0.288305 1.38275E-10
 sr  38   0.692058 -2.187943  0.005271 -0.290742 3.22928E-10
  y  39   0.024486 -2.185514  0.007699 -0.288314 7.04469E-11
 zr  40   0.344484 -2.185516  0.007698 -0.288316 1.51022E-10
 nb  41  -0.775507 -2.185507  0.007707 -0.288307 1.16676E-11
 mo  42  -0.366704 -2.306704 -0.113491 -0.409504 3.08846E-11
 tc  43   0.000000 -9.000000  0.000000  0.000000 0.00000E+00
 ru  44  -0.556458 -2.316458 -0.123245 -0.419258 2.10188E-11
 rh  45  -1.125511 -2.185511  0.007702 -0.288311 5.77265E-12
 pd  46  -0.594697 -2.244697 -0.051484 -0.347497 2.02661E-11
 ag  47  -0.985515 -2.185515  0.007699 -0.288315 8.35263E-12
 cd  48  -0.515233 -2.225233 -0.032020 -0.328033 2.57052E-11
 in  49  -1.444551 -2.204551 -0.011338 -0.307351 3.08961E-12
 sn  50  -0.177950 -2.247950 -0.054736 -0.350750 5.90177E-11
 sb  51  -1.418040 -2.428040 -0.234827 -0.530840 3.48265E-12
 te  52  -0.472881 -2.652881 -0.459668 -0.755681 3.21673E-11
  i  53  -0.635523 -2.185523  0.007691 -0.288323 2.19987E-11
 xe  54   0.017408 -2.222592 -0.029378 -0.325392 1.02352E-10
 cs  55  -1.105512 -2.185512  0.007702 -0.288311 7.80684E-12
 ba  56  -0.006415 -2.186415  0.006798 -0.289215 1.01341E-10
 la  57  -1.015911 -2.185911  0.007302 -0.288711 1.00289E-11
 ce  58  -0.607402 -2.187402  0.005812 -0.290202 2.59137E-11
 pr  59  -1.425512 -2.185512  0.007701 -0.288312 3.96158E-12
 nd  60  -0.760514 -2.210514 -0.017301 -0.313314 1.87507E-11
 pm  61   0.000000 -9.000000  0.000000  0.000000 0.00000E+00
 sm  62  -1.375232 -2.315232 -0.122018 -0.418032 4.74619E-12
 eu  63  -1.675513 -2.185513  0.007700 -0.288313 2.40255E-12
 gd  64  -1.242635 -2.292635 -0.099421 -0.395435 6.73598E-12
 tb  65  -1.865514 -2.185514  0.007700 -0.288314 1.62227E-12
 dy  66  -1.056164 -2.186164  0.007050 -0.288964 1.06939E-11
 ho  67  -1.715502 -2.185502  0.007712 -0.288302 2.37817E-12
 er  68  -1.273128 -2.193128  0.000086 -0.295928 6.67893E-12
 tm  69  -2.065517 -2.185517  0.007696 -0.288317 1.08804E-12
 yb  70  -1.326541 -2.246541 -0.053328 -0.349341 6.11013E-12
 lu  71  -2.095510 -2.185510  0.007703 -0.288310 1.05170E-12
 hf  72  -1.476218 -2.186218  0.006995 -0.289018 4.46520E-12
 ta  73  -2.305568 -2.185568  0.007646 -0.288368 6.70549E-13
  w  74  -1.536035 -2.186035  0.007179 -0.288835 4.00729E-12
 re  75  -1.925517 -2.185517  0.007696 -0.288317 1.65548E-12
 os  76  -0.835596 -2.185596  0.007617 -0.288396 2.08031E-11
 ir  77  -0.865514 -2.185514  0.007699 -0.288314 1.96211E-11
 pt  78  -0.597856 -2.217855 -0.024642 -0.320655 3.68805E-11
 au  79  -1.385509 -2.185509  0.007704 -0.288309 6.07197E-12
 hg  80  -1.047125 -2.217125 -0.023911 -0.319925 1.34781E-11
 tl  81  -1.415513 -2.185513  0.007700 -0.288313 5.87999E-12
 pb  82  -0.145514 -2.185513  0.007700 -0.288313 1.11000E-10
 bi  83  -1.535522 -2.185523  0.007691 -0.288322 4.56065E-12
 po  84   0.000000 -9.000000  0.000000  0.000000 0.00000E+00
#[ls/Fe]_Bisterzo =   0.0077, [hs/Fe]_Bisterzo =  -0.0440
#[hs/ls]_Bisterzo =  -0.0517, [Pb/hs]_Bisterzo =   0.0517
#[ls/Fe]_Thiswork =   0.0069, [hs/Fe]_Thiswork =   0.0066
#[hs/ls]_Thiswork =  -0.0003, [Pb/hs]_Thiswork =   0.0011
# C/O = 1.7362E-01, c12/c13 = 1.81226E+03, n14/n15 = 3.52617E+03
# o16/o17 = 6.20847E+04, o16/o18 = 4.62354E+03
# mg24/mg25 = 1.5793E+02, mg24/mg26 = 1.7945E+02
#
# During TP-AGB
#  TP   Mass     Mcore    Menv    log L
#  1 1.425910 0.600240 0.825670 3.614190
# El  Z   log e(X)   [X/H]    [X/Fe]     [X/O]      X(i)
  p   1  12.000000  0.000000  0.000000  0.000000 7.03438E-01
 he   2  11.034271  0.104271  2.297484  2.001471 3.02289E-01
 li   3   1.798913 -1.461087  0.732126  0.436113 3.04860E-10
 be   4   0.000000 -1.300000  0.000000  0.000000 0.00000E+00
  b   5   0.000000 -2.790000  0.000000  0.000000 2.08115E-22
  c   6   5.827087 -2.642913 -0.449700 -0.745713 5.62900E-06
  n   7   6.100416 -1.769584  0.423630  0.127616 1.23176E-05
  o   8   6.825202 -1.904798  0.288416  0.000000 7.46552E-05
  f   9   0.752034 -3.667966 -1.474752 -1.763168 7.49045E-11
 ne  10   6.095577 -1.874423  0.318790  0.030375 1.75494E-05
 na  11   4.461782 -1.778217  0.414996  0.126580 4.64608E-07
 mg  12   5.779293 -1.860707  0.332506  0.044090 1.02036E-05
 al  13   4.352119 -2.097880  0.095333 -0.193083 4.23603E-07
 si  14   5.691948 -1.858052  0.335161  0.046745 9.64280E-06
  p  15   3.221023 -2.188977  0.004236 -0.284180 3.59572E-08
  s  16   5.299442 -1.850558  0.342655  0.054239 4.45901E-06
 cl  17   2.453000 -2.777000 -0.583786 -0.872202 7.02132E-09
 ar  18   4.534643 -1.905357  0.287856 -0.000560 9.54780E-07
  k  19   2.023011 -3.056989 -0.863775 -1.152191 2.87694E-09
 ca  20   4.425332 -1.864668  0.328545  0.040129 7.44737E-07
 sc  21  -0.221122 -3.271122 -1.077908 -1.366324 1.88552E-11
 ti  22   2.492918 -2.417082 -0.223868 -0.512284 1.03925E-08
  v  23   1.490873 -2.469127 -0.275913 -0.564329 1.10082E-09
 cr  24   3.480837 -2.159163  0.034050 -0.254365 1.09792E-07
 mn  25   2.657546 -2.822454 -0.629241 -0.917656 1.74255E-08
 fe  26   5.377466 -2.162534  0.000000 -0.257736 9.29428E-06
 co  27   2.487814 -2.382186 -0.219652 -0.477388 1.26455E-08
 ni  28   3.704446 -2.495554 -0.333020 -0.590756 2.07395E-07
 cu  29   1.352541 -2.897459 -0.734925 -0.992661 9.98606E-10
 zn  30   2.454171 -2.175829 -0.013295 -0.271031 1.29890E-08
 ga  31   0.348174 -2.731826 -0.569292 -0.827028 1.08471E-10
 ge  32   0.966725 -2.613275 -0.450741 -0.708477 4.69533E-10
 as  33   0.145144 -2.154855  0.007678 -0.250058 7.30330E-11
 se  34   1.141240 -2.198760 -0.036226 -0.293962 7.62804E-10
 br  35   0.385159 -2.154841  0.007692 -0.250044 1.35361E-10
 kr  36   1.093594 -2.156406  0.006127 -0.251609 7.25426E-10
 rb  37   0.362279 -2.157721  0.004813 -0.252923 1.37356E-10
 sr  38   0.724004 -2.155996  0.006537 -0.251199 3.23872E-10
  y  39   0.055165 -2.154835  0.007699 -0.250037 7.04469E-11
 zr  40   0.375164 -2.154836  0.007698 -0.250038 1.51022E-10
 nb  41  -0.744839 -2.154839  0.007695 -0.250041 1.16673E-11
 mo  42  -0.336018 -2.276018 -0.113484 -0.371220 3.08850E-11
 tc  43   0.000000 -9.000000  0.000000  0.000000 0.00000E+00
 ru  44  -0.525780 -2.285780 -0.123246 -0.380982 2.10188E-11
 rh  45  -1.094850 -2.154850  0.007684 -0.250052 5.77241E-12
 pd  46  -0.564014 -2.214015 -0.051481 -0.309217 2.02663E-11
 ag  47  -0.954845 -2.154845  0.007688 -0.250048 8.35242E-12
 cd  48  -0.484547 -2.194547 -0.032013 -0.289749 2.57056E-11
 in  49  -1.413881 -2.173881 -0.011348 -0.269084 3.08955E-12
 sn  50  -0.147269 -2.217269 -0.054735 -0.312472 5.90178E-11
 sb  51  -1.387366 -2.397366 -0.234833 -0.492569 3.48260E-12
 te  52  -0.442201 -2.622201 -0.459667 -0.717403 3.21673E-11
  i  53  -0.604867 -2.154867  0.007667 -0.250069 2.19975E-11
 xe  54   0.048093 -2.191907 -0.029373 -0.287110 1.02353E-10
 cs  55  -1.074842 -2.154842  0.007691 -0.250045 7.80664E-12
 ba  56   0.024267 -2.155733  0.006801 -0.250935 1.01342E-10
 la  57  -0.985232 -2.155232  0.007301 -0.250435 1.00289E-11
 ce  58  -0.576723 -2.156723  0.005811 -0.251925 2.59138E-11
 pr  59  -1.394837 -2.154837  0.007696 -0.250040 3.96153E-12
 nd  60  -0.729834 -2.179834 -0.017300 -0.275036 1.87507E-11
 pm  61   0.000000 -9.000000  0.000000  0.000000 0.00000E+00
 sm  62  -1.344543 -2.284543 -0.122009 -0.379745 4.74630E-12
 eu  63  -1.644898 -2.154898  0.007635 -0.250101 2.40219E-12
 gd  64  -1.211940 -2.261940 -0.099406 -0.357142 6.73623E-12
 tb  65  -1.834871 -2.154871  0.007663 -0.250074 1.62213E-12
 dy  66  -1.025478 -2.155478  0.007055 -0.250681 1.06940E-11
 ho  67  -1.684855 -2.154855  0.007679 -0.250057 2.37799E-12
 er  68  -1.242437 -2.162437  0.000096 -0.257640 6.67910E-12
 tm  69  -2.034861 -2.154860  0.007673 -0.250063 1.08798E-12
 yb  70  -1.295852 -2.215852 -0.053318 -0.311054 6.11026E-12
 lu  71  -2.065202 -2.155202  0.007332 -0.250404 1.05080E-12
 hf  72  -1.445437 -2.155437  0.007096 -0.250640 4.46623E-12
 ta  73  -2.274912 -2.154912  0.007622 -0.250114 6.70514E-13
  w  74  -1.505352 -2.155352  0.007182 -0.250555 4.00731E-12
 re  75  -1.902595 -2.162595 -0.000061 -0.257797 1.62617E-12
 os  76  -0.804300 -2.154300  0.008234 -0.249503 2.08326E-11
 ir  77  -0.834871 -2.154871  0.007662 -0.250074 1.96194E-11
 pt  78  -0.567155 -2.187155 -0.024621 -0.282357 3.68824E-11
 au  79  -1.354844 -2.154844  0.007690 -0.250046 6.07176E-12
 hg  80  -1.016430 -2.186430 -0.023896 -0.281632 1.34786E-11
 tl  81  -1.384832 -2.154832  0.007701 -0.250035 5.88000E-12
 pb  82  -0.114833 -2.154833  0.007701 -0.250035 1.11000E-10
 bi  83  -1.504844 -2.154844  0.007690 -0.250046 4.56065E-12
 po  84  -7.731972 -9.000000  0.000000  0.000000 2.70358E-18
#[ls/Fe]_Bisterzo =   0.0077, [hs/Fe]_Bisterzo =  -0.0440
#[hs/ls]_Bisterzo =  -0.0517, [Pb/hs]_Bisterzo =   0.0517
#[ls/Fe]_Thiswork =   0.0073, [hs/Fe]_Thiswork =   0.0066
#[hs/ls]_Thiswork =  -0.0007, [Pb/hs]_Thiswork =   0.0011
# C/O = 1.0043E-01, c12/c13 = 2.55903E+01, n14/n15 = 3.67734E+04
# o16/o17 = 1.60243E+02, o16/o18 = 6.97880E+03
# mg24/mg25 = 1.7057E+02, mg24/mg26 = 1.3049E+02
#
#  TP   Mass     Mcore    Menv    log L
#  2 1.425900 0.605630 0.820270 3.762620
# El  Z   log e(X)   [X/H]    [X/Fe]     [X/O]      X(i)
  p   1  12.000000  0.000000  0.000000  0.000000 7.03589E-01
 he   2  11.033438  0.103437  2.265971  2.008235 3.01774E-01
 li   3   1.831672 -1.428328  0.734205  0.476469 3.28815E-10
 be   4   0.000000 -1.300000  0.000000  0.000000 0.00000E+00
  b   5   0.000000 -2.790000  0.000000  0.000000 2.01382E-22
  c   6   7.630682 -0.839318  1.323215  1.065479 3.58195E-04
  n   7   6.088102 -1.781898  0.380636  0.122900 1.19758E-05
  o   8   6.892093 -1.837907  0.324627  0.000000 8.71051E-05
  f   9   1.629904 -2.790096 -0.627563 -0.952189 5.65549E-10
 ne  10   6.103595 -1.866405  0.296129 -0.028498 1.78803E-05
 na  11   4.449875 -1.790125  0.372409  0.047782 4.52139E-07
 mg  12   5.778722 -1.861278  0.301256 -0.023371 1.01924E-05
 al  13   4.362768 -2.087232  0.075302 -0.249325 4.34210E-07
 si  14   5.692961 -1.857039  0.305495 -0.019132 9.66739E-06
  p  15   3.223138 -2.186862 -0.024328 -0.348955 3.61405E-08
  s  16   5.299298 -1.850702  0.311832 -0.012795 4.45849E-06
 cl  17   2.469019 -2.760981 -0.598447 -0.923074 7.28669E-09
 ar  18   4.534411 -1.905589  0.256945 -0.067682 9.54475E-07
  k  19   2.032443 -3.047557 -0.885023 -1.209650 2.94073E-09
 ca  20   4.424992 -1.865008  0.297526 -0.027101 7.44315E-07
 sc  21  -0.180656 -3.230656 -1.068123 -1.392750 2.07009E-11
 ti  22   2.492984 -2.417016 -0.254482 -0.579109 1.03963E-08
  v  23   1.490266 -2.469734 -0.307200 -0.631827 1.09951E-09
 cr  24   3.480695 -2.159305  0.003229 -0.321398 1.09780E-07
 mn  25   2.657656 -2.822344 -0.659811 -0.984437 1.74336E-08
 fe  26   5.377301 -2.162699  0.000000 -0.324792 9.29274E-06
 co  27   2.507970 -2.362030 -0.199331 -0.524123 1.32491E-08
 ni  28   3.705921 -2.494079 -0.331380 -0.656172 2.08145E-07
 cu  29   1.402298 -2.847702 -0.685003 -1.009795 1.12007E-09
 zn  30   2.455595 -2.174405 -0.011706 -0.336498 1.30344E-08
 ga  31   0.386412 -2.693588 -0.530890 -0.855681 1.18480E-10
 ge  32   0.994127 -2.585873 -0.423174 -0.747966 5.00221E-10
 as  33   0.150596 -2.149404  0.013294 -0.311497 7.39713E-11
 se  34   1.156202 -2.183798 -0.021099 -0.345891 7.89710E-10
 br  35   0.396780 -2.143220  0.019479 -0.305313 1.39061E-10
 kr  36   1.112360 -2.137640  0.025059 -0.299733 7.57621E-10
 rb  37   0.384446 -2.135554  0.027145 -0.297647 1.44580E-10
 sr  38   0.758756 -2.121244  0.041454 -0.283338 3.50928E-10
  y  39   0.091435 -2.118565  0.044134 -0.280658 7.65992E-11
 zr  40   0.404967 -2.125033  0.037666 -0.287126 1.61784E-10
 nb  41  -0.721793 -2.131793  0.030906 -0.293886 1.23058E-11
 mo  42  -0.321809 -2.261809 -0.099110 -0.423902 3.19190E-11
 tc  43   0.000000 -9.000000  0.000000  0.000000 0.00000E+00
 ru  44  -0.517296 -2.277296 -0.114597 -0.439389 2.14380E-11
 rh  45  -1.093115 -2.153115  0.009584 -0.315208 5.79674E-12
 pd  46  -0.556929 -2.206929 -0.044230 -0.369022 2.06041E-11
 ag  47  -0.952867 -2.152867  0.009832 -0.314960 8.39236E-12
 cd  48  -0.476705 -2.186705 -0.024006 -0.348798 2.61796E-11
 in  49  -1.409311 -2.169311 -0.006613 -0.331404 3.12289E-12
 sn  50  -0.137515 -2.207515 -0.044816 -0.369608 6.03713E-11
 sb  51  -1.383209 -2.393209 -0.230510 -0.555302 3.51685E-12
 te  52  -0.436664 -2.616664 -0.453965 -0.778757 3.25870E-11
  i  53  -0.605176 -2.155176  0.007523 -0.317269 2.19866E-11
 xe  54   0.049495 -2.190505 -0.027807 -0.352598 1.02706E-10
 cs  55  -1.074053 -2.154053  0.008646 -0.316146 7.82252E-12
 ba  56   0.028823 -2.151177  0.011522 -0.313270 1.02432E-10
 la  57  -0.982973 -2.152973  0.009726 -0.315066 1.00834E-11
 ce  58  -0.575316 -2.155316  0.007382 -0.317410 2.60034E-11
 pr  59  -1.394415 -2.154415  0.008284 -0.316508 3.96624E-12
 nd  60  -0.729303 -2.179303 -0.016605 -0.341397 1.87776E-11
 pm  61   0.000000 -9.000000  0.000000  0.000000 0.00000E+00
 sm  62  -1.344536 -2.284536 -0.121837 -0.446629 4.74739E-12
 eu  63  -1.645611 -2.155611  0.007088 -0.317704 2.39877E-12
 gd  64  -1.212385 -2.262385 -0.099686 -0.424478 6.73075E-12
 tb  65  -1.835536 -2.155536  0.007163 -0.317629 1.62000E-12
 dy  66  -1.025919 -2.155919  0.006780 -0.318012 1.06855E-11
 ho  67  -1.685526 -2.155526  0.007173 -0.317619 2.37483E-12
 er  68  -1.242760 -2.162760 -0.000061 -0.324853 6.67557E-12
 tm  69  -2.035351 -2.155351  0.007348 -0.317444 1.08699E-12
 yb  70  -1.295297 -2.215297 -0.052598 -0.377390 6.11939E-12
 lu  71  -2.065178 -2.155178  0.007521 -0.317271 1.05108E-12
 hf  72  -1.444689 -2.154689  0.008010 -0.316782 4.47490E-12
 ta  73  -2.274559 -2.154559  0.008140 -0.316652 6.71201E-13
  w  74  -1.504356 -2.154356  0.008342 -0.316450 4.01737E-12
 re  75  -1.902932 -2.162932 -0.000233 -0.325025 1.62526E-12
 os  76  -0.804811 -2.154811  0.007887 -0.316905 2.08126E-11
 ir  77  -0.835657 -2.155657  0.007041 -0.317750 1.95881E-11
 pt  78  -0.567763 -2.187763 -0.025064 -0.349856 3.68386E-11
 au  79  -1.355427 -2.155427  0.007272 -0.317520 6.06491E-12
 hg  80  -1.014367 -2.184367 -0.021668 -0.346460 1.35457E-11
 tl  81  -1.381834 -2.151834  0.010865 -0.313927 5.92200E-12
 pb  82  -0.114474 -2.154474  0.008224 -0.316567 1.11115E-10
 bi  83  -1.504952 -2.154953  0.007746 -0.317046 4.56048E-12
 po  84  -4.938772 -9.000000  0.000000  0.000000 1.67970E-15
#[ls/Fe]_Bisterzo =   0.0409, [hs/Fe]_Bisterzo =  -0.0429
#[hs/ls]_Bisterzo =  -0.0838, [Pb/hs]_Bisterzo =   0.0511
#[ls/Fe]_Thiswork =   0.0411, [hs/Fe]_Thiswork =   0.0095
#[hs/ls]_Thiswork =  -0.0315, [Pb/hs]_Thiswork =  -0.0013
# C/O = 5.4776E+00, c12/c13 = 1.70649E+03, n14/n15 = 2.24018E+04
# o16/o17 = 1.87181E+02, o16/o18 = 8.03954E+03
# mg24/mg25 = 1.6600E+02, mg24/mg26 = 1.2926E+02
#
#  TP   Mass     Mcore    Menv    log L
#  3 1.425890 0.610420 0.815470 3.851240
# El  Z   log e(X)   [X/H]    [X/Fe]     [X/O]      X(i)
  p   1  12.000000  0.000000  0.000000  0.000000 7.03574E-01
 he   2  11.031900  0.101900  2.264599  1.939807 3.00701E-01
 li   3   1.848415 -1.411585  0.751114  0.426322 3.41733E-10
 be   4   0.000000 -1.300000  0.000000  0.000000 0.00000E+00
  b   5   0.000000 -2.790000  0.000000  0.000000 1.90720E-22
  c   6   8.208311 -0.261689  1.901010  1.576218 1.35438E-03
  n   7   6.133552 -1.736448  0.426251  0.101459 1.32968E-05
  o   8   7.097831 -1.632169  0.530530  0.000000 1.39886E-04
  f   9   3.846100 -0.573900  1.588799  1.058269 9.30372E-08
 ne  10   6.561664 -1.408336  0.754363  0.223833 5.13375E-05
 na  11   4.535154 -1.704846  0.457853 -0.072677 5.50227E-07
 mg  12   5.781864 -1.858136  0.304563 -0.225967 1.02662E-05
 al  13   4.371483 -2.078516  0.084182 -0.446348 4.43003E-07
 si  14   5.694370 -1.855630  0.307068 -0.223462 9.69860E-06
  p  15   3.312242 -2.097758  0.064940 -0.465590 4.43698E-08
  s  16   5.299016 -1.850984  0.311715 -0.218815 4.45550E-06
 cl  17   2.500955 -2.729045 -0.566347 -1.096877 7.84254E-09
 ar  18   4.533874 -1.906126  0.256572 -0.273958 9.53274E-07
  k  19   2.078904 -3.001096 -0.838397 -1.368927 3.27271E-09
 ca  20   4.423890 -1.866110  0.296588 -0.233942 7.42412E-07
 sc  21   0.103053 -2.946947 -0.784248 -1.314778 3.97823E-11
 ti  22   2.500352 -2.409648 -0.246949 -0.777479 1.05739E-08
  v  23   1.491790 -2.468210 -0.305511 -0.836041 1.10336E-09
 cr  24   3.479996 -2.160004  0.002695 -0.527835 1.09601E-07
 mn  25   2.656851 -2.823149 -0.660450 -1.190980 1.74009E-08
 fe  26   5.376279 -2.163721  0.000000 -0.531552 9.27071E-06
 co  27   2.545899 -2.324100 -0.160380 -0.691932 1.44580E-08
 ni  28   3.722547 -2.477453 -0.313733 -0.845284 2.16263E-07
 cu  29   1.842637 -2.407363 -0.243642 -0.775194 3.08727E-09
 zn  30   2.541532 -2.088469  0.075252 -0.456300 1.58862E-08
 ga  31   1.115964 -1.964036  0.199685 -0.331867 6.35608E-10
 ge  32   1.626997 -1.953003  0.210718 -0.320834 2.14794E-09
 as  33   0.405690 -1.894310  0.269411 -0.262141 1.33091E-10
 se  34   1.655784 -1.684216  0.479504 -0.052047 2.49483E-09
 br  35   0.832932 -1.707068  0.456652 -0.074900 3.79620E-10
 kr  36   1.890447 -1.359553  0.804167  0.272615 4.54496E-09
 rb  37   1.180227 -1.339773  0.823948  0.292396 9.03399E-10
 sr  38   1.488750 -1.391250  0.772471  0.240919 1.88453E-09
  y  39   0.781852 -1.428148  0.735572  0.204021 3.75519E-10
 zr  40   1.054581 -1.475419  0.688301  0.156749 7.22002E-10
 nb  41  -0.158312 -1.568312  0.595409  0.063857 4.50382E-11
 mo  42   0.192484 -1.747516  0.416204 -0.115347 1.04312E-10
 tc  43   0.000000 -9.000000  0.000000  0.000000 0.00000E+00
 ru  44  -0.104310 -1.864310  0.299411 -0.232141 5.54833E-11
 rh  45  -0.936849 -1.996849  0.166872 -0.364680 8.30694E-12
 pd  46  -0.171878 -1.821878  0.341843 -0.189709 5.00029E-11
 ag  47  -0.768472 -1.968472  0.195249 -0.336303 1.28313E-11
 cd  48  -0.037725 -1.747725  0.415995 -0.115557 7.19337E-11
 in  49  -1.088904 -1.848904  0.314816 -0.216736 6.53063E-12
 sn  50   0.331306 -1.738694  0.425026 -0.106526 1.77681E-10
 sb  51  -1.101549 -2.111549  0.052171 -0.479380 6.72674E-12
 te  52  -0.092760 -2.272760 -0.109040 -0.640591 7.19349E-11
  i  53  -0.563048 -2.113048  0.050672 -0.480880 2.42257E-11
 xe  54   0.219367 -2.020633  0.143088 -0.388464 1.51865E-10
 cs  55  -0.948235 -2.028234  0.135486 -0.396066 1.04510E-11
 ba  56   0.543509 -1.636491  0.527230 -0.004322 3.35054E-10
 la  57  -0.526047 -1.696047  0.467674 -0.063878 2.88751E-11
 ce  58  -0.094837 -1.674837  0.488883 -0.042668 7.86139E-11
 pr  59  -1.063557 -1.823557  0.340164 -0.191388 8.49627E-12
 nd  60  -0.336876 -1.786876  0.376845 -0.154707 4.63510E-11
 pm  61   0.000000 -9.000000  0.000000  0.000000 0.00000E+00
 sm  62  -1.041322 -1.981322  0.182399 -0.349153 9.54245E-12
 eu  63  -1.584838 -2.094838  0.068883 -0.462669 2.75900E-12
 gd  64  -1.040116 -2.090116  0.073604 -0.457947 1.00075E-11
 tb  65  -1.749986 -2.069986  0.093735 -0.437817 1.97268E-12
 dy  66  -0.860011 -1.990011  0.173710 -0.357842 1.56564E-11
 ho  67  -1.611859 -2.081859  0.081861 -0.449691 2.81378E-12
 er  68  -1.068856 -1.988856  0.174864 -0.356688 9.96283E-12
 tm  69  -1.904837 -2.024837  0.138884 -0.392668 1.46801E-12
 yb  70  -0.940349 -1.860349  0.303372 -0.228180 1.38563E-11
 lu  71  -1.797752 -1.887752  0.275968 -0.255584 1.94560E-12
 hf  72  -1.035850 -1.745850  0.417871 -0.113681 1.14713E-11
 ta  73  -1.943597 -1.823597  0.340124 -0.191428 1.43816E-12
  w  74  -1.078661 -1.728661  0.435060 -0.096492 1.07060E-11
 re  75  -1.746840 -2.006840  0.156881 -0.374671 2.32812E-12
 os  76  -0.697811 -2.047811  0.115910 -0.415642 2.66267E-11
 ir  77  -0.815650 -2.135650  0.028070 -0.503481 2.05112E-11
 pt  78  -0.494307 -2.114306  0.049414 -0.482138 4.36266E-11
 au  79  -1.282745 -2.082745  0.080975 -0.450577 7.16964E-12
 hg  80  -0.576244 -1.746244  0.417476 -0.114076 3.71462E-11
 tl  81  -0.830760 -1.600760  0.562961  0.031409 2.10637E-11
 pb  82   1.508970 -0.531030  1.632691  1.101139 4.66884E-09
 bi  83   0.031380 -0.618620  1.545100  1.013548 1.56795E-10
 po  84   0.928550 -9.000000  0.000000  0.000000 1.23750E-09
#[ls/Fe]_Bisterzo =   0.7119, [hs/Fe]_Bisterzo =   0.3423
#[hs/ls]_Bisterzo =  -0.3696, [Pb/hs]_Bisterzo =   1.2904
#[ls/Fe]_Thiswork =   0.7321, [hs/Fe]_Thiswork =   0.4946
#[hs/ls]_Thiswork =  -0.2375, [Pb/hs]_Thiswork =   1.1381
# C/O = 1.2897E+01, c12/c13 = 6.35328E+03, n14/n15 = 1.11972E+03
# o16/o17 = 2.68192E+02, o16/o18 = 1.02482E+04
# mg24/mg25 = 1.0214E+02, mg24/mg26 = 8.4046E+01
#
#  TP   Mass     Mcore    Menv    log L
#  4 1.425850 0.614690 0.811160 3.907810
# El  Z   log e(X)   [X/H]    [X/Fe]     [X/O]      X(i)
  p   1  12.000000  0.000000  0.000000  0.000000 7.04143E-01
 he   2  11.028477  0.098476  2.262197  1.730645 2.98582E-01
 li   3   1.852145 -1.407855  0.755866  0.224314 3.44959E-10
 be   4   0.000000 -1.300000  0.000000  0.000000 7.07947E-36
  b   5   0.000000 -2.790000  0.000000  0.000000 1.68937E-22
  c   6   8.511337  0.041337  2.205058  1.673506 2.72344E-03
  n   7   6.143253 -1.726747  0.436974 -0.094578 1.36081E-05
  o   8   7.307423 -1.422577  0.741144  0.000000 2.26838E-04
  f   9   4.324987 -0.095013  2.068707  1.327564 2.80476E-07
 ne  10   6.995355 -0.974645  1.189076  0.447932 1.39469E-04
 na  11   4.834015 -1.405984  0.757736  0.016593 1.09586E-06
 mg  12   5.818708 -1.821292  0.342429 -0.398715 1.11842E-05
 al  13   4.373794 -2.076206  0.087515 -0.653629 4.45726E-07
 si  14   5.695444 -1.854556  0.309165 -0.431979 9.73048E-06
  p  15   3.402140 -2.007860  0.155860 -0.585283 5.46182E-08
  s  16   5.298534 -1.851466  0.312254 -0.428889 4.45416E-06
 cl  17   2.536703 -2.693297 -0.529576 -1.270720 8.52230E-09
 ar  18   4.532878 -1.907122  0.256598 -0.484545 9.51860E-07
  k  19   2.120225 -2.959775 -0.796054 -1.537198 3.60230E-09
 ca  20   4.422448 -1.867552  0.296169 -0.444975 7.40550E-07
 sc  21   0.256289 -2.793711 -0.629991 -1.371135 5.66600E-11
 ti  22   2.508856 -2.401144 -0.237423 -0.978567 1.07918E-08
  v  23   1.493604 -2.466396 -0.302676 -1.043819 1.10887E-09
 cr  24   3.479095 -2.160904  0.002816 -0.738328 1.09463E-07
 mn  25   2.656637 -2.823363 -0.659642 -1.400786 1.74065E-08
 fe  26   5.374976 -2.165024  0.000000 -0.742447 9.25040E-06
 co  27   2.583196 -2.286804 -0.121780 -0.864227 1.57672E-08
 ni  28   3.734622 -2.465378 -0.300354 -1.042801 2.22540E-07
 cu  29   1.996845 -2.253155 -0.088131 -0.830578 4.40691E-09
 zn  30   2.600471 -2.029530  0.135494 -0.606953 1.82099E-08
 ga  31   1.324544 -1.755456  0.409568 -0.332879 1.02830E-09
 ge  32   1.833034 -1.746966  0.418057 -0.324389 3.45470E-09
 as  33   0.536285 -1.763715  0.401309 -0.341138 1.79927E-10
 se  34   1.837028 -1.502972  0.662051 -0.080395 3.78996E-09
 br  35   1.003032 -1.536968  0.628056 -0.114391 5.62083E-10
 kr  36   2.114655 -1.135345  1.029678  0.287231 7.62233E-09
 rb  37   1.396161 -1.123839  1.041185  0.298738 1.48650E-09
 sr  38   1.792048 -1.087953  1.077071  0.334624 3.79185E-09
  y  39   1.082314 -1.127686  1.037338  0.294891 7.50665E-10
 zr  40   1.340704 -1.189296  0.975728  0.233281 1.39641E-09
 nb  41   0.114515 -1.295485  0.869539  0.127092 8.44811E-11
 mo  42   0.441771 -1.498230  0.666794 -0.075653 1.85341E-10
 tc  43   0.000000 -9.000000  0.000000  0.000000 0.00000E+00
 ru  44   0.131781 -1.628219  0.536804 -0.205642 9.56320E-11
 rh  45  -0.788960 -1.848960  0.316063 -0.426383 1.16864E-11
 pd  46   0.114529 -1.535471  0.629552 -0.112894 9.67725E-11
 ag  47  -0.572019 -1.772019  0.393005 -0.349442 2.01871E-11
 cd  48   0.265664 -1.444336  0.720688 -0.021759 1.44768E-10
 in  49  -0.839413 -1.599413  0.565611 -0.176836 1.16091E-11
 sn  50   0.636258 -1.433742  0.731282 -0.011165 3.58877E-10
 sb  51  -0.850035 -1.860035  0.304989 -0.437458 1.20135E-11
 te  52   0.196384 -1.983616  0.181408 -0.561039 1.40099E-10
  i  53  -0.496512 -2.046512  0.118511 -0.623935 2.82594E-11
 xe  54   0.411981 -1.828019  0.337004 -0.405442 2.36822E-10
 cs  55  -0.778877 -1.858877  0.306147 -0.436300 1.54477E-11
 ba  56   0.956642 -1.223358  0.941666  0.199219 8.68156E-10
 la  57  -0.074818 -1.244818  0.920206  0.177759 8.16777E-11
 ce  58   0.397601 -1.182399  0.982625  0.240178 2.44506E-10
 pr  59  -0.613440 -1.373440  0.791584  0.049137 2.39716E-11
 nd  60   0.147283 -1.302717  0.862306  0.119859 1.41439E-10
 pm  61   0.000000 -9.000000  0.000000  0.000000 0.00000E+00
 sm  62  -0.615730 -1.555730  0.609293 -0.133153 2.54450E-11
 eu  63  -1.422734 -1.932734  0.232290 -0.510157 4.01058E-12
 gd  64  -0.709319 -1.759319  0.405705 -0.336742 2.14522E-11
 tb  65  -1.539408 -1.859408  0.305616 -0.436831 3.20616E-12
 dy  66  -0.545300 -1.675300  0.489723 -0.252724 3.23410E-11
 ho  67  -1.429491 -1.899491  0.265533 -0.476914 4.28557E-12
 er  68  -0.738359 -1.658360  0.506664 -0.235783 2.13418E-11
 tm  69  -1.635596 -1.755596  0.409428 -0.333019 2.73100E-12
 yb  70  -0.462373 -1.382373  0.782651  0.040204 4.16845E-11
 lu  71  -1.376283 -1.466283  0.698741 -0.043706 5.13895E-12
 hf  72  -0.550764 -1.260764  0.904260  0.161813 3.50792E-11
 ta  73  -1.500765 -1.380765  0.784259  0.041812 3.99015E-12
  w  74  -0.578290 -1.228290  0.936734  0.194287 3.39118E-11
 re  75  -1.425241 -1.685241  0.479783 -0.262664 4.88602E-12
 os  76  -0.429345 -1.779345  0.385679 -0.356768 4.94463E-11
 ir  77  -0.741330 -2.061330  0.103693 -0.638753 2.43591E-11
 pt  78  -0.289022 -1.909022  0.256001 -0.486446 7.00465E-11
 au  79  -1.089291 -1.889291  0.275733 -0.466714 1.12022E-11
 hg  80  -0.070920 -1.240920  0.924104  0.181657 1.19012E-10
 tl  81  -0.290612 -1.060612  1.104412  0.361965 7.31195E-11
 pb  82   2.005902 -0.034098  2.130926  1.388479 1.46721E-08
 bi  83   0.429889 -0.220111  1.944913  1.202466 3.92820E-10
 po  84   1.327926 -9.000000  0.000000  0.000000 3.10651E-09
#[ls/Fe]_Bisterzo =   1.0065, [hs/Fe]_Bisterzo =   0.7973
#[hs/ls]_Bisterzo =  -0.2093, [Pb/hs]_Bisterzo =   1.3337
#[ls/Fe]_Thiswork =   1.0300, [hs/Fe]_Thiswork =   0.9482
#[hs/ls]_Thiswork =  -0.0819, [Pb/hs]_Thiswork =   1.1828
# C/O = 1.5992E+01, c12/c13 = 1.21830E+04, n14/n15 = 9.06721E+02
# o16/o17 = 4.28966E+02, o16/o18 = 1.53680E+04
# mg24/mg25 = 3.0221E+01, mg24/mg26 = 2.4702E+01
#
#  TP   Mass     Mcore    Menv    log L
#  5 1.425640 0.618710 0.806930 3.946280
# El  Z   log e(X)   [X/H]    [X/Fe]     [X/O]      X(i)
  p   1  12.000000  0.000000  0.000000  0.000000 7.03133E-01
 he   2  11.027939  0.097939  2.262962  1.520515 2.97784E-01
 li   3   1.854825 -1.405175  0.759849  0.017402 3.46597E-10
 be   4   0.000000 -1.300000  0.000000  0.000000 0.00000E+00
  b   5   0.000000 -2.790000  0.000000  0.000000 1.59484E-22
  c   6   8.706140  0.236139  2.401163  1.658716 4.25888E-03
  n   7   6.157533 -1.712467  0.452557 -0.289890 1.40429E-05
  o   8   7.476591 -1.253408  0.911615  0.000000 3.34396E-04
  f   9   4.616014  0.196014  2.361038  1.449423 5.47394E-07
 ne  10   7.296623 -0.673377  1.491647  0.580032 2.78690E-04
 na  11   5.164598 -1.075402  1.089622  0.178007 2.34269E-06
 mg  12   5.905507 -1.734493  0.430531 -0.481084 1.36389E-05
 al  13   4.379117 -2.070882  0.094141 -0.817474 4.50577E-07
 si  14   5.697567 -1.852433  0.312591 -0.599024 9.76415E-06
  p  15   3.477590 -1.932410  0.232614 -0.679002 6.48880E-08
  s  16   5.299170 -1.850831  0.314193 -0.597422 4.45429E-06
 cl  17   2.573209 -2.656791 -0.491767 -1.403383 9.25634E-09
 ar  18   4.532860 -1.907140  0.257884 -0.653731 9.50457E-07
  k  19   2.151011 -2.928988 -0.763965 -1.675580 3.86139E-09
 ca  20   4.422114 -1.867886  0.297138 -0.614478 7.38920E-07
 sc  21   0.350365 -2.699635 -0.534611 -1.446227 7.02635E-11
 ti  22   2.518218 -2.391782 -0.226758 -1.138373 1.10111E-08
  v  23   1.496641 -2.463359 -0.298335 -1.209950 1.11505E-09
 cr  24   3.479416 -2.160584  0.004440 -0.907176 1.09386E-07
 mn  25   2.658462 -2.821538 -0.656515 -1.568130 1.74547E-08
 fe  26   5.374883 -2.165117  0.000000 -0.911709 9.23515E-06
 co  27   2.619560 -2.250440 -0.085322 -0.997031 1.71197E-08
 ni  28   3.742536 -2.457464 -0.292347 -1.204056 2.26307E-07
 cu  29   2.063550 -2.186450 -0.021333 -0.933042 5.13116E-09
 zn  30   2.630896 -1.999104  0.166013 -0.745696 1.95034E-08
 ga  31   1.407271 -1.672729  0.492389 -0.419320 1.24229E-09
 ge  32   1.914692 -1.665308  0.499809 -0.411900 4.16337E-09
 as  33   0.594602 -1.705398  0.459719 -0.451990 2.05489E-10
 se  34   1.913070 -1.426930  0.738187 -0.173522 4.50873E-09
 br  35   1.075901 -1.464099  0.701018 -0.210690 6.63814E-10
 kr  36   2.206073 -1.043927  1.121190  0.209481 9.39472E-09
 rb  37   1.490281 -1.029719  1.135398  0.223690 1.84358E-09
 sr  38   1.933542 -0.946458  1.218659  0.306951 5.24473E-09
  y  39   1.239839 -0.970161  1.194956  0.283247 1.07733E-09
 zr  40   1.507464 -1.022536  1.142582  0.230873 2.04715E-09
 nb  41   0.283542 -1.126458  1.038659  0.126950 1.24498E-10
 mo  42   0.600243 -1.339757  0.825360 -0.086349 2.66575E-10
 tc  43   0.000000 -9.000000  0.000000  0.000000 0.00000E+00
 ru  44   0.284120 -1.475880  0.689237 -0.222472 1.35619E-10
 rh  45  -0.678861 -1.738861  0.426257 -0.485452 1.50369E-11
 pd  46   0.279668 -1.370332  0.794785 -0.116924 1.41341E-10
 ag  47  -0.444366 -1.644367  0.520751 -0.390958 2.70460E-11
 cd  48   0.444374 -1.265626  0.899491 -0.012218 2.18153E-10
 in  49  -0.668029 -1.428029  0.737088 -0.174620 1.72012E-11
 sn  50   0.850050 -1.219950  0.945167  0.033458 5.86293E-10
 sb  51  -0.655972 -1.665972  0.499146 -0.412563 1.87547E-11
 te  52   0.410655 -1.769345  0.395772 -0.515937 2.29131E-10
  i  53  -0.420085 -1.970085  0.195032 -0.716676 3.36487E-11
 xe  54   0.587537 -1.652463  0.512654 -0.399055 3.54288E-10
 cs  55  -0.612721 -1.692721  0.472396 -0.439313 2.26150E-11
 ba  56   1.247349 -0.932651  1.232466  0.320757 1.69310E-09
 la  57   0.234047 -0.935953  1.229164  0.317455 1.66091E-10
 ce  58   0.726999 -0.853001  1.312117  0.400408 5.21272E-10
 pr  59  -0.292739 -1.052739  1.112378  0.200670 5.00927E-11
 nd  60   0.475198 -0.974802  1.190315  0.278606 3.00511E-10
 pm  61   0.000000 -9.000000  0.000000  0.000000 0.00000E+00
 sm  62  -0.306849 -1.246850  0.918268  0.006559 5.17440E-11
 eu  63  -1.239128 -1.749128  0.415989 -0.495720 6.11209E-12
 gd  64  -0.432430 -1.482430  0.682687 -0.229022 4.05263E-11
 tb  65  -1.324226 -1.644226  0.520891 -0.390818 5.25464E-12
 dy  66  -0.277912 -1.407912  0.757205 -0.154504 5.97749E-11
 ho  67  -1.233825 -1.703825  0.461293 -0.450416 6.71510E-12
 er  68  -0.459200 -1.379200  0.785917 -0.125792 4.05291E-11
 tm  69  -1.386799 -1.506799  0.658318 -0.253390 4.83610E-12
 yb  70  -0.135566 -1.055566  1.109551  0.197843 8.83401E-11
 lu  71  -1.069956 -1.159956  1.005161  0.093453 1.03891E-11
 hf  72  -0.228001 -0.938001  1.227117  0.315408 7.36530E-11
 ta  73  -1.185573 -1.065573  1.099545  0.187836 8.23300E-12
  w  74  -0.240831 -0.890831  1.274286  0.362577 7.36522E-11
 re  75  -1.141079 -1.401079  0.764038 -0.147671 9.38629E-12
 os  76  -0.177070 -1.527070  0.638048 -0.273661 8.82646E-11
 ir  77  -0.639701 -1.959701  0.205416 -0.706293 3.07375E-11
 pt  78  -0.086165 -1.706165  0.458952 -0.452757 1.11589E-10
 au  79  -0.894689 -1.694689  0.470429 -0.441280 1.75099E-11
 hg  80   0.262272 -0.907728  1.257389  0.345680 2.55952E-10
 tl  81   0.043004 -0.726996  1.438121  0.526412 1.57408E-10
 pb  82   2.280988  0.240988  2.406105  1.494396 2.76029E-08
 bi  83   0.658828  0.008828  2.173945  1.262236 6.64523E-10
 po  84   1.533132 -9.000000  0.000000  0.000000 4.97572E-09
#[ls/Fe]_Bisterzo =   1.1688, [hs/Fe]_Bisterzo =   1.1126
#[hs/ls]_Bisterzo =  -0.0562, [Pb/hs]_Bisterzo =   1.2935
#[ls/Fe]_Thiswork =   1.1854, [hs/Fe]_Thiswork =   1.2579
#[hs/ls]_Thiswork =   0.0725, [Pb/hs]_Thiswork =   1.1482
# C/O = 1.6965E+01, c12/c13 = 1.75697E+04, n14/n15 = 8.62314E+02
# o16/o17 = 6.29231E+02, o16/o18 = 2.22991E+04
# mg24/mg25 = 1.1420E+01, mg24/mg26 = 9.5268E+00
#
#  TP   Mass     Mcore    Menv    log L
#  6 1.423600 0.622460 0.801140 3.974810
# El  Z   log e(X)   [X/H]    [X/Fe]     [X/O]      X(i)
  p   1  12.000000  0.000000  0.000000  0.000000 7.02187E-01
 he   2  11.027581  0.097581  2.262698  1.350989 2.97139E-01
 li   3   1.853977 -1.406023  0.759094 -0.152614 3.45455E-10
 be   4   0.000000 -1.300000  0.000000  0.000000 0.00000E+00
  b   5   0.000000 -2.790000  0.000000  0.000000 1.50950E-22
  c   6   8.823147  0.353147  2.518264  1.606555 5.56825E-03
  n   7   6.166434 -1.703566  0.461551 -0.450158 1.43143E-05
  o   8   7.585586 -1.144414  1.020703  0.000000 4.29211E-04
  f   9   4.823575  0.403575  2.568692  1.547989 8.81607E-07
 ne  10   7.493776 -0.476224  1.688893  0.668190 4.38217E-04
 na  11   5.420748 -0.819252  1.345866  0.325162 4.21968E-06
 mg  12   6.014840 -1.625160  0.539957 -0.480746 1.75197E-05
 al  13   4.386552 -2.063447  0.101670 -0.919034 4.57740E-07
 si  14   5.699450 -1.850551  0.314567 -0.706137 9.79336E-06
  p  15   3.527846 -1.882154  0.282964 -0.737740 7.27506E-08
  s  16   5.299850 -1.850151  0.314967 -0.705737 4.45526E-06
 cl  17   2.602814 -2.627186 -0.462069 -1.482772 9.89598E-09
 ar  18   4.532945 -1.907055  0.258062 -0.762641 9.49363E-07
  k  19   2.168956 -2.911044 -0.745927 -1.766630 4.01885E-09
 ca  20   4.422029 -1.867970  0.297147 -0.723557 7.37781E-07
 sc  21   0.399295 -2.650705 -0.485588 -1.506291 7.85371E-11
 ti  22   2.525670 -2.384330 -0.219213 -1.239916 1.11866E-08
  v  23   1.499217 -2.460783 -0.295666 -1.316369 1.12017E-09
 cr  24   3.479955 -2.160045  0.005072 -1.015631 1.09375E-07
 mn  25   2.660933 -2.819067 -0.653949 -1.674653 1.75307E-08
 fe  26   5.375083 -2.164917  0.000000 -1.020503 9.22698E-06
 co  27   2.648746 -2.221254 -0.056337 -1.076840 1.82851E-08
 ni  28   3.745445 -2.454555 -0.289638 -1.310141 2.27522E-07
 cu  29   2.077650 -2.172350 -0.007433 -1.027936 5.29335E-09
 zn  30   2.636189 -1.993812  0.171105 -0.849398 1.97160E-08
 ga  31   1.419734 -1.660266  0.504651 -0.515852 1.27674E-09
 ge  32   1.927638 -1.652362  0.512555 -0.507948 4.28357E-09
 as  33   0.603929 -1.696071  0.468846 -0.551657 2.09667E-10
 se  34   1.925871 -1.414129  0.750788 -0.269715 4.63736E-09
 br  35   1.088554 -1.451446  0.713471 -0.307032 6.82520E-10
 kr  36   2.224026 -1.025974  1.138943  0.118440 9.77803E-09
 rb  37   1.511002 -1.008998  1.155919  0.135416 1.93107E-09
 sr  38   1.990781 -0.889219  1.275698  0.255195 5.97553E-09
  y  39   1.314438 -0.895562  1.269355  0.248852 1.27750E-09
 zr  40   1.600392 -0.929608  1.235309  0.214806 2.53217E-09
 nb  41   0.381669 -1.028331  1.136586  0.116083 1.55849E-10
 mo  42   0.697347 -1.242653  0.922264 -0.098239 3.32919E-10
 tc  43   0.000000 -9.000000  0.000000  0.000000 0.00000E+00
 ru  44   0.379909 -1.380091  0.784826 -0.235677 1.68858E-10
 rh  45  -0.604006 -1.664006  0.500911 -0.519592 1.78413E-11
 pd  46   0.382133 -1.267867  0.897050 -0.123453 1.78710E-10
 ag  47  -0.360299 -1.560299  0.604618 -0.415885 3.27782E-11
 cd  48   0.554070 -1.155930  1.008987 -0.011516 2.80460E-10
 in  49  -0.561779 -1.321779  0.843138 -0.177365 2.19393E-11
 sn  50   0.982646 -1.087354  1.077563  0.057060 7.94557E-10
 sb  51  -0.526522 -1.536522  0.628395 -0.392108 2.52334E-11
 te  52   0.551733 -1.628267  0.536650 -0.483853 3.16647E-10
  i  53  -0.355330 -1.905330  0.259587 -0.760916 3.90065E-11
 xe  54   0.713393 -1.526607  0.638310 -0.382193 4.72745E-10
 cs  55  -0.490072 -1.570072  0.594845 -0.425658 2.99545E-11
 ba  56   1.425792 -0.754208  1.410709  0.390206 2.55000E-09
 la  57   0.419122 -0.750878  1.414039  0.393536 2.54001E-10
 ce  58   0.919759 -0.660241  1.504676  0.484173 8.11408E-10
 pr  59  -0.101900 -0.861900  1.303017  0.282514 7.76297E-11
 nd  60   0.667375 -0.782625  1.382292  0.361789 4.67146E-10
 pm  61   0.000000 -9.000000  0.000000  0.000000 0.00000E+00
 sm  62  -0.122338 -1.062338  1.102579  0.082076 7.90289E-11
 eu  63  -1.104687 -1.614687  0.550230 -0.470273 8.31851E-12
 gd  64  -0.258003 -1.308003  0.856914 -0.163589 6.04755E-11
 tb  65  -1.175741 -1.495741  0.669176 -0.351327 7.38658E-12
 dy  66  -0.108908 -1.238908  0.926009 -0.094494 8.80923E-11
 ho  67  -1.095098 -1.565099  0.599818 -0.420685 9.22983E-12
 er  68  -0.283207 -1.203207  0.961710 -0.058793 6.06980E-11
 tm  69  -1.223254 -1.343254  0.821663 -0.198840 7.03809E-12
 yb  70   0.054562 -0.865438  1.299479  0.278976 1.36678E-10
 lu  71  -0.889050 -0.979051  1.185866  0.165363 1.57361E-11
 hf  72  -0.041006 -0.751006  1.413911  0.393408 1.13136E-10
 ta  73  -0.998529 -0.878529  1.286388  0.265885 1.26479E-11
  w  74  -0.044856 -0.694856  1.470061  0.449558 1.15498E-10
 re  75  -0.960159 -1.220159  0.944758 -0.075745 1.42177E-11
 os  76  -0.013388 -1.363388  0.801529 -0.218974 1.28494E-10
 ir  77  -0.555624 -1.875624  0.289293 -0.731210 3.72529E-11
 pt  78   0.053063 -1.566937  0.597980 -0.422523 1.53555E-10
 au  79  -0.757111 -1.557111  0.607806 -0.412697 2.40035E-11
 hg  80   0.454393 -0.715607  1.449310  0.428807 3.97828E-10
 tl  81   0.234260 -0.535740  1.629177  0.608674 2.44172E-10
 pb  82   2.438144  0.398144  2.563061  1.542558 3.95846E-08
 bi  83   0.789486  0.139486  2.304403  1.283900 8.96568E-10
 po  84   1.633449 -9.000000  0.000000  0.000000 6.26018E-09
#[ls/Fe]_Bisterzo =   1.2523, [hs/Fe]_Bisterzo =   1.2996
#[hs/ls]_Bisterzo =   0.0473, [Pb/hs]_Bisterzo =   1.2634
#[ls/Fe]_Thiswork =   1.2601, [hs/Fe]_Thiswork =   1.4431
#[hs/ls]_Thiswork =   0.1830, [Pb/hs]_Thiswork =   1.1199
# C/O = 1.7281E+01, c12/c13 = 2.10896E+04, n14/n15 = 8.51415E+02
# o16/o17 = 8.14143E+02, o16/o18 = 2.87652E+04
# mg24/mg25 = 6.2623E+00, mg24/mg26 = 5.3079E+00
#
#  TP   Mass     Mcore    Menv    log L
#  7 1.400020 0.626130 0.773890 3.997280
# El  Z   log e(X)   [X/H]    [X/Fe]     [X/O]      X(i)
  p   1  12.000000  0.000000  0.000000  0.000000 7.00788E-01
 he   2  11.028484  0.098484  2.263401  1.242898 2.97164E-01
 li   3   1.853629 -1.406371  0.758546 -0.261957 3.44490E-10
 be   4   0.000000 -1.300000  0.000000  0.000000 0.00000E+00
  b   5   0.000000 -2.790000  0.000000  0.000000 1.44609E-22
  c   6   8.902464  0.432464  2.597381  1.576878 6.67067E-03
  n   7   6.185029 -1.684971  0.479946 -0.540557 1.49108E-05
  o   8   7.656241 -1.073759  1.091158  0.000000 5.04034E-04
  f   9   4.977987  0.557987  2.722904  1.631746 1.25551E-06
 ne  10   7.632082 -0.337917  1.827000  0.735841 6.01353E-04
 na  11   5.616784 -0.623216  1.541701  0.450543 6.61377E-06
 mg  12   6.120833 -1.519166  0.645751 -0.445408 2.23180E-05
 al  13   4.401133 -2.048867  0.116050 -0.975108 4.72425E-07
 si  14   5.701589 -1.848412  0.316505 -0.774653 9.82210E-06
  p  15   3.564119 -1.845881  0.319036 -0.772122 7.89300E-08
  s  16   5.300819 -1.849181  0.315736 -0.775423 4.45632E-06
 cl  17   2.628009 -2.601991 -0.437074 -1.528233 1.04662E-08
 ar  18   4.533406 -1.906594  0.258323 -0.832835 9.48478E-07
  k  19   2.181835 -2.898165 -0.733248 -1.824406 4.13158E-09
 ca  20   4.422377 -1.867623  0.297294 -0.793864 7.36901E-07
 sc  21   0.430723 -2.619277 -0.454360 -1.545518 8.42631E-11
 ti  22   2.532172 -2.377828 -0.212911 -1.304069 1.13327E-08
  v  23   1.501700 -2.458300 -0.293383 -1.384541 1.12435E-09
 cr  24   3.480882 -2.159118  0.005799 -1.085360 1.09390E-07
 mn  25   2.663895 -2.816105 -0.651188 -1.742347 1.76154E-08
 fe  26   5.375727 -2.164273  0.000000 -1.090515 9.22225E-06
 co  27   2.673827 -2.196173 -0.031899 -1.122414 1.93335E-08
 ni  28   3.746795 -2.453205 -0.288932 -1.379447 2.27776E-07
 cu  29   2.075060 -2.174940 -0.010667 -1.101182 5.25139E-09
 zn  30   2.632249 -1.997751  0.166522 -0.923993 1.94990E-08
 ga  31   1.407697 -1.672303  0.491970 -0.598545 1.23936E-09
 ge  32   1.917058 -1.662942  0.501331 -0.589183 4.17215E-09
 as  33   0.596194 -1.703806  0.460468 -0.630047 2.05556E-10
 se  34   1.916985 -1.423015  0.741258 -0.349257 4.53437E-09
 br  35   1.080326 -1.459674  0.704599 -0.385915 6.68376E-10
 kr  36   2.215639 -1.034361  1.129912  0.039398 9.57192E-09
 rb  37   1.504016 -1.015984  1.148289  0.057775 1.89647E-09
 sr  38   2.015913 -0.864087  1.300186  0.209671 6.31892E-09
  y  39   1.354434 -0.855566  1.308707  0.218193 1.39795E-09
 zr  40   1.659294 -0.870706  1.293567  0.203053 2.89421E-09
 nb  41   0.445159 -0.964841  1.199432  0.108918 1.80023E-10
 mo  42   0.763372 -1.176628  0.987646 -0.102869 3.86810E-10
 tc  43   0.000000 -9.000000  0.000000  0.000000 0.00000E+00
 ru  44   0.446694 -1.313306  0.850968 -0.239547 1.96536E-10
 rh  45  -0.549490 -1.609490  0.554783 -0.535731 2.01872E-11
 pd  46   0.453341 -1.196659  0.967614 -0.122901 2.10131E-10
 ag  47  -0.299820 -1.499820  0.664453 -0.426061 3.76009E-11
 cd  48   0.630357 -1.079643  1.084630 -0.005885 3.33651E-10
 in  49  -0.487486 -1.247486  0.916787 -0.173727 2.59807E-11
 sn  50   1.071392 -0.998608  1.165665  0.075151 9.72758E-10
 sb  51  -0.438491 -1.448491  0.715782 -0.374732 3.08418E-11
 te  52   0.647316 -1.532684  0.631589 -0.458925 3.93815E-10
  i  53  -0.304382 -1.854382  0.309891 -0.780624 4.37743E-11
 xe  54   0.802760 -1.437240  0.727033 -0.363481 5.79600E-10
 cs  55  -0.401875 -1.481876  0.682398 -0.408117 3.66262E-11
 ba  56   1.544073 -0.635927  1.528346  0.437832 3.34160E-09
 la  57   0.540928 -0.629072  1.535201  0.444687 3.35563E-10
 ce  58   1.046109 -0.533891  1.630382  0.539868 1.08324E-09
 pr  59   0.024123 -0.735877  1.428396  0.337882 1.03558E-10
 nd  60   0.793670 -0.656330  1.507943  0.417428 6.23564E-10
 pm  61   0.000000 -9.000000  0.000000  0.000000 0.00000E+00
 sm  62  -0.000237 -0.940237  1.224036  0.133521 1.04477E-10
 eu  63  -1.006296 -1.516296  0.647977 -0.442538 1.04129E-11
 gd  64  -0.139605 -1.189605  0.974669 -0.115846 7.92707E-11
 tb  65  -1.070817 -1.390817  0.773456 -0.317058 9.38645E-12
 dy  66   0.006275 -1.123725  1.040548 -0.049966 1.14618E-10
 ho  67  -0.995179 -1.465179  0.699094 -0.391421 1.15943E-11
 er  68  -0.162564 -1.082564  1.081709 -0.008806 7.99745E-11
 tm  69  -1.109764 -1.229764  0.934509 -0.156006 9.12177E-12
 yb  70   0.179990 -0.740010  1.424263  0.333748 1.82080E-10
 lu  71  -0.769498 -0.859498  1.304775  0.214261 2.06816E-11
 hf  72   0.082352 -0.627648  1.536625  0.446110 1.50000E-10
 ta  73  -0.873977 -0.753977  1.410297  0.319782 1.68152E-11
  w  74   0.084611 -0.565389  1.598884  0.508370 1.55302E-10
 re  75  -0.835701 -1.095701  1.068572 -0.021942 1.88982E-11
 os  76   0.099196 -1.250804  0.913470 -0.177045 1.66189E-10
 ir  77  -0.489230 -1.809230  0.355043 -0.735472 4.33199E-11
 pt  78   0.151869 -1.468131  0.696142 -0.394373 1.92399E-10
 au  79  -0.658175 -1.458175  0.706098 -0.384417 3.00846E-11
 hg  80   0.580462 -0.589538  1.574735  0.484220 5.30759E-10
 tl  81   0.359479 -0.410521  1.753752  0.663238 3.25125E-10
 pb  82   2.537596  0.497596  2.661869  1.571354 4.96720E-08
 bi  83   0.871504  0.221504  2.385777  1.295262 1.08077E-09
 po  84   1.685208 -9.000000  0.000000  0.000000 7.03850E-09
#[ls/Fe]_Bisterzo =   1.3011, [hs/Fe]_Bisterzo =   1.4224
#[hs/ls]_Bisterzo =   0.1213, [Pb/hs]_Bisterzo =   1.2395
#[ls/Fe]_Thiswork =   1.3008, [hs/Fe]_Thiswork =   1.5646
#[hs/ls]_Thiswork =   0.2638, [Pb/hs]_Thiswork =   1.0972
# C/O = 1.7629E+01, c12/c13 = 2.31941E+04, n14/n15 = 8.80063E+02
# o16/o17 = 9.65860E+02, o16/o18 = 3.41705E+04
# mg24/mg25 = 4.3119E+00, mg24/mg26 = 3.6768E+00
#
#  TP   Mass     Mcore    Menv    log L
#  8 1.028470 0.629790 0.398680 4.009920
# El  Z   log e(X)   [X/H]    [X/Fe]     [X/O]      X(i)
  p   1  12.000000  0.000000  0.000000  0.000000 6.96576E-01
 he   2  11.034510  0.104509  2.268783  1.178268 2.99505E-01
 li   3   1.861386 -1.398614  0.765660 -0.324855 3.48591E-10
 be   4   0.000000 -1.300000  0.000000  0.000000 0.00000E+00
  b   5   0.000000 -2.790000  0.000000  0.000000 1.42048E-22
  c   6   8.993417  0.523417  2.687690  1.597175 8.17530E-03
  n   7   6.230434 -1.639566  0.524707 -0.565807 1.64546E-05
  o   8   7.731777 -0.998222  1.166051  0.000000 5.96181E-04
  f   9   5.128645  0.708645  2.872918  1.706867 1.76547E-06
 ne  10   7.766270 -0.203730  1.960544  0.794493 8.14140E-04
 na  11   5.803736 -0.436264  1.728009  0.561958 1.01107E-05
 mg  12   6.233727 -1.406273  0.758000 -0.408051 2.87694E-05
 al  13   4.432209 -2.017791  0.146482 -1.019569 5.04418E-07
 si  14   5.706251 -1.843749  0.320524 -0.845527 9.86845E-06
  p  15   3.613623 -1.796377  0.367896 -0.798155 8.79281E-08
  s  16   5.303514 -1.846487  0.317787 -0.848264 4.45710E-06
 cl  17   2.663034 -2.566966 -0.402692 -1.568743 1.12771E-08
 ar  18   4.535435 -1.904565  0.259708 -0.906343 9.47192E-07
  k  19   2.205013 -2.874987 -0.710713 -1.876764 4.33188E-09
 ca  20   4.424166 -1.865834  0.298439 -0.867612 7.35495E-07
 sc  21   0.482525 -2.567475 -0.403202 -1.569253 9.43670E-11
 ti  22   2.542820 -2.367180 -0.202907 -1.368958 1.15442E-08
  v  23   1.506508 -2.453492 -0.289219 -1.455270 1.13004E-09
 cr  24   3.483469 -2.156531  0.007742 -1.158309 1.09382E-07
 mn  25   2.669061 -2.810939 -0.646666 -1.812717 1.77191E-08
 fe  26   5.377908 -2.162092  0.000000 -1.163870 9.21298E-06
 co  27   2.709096 -2.160904  0.001188 -1.162682 2.08431E-08
 ni  28   3.752544 -2.447455 -0.285363 -1.449233 2.29424E-07
 cu  29   2.098361 -2.151639  0.010453 -1.153417 5.50753E-09
 zn  30   2.639433 -1.990567  0.171525 -0.992345 1.97051E-08
 ga  31   1.422989 -1.657011  0.505081 -0.658789 1.27606E-09
 ge  32   1.933221 -1.646779  0.515313 -0.648557 4.30432E-09
 as  33   0.608539 -1.691461  0.470631 -0.693239 2.10211E-10
 se  34   1.933631 -1.406369  0.755723 -0.408147 4.68323E-09
 br  35   1.096628 -1.443372  0.718720 -0.445149 6.89771E-10
 kr  36   2.233502 -1.016498  1.145595 -0.018275 9.91389E-09
 rb  37   1.522176 -0.997824  1.164268  0.000398 1.96556E-09
 sr  38   2.062787 -0.817213  1.344879  0.181009 6.99678E-09
  y  39   1.412672 -0.797328  1.364764  0.200894 1.58895E-09
 zr  40   1.733470 -0.796530  1.365562  0.201692 3.41261E-09
 nb  41   0.522260 -0.887740  1.274352  0.110482 2.13703E-10
 mo  42   0.843641 -1.096359  1.065733 -0.098136 4.62540E-10
 tc  43   0.000000 -9.000000  0.000000  0.000000 0.00000E+00
 ru  44   0.527687 -1.232313  0.929779 -0.234091 2.35406E-10
 rh  45  -0.481831 -1.541831  0.620262 -0.543608 2.34487E-11
 pd  46   0.537942 -1.112058  1.050034 -0.113836 2.53789E-10
 ag  47  -0.225831 -1.425831  0.736261 -0.427609 4.43169E-11
 cd  48   0.719401 -0.990599  1.171494  0.007624 4.07116E-10
 in  49  -0.400954 -1.160954  1.001138 -0.162732 3.15184E-11
 sn  50   1.168026 -0.901974  1.260118  0.096248 1.20787E-09
 sb  51  -0.343985 -1.353985  0.808108 -0.355762 3.81090E-11
 te  52   0.747603 -1.432397  0.729696 -0.434174 4.93131E-10
  i  53  -0.245049 -1.795048  0.367044 -0.796826 4.98810E-11
 xe  54   0.897581 -1.342419  0.819673 -0.344197 7.16688E-10
 cs  55  -0.308351 -1.388351  0.773742 -0.390128 4.51543E-11
 ba  56   1.660999 -0.519001  1.643091  0.479222 4.34773E-09
 la  57   0.660050 -0.509950  1.652143  0.488273 4.38813E-10
 ce  58   1.168317 -0.411683  1.750409  0.586539 1.42663E-09
 pr  59   0.146024 -0.613976  1.548116  0.384246 1.36291E-10
 nd  60   0.915695 -0.534305  1.627787  0.463917 8.20896E-10
 pm  61   0.000000 -9.000000  0.000000  0.000000 0.00000E+00
 sm  62   0.119038 -0.820962  1.341130  0.177260 1.36671E-10
 eu  63  -0.905492 -1.415492  0.746600 -0.417269 1.30544E-11
 gd  64  -0.023313 -1.073313  1.088780 -0.075090 1.02988E-10
 tb  65  -0.964778 -1.284778  0.877314 -0.286556 1.19103E-11
 dy  66   0.120387 -1.009613  1.152479 -0.011391 1.48166E-10
 ho  67  -0.892725 -1.362725  0.799367 -0.364503 1.45909E-11
 er  68  -0.044026 -0.964026  1.198066  0.034196 1.04441E-10
 tm  69  -0.996280 -1.116280  1.045812 -0.118057 1.17746E-11
 yb  70   0.301629 -0.618371  1.543721  0.379851 2.39488E-10
 lu  71  -0.652249 -0.742249  1.419843  0.255973 2.69287E-11
 hf  72   0.202817 -0.507183  1.654909  0.491039 1.96761E-10
 ta  73  -0.752500 -0.632500  1.529593  0.365723 2.21086E-11
  w  74   0.209143 -0.440857  1.721235  0.557365 2.05632E-10
 re  75  -0.714556 -0.974556  1.187536  0.023667 2.48284E-11
 os  76   0.211027 -1.138973  1.023119 -0.140751 2.13705E-10
 ir  77  -0.415780 -1.735780  0.426312 -0.737558 5.09941E-11
 pt  78   0.253277 -1.366723  0.795369 -0.368501 2.41542E-10
 au  79  -0.556525 -1.356525  0.805567 -0.358303 3.77900E-11
 hg  80   0.702172 -0.467828  1.694265  0.530395 6.98215E-10
 tl  81   0.480389 -0.289611  1.872481  0.708611 4.26915E-10
 pb  82   2.638993  0.598993  2.761086  1.597216 6.23578E-08
 bi  83   0.960124  0.310124  2.472216  1.308346 1.31746E-09
 po  84   1.747209 -9.000000  0.000000  0.000000 8.06979E-09
#[ls/Fe]_Bisterzo =   1.3652, [hs/Fe]_Bisterzo =   1.5404
#[hs/ls]_Bisterzo =   0.1752, [Pb/hs]_Bisterzo =   1.2207
#[ls/Fe]_Thiswork =   1.3584, [hs/Fe]_Thiswork =   1.6819
#[hs/ls]_Thiswork =   0.3235, [Pb/hs]_Thiswork =   1.0792
# C/O = 1.8266E+01, c12/c13 = 2.54285E+04, n14/n15 = 8.88018E+02
# o16/o17 = 1.13114E+03, o16/o18 = 3.98623E+04
# mg24/mg25 = 3.2518E+00, mg24/mg26 = 2.7747E+00
#
#  TP   Mass     Mcore    Menv    log L
#  9 1.028470 0.629790 0.398680 4.009920
# El  Z   log e(X)   [X/H]    [X/Fe]     [X/O]      X(i)
  p   1  12.000000  0.000000  0.000000  0.000000 6.96576E-01
 he   2  11.034510  0.104509  2.266602  1.102732 2.99505E-01
 li   3   1.861386 -1.398614  0.763479 -0.400391 3.48591E-10
 be   4   0.000000 -1.300000  0.000000  0.000000 0.00000E+00
  b   5   0.000000 -2.790000  0.000000  0.000000 1.42048E-22
  c   6   8.993417  0.523417  2.685509  1.521639 8.17530E-03
  n   7   6.230434 -1.639566  0.522526 -0.641344 1.64546E-05
  o   8   7.731777 -0.998222  1.163870  0.000000 5.96181E-04
  f   9   5.128645  0.708645  2.870737  1.706867 1.76547E-06
 ne  10   7.766270 -0.203730  1.958363  0.794493 8.14140E-04
 na  11   5.803736 -0.436264  1.725828  0.561958 1.01107E-05
 mg  12   6.233727 -1.406273  0.755819 -0.408051 2.87694E-05
 al  13   4.432209 -2.017791  0.144301 -1.019569 5.04418E-07
 si  14   5.706251 -1.843749  0.318343 -0.845527 9.86845E-06
  p  15   3.613623 -1.796377  0.365715 -0.798155 8.79281E-08
  s  16   5.303514 -1.846487  0.315606 -0.848264 4.45710E-06
 cl  17   2.663034 -2.566966 -0.404873 -1.568743 1.12771E-08
 ar  18   4.535435 -1.904565  0.257527 -0.906343 9.47192E-07
  k  19   2.205013 -2.874987 -0.712894 -1.876764 4.33188E-09
 ca  20   4.424166 -1.865834  0.296258 -0.867612 7.35495E-07
 sc  21   0.482525 -2.567475 -0.405383 -1.569253 9.43670E-11
 ti  22   2.542820 -2.367180 -0.205088 -1.368958 1.15442E-08
  v  23   1.506508 -2.453492 -0.291400 -1.455270 1.13004E-09
 cr  24   3.483469 -2.156531  0.005561 -1.158309 1.09382E-07
 mn  25   2.669061 -2.810939 -0.648847 -1.812717 1.77191E-08
 fe  26   5.377908 -2.162092  0.000000 -1.163870 9.21298E-06
 co  27   2.709096 -2.160904  0.001188 -1.162682 2.08431E-08
 ni  28   3.752544 -2.447455 -0.285363 -1.449233 2.29424E-07
 cu  29   2.098361 -2.151639  0.010453 -1.153417 5.50753E-09
 zn  30   2.639433 -1.990567  0.171525 -0.992345 1.97051E-08
 ga  31   1.422989 -1.657011  0.505081 -0.658789 1.27606E-09
 ge  32   1.933221 -1.646779  0.515313 -0.648557 4.30432E-09
 as  33   0.608539 -1.691461  0.470631 -0.693239 2.10211E-10
 se  34   1.933631 -1.406369  0.755723 -0.408147 4.68323E-09
 br  35   1.096628 -1.443372  0.718720 -0.445149 6.89771E-10
 kr  36   2.233502 -1.016498  1.145595 -0.018275 9.91389E-09
 rb  37   1.522176 -0.997824  1.164268  0.000398 1.96556E-09
 sr  38   2.062787 -0.817213  1.344879  0.181009 6.99678E-09
  y  39   1.412672 -0.797328  1.364764  0.200894 1.58895E-09
 zr  40   1.733470 -0.796530  1.365562  0.201692 3.41261E-09
 nb  41   0.522260 -0.887740  1.274352  0.110482 2.13703E-10
 mo  42   0.843641 -1.096359  1.065733 -0.098136 4.62540E-10
 tc  43   0.000000 -9.000000  0.000000  0.000000 0.00000E+00
 ru  44   0.527687 -1.232313  0.929779 -0.234091 2.35406E-10
 rh  45  -0.481831 -1.541831  0.620262 -0.543608 2.34487E-11
 pd  46   0.537942 -1.112058  1.050034 -0.113836 2.53789E-10
 ag  47  -0.225831 -1.425831  0.736261 -0.427609 4.43169E-11
 cd  48   0.719401 -0.990599  1.171494  0.007624 4.07116E-10
 in  49  -0.400954 -1.160954  1.001138 -0.162732 3.15184E-11
 sn  50   1.168026 -0.901974  1.260118  0.096248 1.20787E-09
 sb  51  -0.343985 -1.353985  0.808108 -0.355762 3.81090E-11
 te  52   0.747603 -1.432397  0.729696 -0.434174 4.93131E-10
  i  53  -0.245049 -1.795048  0.367044 -0.796826 4.98810E-11
 xe  54   0.897581 -1.342419  0.819673 -0.344197 7.16688E-10
 cs  55  -0.308351 -1.388351  0.773742 -0.390128 4.51543E-11
 ba  56   1.660999 -0.519001  1.643091  0.479222 4.34773E-09
 la  57   0.660050 -0.509950  1.652143  0.488273 4.38813E-10
 ce  58   1.168317 -0.411683  1.750409  0.586539 1.42663E-09
 pr  59   0.146024 -0.613976  1.548116  0.384246 1.36291E-10
 nd  60   0.915695 -0.534305  1.627787  0.463917 8.20896E-10
 pm  61   0.000000 -9.000000  0.000000  0.000000 0.00000E+00
 sm  62   0.119038 -0.820962  1.341130  0.177260 1.36671E-10
 eu  63  -0.905492 -1.415492  0.746600 -0.417269 1.30544E-11
 gd  64  -0.023313 -1.073313  1.088780 -0.075090 1.02988E-10
 tb  65  -0.964778 -1.284778  0.877314 -0.286556 1.19103E-11
 dy  66   0.120387 -1.009613  1.152479 -0.011391 1.48166E-10
 ho  67  -0.892725 -1.362725  0.799367 -0.364503 1.45909E-11
 er  68  -0.044026 -0.964026  1.198066  0.034196 1.04441E-10
 tm  69  -0.996280 -1.116280  1.045812 -0.118057 1.17746E-11
 yb  70   0.301629 -0.618371  1.543721  0.379851 2.39488E-10
 lu  71  -0.652249 -0.742249  1.419843  0.255973 2.69287E-11
 hf  72   0.202817 -0.507183  1.654909  0.491039 1.96761E-10
 ta  73  -0.752500 -0.632500  1.529593  0.365723 2.21086E-11
  w  74   0.209143 -0.440857  1.721235  0.557365 2.05632E-10
 re  75  -0.714556 -0.974556  1.187536  0.023667 2.48284E-11
 os  76   0.211027 -1.138973  1.023119 -0.140751 2.13705E-10
 ir  77  -0.415780 -1.735780  0.426312 -0.737558 5.09941E-11
 pt  78   0.253277 -1.366723  0.795369 -0.368501 2.41542E-10
 au  79  -0.556525 -1.356525  0.805567 -0.358303 3.77900E-11
 hg  80   0.702172 -0.467828  1.694265  0.530395 6.98215E-10
 tl  81   0.480389 -0.289611  1.872481  0.708611 4.26915E-10
 pb  82   2.638993  0.598993  2.761086  1.597216 6.23578E-08
 bi  83   0.960124  0.310124  2.472216  1.308346 1.31746E-09
 po  84   1.747209 -9.000000  0.000000  0.000000 8.06979E-09
#[ls/Fe]_Bisterzo =   1.3652, [hs/Fe]_Bisterzo =   1.5404
#[hs/ls]_Bisterzo =   0.1752, [Pb/hs]_Bisterzo =   1.2207
#[ls/Fe]_Thiswork =   1.3584, [hs/Fe]_Thiswork =   1.6819
#[hs/ls]_Thiswork =   0.3235, [Pb/hs]_Thiswork =   1.0792
# C/O = 1.8266E+01, c12/c13 = 2.54285E+04, n14/n15 = 8.88018E+02
# o16/o17 = 1.13114E+03, o16/o18 = 3.98623E+04
# mg24/mg25 = 3.2518E+00, mg24/mg26 = 2.7747E+00
#
# Final abundances
# El  Z   log e(X)   [X/H]    [X/Fe]     [X/O]      X(i)
  p   1  12.000000  0.000000  0.000000  0.000000 6.96388E-01
 he   2  11.034895  0.104895  2.266870  1.103076 2.99689E-01
 li   3   1.865675 -1.394325  0.767650 -0.396143 3.51956E-10
 be   4   0.547889 -0.752111  1.409864  0.246071 2.19837E-11
  b   5   0.000000 -2.790000  0.000000  0.000000 1.41767E-22
  c   6   8.993381  0.523380  2.685356  1.521562 8.17242E-03
  n   7   6.347986 -1.522014  0.639962 -0.523832 2.15636E-05
  o   8   7.731818 -0.998182  1.163794  0.000000 5.96076E-04
  f   9   5.128705  0.708704  2.870680  1.706886 1.76524E-06
 ne  10   7.766427 -0.203573  1.958403  0.794609 8.14215E-04
 na  11   5.810217 -0.429783  1.732193  0.568399 1.02600E-05
 mg  12   6.234064 -1.405936  0.756039 -0.407754 2.87839E-05
 al  13   4.433808 -2.016192  0.145783 -1.018010 5.06142E-07
 si  14   5.706371 -1.843629  0.318346 -0.845448 9.86850E-06
  p  15   3.613784 -1.796216  0.365759 -0.798034 8.79371E-08
  s  16   5.303631 -1.846369  0.315606 -0.848187 4.45711E-06
 cl  17   2.663175 -2.566825 -0.404850 -1.568644 1.12777E-08
 ar  18   4.535552 -1.904449  0.257527 -0.906267 9.47191E-07
  k  19   2.205148 -2.874852 -0.712877 -1.876670 4.33205E-09
 ca  20   4.424282 -1.865718  0.296257 -0.867536 7.35494E-07
 sc  21   0.482684 -2.567316 -0.405340 -1.569134 9.43762E-11
 ti  22   2.542945 -2.367055 -0.205080 -1.368873 1.15444E-08
  v  23   1.506626 -2.453374 -0.291399 -1.455192 1.13004E-09
 cr  24   3.483585 -2.156415  0.005561 -1.158233 1.09382E-07
 mn  25   2.669180 -2.810820 -0.648845 -1.812638 1.77192E-08
 fe  26   5.378025 -2.161975  0.000000 -1.163794 9.21297E-06
 co  27   2.709235 -2.160765  0.001211 -1.162583 2.08442E-08
 ni  28   3.752664 -2.447336 -0.285361 -1.449154 2.29425E-07
 cu  29   2.098495 -2.151505  0.010471 -1.153323 5.50776E-09
 zn  30   2.639557 -1.990443  0.171532 -0.992261 1.97054E-08
 ga  31   1.423123 -1.656877  0.505099 -0.658695 1.27612E-09
 ge  32   1.933358 -1.646642  0.515334 -0.648460 4.30453E-09
 as  33   0.608670 -1.691330  0.470646 -0.693148 2.10218E-10
 se  34   1.933767 -1.406233  0.755743 -0.408051 4.68345E-09
 br  35   1.096766 -1.443234  0.718741 -0.445053 6.89802E-10
 kr  36   2.233641 -1.016359  1.145616 -0.018178 9.91436E-09
 rb  37   1.522311 -0.997689  1.164287  0.000493 1.96565E-09
 sr  38   2.062948 -0.817052  1.344923  0.181130 6.99750E-09
  y  39   1.412839 -0.797161  1.364814  0.201021 1.58914E-09
 zr  40   1.733649 -0.796351  1.365625  0.201831 3.41310E-09
 nb  41   0.522440 -0.887560  1.274415  0.110622 2.13735E-10
 mo  42   0.843825 -1.096175  1.065801 -0.097993 4.62610E-10
 tc  43   0.000000 -9.000000  0.000000  0.000000 0.00000E+00
 ru  44   0.527881 -1.232119  0.929856 -0.233938 2.35448E-10
 rh  45  -0.481653 -1.541653  0.620322 -0.543471 2.34519E-11
 pd  46   0.538135 -1.111865  1.050110 -0.113684 2.53833E-10
 ag  47  -0.225650 -1.425650  0.736326 -0.427468 4.43235E-11
 cd  48   0.719595 -0.990405  1.171570  0.007777 4.07188E-10
 in  49  -0.400765 -1.160765  1.001210 -0.162584 3.15236E-11
 sn  50   1.168222 -0.901778  1.260198  0.096404 1.20809E-09
 sb  51  -0.343791 -1.353791  0.808184 -0.355609 3.81158E-11
 te  52   0.747805 -1.432195  0.729780 -0.434014 4.93226E-10
  i  53  -0.244882 -1.794882  0.367094 -0.796700 4.98868E-11
 xe  54   0.897778 -1.342222  0.819753 -0.344041 7.16820E-10
 cs  55  -0.308125 -1.388125  0.773851 -0.389943 4.51656E-11
 ba  56   1.661209 -0.518791  1.643184  0.479391 4.34867E-09
 la  57   0.660263 -0.509737  1.652238  0.488445 4.38909E-10
 ce  58   1.168533 -0.411467  1.750509  0.586715 1.42696E-09
 pr  59   0.146242 -0.613758  1.548218  0.384424 1.36323E-10
 nd  60   0.915913 -0.534087  1.627888  0.464094 8.21087E-10
 pm  61   0.000000 -9.000000  0.000000  0.000000 8.47207E-36
 sm  62   0.119235 -0.820765  1.341210  0.177417 1.36697E-10
 eu  63  -0.905301 -1.415301  0.746674 -0.417119 1.30566E-11
 gd  64  -0.023107 -1.073107  1.088869 -0.074925 1.03009E-10
 tb  65  -0.964576 -1.284576  0.877400 -0.286394 1.19126E-11
 dy  66   0.120598 -1.009402  1.152573 -0.011220 1.48198E-10
 ho  67  -0.892518 -1.362518  0.799457 -0.364336 1.45939E-11
 er  68  -0.043779 -0.963779  1.198196  0.034402 1.04472E-10
 tm  69  -0.995991 -1.115991  1.045985 -0.117809 1.17792E-11
 yb  70   0.301824 -0.618176  1.543799  0.380005 2.39531E-10
 lu  71  -0.652046 -0.742046  1.419929  0.256136 2.69340E-11
 hf  72   0.203037 -0.506963  1.655013  0.491219 1.96808E-10
 ta  73  -0.752276 -0.632276  1.529699  0.365905 2.21140E-11
  w  74   0.209379 -0.440621  1.721355  0.557561 2.05688E-10
 re  75  -0.714252 -0.974252  1.187723  0.023929 2.48390E-11
 os  76   0.211220 -1.138780  1.023195 -0.140598 2.13742E-10
 ir  77  -0.415604 -1.735604  0.426372 -0.737422 5.10011E-11
 pt  78   0.253463 -1.366537  0.795438 -0.368355 2.41581E-10
 au  79  -0.556321 -1.356321  0.805654 -0.358139 3.77975E-11
 hg  80   0.702389 -0.467611  1.694364  0.530571 6.98375E-10
 tl  81   0.480596 -0.289404  1.872571  0.708777 4.27004E-10
 pb  82   2.639193  0.599193  2.761168  1.597374 6.23697E-08
 bi  83   0.960305  0.310305  2.472281  1.308487 1.31765E-09
 po  84   1.747375 -9.000000  0.000000  0.000000 8.07072E-09
#[ls/Fe]_Bisterzo =   1.3652, [hs/Fe]_Bisterzo =   1.5404
#[hs/ls]_Bisterzo =   0.1752, [Pb/hs]_Bisterzo =   1.2207
#[ls/Fe]_Thiswork =   1.3585, [hs/Fe]_Thiswork =   1.6820
#[hs/ls]_Thiswork =   0.3235, [Pb/hs]_Thiswork =   1.0792
# C/O = 1.8263E+01, c12/c13 = 1.90813E+04, n14/n15 = 1.15755E+03
# o16/o17 = 1.13120E+03, o16/o18 = 3.97425E+04
# mg24/mg25 = 3.2541E+00, mg24/mg26 = 2.7755E+00
