# Initial mass = 1.700, Z =  0.0006, Y =  0.240, M_mix = 2.00E-03
# Final mass = 0.662, Mass expelled =   1.0380
  species    A      yield       mass(i)_lost    mass(i)_0        <X(i)>          X0(i)   log10(<X(i)>/X0(i)) 
      n      1   0.0000000E+00  0.0000000E+00  0.0000000E+00  0.0000000E+00  0.0000000E+00  0.0000000E+00
      p      1  -5.5650532E-02  7.3212326E-01  7.8777379E-01  7.0532095E-01  7.5899678E-01 -3.1853139E-02
      d      2  -1.8410224E-06  1.8573678E-07  2.0267591E-06  1.7893716E-07  1.9527226E-06 -1.0379400E+00
    he3      3   1.9558088E-04  2.0847241E-04  1.2891523E-05  2.0084046E-04  1.2420602E-05  1.2087086E+00
    he4      4   6.0601175E-02  3.0956841E-01  2.4896723E-01  2.9823542E-01  2.3987257E-01  9.4578624E-02
    li7      7  -8.1708856E-10  6.0812017E-10  1.4252087E-09  5.8585753E-10  1.3731466E-09 -3.6992490E-01
    be7      7   5.0186423E-13  5.0186423E-13  0.0000000E+00  4.8349150E-13  0.0000000E+00  0.0000000E+00
     b8      8   1.3100175E-27  1.3100175E-27  0.0000000E+00  1.2620592E-27  0.0000000E+00  0.0000000E+00
    c12     12   1.3146420E-02  1.3252983E-02  1.0656295E-04  1.2767805E-02  1.0267026E-04  2.0946715E+00
    c13     13   2.2870183E-06  3.5777639E-06  1.2907456E-06  3.4467857E-06  1.2435953E-06  4.4273522E-01
    c14     14   2.3702833E-09  2.3702833E-09  0.0000000E+00  2.2835096E-09  0.0000000E+00  0.0000000E+00
    n13     13   0.0000000E+00  0.0000000E+00  0.0000000E+00  0.0000000E+00  0.0000000E+00  0.0000000E+00
    n14     14   8.3997758E-05  1.1548962E-04  3.1491865E-05  1.1126167E-04  3.0341484E-05  5.6430876E-01
    n15     15   2.8594613E-08  1.0397566E-07  7.5381045E-08  1.0016922E-07  7.2627415E-08  1.3963370E-01
    o14     14   0.0000000E+00  0.0000000E+00  0.0000000E+00  0.0000000E+00  0.0000000E+00  0.0000000E+00
    o15     15   0.0000000E+00  0.0000000E+00  0.0000000E+00  0.0000000E+00  0.0000000E+00  0.0000000E+00
    o16     16   3.8857182E-04  1.0403348E-03  6.5176300E-04  1.0022492E-03  6.2795443E-04  2.0304757E-01
    o17     17   6.1390274E-06  6.2442600E-06  1.0523264E-07  6.0156640E-06  1.0138854E-07  1.7732947E+00
    o18     18  -1.9991424E-07  3.8806920E-07  5.8798344E-07  3.7386238E-07  5.6650470E-07 -1.8049175E-01
    o19     19   0.0000000E+00  0.0000000E+00  0.0000000E+00  0.0000000E+00  0.0000000E+00  0.0000000E+00
    f17     17   0.0000000E+00  0.0000000E+00  0.0000000E+00  0.0000000E+00  0.0000000E+00  0.0000000E+00
    f18     18   0.0000000E+00  0.0000000E+00  0.0000000E+00  0.0000000E+00  0.0000000E+00  0.0000000E+00
    f19     19   2.3589578E-06  2.3741572E-06  1.5199491E-08  2.2872418E-06  1.4644261E-08  2.1936445E+00
    f20     20   0.0000000E+00  0.0000000E+00  0.0000000E+00  0.0000000E+00  0.0000000E+00  0.0000000E+00
   ne19     19   0.0000000E+00  0.0000000E+00  0.0000000E+00  0.0000000E+00  0.0000000E+00  0.0000000E+00
   ne20     20   1.3341923E-05  1.4524476E-04  1.3190284E-04  1.3992751E-04  1.2708448E-04  4.1810576E-02
   ne21     21   7.2479247E-07  8.5759160E-07  1.3279912E-07  8.2619607E-07  1.2794803E-07  8.1004953E-01
   ne22     22   1.0782426E-03  1.0825100E-03  4.2674392E-06  1.0428805E-03  4.1115518E-06  2.4042287E+00
   ne23     23   0.0000000E+00  0.0000000E+00  0.0000000E+00  0.0000000E+00  0.0000000E+00  0.0000000E+00
   na21     21   0.0000000E+00  0.0000000E+00  0.0000000E+00  0.0000000E+00  0.0000000E+00  0.0000000E+00
   na22     22   1.7729658E-27  1.7729658E-27  0.0000000E+00  1.7080593E-27  0.0000000E+00  0.0000000E+00
   na23     23   1.1301474E-05  1.2517061E-05  1.2155866E-06  1.2058825E-05  1.1711818E-06  1.0126806E+00
   na24     24   0.0000000E+00  0.0000000E+00  0.0000000E+00  0.0000000E+00  0.0000000E+00  0.0000000E+00
   mg23     23   0.0000000E+00  0.0000000E+00  0.0000000E+00  0.0000000E+00  0.0000000E+00  0.0000000E+00
   mg24     24   1.0685239E-05  7.4737538E-05  6.4052299E-05  7.2001472E-05  6.1712497E-05  6.6968247E-02
   mg25     25   3.8994613E-06  7.2184021E-06  3.3189406E-06  6.9541438E-06  3.1977013E-06  3.3740580E-01
   mg26     26   2.6944865E-06  6.4948717E-06  3.8003852E-06  6.2571012E-06  3.6615588E-06  2.3270717E-01
   mg27     27   0.0000000E+00  0.0000000E+00  0.0000000E+00  0.0000000E+00  0.0000000E+00  0.0000000E+00
   al25     25   0.0000000E+00  0.0000000E+00  0.0000000E+00  0.0000000E+00  0.0000000E+00  0.0000000E+00
   al-6     26   0.0000000E+00  0.0000000E+00  0.0000000E+00  0.0000000E+00  0.0000000E+00  0.0000000E+00
   al*6     26   0.0000000E+00  0.0000000E+00  0.0000000E+00  0.0000000E+00  0.0000000E+00  0.0000000E+00
   al27     27   6.6211533E-07  2.9764274E-06  2.3143120E-06  2.8674635E-06  2.2297716E-06  1.0923754E-01
   al28     28   0.0000000E+00  0.0000000E+00  0.0000000E+00  0.0000000E+00  0.0000000E+00  0.0000000E+00
   si27     27   0.0000000E+00  0.0000000E+00  0.0000000E+00  0.0000000E+00  0.0000000E+00  0.0000000E+00
   si28     28   1.4408142E-06  7.1151633E-05  6.9710819E-05  6.8546848E-05  6.7164321E-05  8.8488515E-03
   si29     29   1.2954115E-07  1.5950908E-06  1.4655496E-06  1.5366962E-06  1.4120138E-06  3.6749054E-02
   si30     30   1.2269845E-07  1.1221276E-06  9.9942918E-07  1.0810477E-06  9.6292047E-07  5.0254446E-02
    p31     31   1.9935777E-07  4.4170250E-07  2.4234473E-07  4.2553222E-07  2.3349197E-07  2.6066050E-01
    p32     32   7.5235528E-30  7.5235528E-30  0.0000000E+00  7.2481230E-30  0.0000000E+00  0.0000000E+00
    p33     33   3.3619779E-29  3.3619779E-29  0.0000000E+00  3.2388993E-29  0.0000000E+00  0.0000000E+00
    s32     32   1.9752952E-07  1.3551467E-05  1.3353938E-05  1.3055363E-05  1.2866125E-05  6.3411538E-03
    s33     33   8.2310763E-09  1.1848459E-07  1.1025352E-07  1.1414699E-07  1.0622601E-07  3.1233579E-02
    s34     34   3.7739142E-08  6.7895417E-07  6.4121502E-07  6.5409836E-07  6.1779178E-07  2.4800919E-02
    s35     35   2.0395322E-24  2.0395322E-24  0.0000000E+00  1.9648671E-24  0.0000000E+00  0.0000000E+00
    s36     36   5.4703184E-09  8.6355385E-09  3.1652201E-09  8.3194003E-09  3.0495961E-09  4.3584973E-01
   cl35     35  -6.9391604E-11  1.3692110E-07  1.3699049E-07  1.3190856E-07  1.3198628E-07 -2.5580282E-04
   cl36     36   1.9570194E-10  1.9570194E-10  0.0000000E+00  1.8853749E-10  0.0000000E+00  0.0000000E+00
   cl37     37   2.5322716E-08  7.1607346E-08  4.6284629E-08  6.8985877E-08  4.4593872E-08  1.8948501E-01
   ar36     36  -6.1620540E-09  2.5448060E-06  2.5509680E-06  2.4516432E-06  2.4577823E-06 -1.0861343E-03
   ar37     37   6.5366734E-24  6.5366734E-24  0.0000000E+00  6.2973725E-24  0.0000000E+00  0.0000000E+00
   ar38     38   2.7665976E-08  5.1724425E-07  4.8957827E-07  4.9830845E-07  4.7169422E-07  2.3837680E-02
   ar39     39   9.2759318E-13  9.2759318E-13  0.0000000E+00  8.9363494E-13  0.0000000E+00  0.0000000E+00
   ar40     40   4.4554129E-09  5.2796607E-09  8.2424756E-10  5.0863780E-09  7.9413814E-10  8.0651259E-01
    k39     39   5.4964318E-09  1.3830601E-07  1.3280957E-07  1.3324276E-07  1.2795810E-07  1.7575843E-02
    k40     40   1.0840231E-09  1.1055239E-09  2.1500796E-11  1.0650518E-09  2.0715383E-11  1.7110778E+00
    k41     41   3.0816940E-09  1.3157501E-08  1.0075807E-08  1.2675819E-08  9.7077431E-09  1.1585774E-01
   ca40     40   1.5643309E-10  2.2996178E-06  2.2994614E-06  2.2154311E-06  2.2154629E-06 -6.2385629E-06
   ca41     41   2.4194169E-10  2.4194169E-10  0.0000000E+00  2.3308447E-10  0.0000000E+00  0.0000000E+00
   ca42     42   2.8854128E-09  1.8999941E-08  1.6114528E-08  1.8304373E-08  1.5525872E-08  7.1498841E-02
   ca43     43   6.2399153E-10  4.0663739E-09  3.4423824E-09  3.9175081E-09  3.3166341E-09  7.2312362E-02
   ca44     44   3.1350602E-09  5.7564606E-08  5.4429545E-08  5.5457225E-08  5.2441262E-08  2.4284979E-02
   ca45     45   9.4057966E-25  9.4057966E-25  0.0000000E+00  9.0614598E-25  0.0000000E+00  0.0000000E+00
   ca46     46   2.1997453E-09  2.3088609E-09  1.0911553E-10  2.2243358E-09  1.0512959E-10  1.3254753E+00
   ca47     47   7.5144412E-35  7.5144412E-35  0.0000000E+00  7.2393451E-35  0.0000000E+00  0.0000000E+00
   ca48     48   6.8430595E-11  5.3913500E-09  5.3229194E-09  5.1939781E-09  5.1284754E-09  5.5118240E-03
   sc45     45   6.3683636E-10  2.1724289E-09  1.5355925E-09  2.0928985E-09  1.4794981E-09  1.5063377E-01
   sc46     46   9.5913524E-26  9.5913524E-26  0.0000000E+00  9.2402230E-26  0.0000000E+00  0.0000000E+00
   sc47     47   2.0752134E-34  2.0752134E-34  0.0000000E+00  1.9992420E-34  0.0000000E+00  0.0000000E+00
   sc48     48   1.2478766E-32  9.8098549E-31  9.6850672E-31  9.4507263E-31  9.3312754E-31  0.0000000E+00
   ti46     46   4.7735416E-10  9.8590451E-09  9.3816910E-09  9.4981161E-09  9.0389820E-09  2.1517932E-02
   ti47     47   2.0461588E-10  8.8490690E-09  8.6444532E-09  8.5251139E-09  8.3286755E-09  1.0124251E-02
   ti48     48  -7.6759221E-10  8.6709534E-08  8.7477126E-08  8.3535191E-08  8.4281623E-08 -3.8634259E-03
   ti49     49   2.5356521E-09  9.0889634E-09  6.5533112E-09  8.7562260E-09  6.3139218E-09  1.4201778E-01
   ti50     50   9.1380024E-09  1.5540817E-08  6.4028143E-09  1.4971883E-08  6.1689232E-09  3.8506705E-01
    v51     51   8.1167961E-11  1.4191921E-08  1.4110753E-08  1.3672369E-08  1.3595295E-08  2.4551651E-03
   cr52     52   2.0433504E-09  5.8048386E-07  5.7844051E-07  5.5923294E-07  5.5731039E-07  1.4955981E-03
   cr53     53   2.7110758E-10  6.7122713E-08  6.6851605E-08  6.4665421E-08  6.4409548E-08  1.7218819E-03
   cr54     54   7.0283850E-09  2.3983127E-08  1.6954742E-08  2.3105128E-08  1.6335393E-08  1.5057880E-01
   mn55     55   2.6586235E-08  5.3175108E-07  5.0516485E-07  5.1228420E-07  4.8671143E-07  2.2239424E-02
   fe54     54  -6.2861318E-08  3.2657060E-06  3.3285673E-06  3.1461518E-06  3.2069763E-06 -8.3160810E-03
   fe55     55   6.3379367E-20  6.3379367E-20  0.0000000E+00  6.1059112E-20  0.0000000E+00  0.0000000E+00
   fe56     56  -5.6668796E-08  5.4127235E-05  5.4183904E-05  5.2145693E-05  5.2204588E-05 -4.9022026E-04
   fe57     57   2.7832073E-07  1.5520221E-06  1.2737014E-06  1.4952042E-06  1.2271737E-06  8.5794479E-02
   fe58     58   3.1940485E-07  4.9188702E-07  1.7248217E-07  4.7387954E-07  1.6618148E-07  4.5508534E-01
   fe59     59   2.6515648E-24  2.6515648E-24  0.0000000E+00  2.5544937E-24  0.0000000E+00  0.0000000E+00
   fe60     60   1.5055384E-08  1.5055384E-08  0.0000000E+00  1.4504223E-08  0.0000000E+00  0.0000000E+00
   co59     59   7.0799658E-08  2.0381894E-07  1.3301928E-07  1.9635735E-07  1.2816015E-07  1.8529414E-01
   co60     60   3.0338681E-14  3.0338681E-14  0.0000000E+00  2.9228014E-14  0.0000000E+00  0.0000000E+00
   ni58     58  -3.7094765E-08  1.8661343E-06  1.9032291E-06  1.7978170E-06  1.8337051E-06 -8.5840132E-03
   ni59     59   1.5394106E-09  1.5394106E-09  0.0000000E+00  1.4830543E-09  0.0000000E+00  0.0000000E+00
   ni60     60   4.6876721E-08  8.0528065E-07  7.5840393E-07  7.7580017E-07  7.3069981E-07  2.6010882E-02
   ni61     61   2.6376568E-08  5.9894276E-08  3.3517708E-08  5.7701609E-08  3.2293322E-08  2.5207520E-01
   ni62     62   8.0917225E-08  1.8953499E-07  1.0861776E-07  1.8259631E-07  1.0465001E-07  2.4175274E-01
   ni63     63   7.8019308E-13  7.8019308E-13  0.0000000E+00  7.5163102E-13  0.0000000E+00  0.0000000E+00
   ni64     64   6.4558421E-08  9.3111979E-08  2.8553554E-08  8.9703242E-08  2.7510506E-08  5.1330960E-01
   cu63     63   1.8836515E-08  4.2404697E-08  2.3568182E-08  4.0852306E-08  2.2707249E-08  2.5505206E-01
   cu64     64   0.0000000E+00  0.0000000E+00  0.0000000E+00  0.0000000E+00  0.0000000E+00  0.0000000E+00
   cu65     65   1.6575882E-08  2.7414089E-08  1.0838207E-08  2.6410488E-08  1.0442293E-08  4.0298051E-01
   zn64     64   2.0918094E-09  4.2470973E-08  4.0379163E-08  4.0916156E-08  3.8904133E-08  2.1899061E-02
   zn65     65   8.3865545E-23  8.3865545E-23  0.0000000E+00  8.0795317E-23  0.0000000E+00  0.0000000E+00
   zn66     66   1.7236504E-08  4.1126476E-08  2.3889973E-08  3.9620879E-08  2.3017284E-08  2.3587002E-01
   zn67     67   3.8222012E-09  7.3860553E-09  3.5638539E-09  7.1156596E-09  3.4336680E-09  3.1645685E-01
   zn68     68   2.2200963E-08  3.8742478E-08  1.6541515E-08  3.7324156E-08  1.5937262E-08  3.6957628E-01
   zn69     69   0.0000000E+00  0.0000000E+00  0.0000000E+00  0.0000000E+00  0.0000000E+00  0.0000000E+00
   zn70     70   8.6932461E-11  6.4999256E-10  5.6306010E-10  6.2619698E-10  5.4249183E-10  6.2317792E-02
   ga69     69   3.3466736E-09  4.8631841E-09  1.5165105E-09  4.6851478E-09  1.4611130E-09  5.0603950E-01
   ga70     70   0.0000000E+00  0.0000000E+00  0.0000000E+00  0.0000000E+00  0.0000000E+00  0.0000000E+00
   ga71     71   3.5503707E-09  4.5860173E-09  1.0356468E-09  4.4181281E-09  9.9781505E-10  6.4618826E-01
   ge70     70   5.6347043E-09  7.3215025E-09  1.6867985E-09  7.0534698E-09  1.6251807E-09  6.3750112E-01
   ge71     71   9.4901510E-29  9.4901510E-29  0.0000000E+00  9.1427265E-29  0.0000000E+00  0.0000000E+00
   ge72     72   6.5626611E-09  8.8554399E-09  2.2927789E-09  8.5312513E-09  2.2090250E-09  5.8681214E-01
   ge73     73   1.9325626E-09  2.5850309E-09  6.5246841E-10  2.4903957E-09  6.2863403E-10  5.9787047E-01
   ge74     74   8.8103480E-09  1.1914720E-08  3.1043723E-09  1.1478535E-08  2.9909712E-09  5.8407426E-01
   as75     75   8.0464335E-10  1.2597554E-09  4.5511209E-10  1.2136371E-09  4.3848708E-10  4.4213203E-01
   se76     76   2.9282856E-09  3.4021117E-09  4.7382614E-10  3.2775640E-09  4.5651749E-10  8.5609376E-01
   se77     77   1.1664287E-09  1.5573467E-09  3.9091794E-10  1.5003339E-09  3.7663792E-10  6.0026389E-01
   se78     78   8.0789446E-09  9.3125969E-09  1.2336525E-09  8.9716723E-09  1.1885878E-09  8.7784213E-01
   se79     79   7.3238399E-10  7.3238399E-10  0.0000000E+00  7.0557216E-10  0.0000000E+00  0.0000000E+00
   se80     80   1.0791879E-08  1.3432625E-08  2.6407454E-09  1.2940871E-08  2.5442803E-09  7.0639855E-01
   br79     79   1.0776117E-09  1.4998924E-09  4.2228077E-10  1.4449829E-09  4.0685505E-10  5.5042303E-01
   br80     80   0.0000000E+00  0.0000000E+00  0.0000000E+00  0.0000000E+00  0.0000000E+00  0.0000000E+00
   br81     81   1.4564572E-09  1.8776649E-09  4.2120774E-10  1.8089256E-09  4.0582124E-10  6.4908594E-01
   kr80     80   6.6244371E-12  1.0726363E-10  1.0063919E-10  1.0333682E-10  9.6962889E-11  2.7649565E-02
   kr81     81   2.8888573E-12  2.8888573E-12  0.0000000E+00  2.7830993E-12  0.0000000E+00  0.0000000E+00
   kr82     82   5.9443415E-09  6.4612231E-09  5.1688170E-10  6.2246843E-09  4.9800025E-10  1.0968878E+00
   kr83     83   2.0861015E-09  2.6043960E-09  5.1829457E-10  2.5090519E-09  4.9936155E-10  7.0109451E-01
   kr84     84   1.5295086E-08  1.7880208E-08  2.5851212E-09  1.7225632E-08  2.4906881E-09  8.3985585E-01
   kr-5     85   8.2992008E-19  8.2992008E-19  0.0000000E+00  7.9953758E-19  0.0000000E+00  0.0000000E+00
   kr*5     85   0.0000000E+00  0.0000000E+00  0.0000000E+00  0.0000000E+00  0.0000000E+00  0.0000000E+00
   kr86     86   9.6094919E-09  1.0409877E-08  8.0038565E-10  1.0028782E-08  7.7114798E-10  1.1141105E+00
   rb85     85   3.6186951E-09  4.2251336E-09  6.0643851E-10  4.0704560E-09  5.8428562E-10  8.4301788E-01
   rb86     86   6.2795058E-27  6.2795058E-27  0.0000000E+00  6.0496194E-27  0.0000000E+00  0.0000000E+00
   rb87     87   1.6750241E-09  1.9304767E-09  2.5545255E-10  1.8598039E-09  2.4612101E-10  8.7831843E-01
   sr86     86   4.8084172E-09  5.0042046E-09  1.9578743E-10  4.8210058E-09  1.8863540E-10  1.4075145E+00
   sr87     87   3.3924870E-09  3.5309025E-09  1.3841557E-10  3.4016399E-09  1.3335932E-10  1.4066650E+00
   sr88     88   6.3739641E-08  6.5418206E-08  1.6785668E-09  6.3023315E-08  1.6172497E-09  1.5907242E+00
   sr89     89   8.1441821E-26  8.1441821E-26  0.0000000E+00  7.8460321E-26  0.0000000E+00  0.0000000E+00
   sr90     90   2.1132571E-16  2.1132571E-16  0.0000000E+00  2.0358929E-16  0.0000000E+00  0.0000000E+00
    y89     89   1.7972553E-08  1.8411543E-08  4.3898854E-10  1.7737515E-08  4.2295251E-10  1.6226012E+00
    y90     90   5.3442643E-20  5.3442643E-20  0.0000000E+00  5.1486164E-20  0.0000000E+00  0.0000000E+00
    y91     91   1.3263287E-30  1.3263287E-30  0.0000000E+00  1.2777732E-30  0.0000000E+00  0.0000000E+00
   zr90     90   1.9675364E-08  2.0152559E-08  4.7719545E-10  1.9414795E-08  4.5976375E-10  1.6255981E+00
   zr91     91   5.5695581E-09  5.6747802E-09  1.0522209E-10  5.4670326E-09  1.0137838E-10  1.7318063E+00
   zr92     92   9.6933475E-09  9.8559463E-09  1.6259867E-10  9.4951300E-09  1.5665902E-10  1.7825456E+00
   zr93     93   0.0000000E+00  0.0000000E+00  0.0000000E+00  0.0000000E+00  0.0000000E+00  0.0000000E+00
   zr94     94   1.1574598E-08  1.1742959E-08  1.6836060E-10  1.1313061E-08  1.6221047E-10  1.8435012E+00
   zr95     95   6.8030063E-25  6.8030063E-25  0.0000000E+00  6.5539555E-25  0.0000000E+00  0.0000000E+00
   zr96     96   1.6375228E-09  1.6652238E-09  2.7701088E-11  1.6042617E-09  2.6689182E-11  1.7789400E+00
   nb93     93   2.9383231E-09  3.0110265E-09  7.2703406E-11  2.9007960E-09  7.0047586E-11  1.6171241E+00
   nb94     94   2.8762423E-14  2.8762423E-14  0.0000000E+00  2.7709461E-14  0.0000000E+00  0.0000000E+00
   nb95     95   7.4892837E-25  7.4892837E-25  0.0000000E+00  7.2151087E-25  0.0000000E+00  0.0000000E+00
   mo94     94   2.8914354E-12  2.5677299E-11  2.2785863E-11  2.4737280E-11  2.1953507E-11  5.1848058E-02
   mo95     95   1.3292993E-09  1.3691567E-09  3.9857371E-11  1.3190333E-09  3.8401400E-11  1.5359087E+00
   mo96     96   2.4448816E-09  2.4872777E-09  4.2396132E-11  2.3962210E-09  4.0847423E-11  1.7683623E+00
   mo97     97   8.0494122E-10  8.2960544E-10  2.4664210E-11  7.9923446E-10  2.3763240E-11  1.5267686E+00
   mo98     98   2.9464595E-09  3.0097784E-09  6.3318926E-11  2.8995935E-09  6.1005916E-11  1.6769651E+00
   tc99     99   1.0393714E-10  1.0393714E-10  0.0000000E+00  1.0013210E-10  0.0000000E+00  0.0000000E+00
   ru99     99   2.7298661E-10  2.9509481E-10  2.2108215E-11  2.8429170E-10  2.1300612E-11  1.1253721E+00
  ru100    100   1.4789925E-09  1.5010440E-09  2.2051442E-11  1.4460922E-09  2.1245913E-11  1.8329206E+00
  ru101    101   3.1988170E-10  3.5003725E-10  3.0155548E-11  3.3722275E-10  2.9053981E-11  1.0647112E+00
  ru102    102   2.0992843E-09  2.1556055E-09  5.6321121E-11  2.0766910E-09  5.4263736E-11  1.5828621E+00
  rh103    103   3.5358047E-10  3.8954737E-10  3.5966893E-11  3.7528644E-10  3.4653041E-11  1.0346215E+00
  pd104    104   1.1633630E-09  1.1791021E-09  1.5739243E-11  1.1359365E-09  1.5164297E-11  1.8745317E+00
  pd105    105   2.9475689E-10  3.2660949E-10  3.1852618E-11  3.1465267E-10  3.0689055E-11  1.0108479E+00
  pd106    106   1.3621989E-09  1.4015551E-09  3.9356192E-11  1.3502456E-09  3.7918529E-11  1.5515612E+00
  pd107    107   0.0000000E+00  0.0000000E+00  0.0000000E+00  0.0000000E+00  0.0000000E+00  0.0000000E+00
  pd108    108   1.7537952E-09  1.7926173E-09  3.8822008E-11  1.7269914E-09  3.7403858E-11  1.6643738E+00
  ag107    107   2.6951028E-10  2.9624700E-10  2.6736726E-11  2.8540170E-10  2.5760047E-11  1.0445099E+00
  ag108    108   0.0000000E+00  0.0000000E+00  0.0000000E+00  0.0000000E+00  0.0000000E+00  0.0000000E+00
  ag109    109   4.4141360E-10  4.6671744E-10  2.5303844E-11  4.4963139E-10  2.4379505E-11  1.2658317E+00
  cd108    108   1.8963661E-13  1.6888923E-12  1.4992557E-12  1.6270637E-12  1.4444886E-12  5.1690437E-02
  cd109    109   4.2647463E-26  4.2647463E-26  0.0000000E+00  4.1086184E-26  0.0000000E+00  0.0000000E+00
  cd110    110   1.5329866E-09  1.5544165E-09  2.1429854E-11  1.4975109E-09  2.0647033E-11  1.8605124E+00
  cd111    111   5.0983762E-10  5.3199889E-10  2.2161257E-11  5.1252297E-10  2.1351717E-11  1.3802805E+00
  cd112    112   1.9655377E-09  2.0076918E-09  4.2154134E-11  1.9341924E-09  4.0614262E-11  1.6778212E+00
  cd113    113   5.7896710E-10  6.0050548E-10  2.1538384E-11  5.7852162E-10  2.0751597E-11  1.4452680E+00
  cd114    114   2.8777698E-09  2.9288578E-09  5.1088075E-11  2.8216354E-09  4.9221852E-11  1.7583430E+00
  in115    115   5.5247890E-10  5.7174199E-10  1.9263093E-11  5.5081112E-10  1.8559421E-11  1.4724383E+00
  sn116    116   4.0810759E-09  4.1413442E-09  6.0268159E-11  3.9897339E-09  5.8066593E-11  1.8370175E+00
  sn117    117   1.1796736E-09  1.2117817E-09  3.2108108E-11  1.1674196E-09  3.0935216E-11  1.5767738E+00
  sn118    118   5.7535710E-09  5.8514784E-09  9.7907529E-11  5.6372618E-09  9.4331008E-11  1.7764138E+00
  sn119    119   1.6544336E-09  1.6909598E-09  3.6526261E-11  1.6290556E-09  3.5191974E-11  1.6654923E+00
  sn120    120   9.2313153E-09  9.3710160E-09  1.3970049E-10  9.0279526E-09  1.3459729E-10  1.8265530E+00
  sb121    121   6.5777128E-10  6.7931522E-10  2.1543918E-11  6.5444616E-10  2.0756929E-11  1.4987109E+00
  te122    122   1.1444706E-09  1.1587915E-09  1.4320835E-11  1.1163693E-09  1.3797703E-11  1.9080011E+00
  te123    123   4.2130915E-10  4.2634837E-10  5.0392134E-12  4.1074019E-10  4.8551337E-12  1.9273660E+00
  te124    124   2.2380817E-09  2.2651379E-09  2.7056165E-11  2.1822135E-09  2.6067816E-11  1.9227926E+00
  te125    125   7.5520340E-10  7.9588464E-10  4.0681243E-11  7.6674811E-10  3.9195178E-11  1.2914201E+00
  te126    126   4.3002415E-09  4.4095132E-09  1.0927171E-10  4.2480854E-09  1.0528007E-10  1.6058471E+00
   i127    127   5.6144434E-10  6.9849088E-10  1.3704657E-10  6.7291983E-10  1.3204034E-10  7.0725667E-01
  xe128    128   1.3700713E-09  1.3848733E-09  1.4802064E-11  1.3341745E-09  1.4261352E-11  1.9710519E+00
  xe129    129   5.2947141E-10  7.1529371E-10  1.8582229E-10  6.8910755E-10  1.7903429E-10  5.8535081E-01
  xe130    130   2.8183467E-09  2.8484133E-09  3.0066692E-11  2.7441358E-09  2.8968371E-11  1.9764816E+00
  xe131    131   1.0808660E-09  1.2310621E-09  1.5019616E-10  1.1859942E-09  1.4470956E-10  9.1358531E-01
  xe132    132   5.7203158E-09  5.9052891E-09  1.8497320E-10  5.6891025E-09  1.7821621E-10  1.5040965E+00
  xe133    133   3.0784942E-32  3.0784942E-32  0.0000000E+00  2.9657937E-32  0.0000000E+00  0.0000000E+00
  xe134    134   4.0631809E-10  4.7565463E-10  6.9336543E-11  4.5824142E-10  6.6803715E-11  8.3629376E-01
  cs133    133   7.6265894E-10  8.1129037E-10  4.8631432E-11  7.8158985E-10  4.6854950E-11  1.2222234E+00
  cs134    134   1.3096717E-22  1.3096717E-22  0.0000000E+00  1.2617260E-22  0.0000000E+00  0.0000000E+00
  cs135    135   0.0000000E+00  0.0000000E+00  0.0000000E+00  0.0000000E+00  0.0000000E+00  0.0000000E+00
  cs136    136   1.7158927E-28  1.7158927E-28  0.0000000E+00  1.6530756E-28  0.0000000E+00  0.0000000E+00
  cs137    137   0.0000000E+00  0.0000000E+00  0.0000000E+00  0.0000000E+00  0.0000000E+00  0.0000000E+00
  ba134    134   9.2236019E-10  9.3726893E-10  1.4908748E-11  9.0295649E-10  1.4364138E-11  1.7983873E+00
  ba135    135   1.9740252E-09  2.0149904E-09  4.0965131E-11  1.9412236E-09  3.9468696E-11  1.6918228E+00
  ba136    136   5.8752829E-09  5.9244525E-09  4.9169700E-11  5.7075646E-09  4.7373556E-11  2.0809150E+00
  ba137    137   5.3879115E-09  5.4587432E-09  7.0832007E-11  5.2589044E-09  6.8244549E-11  1.8868273E+00
  ba138    138   6.5894710E-08  6.6350168E-08  4.5545992E-10  6.3921156E-08  4.3882217E-10  2.1633561E+00
  la139    139   7.8148972E-09  7.8773672E-09  6.2470397E-11  7.5889846E-09  6.0188382E-11  2.1006711E+00
  ce140    140   2.3223219E-08  2.3366399E-08  1.4318022E-10  2.2510980E-08  1.3794992E-10  2.2126729E+00
  ce141    141   1.1614265E-26  1.1614265E-26  0.0000000E+00  1.1189079E-26  0.0000000E+00  0.0000000E+00
  ce142    142   5.9202793E-10  6.1027616E-10  1.8248217E-11  5.8793459E-10  1.7581620E-11  1.5242701E+00
  pr141    141   2.1865421E-09  2.2112188E-09  2.4676622E-11  2.1302684E-09  2.3775199E-11  1.9523102E+00
  nd142    142   6.2857124E-09  6.3186301E-09  3.2917499E-11  6.0873115E-09  3.1715040E-11  2.2831602E+00
  nd143    143   9.2235553E-10  9.3709251E-10  1.4736984E-11  9.0278651E-10  1.4198649E-11  1.8033381E+00
  nd144    144   2.9107172E-09  2.9400065E-09  2.9289300E-11  2.8323759E-09  2.8219378E-11  2.0016034E+00
  nd145    145   5.3411653E-10  5.4500798E-10  1.0891445E-11  5.2505583E-10  1.0493585E-11  1.6992816E+00
  nd146    146   2.6868796E-09  2.7083171E-09  2.1437557E-11  2.6091684E-09  2.0654452E-11  2.1014884E+00
  nd147    147   2.3685074E-29  2.3685074E-29  0.0000000E+00  2.2817989E-29  0.0000000E+00  0.0000000E+00
  nd148    148   2.7221048E-10  2.7946198E-10  7.2515188E-12  2.6923117E-10  6.9866244E-12  1.5858580E+00
  pm147    147   9.2369068E-23  9.2369068E-23  0.0000000E+00  8.8987530E-23  0.0000000E+00  0.0000000E+00
  pm148    148   7.9027768E-40  7.9027768E-40  0.0000000E+00  7.6134648E-40  0.0000000E+00  0.0000000E+00
  sm147    147   3.0510744E-10  3.1094435E-10  5.8369221E-12  2.9956101E-10  5.6237020E-12  1.7264630E+00
  sm148    148   7.2106954E-10  7.2547601E-10  4.4064891E-12  6.9891709E-10  4.2455219E-12  2.2164946E+00
  sm149    149   1.1340041E-10  1.1885497E-10  5.4545509E-12  1.1450381E-10  5.2552988E-12  1.3382225E+00
  sm150    150   5.4971028E-10  5.5264260E-10  2.9323358E-12  5.3241095E-10  2.8252190E-12  2.2751949E+00
  sm151    151   5.8458563E-15  5.8458563E-15  0.0000000E+00  5.6318454E-15  0.0000000E+00  0.0000000E+00
  sm152    152   5.0383331E-10  5.1460342E-10  1.0770123E-11  4.9576432E-10  1.0376695E-11  1.6792161E+00
  eu151    151   8.0607070E-11  8.7711720E-11  7.1046493E-12  8.4500684E-11  6.8451200E-12  1.0914792E+00
  eu152    152   2.2833248E-21  2.2833248E-21  0.0000000E+00  2.1997348E-21  0.0000000E+00  0.0000000E+00
  eu153    153   9.4403700E-11  1.0226207E-10  7.8583763E-12  9.8518367E-11  7.5713142E-12  1.1143459E+00
  eu154    154   1.5759538E-21  1.5759538E-21  0.0000000E+00  1.5182597E-21  0.0000000E+00  0.0000000E+00
  eu155    155   8.6536799E-25  8.6536799E-25  0.0000000E+00  8.3368773E-25  0.0000000E+00  0.0000000E+00
  gd152    152   1.9052220E-13  2.9426253E-13  1.0374033E-13  2.8348989E-13  9.9950742E-14  4.5275158E-01
  gd153    153   3.1200632E-26  3.1200632E-26  0.0000000E+00  3.0058411E-26  0.0000000E+00  0.0000000E+00
  gd154    154   6.6085151E-11  6.7230777E-11  1.1456276E-12  6.4769530E-11  1.1037784E-12  1.7684889E+00
  gd155    155   1.4831668E-10  1.5614464E-10  7.8279648E-12  1.5042835E-10  7.5420130E-12  1.2998425E+00
  gd156    156   4.0254475E-10  4.1344164E-10  1.0896897E-11  3.9830597E-10  1.0498839E-11  1.5790756E+00
  gd157    157   1.8490887E-10  1.9329321E-10  8.3843444E-12  1.8621694E-10  8.0780686E-12  1.3627117E+00
  gd158    158   7.6734724E-10  7.8074014E-10  1.3392876E-11  7.5215806E-10  1.2903641E-11  1.7655969E+00
  tb159    159   1.6723206E-10  1.7733501E-10  1.0102952E-11  1.7084295E-10  9.7338968E-12  1.2443104E+00
  dy160    160   2.7931663E-10  2.8084543E-10  1.5287916E-12  2.7056396E-10  1.4729456E-12  2.2640831E+00
  dy161    161   1.2304978E-10  1.3552651E-10  1.2476726E-11  1.3056502E-10  1.2020958E-11  1.0358877E+00
  dy162    162   5.4166183E-10  5.5859350E-10  1.6931664E-11  5.3814397E-10  1.6313159E-11  1.5183604E+00
  dy163    163   2.2660146E-10  2.4325009E-10  1.6648625E-11  2.3434496E-10  1.6040459E-11  1.1646389E+00
  dy164    164   1.1036155E-09  1.1226297E-09  1.9014143E-11  1.0815313E-09  1.8319565E-11  1.7711239E+00
  ho165    165   2.0474820E-10  2.1955808E-10  1.4809877E-11  2.1152029E-10  1.4268879E-11  1.1709622E+00
  er166    166   4.6950077E-10  4.8356968E-10  1.4068930E-11  4.6586668E-10  1.3554999E-11  1.5361621E+00
  er167    167   1.8788592E-10  1.9754715E-10  9.6612319E-12  1.9031515E-10  9.3083111E-12  1.3106024E+00
  er168    168   7.3894263E-10  7.5040796E-10  1.1465338E-11  7.2293632E-10  1.1046515E-11  1.8158747E+00
  er169    169   5.4786880E-30  5.4786880E-30  0.0000000E+00  5.2781190E-30  0.0000000E+00  0.0000000E+00
  er170    170   2.1201160E-10  2.1842361E-10  6.4120102E-12  2.1042736E-10  6.1777822E-12  1.5322696E+00
  tm169    169   1.7805032E-10  1.8482602E-10  6.7756924E-12  1.7805973E-10  6.5281795E-12  1.4357736E+00
  tm170    170   2.5333384E-24  2.5333384E-24  0.0000000E+00  2.4405956E-24  0.0000000E+00  0.0000000E+00
  tm171    171   1.7211400E-23  1.7211400E-23  0.0000000E+00  1.6581309E-23  0.0000000E+00  0.0000000E+00
  yb170    170   2.5803068E-10  2.5931218E-10  1.2815132E-12  2.4981903E-10  1.2347001E-12  2.3060641E+00
  yb171    171   3.0790145E-10  3.1399647E-10  6.0950203E-12  3.0250139E-10  5.8723725E-12  1.7119138E+00
  yb172    172   8.7994018E-10  8.8937752E-10  9.4373346E-12  8.5681834E-10  9.0925939E-12  1.9742010E+00
  yb173    173   3.8340126E-10  3.9044715E-10  7.0458947E-12  3.7615328E-10  6.7885120E-12  1.7435902E+00
  yb174    174   1.7129986E-09  1.7270972E-09  1.4098590E-11  1.6638700E-09  1.3583576E-11  2.0881052E+00
  lu175    175   2.2194546E-10  2.2830868E-10  6.3632181E-12  2.1995053E-10  6.1307730E-12  1.5548098E+00
  lu176    176   1.6638158E-10  1.6656732E-10  1.8573817E-13  1.6046946E-10  1.7895325E-13  2.9526527E+00
  lu177    177   3.4999576E-31  3.4999576E-31  0.0000000E+00  3.3718277E-31  0.0000000E+00  0.0000000E+00
  hf176    176  -5.2878817E-14  1.3762528E-12  1.4291317E-12  1.3258696E-12  1.3769261E-12 -1.6409816E-02
  hf177    177   1.7907548E-10  1.8421224E-10  5.1367664E-12  1.7746843E-10  4.9491227E-12  1.5545928E+00
  hf178    178   8.8179131E-10  8.8937013E-10  7.5788030E-12  8.5681123E-10  7.3019533E-12  2.0694461E+00
  hf179    179   3.0857433E-10  3.1237959E-10  3.8052682E-12  3.0094371E-10  3.6662635E-12  1.9142616E+00
  hf180    180   1.8087762E-09  1.8186309E-09  9.8546206E-12  1.7520527E-09  9.4946360E-12  2.2660689E+00
  ta181    181   3.5883804E-10  3.6301337E-10  4.1753189E-12  3.4972383E-10  4.0227964E-12  1.9391972E+00
  ta182    182   3.8235845E-26  3.8235845E-26  0.0000000E+00  3.6836070E-26  0.0000000E+00  0.0000000E+00
  ta183    183   1.1179419E-39  1.1179419E-39  0.0000000E+00  1.0770156E-39  0.0000000E+00  0.0000000E+00
   w182    182   7.6145551E-10  7.6800766E-10  6.5521204E-12  7.3989170E-10  6.3127750E-12  2.0689478E+00
   w183    183   4.1306589E-10  4.1662343E-10  3.5575549E-12  4.0137127E-10  3.4275991E-12  2.0685563E+00
   w184    184   1.2641757E-09  1.2718343E-09  7.6586636E-12  1.2252738E-09  7.3788961E-12  2.2202418E+00
   w185    185   4.8543685E-25  4.8543685E-25  0.0000000E+00  4.6766549E-25  0.0000000E+00  0.0000000E+00
   w186    186   9.2317842E-10  9.3036223E-10  7.1838221E-12  8.9630264E-10  6.9214005E-12  2.1122608E+00
  re185    185   2.3262059E-10  2.3627184E-10  3.6512455E-12  2.2762217E-10  3.5178672E-12  1.8109351E+00
  re186    186   5.7331853E-34  5.7331853E-34  0.0000000E+00  5.5232994E-34  0.0000000E+00  0.0000000E+00
  re187    187   1.5492797E-10  1.6158645E-10  6.6584858E-12  1.5567093E-10  6.4152550E-12  1.3849936E+00
  os186    186   4.9348098E-10  4.9550469E-10  2.0237325E-12  4.7736476E-10  1.9498064E-12  2.3888588E+00
  os187    187   1.4410537E-10  1.4572360E-10  1.6182394E-12  1.4038881E-10  1.5591259E-12  1.9544513E+00
  os188    188   7.9759988E-10  8.1467150E-10  1.7071650E-11  7.8484724E-10  1.6448030E-11  1.6786712E+00
  os189    189   2.0821102E-10  2.2913629E-10  2.0925272E-11  2.2074785E-10  2.0160882E-11  1.0393870E+00
  os190    190   9.4963193E-10  9.8384123E-10  3.4209299E-11  9.4782382E-10  3.2959652E-11  1.4587450E+00
  os191    191   4.6656529E-28  4.6656529E-28  0.0000000E+00  4.4948480E-28  0.0000000E+00  0.0000000E+00
  os192    192   2.4392230E-10  2.9761238E-10  5.3690084E-11  2.8671709E-10  5.1728809E-11  7.4372113E-01
  ir191    191   2.0081280E-10  2.4608221E-10  4.5269413E-11  2.3707339E-10  4.3615746E-11  7.3523951E-01
  ir192    192   1.7443275E-24  1.7443275E-24  0.0000000E+00  1.6804694E-24  0.0000000E+00  0.0000000E+00
  ir193    193   2.3550034E-10  3.1239425E-10  7.6893894E-11  3.0095781E-10  7.4084995E-11  6.0877538E-01
  pt192    192   2.9593228E-10  2.9783589E-10  1.9036233E-12  2.8693242E-10  1.8340848E-12  2.1943603E+00
  pt193    193   8.0130444E-16  8.0130444E-16  0.0000000E+00  7.7196952E-16  0.0000000E+00  0.0000000E+00
  pt194    194   8.3673501E-10  9.1782210E-10  8.1087054E-11  8.8422158E-10  7.8124979E-11  1.0537711E+00
  pt195    195   3.3983505E-10  4.2347620E-10  8.3641163E-11  4.0797318E-10  8.0585788E-11  7.0437318E-01
  pt196    196   1.5058147E-09  1.5685407E-09  6.2726033E-11  1.5111181E-09  6.0434685E-11  1.3980122E+00
  au197    197   4.8609128E-10  5.2389471E-10  3.7803441E-11  5.0471544E-10  3.6422500E-11  1.1416768E+00
  hg198    198   1.7612599E-09  1.7701405E-09  8.8805864E-12  1.7053374E-09  8.5561827E-12  2.2995303E+00
  hg199    199   7.7123197E-10  7.8633394E-10  1.5101982E-11  7.5754708E-10  1.4550314E-11  1.7165372E+00
  hg200    200   2.5624927E-09  2.5832756E-09  2.0782953E-11  2.4887046E-09  2.0023762E-11  2.0944276E+00
  hg201    201   1.0355852E-09  1.0475028E-09  1.1917600E-11  1.0091548E-09  1.1482256E-11  1.9439305E+00
  hg202    202   4.2398951E-09  4.2670290E-09  2.7133875E-11  4.1108175E-09  2.6142689E-11  2.1965780E+00
  tl203    203   2.0802309E-09  2.0909641E-09  1.0733085E-11  2.0144160E-09  1.0341010E-11  2.2895863E+00
  tl204    204   8.5627499E-25  8.5627499E-25  0.0000000E+00  8.2492763E-25  0.0000000E+00  0.0000000E+00
  tl205    205   3.4381251E-09  3.4639989E-09  2.5873855E-11  3.3371854E-09  2.4928696E-11  2.1266809E+00
  pb204    204   2.1051278E-09  2.1187132E-09  1.3585293E-11  2.0411492E-09  1.3089030E-11  2.1929674E+00
  pb205    205   0.0000000E+00  0.0000000E+00  0.0000000E+00  0.0000000E+00  0.0000000E+00  0.0000000E+00
  pb206    206   7.2057517E-08  7.2185173E-08  1.2765396E-10  6.9542551E-08  1.2299083E-10  2.7523780E+00
  pb207    207   3.0551014E-08  3.0692963E-08  1.4194791E-10  2.9569325E-08  1.3676263E-10  2.3348739E+00
  pb208    208   5.1222042E-07  5.1262867E-07  4.0825709E-10  4.9386188E-07  3.9334369E-10  3.0988333E+00
  bi209    209   7.8155322E-09  7.8439255E-09  2.8393302E-11  7.5567677E-09  2.7356109E-11  2.4412818E+00
  bi210    210   0.0000000E+00  0.0000000E+00  0.0000000E+00  0.0000000E+00  0.0000000E+00  0.0000000E+00
  po210    210   0.0000000E+00  0.0000000E+00  0.0000000E+00  0.0000000E+00  0.0000000E+00  0.0000000E+00
