# Initial mass = 2.360, Z =  0.0006, Y =  0.240, M_mix = 2.00E-03
# Final mass = 0.693, Mass expelled =   1.6670
  species    A      yield       mass(i)_lost    mass(i)_0        <X(i)>           X0(i)   log10(<X(i)>/X0(i)) 
      n      1   0.0000000E+00  0.0000000E+00  0.0000000E+00  0.0000000E+00  0.0000000E+00  0.0000000E+00
      p      1  -1.2764943E-01  1.1375083E+00  1.2651577E+00  6.8236858E-01  7.5899678E-01 -4.6220936E-02
      d      2  -3.2549169E-06  4.0295840E-11  3.2549572E-06  2.4172673E-11  1.9527226E-06 -4.9073162E+00
    he3      3   2.4431210E-04  2.6501578E-04  2.0703668E-05  1.5897769E-04  1.2420602E-05  1.1071936E+00
    he4      4   9.5940471E-02  4.9577960E-01  3.9983913E-01  2.9740831E-01  2.3987257E-01  9.3372509E-02
    li7      7  -2.2462572E-09  4.2615321E-11  2.2888724E-09  2.5564084E-11  1.3731466E-09 -1.7300867E+00
    be7      7   6.8285194E-14  6.8285194E-14  0.0000000E+00  4.0962930E-14  0.0000000E+00  0.0000000E+00
     b8      8   1.1432992E-28  1.1432992E-28  0.0000000E+00  6.8584243E-29  0.0000000E+00  0.0000000E+00
    c12     12   2.7611345E-02  2.7782485E-02  1.7113914E-04  1.6666159E-02  1.0267026E-04  2.2103910E+00
    c13     13   3.6219785E-06  5.6949043E-06  2.0729258E-06  3.4162597E-06  1.2435953E-06  4.3887180E-01
    c14     14   2.0721322E-08  2.0721322E-08  0.0000000E+00  1.2430308E-08  0.0000000E+00  0.0000000E+00
    n13     13   0.0000000E+00  0.0000000E+00  0.0000000E+00  0.0000000E+00  0.0000000E+00  0.0000000E+00
    n14     14   1.1403417E-04  1.6460982E-04  5.0575654E-05  9.8746161E-05  3.0341484E-05  5.1248342E-01
    n15     15  -6.8987070E-08  5.2074220E-08  1.2106129E-07  3.1238290E-08  7.2627415E-08 -3.6641335E-01
    o14     14   0.0000000E+00  0.0000000E+00  0.0000000E+00  0.0000000E+00  0.0000000E+00  0.0000000E+00
    o15     15   0.0000000E+00  0.0000000E+00  0.0000000E+00  0.0000000E+00  0.0000000E+00  0.0000000E+00
    o16     16   4.9835548E-04  1.5450810E-03  1.0467255E-03  9.2686334E-04  6.2795443E-04  1.6908759E-01
    o17     17   4.3616787E-06  4.5306815E-06  1.6900267E-07  2.7178658E-06  1.0138854E-07  1.4282392E+00
    o18     18  -3.9405830E-07  5.5023781E-07  9.4429612E-07  3.3007672E-07  5.6650470E-07 -2.3458865E-01
    o19     19   0.0000000E+00  0.0000000E+00  0.0000000E+00  0.0000000E+00  0.0000000E+00  0.0000000E+00
    f17     17   0.0000000E+00  0.0000000E+00  0.0000000E+00  0.0000000E+00  0.0000000E+00  0.0000000E+00
    f18     18   0.0000000E+00  0.0000000E+00  0.0000000E+00  0.0000000E+00  0.0000000E+00  0.0000000E+00
    f19     19   8.3955301E-06  8.4199401E-06  2.4410248E-08  5.0509543E-06  1.4644261E-08  2.5377061E+00
    f20     20   0.0000000E+00  0.0000000E+00  0.0000000E+00  0.0000000E+00  0.0000000E+00  0.0000000E+00
   ne19     19   0.0000000E+00  0.0000000E+00  0.0000000E+00  0.0000000E+00  0.0000000E+00  0.0000000E+00
   ne20     20   4.6777321E-05  2.5861210E-04  2.1183478E-04  1.5513625E-04  1.2708448E-04  8.6620748E-02
   ne21     21   2.7695712E-06  2.9828454E-06  2.1327418E-07  1.7893497E-06  1.2794803E-07  1.1456617E+00
   ne22     22   3.0611753E-03  3.0680287E-03  6.8534691E-06  1.8404494E-03  4.1115518E-06  2.6509182E+00
   ne23     23   0.0000000E+00  0.0000000E+00  0.0000000E+00  0.0000000E+00  0.0000000E+00  0.0000000E+00
   na21     21   0.0000000E+00  0.0000000E+00  0.0000000E+00  0.0000000E+00  0.0000000E+00  0.0000000E+00
   na22     22   7.5531516E-22  7.5531516E-22  0.0000000E+00  4.5309853E-22  0.0000000E+00  0.0000000E+00
   na23     23   3.0003293E-05  3.1955515E-05  1.9522213E-06  1.9169478E-05  1.1711818E-06  1.2139860E+00
   na24     24   0.0000000E+00  0.0000000E+00  0.0000000E+00  0.0000000E+00  0.0000000E+00  0.0000000E+00
   mg23     23   0.0000000E+00  0.0000000E+00  0.0000000E+00  0.0000000E+00  0.0000000E+00  0.0000000E+00
   mg24     24   2.1383195E-05  1.2425061E-04  1.0286742E-04  7.4535470E-05  6.1712497E-05  8.1989855E-02
   mg25     25   3.8740320E-05  4.4070508E-05  5.3301887E-06  2.6437021E-05  3.1977013E-06  9.1737467E-01
   mg26     26   1.9793113E-05  2.5896497E-05  6.1033843E-06  1.5534793E-05  3.6615588E-06  6.2763947E-01
   mg27     27   0.0000000E+00  0.0000000E+00  0.0000000E+00  0.0000000E+00  0.0000000E+00  0.0000000E+00
   al25     25   0.0000000E+00  0.0000000E+00  0.0000000E+00  0.0000000E+00  0.0000000E+00  0.0000000E+00
   al-6     26   0.0000000E+00  0.0000000E+00  0.0000000E+00  0.0000000E+00  0.0000000E+00  0.0000000E+00
   al*6     26   0.0000000E+00  0.0000000E+00  0.0000000E+00  0.0000000E+00  0.0000000E+00  0.0000000E+00
   al27     27   4.0631630E-06  7.7799277E-06  3.7167647E-06  4.6670239E-06  2.2297716E-06  3.2077968E-01
   al28     28   0.0000000E+00  0.0000000E+00  0.0000000E+00  0.0000000E+00  0.0000000E+00  0.0000000E+00
   si27     27   0.0000000E+00  0.0000000E+00  0.0000000E+00  0.0000000E+00  0.0000000E+00  0.0000000E+00
   si28     28   9.8795135E-07  1.1294290E-04  1.1195495E-04  6.7752197E-05  6.7164321E-05  3.7847119E-03
   si29     29   4.3222803E-07  2.7858878E-06  2.3536597E-06  1.6711987E-06  1.4120138E-06  7.3189147E-02
   si30     30   3.6142580E-07  1.9665001E-06  1.6050743E-06  1.1796643E-06  9.6292047E-07  8.8167965E-02
    p31     31   4.1923573E-07  8.0843915E-07  3.8920342E-07  4.8496656E-07  2.3349197E-07  3.1743988E-01
    p32     32   1.8693650E-30  1.8693650E-30  0.0000000E+00  1.1213948E-30  0.0000000E+00  0.0000000E+00
    p33     33   9.0802526E-30  9.0802526E-30  0.0000000E+00  5.4470629E-30  0.0000000E+00  0.0000000E+00
    s32     32  -1.6251579E-07  2.1283789E-05  2.1446305E-05  1.2767722E-05  1.2866125E-05 -3.3343513E-03
    s33     33   1.6637216E-08  1.9370337E-07  1.7706616E-07  1.1619880E-07  1.0622601E-07  3.8970791E-02
    s34     34   8.6279442E-08  1.1160652E-06  1.0297857E-06  6.6950525E-07  6.1779178E-07  3.4911867E-02
    s35     35   4.2039921E-25  4.2039921E-25  0.0000000E+00  2.5218912E-25  0.0000000E+00  0.0000000E+00
    s36     36   1.3188233E-08  1.8271548E-08  5.0833151E-09  1.0960738E-08  3.0495961E-09  5.5559754E-01
   cl35     35  -6.5951582E-09  2.1341035E-07  2.2000550E-07  1.2802062E-07  1.3198628E-07 -1.3248855E-02
   cl36     36   0.0000000E+00  0.0000000E+00  0.0000000E+00  0.0000000E+00  0.0000000E+00  0.0000000E+00
   cl37     37   5.2190678E-08  1.2652337E-07  7.4332696E-08  7.5898853E-08  4.4593872E-08  2.3096006E-01
   ar36     36  -1.4165016E-07  3.9551815E-06  4.0968316E-06  2.3726348E-06  2.4577823E-06 -1.5312584E-02
   ar37     37   1.8707103E-24  1.8707103E-24  0.0000000E+00  1.1222019E-24  0.0000000E+00  0.0000000E+00
   ar38     38   5.5021189E-08  8.4127947E-07  7.8625828E-07  5.0466679E-07  4.7169422E-07  2.9344123E-02
   ar39     39   3.9032250E-12  3.9032250E-12  0.0000000E+00  2.3414671E-12  0.0000000E+00  0.0000000E+00
   ar40     40   9.5177786E-09  1.0841513E-08  1.3237342E-09  6.5036074E-09  7.9413814E-10  9.1325825E-01
    k39     39   5.9969949E-09  2.1928800E-07  2.1329100E-07  1.3154650E-07  1.2795810E-07  1.2011495E-02
    k40     40  -3.4530087E-11  0.0000000E+00  3.4530087E-11  0.0000000E+00  2.0715383E-11  0.0000000E+00
    k41     41   6.8383574E-09  2.3020014E-08  1.6181657E-08  1.3809249E-08  9.7077431E-09  1.5305178E-01
   ca40     40  -1.0689246E-07  3.5860219E-06  3.6929143E-06  2.1511833E-06  2.2154629E-06 -1.2787107E-02
   ca41     41   0.0000000E+00  0.0000000E+00  0.0000000E+00  0.0000000E+00  0.0000000E+00  0.0000000E+00
   ca42     42   6.5957302E-09  3.2475519E-08  2.5879789E-08  1.9481417E-08  1.5525872E-08  9.8564513E-02
   ca43     43   1.5921522E-09  7.1205877E-09  5.5284355E-09  4.2714987E-09  3.3166341E-09  1.0988270E-01
   ca44     44   3.2457734E-09  9.0659135E-08  8.7413362E-08  5.4384611E-08  5.2441262E-08  1.5802845E-02
   ca45     45   1.7740190E-25  1.7740190E-25  0.0000000E+00  1.0641988E-25  0.0000000E+00  0.0000000E+00
   ca46     46   3.9679691E-09  4.1432076E-09  1.7523857E-10  2.4854279E-09  1.0512959E-10  1.3736763E+00
   ca47     47   1.7555754E-36  1.7555754E-36  0.0000000E+00  1.0531348E-36  0.0000000E+00  0.0000000E+00
   ca48     48  -6.4252603E-11  8.4843084E-09  8.5485610E-09  5.0895679E-09  5.1284754E-09 -3.3073798E-03
   sc45     45   1.9619188E-09  4.4280668E-09  2.4661480E-09  2.6563092E-09  1.4794981E-09  2.5416425E-01
   sc46     46   2.0361317E-26  2.0361317E-26  0.0000000E+00  1.2214349E-26  0.0000000E+00  0.0000000E+00
   sc47     47   4.8842831E-36  4.8842831E-36  0.0000000E+00  2.9299842E-36  0.0000000E+00  0.0000000E+00
   sc48     48  -1.1679524E-32  1.5437335E-30  1.5554130E-30  9.2605501E-31  9.3312754E-31  0.0000000E+00
   ti46     46  -5.5209171E-11  1.5011702E-08  1.5066911E-08  9.0052215E-09  9.0389820E-09 -1.6250773E-03
   ti47     47  -1.7477220E-10  1.3708142E-08  1.3882914E-08  8.2232416E-09  8.3286755E-09 -5.5328864E-03
   ti48     48  -7.3306410E-09  1.3315685E-07  1.4048749E-07  7.9878141E-08  8.4281623E-08 -2.3304936E-02
   ti49     49   5.9226792E-09  1.6447238E-08  1.0524559E-08  9.8663708E-09  6.3139218E-09  1.9385824E-01
   ti50     50   1.8335967E-08  2.8618832E-08  1.0282863E-08  1.7167867E-08  6.1689232E-09  4.4450700E-01
    v51     51  -4.8695981E-10  2.2174785E-08  2.2661744E-08  1.3302212E-08  1.3595295E-08 -9.4647491E-03
   cr52     52  -2.4894916E-08  9.0407536E-07  9.2897028E-07  5.4233681E-07  5.5731039E-07 -1.1828054E-02
   cr53     53  -1.9287612E-09  1.0543432E-07  1.0736308E-07  6.3247946E-08  6.4409548E-08 -7.9038581E-03
   cr54     54   2.1182260E-08  4.8411426E-08  2.7229166E-08  2.9041050E-08  1.6335393E-08  2.4988270E-01
   mn55     55   1.5506430E-08  8.2679668E-07  8.1129025E-07  4.9597890E-07  4.8671143E-07  8.1916330E-03
   fe54     54  -3.4874438E-07  4.9969053E-06  5.3456497E-06  2.9975440E-06  3.2069763E-06 -2.9330216E-02
   fe55     55   1.0177139E-20  1.0177139E-20  0.0000000E+00  6.1050631E-21  0.0000000E+00  0.0000000E+00
   fe56     56  -3.0227748E-06  8.3996085E-05  8.7018860E-05  5.0387578E-05  5.2204588E-05 -1.5385205E-02
   fe57     57   7.9902020E-07  2.8445731E-06  2.0455529E-06  1.7064028E-06  1.2271737E-06  1.4317553E-01
   fe58     58   1.3061775E-06  1.5831823E-06  2.7700480E-07  9.4971955E-07  1.6618148E-07  7.5701278E-01
   fe59     59   3.0822679E-25  3.0822679E-25  0.0000000E+00  1.8489912E-25  0.0000000E+00  0.0000000E+00
   fe60     60   0.0000000E+00  0.0000000E+00  0.0000000E+00  0.0000000E+00  0.0000000E+00  0.0000000E+00
   co59     59   2.7465620E-07  4.8828400E-07  2.1362779E-07  2.9291186E-07  1.2816015E-07  3.5898396E-01
   co60     60   1.1576220E-13  1.1576220E-13  0.0000000E+00  6.9443441E-14  0.0000000E+00  0.0000000E+00
   ni58     58  -2.0640232E-07  2.8501668E-06  3.0565691E-06  1.7097583E-06  1.8337051E-06 -3.0394798E-02
   ni59     59   0.0000000E+00  0.0000000E+00  0.0000000E+00  0.0000000E+00  0.0000000E+00  0.0000000E+00
   ni60     60   1.3030638E-07  1.3482963E-06  1.2179900E-06  8.0881614E-07  7.3069981E-07  4.4110812E-02
   ni61     61   6.9545877E-08  1.2337502E-07  5.3829140E-08  7.4010217E-08  3.2293322E-08  3.6017895E-01
   ni62     62   1.5988348E-07  3.3432264E-07  1.7443915E-07  2.0055350E-07  1.0465001E-07  2.8249103E-01
   ni63     63   0.0000000E+00  0.0000000E+00  0.0000000E+00  0.0000000E+00  0.0000000E+00  0.0000000E+00
   ni64     64   7.8321833E-08  1.2417858E-07  4.5856751E-08  7.4492263E-08  2.7510506E-08  4.3261257E-01
   cu63     63   3.3800816E-08  7.1651108E-08  3.7850292E-08  4.2982073E-08  2.2707249E-08  2.7712286E-01
   cu64     64   0.0000000E+00  0.0000000E+00  0.0000000E+00  0.0000000E+00  0.0000000E+00  0.0000000E+00
   cu65     65   1.9010541E-08  3.6416605E-08  1.7406064E-08  2.1845597E-08  1.0442293E-08  3.2056803E-01
   zn64     64  -3.3250487E-09  6.1523529E-08  6.4848578E-08  3.6906741E-08  3.8904133E-08 -2.2890059E-02
   zn65     65   1.4449002E-23  1.4449002E-23  0.0000000E+00  8.6676684E-24  0.0000000E+00  0.0000000E+00
   zn66     66   2.2740856E-08  6.1107940E-08  3.8367084E-08  3.6657436E-08  2.3017284E-08  2.0210803E-01
   zn67     67   5.4459286E-09  1.1169446E-08  5.7235172E-09  6.7003283E-09  3.4336680E-09  2.9033780E-01
   zn68     68   3.8438028E-08  6.5003555E-08  2.6565527E-08  3.8994340E-08  1.5937262E-08  3.8858789E-01
   zn69     69   0.0000000E+00  0.0000000E+00  0.0000000E+00  0.0000000E+00  0.0000000E+00  0.0000000E+00
   zn70     70   1.8794077E-10  1.0922103E-09  9.0426955E-10  6.5519523E-10  5.4249183E-10  8.1977546E-02
   ga69     69   5.6809446E-09  8.1164471E-09  2.4355022E-09  4.8688951E-09  1.4611130E-09  5.2274662E-01
   ga70     70   0.0000000E+00  0.0000000E+00  0.0000000E+00  0.0000000E+00  0.0000000E+00  0.0000000E+00
   ga71     71   5.0764299E-09  6.7396697E-09  1.6632395E-09  4.0429939E-09  9.9781505E-10  6.0765308E-01
   ge70     70   9.0453360E-09  1.1754319E-08  2.7089833E-09  7.0511823E-09  1.6251807E-09  6.3736033E-01
   ge71     71   1.1364567E-29  1.1364567E-29  0.0000000E+00  6.8173775E-30  0.0000000E+00  0.0000000E+00
   ge72     72   1.0215319E-08  1.3897502E-08  3.6821828E-09  8.3368343E-09  2.2090250E-09  5.7680058E-01
   ge73     73   3.1829108E-09  4.2307691E-09  1.0478584E-09  2.5379541E-09  6.2863403E-10  6.0608596E-01
   ge74     74   1.6572409E-08  2.1558003E-08  4.9855946E-09  1.2932217E-08  2.9909712E-09  6.3586074E-01
   as75     75   1.5241888E-09  2.2550948E-09  7.3090595E-10  1.3527864E-09  4.3848708E-10  4.8927245E-01
   se76     76   5.6787659E-09  6.4397265E-09  7.6096057E-10  3.8630636E-09  4.5651749E-10  9.2747444E-01
   se77     77   2.2570696E-09  2.8848803E-09  6.2781080E-10  1.7305823E-09  3.7663792E-10  6.6226828E-01
   se78     78   1.5946826E-08  1.7928061E-08  1.9812350E-09  1.0754687E-08  1.1885878E-09  9.5656651E-01
   se79     79   0.0000000E+00  0.0000000E+00  0.0000000E+00  0.0000000E+00  0.0000000E+00  0.0000000E+00
   se80     80   2.2465510E-08  2.6706525E-08  4.2410138E-09  1.6020714E-08  2.5442803E-09  7.9911691E-01
   br79     79   3.6121159E-09  4.2902952E-09  6.7817918E-10  2.5736628E-09  4.0685505E-10  8.0111194E-01
   br80     80   0.0000000E+00  0.0000000E+00  0.0000000E+00  0.0000000E+00  0.0000000E+00  0.0000000E+00
   br81     81   3.0387535E-09  3.7152093E-09  6.7645584E-10  2.2286801E-09  4.0582124E-10  7.3971307E-01
   kr80     80  -1.1960738E-11  1.4966491E-10  1.6162564E-10  8.9780995E-11  9.6962889E-11 -3.3421136E-02
   kr81     81   0.0000000E+00  0.0000000E+00  0.0000000E+00  0.0000000E+00  0.0000000E+00  0.0000000E+00
   kr82     82   1.1270316E-08  1.2100424E-08  8.3010737E-10  7.2588033E-09  4.9800025E-10  1.1636355E+00
   kr83     83   3.9623971E-09  4.7947735E-09  8.3237650E-10  2.8762892E-09  4.9936155E-10  7.6041746E-01
   kr84     84   3.1470037E-08  3.5621721E-08  4.1516817E-09  2.1368761E-08  2.4906881E-09  9.3346000E-01
   kr-5     85   1.1503045E-16  1.1503045E-16  0.0000000E+00  6.9004479E-17  0.0000000E+00  0.0000000E+00
   kr*5     85   0.0000000E+00  0.0000000E+00  0.0000000E+00  0.0000000E+00  0.0000000E+00  0.0000000E+00
   kr86     86   3.7578438E-08  3.8863849E-08  1.2854122E-09  2.3313650E-08  7.7114798E-10  1.4804726E+00
   rb85     85   1.0751272E-08  1.1725207E-08  9.7393482E-10  7.0337181E-09  5.8428562E-10  1.0805598E+00
   rb86     86   5.1382049E-28  5.1382049E-28  0.0000000E+00  3.0823069E-28  0.0000000E+00  0.0000000E+00
   rb87     87   1.1015312E-08  1.1425567E-08  4.1025455E-10  6.8539703E-09  2.4612101E-10  1.4447936E+00
   sr86     86   6.3814967E-09  6.6959296E-09  3.1443287E-10  4.0167549E-09  1.8863540E-10  1.3282522E+00
   sr87     87   3.6925192E-09  3.9148134E-09  2.2229417E-10  2.3484186E-09  1.3335932E-10  1.2457521E+00
   sr88     88   1.2178648E-07  1.2448224E-07  2.6957636E-09  7.4674418E-08  1.6172497E-09  1.6643949E+00
   sr89     89   8.1560861E-28  8.1560861E-28  0.0000000E+00  4.8926738E-28  0.0000000E+00  0.0000000E+00
   sr90     90   8.9686339E-15  8.9686339E-15  0.0000000E+00  5.3801051E-15  0.0000000E+00  0.0000000E+00
    y89     89   3.7336136E-08  3.8041147E-08  7.0501166E-10  2.2820126E-08  4.2295251E-10  1.7320265E+00
    y90     90   2.2680984E-18  2.2680984E-18  0.0000000E+00  1.3605871E-18  0.0000000E+00  0.0000000E+00
    y91     91  -8.3167147E-31 -8.3167147E-31  0.0000000E+00 -4.9890317E-31  0.0000000E+00  0.0000000E+00
   zr90     90   3.5279584E-08  3.6045954E-08  7.6637163E-10  2.1623251E-08  4.5976375E-10  1.6723863E+00
   zr91     91   1.1628076E-08  1.1797062E-08  1.6898576E-10  7.0768227E-09  1.0137838E-10  1.8438929E+00
   zr92     92   2.2404103E-08  2.2665235E-08  2.6113200E-10  1.3596424E-08  1.5665902E-10  1.9384693E+00
   zr93     93   0.0000000E+00  0.0000000E+00  0.0000000E+00  0.0000000E+00  0.0000000E+00  0.0000000E+00
   zr94     94   2.3598117E-08  2.3868504E-08  2.7038563E-10  1.4318240E-08  1.6221047E-10  1.9458108E+00
   zr95     95   2.9517883E-27  2.9517883E-27  0.0000000E+00  1.7707191E-27  0.0000000E+00  0.0000000E+00
   zr96     96   1.0078424E-08  1.0122912E-08  4.4487698E-11  6.0725336E-09  2.6689182E-11  2.3570347E+00
   nb93     93   6.8180608E-09  6.9348216E-09  1.1676102E-10  4.1600616E-09  7.0047586E-11  1.7737067E+00
   nb94     94   3.3875439E-16  3.3875439E-16  0.0000000E+00  2.0321202E-16  0.0000000E+00  0.0000000E+00
   nb95     95   3.1947110E-27  3.1947110E-27  0.0000000E+00  1.9164436E-27  0.0000000E+00  0.0000000E+00
   mo94     94  -2.4467442E-12  3.4147147E-11  3.6593891E-11  2.0484194E-11  2.1953507E-11 -3.0085023E-02
   mo95     95   3.2180363E-09  3.2820469E-09  6.4010582E-11  1.9688347E-09  3.8401400E-11  1.7098622E+00
   mo96     96   4.7406017E-09  4.8086894E-09  6.8087813E-11  2.8846372E-09  4.0847423E-11  1.8489265E+00
   mo97     97   1.5359147E-09  1.5755253E-09  3.9610502E-11  9.4512620E-10  2.3763240E-11  1.5995842E+00
   mo98     98   3.9312078E-09  4.0328976E-09  1.0168963E-10  2.4192550E-09  6.1005916E-11  1.5983099E+00
   tc99     99   0.0000000E+00  0.0000000E+00  0.0000000E+00  0.0000000E+00  0.0000000E+00  0.0000000E+00
   ru99     99   4.7876497E-10  5.1427057E-10  3.5505595E-11  3.0850067E-10  2.1300612E-11  1.1608641E+00
  ru100    100   1.7893729E-09  1.8247873E-09  3.5414418E-11  1.0946536E-09  2.1245913E-11  1.7120013E+00
  ru101    101   3.8110551E-10  4.2953505E-10  4.8429538E-11  2.5766952E-10  2.9053981E-11  9.4785738E-01
  ru102    102   2.7033749E-09  2.7938261E-09  9.0451216E-11  1.6759607E-09  5.4263736E-11  1.4897542E+00
  rh103    103   4.5581033E-10  5.1357285E-10  5.7762510E-11  3.0808214E-10  3.4653041E-11  9.4892520E-01
  pd104    104   1.5943492E-09  1.6196263E-09  2.5277084E-11  9.7158159E-10  1.5164297E-11  1.8066571E+00
  pd105    105   4.0445061E-10  4.5560564E-10  5.1155018E-11  2.7330876E-10  3.0689055E-11  9.4967008E-01
  pd106    106   1.9907436E-09  2.0539492E-09  6.3205691E-11  1.2321233E-09  3.7918529E-11  1.5118028E+00
  pd107    107   0.0000000E+00  0.0000000E+00  0.0000000E+00  0.0000000E+00  0.0000000E+00  0.0000000E+00
  pd108    108   2.7203177E-09  2.7826657E-09  6.2347794E-11  1.6692657E-09  3.7403858E-11  1.6496092E+00
  ag107    107   3.9425985E-10  4.3719880E-10  4.2938944E-11  2.6226687E-10  2.5760047E-11  1.0077968E+00
  ag108    108   0.0000000E+00  0.0000000E+00  0.0000000E+00  0.0000000E+00  0.0000000E+00  0.0000000E+00
  ag109    109   6.8560113E-10  7.2623890E-10  4.0637747E-11  4.3565626E-10  2.4379505E-11  1.2521191E+00
  cd108    108  -4.8106050E-14  2.3596854E-12  2.4077914E-12  1.4155283E-12  1.4444886E-12 -8.7955762E-03
  cd109    109   6.4755465E-27  6.4755465E-27  0.0000000E+00  3.8845514E-27  0.0000000E+00  0.0000000E+00
  cd110    110   2.4851896E-09  2.5196059E-09  3.4416154E-11  1.5114614E-09  2.0647033E-11  1.8645394E+00
  cd111    111   8.2850848E-10  8.6409924E-10  3.5590780E-11  5.1835591E-10  2.1351717E-11  1.3851954E+00
  cd112    112   3.3252867E-09  3.3929859E-09  6.7699166E-11  2.0353847E-09  4.0614262E-11  1.6999680E+00
  cd113    113   9.8454711E-10  1.0191376E-09  3.4590452E-11  6.1136035E-10  2.0751597E-11  1.4692459E+00
  cd114    114   5.1116693E-09  5.1937161E-09  8.2046994E-11  3.1156069E-09  4.9221852E-11  1.8013847E+00
  in115    115   9.8359365E-10  1.0145300E-09  3.0936354E-11  6.0859634E-10  1.8559421E-11  1.5157650E+00
  sn116    116   7.5069115E-09  7.6037017E-09  9.6790131E-11  4.5613091E-09  5.8066593E-11  1.8951633E+00
  sn117    117   2.1828288E-09  2.2343942E-09  5.1565335E-11  1.3403686E-09  3.0935216E-11  1.6367712E+00
  sn118    118   1.1131043E-08  1.1288281E-08  1.5723861E-10  6.7716153E-09  9.4331008E-11  1.8560377E+00
  sn119    119   3.2052223E-09  3.2638832E-09  5.8660854E-11  1.9579385E-09  3.5191974E-11  1.7453555E+00
  sn120    120   1.8013306E-08  1.8237664E-08  2.2435773E-10  1.0940411E-08  1.3459729E-10  1.9099973E+00
  sb121    121   1.2788505E-09  1.3134498E-09  3.4599341E-11  7.8791240E-10  2.0756929E-11  1.5793149E+00
  te122    122   2.2261850E-09  2.2491842E-09  2.2999134E-11  1.3492408E-09  1.3797703E-11  1.9902829E+00
  te123    123   8.1553986E-10  8.2363277E-10  8.0929317E-12  4.9408089E-10  4.8551337E-12  2.0075970E+00
  te124    124   4.2494084E-09  4.2928603E-09  4.3451957E-11  2.5752014E-09  2.6067816E-11  1.9947067E+00
  te125    125   1.4184766E-09  1.4838103E-09  6.5333718E-11  8.9010826E-10  3.9195178E-11  1.3562102E+00
  te126    126   8.1203826E-09  8.2958724E-09  1.7548940E-10  4.9765290E-09  1.0528007E-10  1.6745805E+00
   i127    127   1.0515427E-09  1.2716384E-09  2.2009558E-10  7.6283052E-10  1.3204034E-10  7.6172143E-01
  xe128    128   2.5884737E-09  2.6122455E-09  2.3771983E-11  1.5670341E-09  1.4261352E-11  2.0409179E+00
  xe129    129   9.8735820E-10  1.2857871E-09  2.9842892E-10  7.7131812E-10  1.7903429E-10  6.3429737E-01
  xe130    130   5.2489688E-09  5.2972555E-09  4.8286840E-11  3.1777181E-09  2.8968371E-11  2.0401914E+00
  xe131    131   2.0037307E-09  2.2449445E-09  2.4121369E-10  1.3466975E-09  1.4470956E-10  9.6877283E-01
  xe132    132   1.0741520E-08  1.1038585E-08  2.9706529E-10  6.6218275E-09  1.7821621E-10  1.5700308E+00
  xe133    133   3.8801457E-34  3.8801457E-34  0.0000000E+00  2.3276221E-34  0.0000000E+00  0.0000000E+00
  xe134    134   4.3974100E-09  4.5087640E-09  1.1135388E-10  2.7047178E-09  6.6803715E-11  1.6073214E+00
  cs133    133   1.4555777E-09  1.5336793E-09  7.8101643E-11  9.2002367E-10  4.6854950E-11  1.2930436E+00
  cs134    134   1.6227981E-24  1.6227981E-24  0.0000000E+00  9.7348433E-25  0.0000000E+00  0.0000000E+00
  cs135    135   0.0000000E+00  0.0000000E+00  0.0000000E+00  0.0000000E+00  0.0000000E+00  0.0000000E+00
  cs136    136  -7.8377167E-31 -7.8377167E-31  0.0000000E+00 -4.7016901E-31  0.0000000E+00  0.0000000E+00
  cs137    137   0.0000000E+00  0.0000000E+00  0.0000000E+00  0.0000000E+00  0.0000000E+00  0.0000000E+00
  ba134    134   1.4159645E-09  1.4399077E-09  2.3943316E-11  8.6377200E-10  1.4364138E-11  1.7791196E+00
  ba135    135   4.5508988E-09  4.6166884E-09  6.5789631E-11  2.7694596E-09  3.9468696E-11  1.8461423E+00
  ba136    136   9.1459036E-09  9.2248698E-09  7.8966098E-11  5.5338156E-09  4.7373556E-11  2.0674889E+00
  ba137    137   1.1646178E-08  1.1759933E-08  1.1375557E-10  7.0545503E-09  6.8244549E-11  2.0144014E+00
  ba138    138   1.2201616E-07  1.2274762E-07  7.3146450E-10  7.3633856E-08  4.3882217E-10  2.2247891E+00
  la139    139   1.4644528E-08  1.4744855E-08  1.0032690E-10  8.8451451E-09  6.0188382E-11  2.1671925E+00
  ce140    140   4.3828805E-08  4.4058751E-08  2.2994615E-10  2.6429968E-08  1.3794992E-10  2.2823753E+00
  ce141    141   1.6099838E-29  1.6099838E-29  0.0000000E+00  9.6579729E-30  0.0000000E+00  0.0000000E+00
  ce142    142   4.3832724E-09  4.4125787E-09  2.9306474E-11  2.6470182E-09  1.7581620E-11  2.1776981E+00
  pr141    141   4.6564503E-09  4.6960809E-09  3.9630434E-11  2.8170855E-09  2.3775199E-11  2.0736761E+00
  nd142    142   9.5210888E-09  9.5739541E-09  5.2865212E-11  5.7432246E-09  3.1715040E-11  2.2578907E+00
  nd143    143   1.7522490E-09  1.7759165E-09  2.3667466E-11  1.0653369E-09  1.4198649E-11  1.8752400E+00
  nd144    144   5.3662612E-09  5.4132996E-09  4.7038359E-11  3.2473306E-09  2.8219378E-11  2.0609794E+00
  nd145    145   9.9567043E-10  1.0131620E-09  1.7491562E-11  6.0777572E-10  1.0493585E-11  1.7628195E+00
  nd146    146   4.8745150E-09  4.9089435E-09  3.4428523E-11  2.9447775E-09  2.0654452E-11  2.1540389E+00
  nd147    147   4.1734240E-32  4.1734240E-32  0.0000000E+00  2.5035541E-32  0.0000000E+00  0.0000000E+00
  nd148    148   9.8389119E-10  9.9553710E-10  1.1645875E-11  5.9720290E-10  6.9866244E-12  1.9318546E+00
  pm147    147   2.8244865E-24  2.8244865E-24  0.0000000E+00  1.6943533E-24  0.0000000E+00  0.0000000E+00
  pm148    148   0.0000000E+00  0.0000000E+00  0.0000000E+00  0.0000000E+00  0.0000000E+00  0.0000000E+00
  sm147    147   5.6161398E-10  5.7098803E-10  9.3740449E-12  3.4252437E-10  5.6237020E-12  1.7846692E+00
  sm148    148   1.1307428E-09  1.1378196E-09  7.0767819E-12  6.8255535E-10  4.2455219E-12  2.2062070E+00
  sm149    149   2.2546603E-10  2.3422600E-10  8.7599598E-12  1.4050752E-10  5.2552988E-12  1.4271023E+00
  sm150    150   1.1006205E-09  1.1053298E-09  4.7093050E-12  6.6306538E-10  2.8252190E-12  2.3705044E+00
  sm151    151   9.8261040E-15  9.8261040E-15  0.0000000E+00  5.8944841E-15  0.0000000E+00  0.0000000E+00
  sm152    152   1.0070553E-09  1.0243520E-09  1.7296721E-11  6.1448840E-10  1.0376695E-11  1.7724546E+00
  eu151    151   1.6233082E-10  1.7374081E-10  1.1410003E-11  1.0422366E-10  6.8451200E-12  1.1825854E+00
  eu152    152   6.6623808E-21  6.6623808E-21  0.0000000E+00  3.9966298E-21  0.0000000E+00  0.0000000E+00
  eu153    153   1.8761012E-10  2.0023061E-10  1.2620483E-11  1.2011436E-10  7.5713142E-12  1.2004237E+00
  eu154    154   2.2790674E-19  2.2790674E-19  0.0000000E+00  1.3671672E-19  0.0000000E+00  0.0000000E+00
  eu155    155   4.6657841E-21  4.6657841E-21  0.0000000E+00  2.7989110E-21  0.0000000E+00  0.0000000E+00
  gd152    152   4.4072515E-13  6.0733119E-13  1.6660604E-13  3.6432589E-13  9.9950742E-14  5.6170404E-01
  gd153    153   2.2924968E-27  2.2924968E-27  0.0000000E+00  1.3752232E-27  0.0000000E+00  0.0000000E+00
  gd154    154   1.3316945E-10  1.3500931E-10  1.8398677E-12  8.0989396E-11  1.1037784E-12  1.8655463E+00
  gd155    155   2.9454461E-10  3.0711625E-10  1.2571643E-11  1.8423292E-10  7.5420130E-12  1.3878801E+00
  gd156    156   7.9654866E-10  8.1404899E-10  1.7500321E-11  4.8833182E-10  1.0498839E-11  1.6675738E+00
  gd157    157   3.6650050E-10  3.7996567E-10  1.3465183E-11  2.2793384E-10  8.0780686E-12  1.4505013E+00
  gd158    158   1.4927518E-09  1.5142606E-09  2.1508840E-11  9.0837482E-10  1.2903641E-11  1.8475528E+00
  tb159    159   3.2573036E-10  3.4195560E-10  1.6225252E-11  2.0513236E-10  9.7338968E-12  1.3237474E+00
  dy160    160   5.3771620E-10  5.4017141E-10  2.4552257E-12  3.2403807E-10  1.4729456E-12  2.3424094E+00
  dy161    161   2.3762631E-10  2.5766381E-10  2.0037512E-11  1.5456739E-10  1.2020958E-11  1.1091789E+00
  dy162    162   1.0194801E-09  1.0466722E-09  2.7192101E-11  6.2787781E-10  1.6313159E-11  1.5853372E+00
  dy163    163   4.2638118E-10  4.5311874E-10  2.6737544E-11  2.7181690E-10  1.6040459E-11  1.2290597E+00
  dy164    164   1.9923363E-09  2.0228728E-09  3.0536542E-11  1.2134811E-09  1.8319565E-11  1.8211179E+00
  ho165    165   3.6797976E-10  3.9176429E-10  2.3784532E-11  2.3501159E-10  1.4268879E-11  1.2166995E+00
  er166    166   8.2930929E-10  8.5190388E-10  2.2594577E-11  5.1104021E-10  1.3554999E-11  1.5763557E+00
  er167    167   3.3279884E-10  3.4831468E-10  1.5515851E-11  2.0894704E-10  9.3083111E-12  1.3511654E+00
  er168    168   1.2818000E-09  1.3002133E-09  1.8413231E-11  7.7997209E-10  1.1046515E-11  1.8488538E+00
  er169    169   3.4542639E-32  3.4542639E-32  0.0000000E+00  2.0721443E-32  0.0000000E+00  0.0000000E+00
  er170    170   6.4793521E-10  6.5823286E-10  1.0297630E-11  3.9486078E-10  6.1777822E-12  1.8056114E+00
  tm169    169   3.1239561E-10  3.2327732E-10  1.0881701E-11  1.9392764E-10  6.5281795E-12  1.4728477E+00
  tm170    170   2.4475485E-26  2.4475485E-26  0.0000000E+00  1.4682356E-26  0.0000000E+00  0.0000000E+00
  tm171    171   1.1319197E-25  1.1319197E-25  0.0000000E+00  6.7901615E-26  0.0000000E+00  0.0000000E+00
  yb170    170   4.3864082E-10  4.4069892E-10  2.0580987E-12  2.6436650E-10  1.2347001E-12  2.3306451E+00
  yb171    171   6.2449462E-10  6.3428318E-10  9.7885484E-12  3.8049386E-10  5.8723725E-12  1.8115340E+00
  yb172    172   1.8028069E-09  1.8179632E-09  1.5156276E-11  1.0905600E-09  9.0925939E-12  2.0789621E+00
  yb173    173   8.0704893E-10  8.1836460E-10  1.1315645E-11  4.9092064E-10  6.7885120E-12  1.8592367E+00
  yb174    174   3.5484715E-09  3.5711136E-09  2.2642211E-11  2.1422399E-09  1.3583576E-11  2.1978543E+00
  lu175    175   4.6011656E-10  4.7033583E-10  1.0219272E-11  2.8214511E-10  6.1307730E-12  1.6629573E+00
  lu176    176   3.4373107E-10  3.4402936E-10  2.9829386E-13  2.0637636E-10  1.7895325E-13  3.0619206E+00
  lu177    177  -1.5751672E-33 -1.5751672E-33  0.0000000E+00 -9.4491149E-34  0.0000000E+00  0.0000000E+00
  hf176    176  -1.9644334E-13  2.0987292E-12  2.2951725E-12  1.2589859E-12  1.3769261E-12 -3.8889781E-02
  hf177    177   3.6879089E-10  3.7704048E-10  8.2496007E-12  2.2617908E-10  4.9491227E-12  1.6599243E+00
  hf178    178   1.7164963E-09  1.7286678E-09  1.2171490E-11  1.0369934E-09  7.3019533E-12  2.1523371E+00
  hf179    179   5.9449651E-10  6.0060773E-10  6.1112265E-12  3.6029263E-10  3.6662635E-12  1.9924319E+00
  hf180    180   3.2502014E-09  3.2660279E-09  1.5826432E-11  1.9592252E-09  9.4946360E-12  2.3146062E+00
  ta181    181   6.4380490E-10  6.5051042E-10  6.7055246E-12  3.9022827E-10  4.0227964E-12  1.9867909E+00
  ta182    182   1.5110555E-28  1.5110555E-28  0.0000000E+00  9.0645211E-29  0.0000000E+00  0.0000000E+00
  ta183    183   0.0000000E+00  0.0000000E+00  0.0000000E+00  0.0000000E+00  0.0000000E+00  0.0000000E+00
   w182    182   1.2374779E-09  1.2480006E-09  1.0522647E-11  7.4865070E-10  6.3127750E-12  2.0740592E+00
   w183    183   6.6999700E-10  6.7571038E-10  5.7134015E-12  4.0534520E-10  3.4275991E-12  2.0728352E+00
   w184    184   1.9756639E-09  1.9879636E-09  1.2299745E-11  1.1925397E-09  7.3788961E-12  2.2084816E+00
   w185    185   7.1159727E-28  7.1159727E-28  0.0000000E+00  4.2687303E-28  0.0000000E+00  0.0000000E+00
   w186    186   1.9398227E-09  1.9513600E-09  1.1537154E-11  1.1705820E-09  6.9214005E-12  2.2282081E+00
  re185    185   3.6824657E-10  3.7411044E-10  5.8638680E-12  2.2442141E-10  3.5178672E-12  1.8047849E+00
  re186    186   1.5126876E-36  1.5126876E-36  0.0000000E+00  9.0743120E-37  0.0000000E+00  0.0000000E+00
  re187    187   3.2840330E-10  3.3909678E-10  1.0693469E-11  2.0341741E-10  6.4152550E-12  1.5011743E+00
  os186    186   7.3444939E-10  7.3769951E-10  3.2500962E-12  4.4253126E-10  1.9498064E-12  2.3559525E+00
  os187    187   2.0751253E-10  2.1011141E-10  2.5988779E-12  1.2604165E-10  1.5591259E-12  1.9076328E+00
  os188    188   1.5111837E-09  1.5386007E-09  2.7416918E-11  9.2297592E-10  1.6448030E-11  1.7490765E+00
  os189    189   4.0356091E-10  4.3716669E-10  3.3605799E-11  2.6224758E-10  2.0160882E-11  1.1142020E+00
  os190    190   1.9711204E-09  2.0260602E-09  5.4939827E-11  1.2153932E-09  3.2959652E-11  1.5667343E+00
  os191    191   7.8400816E-30  7.8400816E-30  0.0000000E+00  4.7031089E-30  0.0000000E+00  0.0000000E+00
  os192    192   6.1694233E-10  7.0316813E-10  8.6225790E-11  4.2181658E-10  5.1728809E-11  9.1139114E-01
  ir191    191   4.2171944E-10  4.9442173E-10  7.2702275E-11  2.9659375E-10  4.3615746E-11  8.3251870E-01
  ir192    192   9.4758668E-26  9.4758668E-26  0.0000000E+00  5.6843838E-26  0.0000000E+00  0.0000000E+00
  ir193    193   5.2922966E-10  6.5272054E-10  1.2349090E-10  3.9155407E-10  7.4084995E-11  7.2306150E-01
  pt192    192   5.9680250E-10  5.9985972E-10  3.0572021E-12  3.5984390E-10  1.8340848E-12  2.2926948E+00
  pt193    193   1.9339954E-15  1.9339954E-15  0.0000000E+00  1.1601654E-15  0.0000000E+00  0.0000000E+00
  pt194    194   1.8445042E-09  1.9747293E-09  1.3022508E-10  1.1846008E-09  7.8124979E-11  1.1807822E+00
  pt195    195   7.4589379E-10  8.8022073E-10  1.3432695E-10  5.2802690E-10  8.0585788E-11  8.1639761E-01
  pt196    196   3.1208569E-09  3.2215943E-09  1.0073745E-10  1.9325703E-09  6.0434685E-11  1.5048492E+00
  au197    197   9.9167563E-10  1.0523876E-09  6.0711991E-11  6.3130640E-10  3.6422500E-11  1.2388705E+00
  hg198    198   3.3593965E-09  3.3736587E-09  1.4262142E-11  2.0237907E-09  8.5561827E-12  2.3738856E+00
  hg199    199   1.4535053E-09  1.4777589E-09  2.4253649E-11  8.8647817E-10  1.4550314E-11  1.7847956E+00
  hg200    200   4.8141748E-09  4.8475521E-09  3.3377238E-11  2.9079501E-09  2.0023762E-11  2.1620414E+00
  hg201    201   1.9777120E-09  1.9968516E-09  1.9139560E-11  1.1978715E-09  1.1482256E-11  2.0183833E+00
  hg202    202   7.7916722E-09  7.8352489E-09  4.3576760E-11  4.7002100E-09  2.6142689E-11  2.2547672E+00
  tl203    203   4.0992139E-09  4.1164512E-09  1.7237238E-11  2.4693771E-09  1.0341010E-11  2.3780246E+00
  tl204    204   3.0891240E-21  3.0891240E-21  0.0000000E+00  1.8531041E-21  0.0000000E+00  0.0000000E+00
  tl205    205   8.5894953E-09  8.6310488E-09  4.1553181E-11  5.1775944E-09  2.4928696E-11  2.3174286E+00
  pb204    204   3.0702914E-09  3.0921092E-09  2.1817862E-11  1.8548948E-09  1.3089030E-11  2.1514120E+00
  pb205    205   0.0000000E+00  0.0000000E+00  0.0000000E+00  0.0000000E+00  0.0000000E+00  0.0000000E+00
  pb206    206   1.1819685E-07  1.1840186E-07  2.0501112E-10  7.1026925E-08  1.2299083E-10  2.7615504E+00
  pb207    207   6.1566865E-08  6.1794836E-08  2.2796709E-10  3.7069491E-08  1.3676263E-10  2.4330492E+00
  pb208    208   9.1229589E-07  9.1295152E-07  6.5565731E-10  5.4766144E-07  3.9334369E-10  3.1437402E+00
  bi209    209   1.9191605E-08  1.9237204E-08  4.5599389E-11  1.1540016E-08  2.7356109E-11  2.6251521E+00
  bi210    210   0.0000000E+00  0.0000000E+00  0.0000000E+00  0.0000000E+00  0.0000000E+00  0.0000000E+00
  po210    210   0.0000000E+00  0.0000000E+00  0.0000000E+00  0.0000000E+00  0.0000000E+00  0.0000000E+00
