# Initial mass = 6.000, Z =  0.0006, Y =  0.240, M_mix = 0.00E+00
# Final mass = 1.021, Mass expelled =   4.9790
  species    A      yield       mass(i)_lost    mass(i)_0        <X(i)>           X0(i)   log10(<X(i)>/X0(i)) 
      n      1   0.0000000E+00  0.0000000E+00  0.0000000E+00  0.0000000E+00  0.0000000E+00  0.0000000E+00
      p      1  -6.7667651E-01  3.1021390E+00  3.7788155E+00  6.2304461E-01  7.5899678E-01 -8.5720807E-02
      d      2  -9.7219945E-06  2.1299736E-11  9.7220154E-06  4.2779144E-12  1.9527226E-06 -5.6594086E+00
    he3      3  -6.1824263E-05  1.4161179E-08  6.1838422E-05  2.8441813E-09  1.2420602E-05 -3.6401854E+00
    he4      4   6.3013661E-01  1.8243897E+00  1.1942531E+00  3.6641690E-01  2.3987257E-01  1.8399489E-01
    li7      7  -6.8289068E-09  7.5750135E-12  6.8364816E-09  1.5213926E-12  1.3731466E-09 -2.9554758E+00
    be7      7   2.6064022E-11  2.6064022E-11  0.0000000E+00  5.2347905E-12  0.0000000E+00  0.0000000E+00
     b8      8   3.3621753E-27  3.3621753E-27  0.0000000E+00  6.7527119E-28  0.0000000E+00  0.0000000E+00
    c12     12   1.9980785E-03  2.5092426E-03  5.1116419E-04  5.0396519E-04  1.0267026E-04  6.9095588E-01
    c13     13   5.3032517E-04  5.3651666E-04  6.1914852E-06  1.0775591E-04  1.2435953E-06  1.9377620E+00
    c14     14   8.4899315E-10  8.4899315E-10  0.0000000E+00  1.7051480E-10  0.0000000E+00  0.0000000E+00
    n13     13   0.0000000E+00  0.0000000E+00  0.0000000E+00  0.0000000E+00  0.0000000E+00  0.0000000E+00
    n14     14   4.5248374E-02  4.5399435E-02  1.5106107E-04  9.1181835E-03  3.0341484E-05  2.4778717E+00
    n15     15   2.0190259E-06  2.3806158E-06  3.6158997E-07  4.7813131E-07  7.2627415E-08  8.1844658E-01
    o14     14   0.0000000E+00  0.0000000E+00  0.0000000E+00  0.0000000E+00  0.0000000E+00  0.0000000E+00
    o15     15   0.0000000E+00  0.0000000E+00  0.0000000E+00  0.0000000E+00  0.0000000E+00  0.0000000E+00
    o16     16  -2.4753672E-03  6.5102824E-04  3.1263954E-03  1.3075482E-04  6.2795443E-04 -6.8147045E-01
    o17     17   2.4892556E-06  2.9940386E-06  5.0478292E-07  6.0133334E-07  1.0138854E-07  7.7312636E-01
    o18     18  -2.8195725E-06  8.8289076E-10  2.8204554E-06  1.7732291E-10  5.6650470E-07 -3.5044389E+00
    o19     19   0.0000000E+00  0.0000000E+00  0.0000000E+00  0.0000000E+00  0.0000000E+00  0.0000000E+00
    f17     17   0.0000000E+00  0.0000000E+00  0.0000000E+00  0.0000000E+00  0.0000000E+00  0.0000000E+00
    f18     18   2.6777323E-32  2.6777323E-32  0.0000000E+00  5.3780523E-33  0.0000000E+00  0.0000000E+00
    f19     19  -5.8771260E-08  1.4138084E-08  7.2909344E-08  2.8395428E-09  1.4644261E-08 -7.1241909E-01
    f20     20   0.0000000E+00  0.0000000E+00  0.0000000E+00  0.0000000E+00  0.0000000E+00  0.0000000E+00
   ne19     19   0.0000000E+00  0.0000000E+00  0.0000000E+00  0.0000000E+00  0.0000000E+00  0.0000000E+00
   ne20     20   2.9684219E-05  6.6239946E-04  6.3271524E-04  1.3303866E-04  1.2708448E-04  1.9885285E-02
   ne21     21  -4.3922182E-07  1.9779272E-07  6.3701452E-07  3.9725389E-08  1.2794803E-07 -5.0796551E-01
   ne22     22   6.9244072E-04  7.1291090E-04  2.0470174E-05  1.4318356E-04  4.1115518E-06  1.5418875E+00
   ne23     23   0.0000000E+00  0.0000000E+00  0.0000000E+00  0.0000000E+00  0.0000000E+00  0.0000000E+00
   na21     21   0.0000000E+00  0.0000000E+00  0.0000000E+00  0.0000000E+00  0.0000000E+00  0.0000000E+00
   na22     22   4.3240245E-10  4.3240245E-10  0.0000000E+00  8.6845239E-11  0.0000000E+00  0.0000000E+00
   na23     23   1.5566417E-05  2.1397376E-05  5.8309606E-06  4.2975248E-06  1.1711818E-06  5.6459415E-01
   na24     24  -7.4976838E-28 -7.4976838E-28  0.0000000E+00 -1.5058614E-28  0.0000000E+00  0.0000000E+00
   mg23     23   0.0000000E+00  0.0000000E+00  0.0000000E+00  0.0000000E+00  0.0000000E+00  0.0000000E+00
   mg24     24  -3.0321412E-04  4.0337227E-06  3.0724786E-04  8.1014713E-07  6.1712497E-05 -1.8818092E+00
   mg25     25   3.0122063E-04  3.1714101E-04  1.5920388E-05  6.3695727E-05  3.1977013E-06  1.2992724E+00
   mg26     26   3.1878834E-04  3.3701814E-04  1.8229795E-05  6.7687914E-05  3.6615588E-06  1.2668452E+00
   mg27     27   0.0000000E+00  0.0000000E+00  0.0000000E+00  0.0000000E+00  0.0000000E+00  0.0000000E+00
   al25     25   0.0000000E+00  0.0000000E+00  0.0000000E+00  0.0000000E+00  0.0000000E+00  0.0000000E+00
   al-6     26   0.0000000E+00  0.0000000E+00  0.0000000E+00  0.0000000E+00  0.0000000E+00  0.0000000E+00
   al*6     26   0.0000000E+00  0.0000000E+00  0.0000000E+00  0.0000000E+00  0.0000000E+00  0.0000000E+00
   al27     27   1.8131528E-04  1.9241664E-04  1.1101359E-05  3.8645641E-05  2.2297716E-06  1.2388402E+00
   al28     28   0.0000000E+00  0.0000000E+00  0.0000000E+00  0.0000000E+00  0.0000000E+00  0.0000000E+00
   si27     27   0.0000000E+00  0.0000000E+00  0.0000000E+00  0.0000000E+00  0.0000000E+00  0.0000000E+00
   si28     28   5.4581091E-05  3.8897194E-04  3.3439085E-04  7.8122503E-05  6.7164321E-05  6.5637492E-02
   si29     29   3.8181188E-06  1.0848109E-05  7.0299902E-06  2.1787725E-06  1.4120138E-06  1.8837298E-01
   si30     30   8.1918415E-06  1.2985932E-05  4.7940903E-06  2.6081404E-06  9.6292047E-07  4.3274054E-01
    p31     31   3.0229587E-06  4.1854446E-06  1.1624859E-06  8.4061952E-07  2.3349197E-07  5.5632752E-01
    p32     32   9.8493559E-21  9.8493559E-21  0.0000000E+00  1.9781796E-21  0.0000000E+00  0.0000000E+00
    p33     33   2.1442937E-21  2.1442937E-21  0.0000000E+00  4.3066752E-22  0.0000000E+00  0.0000000E+00
    s32     32  -6.3508196E-07  6.3421467E-05  6.4056549E-05  1.2737792E-05  1.2866125E-05 -4.3536369E-03
    s33     33   1.7663524E-08  5.4653071E-07  5.2886719E-07  1.0976716E-07  1.0622601E-07  1.4241629E-02
    s34     34   3.9012571E-07  3.4659245E-06  3.0757988E-06  6.9610854E-07  6.1779178E-07  5.1834825E-02
    s35     35  -2.8365340E-17 -2.8365340E-17  0.0000000E+00 -5.6969955E-18  0.0000000E+00  0.0000000E+00
    s36     36   7.3277711E-08  8.8460730E-08  1.5183018E-08  1.7766766E-08  3.0495961E-09  7.6536608E-01
   cl35     35   2.3087807E-08  6.8020762E-07  6.5711981E-07  1.3661531E-07  1.3198628E-07  1.4970598E-02
   cl36     36   0.0000000E+00  0.0000000E+00  0.0000000E+00  0.0000000E+00  0.0000000E+00  0.0000000E+00
   cl37     37   6.0539733E-08  2.8255914E-07  2.2201941E-07  5.6750178E-08  4.4593872E-08  1.0469206E-01
   ar36     36  -3.1914533E-07  1.1917410E-05  1.2236555E-05  2.3935349E-06  2.4577823E-06 -1.1503700E-02
   ar37     37   2.0490771E-18  2.0490771E-18  0.0000000E+00  4.1154391E-19  0.0000000E+00  0.0000000E+00
   ar38     38   8.5589363E-08  2.4340125E-06  2.3484231E-06  4.8885568E-07  4.7169422E-07  1.5520046E-02
   ar39     39   1.2547419E-10  1.2547419E-10  0.0000000E+00  2.5200680E-11  0.0000000E+00  0.0000000E+00
   ar40     40   8.1272901E-08  8.5226674E-08  3.9537742E-09  1.7117227E-08  7.9413814E-10  1.3335375E+00
    k39     39   3.0344438E-08  6.6740921E-07  6.3706477E-07  1.3404483E-07  1.2795810E-07  2.0182258E-02
    k40     40  -1.0313551E-10  0.0000000E+00  1.0313551E-10  0.0000000E+00  2.0715358E-11  0.0000000E+00
    k41     41   1.1648094E-08  5.9980010E-08  4.8331916E-08  1.2046597E-08  9.7077431E-09  9.3746111E-02
   ca40     40  -2.7276565E-07  1.0757355E-05  1.1030121E-05  2.1605454E-06  2.2154629E-06 -1.0901133E-02
   ca41     41   0.0000000E+00  0.0000000E+00  0.0000000E+00  0.0000000E+00  0.0000000E+00  0.0000000E+00
   ca42     42   1.1582848E-08  8.8881471E-08  7.7298623E-08  1.7851269E-08  1.5525872E-08  6.0613051E-02
   ca43     43   3.5106247E-09  2.0023142E-08  1.6512518E-08  4.0215187E-09  3.3166341E-09  8.3692543E-02
   ca44     44   1.2372283E-08  2.7346150E-07  2.6108921E-07  5.4922975E-08  5.2441262E-08  2.0080885E-02
   ca45     45  -1.0847074E-15 -1.0847074E-15  0.0000000E+00 -2.1785648E-16  0.0000000E+00  0.0000000E+00
   ca46     46   2.1000297E-08  2.1523705E-08  5.2340848E-10  4.3228972E-09  1.0512959E-10  1.6140500E+00
   ca47     47   3.6531513E-24  3.6531513E-24  0.0000000E+00  7.3371184E-25  0.0000000E+00  0.0000000E+00
   ca48     48   3.7831818E-09  2.9316311E-08  2.5533129E-08  5.8879919E-09  5.1284754E-09  5.9978914E-02
   sc45     45   5.9046825E-09  1.3270657E-08  7.3659741E-09  2.6653257E-09  1.4794981E-09  2.5563592E-01
   sc46     46   1.1307129E-19  1.1307129E-19  0.0000000E+00  2.2709638E-20  0.0000000E+00  0.0000000E+00
   sc47     47   1.4927120E-23  1.4927120E-23  0.0000000E+00  2.9980156E-24  0.0000000E+00  0.0000000E+00
   sc48     48   1.8249573E-29  2.2895356E-29  4.6457816E-30  4.5983846E-30  9.3313187E-31  0.0000000E+00
   ti46     46   5.5755933E-10  4.5559922E-08  4.5002363E-08  9.1504164E-09  9.0389820E-09  5.3213639E-03
   ti47     47   1.3728823E-09  4.2838842E-08  4.1465960E-08  8.6039051E-09  8.3286755E-09  1.4119663E-02
   ti48     48  -7.2378157E-09  4.1237496E-07  4.1961277E-07  8.2822851E-08  8.4281623E-08 -7.5827101E-03
   ti49     49   6.5167676E-09  3.7951875E-08  3.1435107E-08  7.6223889E-09  6.3139218E-09  8.1791900E-02
   ti50     50   1.6757969E-08  4.7471172E-08  3.0713203E-08  9.5342783E-09  6.1689232E-09  1.8907848E-01
    v51     51  -8.6711793E-10  6.6819744E-08  6.7686862E-08  1.3420315E-08  1.3595295E-08 -5.6259176E-03
   cr52     52  -6.6064558E-08  2.7086153E-06  2.7746798E-06  5.4400789E-07  5.5731039E-07 -1.0491938E-02
   cr53     53  -8.5499607E-09  3.1212571E-07  3.2067567E-07  6.2688436E-08  6.4409548E-08 -1.1762861E-02
   cr54     54   2.1326912E-08  1.0265590E-07  8.1328984E-08  2.0617774E-08  1.6335393E-08  1.0111214E-01
   mn55     55  -3.0554020E-08  2.3926350E-06  2.4231890E-06  4.8054528E-07  4.8671143E-07 -5.5372389E-03
   fe54     54  -4.8645779E-07  1.5480109E-05  1.5966567E-05  3.1090799E-06  3.2069763E-06 -1.3463880E-02
   fe55     55  -5.5198198E-15 -5.5198198E-15  0.0000000E+00 -1.1086201E-15  0.0000000E+00  0.0000000E+00
   fe56     56  -6.8679801E-06  2.5304290E-04  2.5991088E-04  5.0822033E-05  5.2204588E-05 -1.1656647E-02
   fe57     57   4.3671662E-08  6.1533988E-06  6.1097271E-06  1.2358704E-06  1.2271737E-06  3.0668839E-03
   fe58     58   7.7488136E-07  1.6022487E-06  8.2736739E-07  3.2180131E-07  1.6618148E-07  2.8700522E-01
   fe59     59   1.0756002E-18  1.0756002E-18  0.0000000E+00  2.1602735E-19  0.0000000E+00  0.0000000E+00
   fe60     60   0.0000000E+00  0.0000000E+00  0.0000000E+00  0.0000000E+00  0.0000000E+00  0.0000000E+00
   co59     59   3.2745356E-07  9.6552424E-07  6.3807067E-07  1.9391931E-07  1.2816015E-07  1.7986807E-01
   co60     60   2.2706819E-12  2.2706819E-12  0.0000000E+00  4.5605181E-13  0.0000000E+00  0.0000000E+00
   ni58     58  -2.6677480E-07  8.8626884E-06  9.1294633E-06  1.7800137E-06  1.8337051E-06 -1.2906158E-02
   ni59     59   0.0000000E+00  0.0000000E+00  0.0000000E+00  0.0000000E+00  0.0000000E+00  0.0000000E+00
   ni60     60   1.7628538E-06  5.4007874E-06  3.6379336E-06  1.0847133E-06  7.3069981E-07  1.7157598E-01
   ni61     61   2.3983347E-07  4.0061215E-07  1.6077870E-07  8.0460367E-08  3.2293322E-08  3.9646930E-01
   ni62     62   1.1979606E-06  1.7189814E-06  5.2102075E-07  3.4524632E-07  1.0465001E-07  5.1838988E-01
   ni63     63   0.0000000E+00  0.0000000E+00  0.0000000E+00  0.0000000E+00  0.0000000E+00  0.0000000E+00
   ni64     64   1.2230931E-06  1.3600596E-06  1.3696649E-07  2.7315920E-07  2.7510506E-08  9.9691725E-01
   cu63     63   4.5630173E-07  5.6935426E-07  1.1305253E-07  1.1435112E-07  2.2707249E-08  7.0207596E-01
   cu64     64   3.8557482E-30  3.8557482E-30  0.0000000E+00  7.7440214E-31  0.0000000E+00  0.0000000E+00
   cu65     65   2.4766464E-07  2.9965366E-07  5.1989019E-08  6.0183503E-08  1.0442293E-08  7.6068157E-01
   zn64     64  -4.9646047E-09  1.8872731E-07  1.9369192E-07  3.7904663E-08  3.8904133E-08 -1.1303115E-02
   zn65     65  -2.7551164E-17 -2.7551164E-17  0.0000000E+00 -5.5334735E-18  0.0000000E+00  0.0000000E+00
   zn66     66   2.6215412E-07  3.7675022E-07  1.1459610E-07  7.5667849E-08  2.3017284E-08  5.1685733E-01
   zn67     67   5.8902245E-08  7.5997441E-08  1.7095196E-08  1.5263595E-08  3.4336680E-09  6.4789855E-01
   zn68     68   4.1488261E-07  4.9422943E-07  7.9346805E-08  9.9262792E-08  1.5937262E-08  7.9437280E-01
   zn69     69   0.0000000E+00  0.0000000E+00  0.0000000E+00  0.0000000E+00  0.0000000E+00  0.0000000E+00
   zn70     70   3.4854459E-09  6.1863488E-09  2.7009028E-09  1.2424882E-09  5.4249183E-10  3.5989910E-01
   ga69     69   5.8589276E-08  6.5863716E-08  7.2744402E-09  1.3228302E-08  1.4611130E-09  9.5682025E-01
   ga70     70   0.0000000E+00  0.0000000E+00  0.0000000E+00  0.0000000E+00  0.0000000E+00  0.0000000E+00
   ga71     71   5.3847813E-08  5.8815633E-08  4.9678199E-09  1.1812740E-08  9.9781505E-10  1.0733006E+00
   ge70     70   9.1126786E-08  9.9218070E-08  8.0912832E-09  1.9927310E-08  1.6251807E-09  1.0885471E+00
   ge71     71   5.7032682E-21  5.7032682E-21  0.0000000E+00  1.1454646E-21  0.0000000E+00  0.0000000E+00
   ge72     72   9.3761550E-08  1.0475961E-07  1.0998067E-08  2.1040291E-08  2.2090250E-09  9.7885114E-01
   ge73     73   2.8151559E-08  3.1281338E-08  3.1297789E-09  6.2826548E-09  6.2863403E-10  9.9974537E-01
   ge74     74   1.2520461E-07  1.4009575E-07  1.4891142E-08  2.8137327E-08  2.9909712E-09  9.7347063E-01
   as75     75   1.1584826E-08  1.3767920E-08  2.1830946E-09  2.7651978E-09  4.3848708E-10  7.9976940E-01
   se76     76   4.0439147E-08  4.2712010E-08  2.2728628E-09  8.5784313E-09  4.5651749E-10  1.2739505E+00
   se77     77   1.6138026E-08  1.8013193E-08  1.8751662E-09  3.6178334E-09  3.7663792E-10  9.8252451E-01
   se78     78   1.0666535E-07  1.1258297E-07  5.9176197E-09  2.2611562E-08  1.1885878E-09  1.2792994E+00
   se79     79   0.0000000E+00  0.0000000E+00  0.0000000E+00  0.0000000E+00  0.0000000E+00  0.0000000E+00
   se80     80   1.3786480E-07  1.5053200E-07  1.2667202E-08  3.0233380E-08  2.5442803E-09  1.0749217E+00
   br79     79   2.4166582E-08  2.6192190E-08  2.0256083E-09  5.2605320E-09  4.0685505E-10  1.1115900E+00
   br80     80   0.0000000E+00  0.0000000E+00  0.0000000E+00  0.0000000E+00  0.0000000E+00  0.0000000E+00
   br81     81   1.8547368E-08  2.0567828E-08  2.0204611E-09  4.1309156E-09  4.0582124E-10  1.0077116E+00
   kr80     80   1.5346280E-11  4.9809518E-10  4.8274890E-10  1.0003920E-10  9.6962889E-11  1.3564678E-02
   kr81     81   0.0000000E+00  0.0000000E+00  0.0000000E+00  0.0000000E+00  0.0000000E+00  0.0000000E+00
   kr82     82   6.2844848E-08  6.5324237E-08  2.4793927E-09  1.3119951E-08  4.9800025E-10  1.4207027E+00
   kr83     83   2.2893198E-08  2.5379368E-08  2.4861699E-09  5.0972822E-09  4.9936155E-10  1.0089235E+00
   kr84     84   1.4849813E-07  1.6089851E-07  1.2400383E-08  3.2315427E-08  2.4906881E-09  1.1130906E+00
   kr-5     85   1.0329244E-11  1.0329244E-11  0.0000000E+00  2.0745619E-12  0.0000000E+00  0.0000000E+00
   kr*5     85  -2.4934801E-36 -2.4934801E-36  0.0000000E+00 -5.0079936E-37  0.0000000E+00  0.0000000E+00
   kr86     86   3.8563132E-07  3.8947064E-07  3.8393129E-09  7.8222662E-08  7.7114798E-10  2.0061951E+00
   rb85     85   5.3704639E-08  5.6613622E-08  2.9089815E-09  1.1370481E-08  5.8428562E-10  1.2891537E+00
   rb86     86   6.7083947E-20  6.7083947E-20  0.0000000E+00  1.3473378E-20  0.0000000E+00  0.0000000E+00
   rb87     87   9.4407987E-08  9.5633347E-08  1.2253620E-09  1.9207340E-08  2.4612101E-10  1.8923185E+00
   sr86     86   2.5007775E-08  2.5946933E-08  9.3915864E-10  5.2112741E-09  1.8863540E-10  1.4413208E+00
   sr87     87   1.1414847E-08  1.2078803E-08  6.6395578E-10  2.4259497E-09  1.3335932E-10  1.2598585E+00
   sr88     88   1.8635613E-07  1.9440793E-07  8.0517975E-09  3.9045577E-08  1.6172497E-09  1.3827949E+00
   sr89     89   4.2254216E-19  4.2254216E-19  0.0000000E+00  8.4864866E-20  0.0000000E+00  0.0000000E+00
   sr90     90   1.2344575E-11  1.2344575E-11  0.0000000E+00  2.4793282E-12  0.0000000E+00  0.0000000E+00
    y89     89   4.6323045E-08  4.8428799E-08  2.1057527E-09  9.7266115E-09  4.2295251E-10  1.3616700E+00
    y90     90   3.1218469E-15  3.1218469E-15  0.0000000E+00  6.2700280E-16  0.0000000E+00  0.0000000E+00
    y91     91  -3.6819854E-19 -3.6819854E-19  0.0000000E+00 -7.3950296E-20  0.0000000E+00  0.0000000E+00
   zr90     90   3.2662285E-08  3.4951309E-08  2.2890247E-09  7.0197448E-09  4.5976375E-10  1.1837866E+00
   zr91     91   9.3668895E-09  9.8716217E-09  5.0473237E-10  1.9826514E-09  1.0137838E-10  1.2913010E+00
   zr92     92   1.7719060E-08  1.8499017E-08  7.7995793E-10  3.7154082E-09  1.5665902E-10  1.3750513E+00
   zr93     93   0.0000000E+00  0.0000000E+00  0.0000000E+00  0.0000000E+00  0.0000000E+00  0.0000000E+00
   zr94     94   1.7610560E-08  1.8418158E-08  8.0759693E-10  3.6991681E-09  1.6221047E-10  1.3580253E+00
   zr95     95  -8.8589834E-19 -8.8589834E-19  0.0000000E+00 -1.7792696E-19  0.0000000E+00  0.0000000E+00
   zr96     96   2.1927976E-08  2.2060853E-08  1.3287738E-10  4.4307797E-09  2.6689182E-11  2.2201450E+00
   nb93     93   5.5042593E-09  5.8530052E-09  3.4874575E-10  1.1755383E-09  7.0047586E-11  1.2248437E+00
   nb94     94   6.9446842E-15  6.9446842E-15  0.0000000E+00  1.3947950E-15  0.0000000E+00  0.0000000E+00
   nb95     95  -1.1588854E-18 -1.1588854E-18  0.0000000E+00 -2.3275464E-19  0.0000000E+00  0.0000000E+00
   mo94     94   7.8616280E-13  1.1008603E-10  1.0929987E-10  2.2110069E-11  2.1953507E-11  3.0862128E-03
   mo95     95   2.3533562E-09  2.5445452E-09  1.9118895E-10  5.1105548E-10  3.8401400E-11  1.1241211E+00
   mo96     96   3.4308061E-09  3.6341730E-09  2.0336696E-10  7.2990020E-10  4.0847423E-11  1.2520989E+00
   mo97     97   1.6850363E-09  1.8033464E-09  1.1830999E-10  3.6219047E-10  2.3763240E-11  1.1830314E+00
   mo98     98   4.7914077E-09  5.0951376E-09  3.0373001E-10  1.0233255E-09  6.1005916E-11  1.2246419E+00
   tc99     99   0.0000000E+00  0.0000000E+00  0.0000000E+00  0.0000000E+00  0.0000000E+00  0.0000000E+00
   ru99     99   5.8574567E-10  6.9179501E-10  1.0604932E-10  1.3894257E-10  2.1300612E-11  8.1444323E-01
  ru100    100   2.0456148E-09  2.1513917E-09  1.0577698E-10  4.3209314E-10  2.1245913E-11  1.3083020E+00
  ru101    101   4.1873185E-10  5.6338284E-10  1.4465099E-10  1.1315181E-10  2.9053981E-11  5.9045583E-01
  ru102    102   2.4836389E-09  2.7538016E-09  2.7016273E-10  5.5308330E-10  5.4263736E-11  1.0082809E+00
  rh103    103   3.9190648E-10  5.6443350E-10  1.7252702E-10  1.1336283E-10  3.4653041E-11  5.1472932E-01
  pd104    104   1.2622616E-09  1.3377601E-09  7.5498455E-11  2.6868049E-10  1.5164297E-11  1.2484139E+00
  pd105    105   2.9973007E-10  4.5252163E-10  1.5279154E-10  9.0886049E-11  3.0689055E-11  4.7151375E-01
  pd106    106   1.3674497E-09  1.5562346E-09  1.8878489E-10  3.1255967E-10  3.7918529E-11  9.1608143E-01
  pd107    107   0.0000000E+00  0.0000000E+00  0.0000000E+00  0.0000000E+00  0.0000000E+00  0.0000000E+00
  pd108    108   1.6220055E-09  1.8082280E-09  1.8622250E-10  3.6317091E-10  3.7403858E-11  9.8719466E-01
  ag107    107   2.5743685E-10  3.8568831E-10  1.2825148E-10  7.7463008E-11  2.5760047E-11  4.7814769E-01
  ag108    108   0.0000000E+00  0.0000000E+00  0.0000000E+00  0.0000000E+00  0.0000000E+00  0.0000000E+00
  ag109    109   3.8427234E-10  5.0565052E-10  1.2137819E-10  1.0155665E-10  2.4379505E-11  6.1968344E-01
  cd108    108   2.2873526E-12  9.4790252E-12  7.1916726E-12  1.9038009E-12  1.4444886E-12  1.1990742E-01
  cd109    109   2.7075665E-20  2.7075665E-20  0.0000000E+00  5.4379726E-21  0.0000000E+00  0.0000000E+00
  cd110    110   1.3388719E-09  1.4416672E-09  1.0279533E-10  2.8954955E-10  2.0647033E-11  1.1468652E+00
  cd111    111   4.2302528E-10  5.2932903E-10  1.0630374E-10  1.0631232E-10  2.1351717E-11  6.9715083E-01
  cd112    112   1.6114025E-09  1.8136086E-09  2.0220615E-10  3.6425157E-10  4.0614262E-11  9.5272291E-01
  cd113    113   4.5921561E-10  5.6253152E-10  1.0331593E-10  1.1298083E-10  2.0751597E-11  7.3595333E-01
  cd114    114   2.2196089E-09  2.4646696E-09  2.4506072E-10  4.9501298E-10  4.9221852E-11  1.0024586E+00
  in115    115   4.1254389E-10  5.0494564E-10  9.2401746E-11  1.0141507E-10  1.8559421E-11  7.3753810E-01
  sn116    116   2.9320486E-09  3.2211447E-09  2.8909602E-10  6.4694611E-10  5.8066593E-11  1.0469418E+00
  sn117    117   8.3315271E-10  9.8716979E-10  1.5401709E-10  1.9826668E-10  3.0935216E-11  8.0679655E-01
  sn118    118   3.9687187E-09  4.4383643E-09  4.6964554E-10  8.9141683E-10  9.4331008E-11  9.7542632E-01
  sn119    119   1.1064316E-09  1.2816418E-09  1.7521021E-10  2.5740948E-10  3.5191974E-11  8.6418092E-01
  sn120    120   5.7698299E-09  6.4399495E-09  6.7011929E-10  1.2934223E-09  1.3459729E-10  9.8270404E-01
  sb121    121   4.0254231E-10  5.0588478E-10  1.0334248E-10  1.0160369E-10  2.0756929E-11  6.8974644E-01
  te122    122   7.0605444E-10  7.7474904E-10  6.8694592E-11  1.5560334E-10  1.3797703E-11  1.0522121E+00
  te123    123   2.5470887E-10  2.7888111E-10  2.4172242E-11  5.6011470E-11  4.8551337E-12  1.0620759E+00
  te124    124   1.3052186E-09  1.4350023E-09  1.2978378E-10  2.8821096E-10  2.6067816E-11  1.0436058E+00
  te125    125   4.2294906E-10  6.1809002E-10  1.9514096E-10  1.2413939E-10  3.9195178E-11  5.0067699E-01
  te126    126   2.3578723E-09  2.8820299E-09  5.2415766E-10  5.7883709E-10  1.0528007E-10  7.4021024E-01
   i127    127   2.7613084E-10  9.3351971E-10  6.5738887E-10  1.8749141E-10  1.3204034E-10  1.5227476E-01
  xe128    128   7.4202106E-10  8.1302404E-10  7.1002960E-11  1.6329063E-10  1.4261352E-11  1.0588006E+00
  xe129    129   2.3971763E-10  1.1310752E-09  8.9135760E-10  2.2716916E-10  1.7903429E-10  1.0341313E-01
  xe130    130   1.4273445E-09  1.5715692E-09  1.4422476E-10  3.1563951E-10  2.8968371E-11  1.0372673E+00
  xe131    131   5.1275179E-10  1.2332170E-09  7.2046519E-10  2.4768368E-10  1.4470956E-10  2.3340017E-01
  xe132    132   2.6411098E-09  3.5283945E-09  8.8728469E-10  7.0865525E-10  1.7821621E-10  5.9948784E-01
  xe133    133   1.5369207E-23  1.5369207E-23  0.0000000E+00  3.0868058E-24  0.0000000E+00  0.0000000E+00
  xe134    134   2.2039146E-09  2.5365101E-09  3.3259551E-10  5.0944166E-10  6.6803715E-11  8.8229382E-01
  cs133    133   3.6003922E-10  5.9331584E-10  2.3327662E-10  1.1916365E-10  4.6854950E-11  4.0538836E-01
  cs134    134   7.1050977E-16  7.1050977E-16  0.0000000E+00  1.4270129E-16  0.0000000E+00  0.0000000E+00
  cs135    135   0.0000000E+00  0.0000000E+00  0.0000000E+00  0.0000000E+00  0.0000000E+00  0.0000000E+00
  cs136    136   4.8200598E-22  4.8200598E-22  0.0000000E+00  9.6807786E-23  0.0000000E+00  0.0000000E+00
  cs137    137   0.0000000E+00  0.0000000E+00  0.0000000E+00  0.0000000E+00  0.0000000E+00  0.0000000E+00
  ba134    134   2.8748934E-10  3.5900405E-10  7.1514704E-11  7.2103643E-11  1.4364138E-11  7.0067763E-01
  ba135    135   1.2748141E-09  1.4713168E-09  1.9650270E-10  2.9550448E-10  3.9468696E-11  8.7431133E-01
  ba136    136   2.4721651E-09  2.7080238E-09  2.3585861E-10  5.4388910E-10  4.7373556E-11  1.0599744E+00
  ba137    137   8.3182385E-09  8.6580076E-09  3.3976899E-10  1.7389049E-09  6.8244549E-11  1.4062079E+00
  ba138    138   1.3675525E-08  1.5860287E-08  2.1847630E-09  3.1854364E-09  4.3882217E-10  8.6088037E-01
  la139    139   1.3536517E-09  1.6533115E-09  2.9965977E-10  3.3205694E-10  6.0188382E-11  7.4169993E-01
  ce140    140   2.6525750E-09  3.3393859E-09  6.8681094E-10  6.7069411E-10  1.3794992E-10  6.8680310E-01
  ce141    141   3.8902797E-21  3.8902797E-21  0.0000000E+00  7.8133757E-22  0.0000000E+00  0.0000000E+00
  ce142    142   4.0758061E-10  4.9511417E-10  8.7533571E-11  9.9440484E-11  1.7581620E-11  7.5250435E-01
  pr141    141   2.6689878E-10  3.8526829E-10  1.1836952E-10  7.7378645E-11  2.3775199E-11  5.1249695E-01
  nd142    142   4.2595988E-10  5.8385946E-10  1.5789960E-10  1.1726441E-10  3.1715040E-11  5.6790096E-01
  nd143    143   1.0138834E-10  1.7207913E-10  7.0690787E-11  3.4560983E-11  1.4198649E-11  3.8633901E-01
  nd144    144   2.9173283E-10  4.3222859E-10  1.4049575E-10  8.6810323E-11  2.8219378E-11  4.8802394E-01
  nd145    145   5.4242236E-11  1.0648663E-10  5.2244389E-11  2.1387151E-11  1.0493585E-11  3.0922905E-01
  nd146    146   2.4395341E-10  3.4678571E-10  1.0283228E-10  6.9649668E-11  2.0654452E-11  5.2790534E-01
  nd147    147   3.3730515E-23  3.3730515E-23  0.0000000E+00  6.7745560E-24  0.0000000E+00  0.0000000E+00
  nd148    148   3.7235538E-11  7.2019828E-11  3.4784290E-11  1.4464718E-11  6.9866244E-12  3.1604257E-01
  pm147    147   4.4996248E-16  4.4996248E-16  0.0000000E+00  9.0372056E-17  0.0000000E+00  0.0000000E+00
  pm148    148   5.6559296E-25  5.6559296E-25  0.0000000E+00  1.1359570E-25  0.0000000E+00  0.0000000E+00
  sm147    147   2.9785528E-11  5.7784243E-11  2.7998713E-11  1.1605592E-11  5.6237020E-12  3.1464502E-01
  sm148    148   4.9920793E-11  7.1057965E-11  2.1137172E-11  1.4271534E-11  4.2455219E-12  5.2653956E-01
  sm149    149   9.7981016E-12  3.5962646E-11  2.6164544E-11  7.2228651E-12  5.2552988E-12  1.3811210E-01
  sm150    150   5.2198700E-11  6.6264612E-11  1.4065912E-11  1.3308819E-11  2.8252190E-12  6.7308742E-01
  sm151    151   2.0145008E-14  2.0145008E-14  0.0000000E+00  4.0459948E-15  0.0000000E+00  0.0000000E+00
  sm152    152   4.4435466E-11  9.6097894E-11  5.1662428E-11  1.9300641E-11  1.0376695E-11  2.6951265E-01
  eu151    151   5.5380804E-12  3.9617861E-11  3.4079781E-11  7.9569918E-12  6.8451200E-12  6.5367855E-02
  eu152    152   5.4642526E-18  5.4642526E-18  0.0000000E+00  1.0974598E-18  0.0000000E+00  0.0000000E+00
  eu153    153   6.2012478E-12  4.3896532E-11  3.7695284E-11  8.8163348E-12  7.5713142E-12  6.6116773E-02
  eu154    154   1.1467384E-15  1.1467384E-15  0.0000000E+00  2.3031501E-16  0.0000000E+00  0.0000000E+00
  eu155    155   1.4061463E-15  1.4061463E-15  0.0000000E+00  2.8241540E-16  0.0000000E+00  0.0000000E+00
  gd152    152   2.2235409E-13  7.1997866E-13  4.9762457E-13  1.4460307E-13  9.9950742E-14  1.6039148E-01
  gd153    153   5.1363100E-22  5.1363100E-22  0.0000000E+00  1.0315947E-22  0.0000000E+00  0.0000000E+00
  gd154    154   6.4275803E-12  1.1922959E-11  5.4953789E-12  2.3946494E-12  1.1037784E-12  3.3636007E-01
  gd155    155   1.3936956E-11  5.1486360E-11  3.7549405E-11  1.0340703E-11  7.5420130E-12  1.3706277E-01
  gd156    156   3.3442075E-11  8.5712624E-11  5.2270549E-11  1.7214827E-11  1.0498839E-11  2.1476139E-01
  gd157    157   1.5114042E-11  5.5332308E-11  4.0218266E-11  1.1113136E-11  8.0780686E-12  1.3852912E-01
  gd158    158   6.7197817E-11  1.3144115E-10  6.4243333E-11  2.6399107E-11  1.2903641E-11  3.1087700E-01
  tb159    159   1.2729734E-11  6.1191864E-11  4.8462130E-11  1.2289991E-11  9.7338968E-12  1.0126482E-01
  dy160    160   2.5385293E-11  3.2718644E-11  7.3333509E-12  6.5713281E-12  1.4729456E-12  6.4946651E-01
  dy161    161   7.7636786E-12  6.7612395E-11  5.9848716E-11  1.3579513E-11  1.2020958E-11  5.2945100E-02
  dy162    162   4.5052038E-11  1.2627033E-10  8.1218289E-11  2.5360580E-11  1.6313159E-11  1.9162109E-01
  dy163    163   1.6671539E-11  9.6532143E-11  7.9860604E-11  1.9387858E-11  1.6040459E-11  8.2313016E-02
  dy164    164   9.2175934E-11  1.8338350E-10  9.1207569E-11  3.6831392E-11  1.8319565E-11  3.0330300E-01
  ho165    165   1.3837140E-11  8.4877577E-11  7.1040437E-11  1.7047114E-11  1.4268879E-11  7.7260993E-02
  er166    166   3.6991972E-11  1.0447821E-10  6.7486239E-11  2.0983774E-11  1.3554999E-11  1.8978414E-01
  er167    167   1.3861946E-11  6.0205216E-11  4.6343269E-11  1.2091828E-11  9.3083111E-12  1.1362109E-01
  er168    168   5.8026611E-11  1.1302387E-10  5.4997264E-11  2.2700116E-11  1.1046515E-11  3.1280279E-01
  er169    169   1.8375600E-23  1.8375600E-23  0.0000000E+00  3.6906207E-24  0.0000000E+00  0.0000000E+00
  er170    170   2.3166937E-11  5.3924247E-11  3.0757310E-11  1.0830337E-11  6.1777822E-12  2.4380937E-01
  tm169    169   1.4416673E-11  4.6918504E-11  3.2501831E-11  9.4232781E-12  6.5281795E-12  1.5940993E-01
  tm170    170  -7.5005021E-19 -7.5005021E-19  0.0000000E+00 -1.5064275E-19  0.0000000E+00  0.0000000E+00
  tm171    171  -1.1344193E-16 -1.1344193E-16  0.0000000E+00 -2.2784080E-17  0.0000000E+00  0.0000000E+00
  yb170    170   1.5699038E-11  2.1846237E-11  6.1471986E-12  4.3876756E-12  1.2347001E-12  5.5067307E-01
  yb171    171   2.9956544E-11  5.9193310E-11  2.9236766E-11  1.1888594E-11  5.8723725E-12  3.0631691E-01
  yb172    172   6.6423228E-11  1.1169250E-10  4.5269274E-11  2.2432717E-11  9.0925939E-12  3.9219415E-01
  yb173    173   3.0366432E-11  6.4164382E-11  3.3797951E-11  1.2887002E-11  6.7885120E-12  2.7837732E-01
  yb174    174   1.3925672E-10  2.0688525E-10  6.7628521E-11  4.1551564E-11  1.3583576E-11  4.8557329E-01
  lu175    175   1.7086690E-11  4.7609954E-11  3.0523264E-11  9.5621523E-12  6.1307730E-12  1.9304043E-01
  lu176    176   1.4352807E-11  1.5243761E-11  8.9095414E-13  3.0616111E-12  1.7895325E-13  1.2332104E+00
  lu177    177   7.1367236E-24  7.1367236E-24  0.0000000E+00  1.4333649E-24  0.0000000E+00  0.0000000E+00
  hf176    176  -3.5357568E-13  6.5017232E-12  6.8552989E-12  1.3058291E-12  1.3769261E-12 -2.3024278E-02
  hf177    177   1.4728168E-11  3.9368356E-11  2.4640187E-11  7.9068800E-12  4.9491227E-12  2.0347694E-01
  hf178    178   6.8047686E-11  1.0440190E-10  3.6354218E-11  2.0968447E-11  7.3019533E-12  4.5812726E-01
  hf179    179   2.3826326E-11  4.2079545E-11  1.8253218E-11  8.4514045E-12  3.6662635E-12  3.6270523E-01
  hf180    180   1.2944459E-10  1.7671552E-10  4.7270923E-11  3.5492172E-11  9.4946360E-12  5.7265425E-01
  ta181    181   2.5748058E-11  4.5776345E-11  2.0028286E-11  9.1938835E-12  4.0227964E-12  3.5897097E-01
  ta182    182   2.1467409E-21  2.1467409E-21  0.0000000E+00  4.3115906E-22  0.0000000E+00  0.0000000E+00
  ta183    183   1.4642656E-25  1.4642656E-25  0.0000000E+00  2.9408830E-26  0.0000000E+00  0.0000000E+00
   w182    182   4.4937030E-11  7.6366427E-11  3.1429397E-11  1.5337703E-11  6.3127750E-12  3.8554007E-01
   w183    183   3.0359444E-11  4.7424425E-11  1.7064981E-11  9.5248896E-12  3.4275991E-12  4.4386995E-01
   w184    184   7.9475863E-11  1.1621316E-10  3.6737294E-11  2.3340663E-11  7.3788961E-12  5.0012183E-01
   w185    185  -2.9237965E-20 -2.9237965E-20  0.0000000E+00 -5.8722565E-21  0.0000000E+00  0.0000000E+00
   w186    186   6.9939922E-11  1.0439948E-10  3.4459560E-11  2.0967962E-11  6.9214005E-12  4.8136222E-01
  re185    185   1.7468202E-11  3.4982600E-11  1.7514398E-11  7.0260295E-12  3.5178672E-12  3.0043054E-01
  re186    186   4.8927333E-25  4.8927333E-25  0.0000000E+00  9.8267386E-26  0.0000000E+00  0.0000000E+00
  re187    187   1.0008799E-11  4.1948410E-11  3.1939611E-11  8.4250671E-12  6.4152542E-12  1.1835949E-01
  os186    186   2.1819737E-11  3.1527236E-11  9.7074978E-12  6.3320417E-12  1.9498064E-12  5.1155233E-01
  os187    187   6.1302439E-12  1.3892661E-11  7.7624174E-12  2.7902513E-12  1.5591260E-12  2.5276211E-01
  os188    188   4.8755097E-11  1.3064487E-10  8.1889773E-11  2.6239179E-11  1.6448030E-11  2.0283633E-01
  os189    189   8.2773233E-12  1.0865227E-10  1.0037494E-10  2.1822107E-11  2.0160882E-11  3.4387145E-02
  os190    190   6.3406197E-11  2.2750234E-10  1.6409614E-10  4.5692377E-11  3.2959652E-11  1.4186114E-01
  os191    191   1.4664944E-22  1.4664944E-22  0.0000000E+00  2.9453595E-23  0.0000000E+00  0.0000000E+00
  os192    192   1.2523510E-11  2.7006561E-10  2.5754210E-10  5.4240935E-11  5.1728809E-11  2.0594629E-02
  ir191    191   1.9651780E-12  2.1911481E-10  2.1714963E-10  4.4007794E-11  4.3615746E-11  3.8862678E-03
  ir192    192   7.4787306E-20  7.4787306E-20  0.0000000E+00  1.5020548E-20  0.0000000E+00  0.0000000E+00
  ir193    193   1.5992763E-13  3.6900674E-10  3.6884681E-10  7.4112619E-11  7.4084995E-11  1.6191244E-04
  pt192    192   1.8656023E-11  2.7787377E-11  9.1313537E-12  5.5809151E-12  1.8340848E-12  4.8328599E-01
  pt193    193   4.2642722E-15  4.2642722E-15  0.0000000E+00  8.5645153E-16  0.0000000E+00  0.0000000E+00
  pt194    194   5.2703480E-11  4.4166412E-10  3.8896064E-10  8.8705390E-11  7.8124979E-11  5.5160131E-02
  pt195    195   7.1307404E-12  4.0834303E-10  4.0121229E-10  8.2013063E-11  8.0585788E-11  7.6245894E-03
  pt196    196   1.0200205E-10  4.0288806E-10  3.0088601E-10  8.0917467E-11  6.0434685E-11  1.2675603E-01
  au197    197   2.6627159E-11  2.0796379E-10  1.8133663E-10  4.1768183E-11  3.6422500E-11  5.9475828E-02
  hg198    198   1.1337781E-10  1.5597645E-10  4.2598647E-11  3.1326865E-11  8.5561827E-12  5.6363690E-01
  hg199    199   4.5869732E-11  1.1831135E-10  7.2441615E-11  2.3762070E-11  1.4550314E-11  2.1301192E-01
  hg200    200   1.5111493E-10  2.5080718E-10  9.9692261E-11  5.0373004E-11  2.0023762E-11  4.0065217E-01
  hg201    201   6.1703413E-11  1.1887009E-10  5.7166681E-11  2.3874291E-11  1.1482256E-11  3.1790325E-01
  hg202    202   2.1872587E-10  3.4888242E-10  1.3015655E-10  7.0070783E-11  2.6142689E-11  4.2818674E-01
  tl203    203   1.1942496E-10  1.7090972E-10  5.1484764E-11  3.4326111E-11  1.0341010E-11  5.2106166E-01
  tl204    204   3.1054752E-15  3.1054752E-15  0.0000000E+00  6.2371462E-16  0.0000000E+00  0.0000000E+00
  tl205    205   2.5451713E-10  3.7862957E-10  1.2411244E-10  7.6045302E-11  2.4928696E-11  4.8437288E-01
  pb204    204   7.3330876E-11  1.3849720E-10  6.5166324E-11  2.7816268E-11  1.3089030E-11  3.2739139E-01
  pb205    205   0.0000000E+00  0.0000000E+00  0.0000000E+00  0.0000000E+00  0.0000000E+00  0.0000000E+00
  pb206    206   7.4377743E-10  1.3561116E-09  6.1233413E-10  2.7236624E-10  1.2299083E-10  3.4528059E-01
  pb207    207   7.7051676E-10  1.4514165E-09  6.8089978E-10  2.9150765E-10  1.3676263E-10  3.2868248E-01
  pb208    208   1.6367245E-09  3.5950638E-09  1.9583393E-09  7.2204537E-10  3.9334369E-10  2.6379228E-01
  bi209    209   8.3437465E-11  2.1963527E-10  1.3619780E-10  4.4112325E-11  2.7356109E-11  2.0750560E-01
  bi210    210   0.0000000E+00  0.0000000E+00  0.0000000E+00  0.0000000E+00  0.0000000E+00  0.0000000E+00
  po210    210   0.0000000E+00  0.0000000E+00  0.0000000E+00  0.0000000E+00  0.0000000E+00  0.0000000E+00
