# Initial mass = 3.500, Z =  0.0028, Y =  0.250, M_mix = 1.00E-03
# Final mass = 0.846, Mass expelled =   2.6540
# El  Z   log e(X)   [X/H]    [X/Fe]     X(i)     Net M(i) Mass(i) 
  p   1  12.000000  0.000000  0.000000  7.16922E-01 -9.61349E-02  1.90271E+00
 he   2  10.991482  0.061481  0.764658  2.79177E-01  7.69665E-02  7.40935E-01
  c   6   8.839281  0.369281  1.072457  5.90028E-03  1.43134E-02  1.56593E-02
  n   7   8.162445  0.292445  0.995622  1.44811E-03  3.44900E-03  3.84328E-03
  o   8   7.655646 -1.074354 -0.371177  5.14933E-04 -1.85205E-03  1.36663E-03
  f   9   4.824419  0.364419  1.067596  9.01860E-07  2.18549E-06  2.39354E-06
 ne  10   7.836715 -0.133285  0.569891  9.85480E-04  1.90034E-03  2.61546E-03
 na  11   5.984106 -0.325894  0.377283  1.57637E-05  2.40125E-05  4.18367E-05
 mg  12   7.116150 -0.523849  0.179327  2.25870E-04  1.96600E-04  5.99458E-04
 al  13   6.070524 -0.399476  0.303701  2.25741E-05  2.96748E-05  5.99116E-05
 si  14   6.873688 -0.676312  0.026865  1.49345E-04  1.79599E-05  3.96361E-04
  p  15   4.969874 -0.500126  0.203051  2.05534E-06  1.98383E-06  5.45487E-06
  s  16   6.461427 -0.698573  0.004604  6.59888E-05 -8.57355E-07  1.75134E-04
 cl  17   4.560845 -0.669155  0.034022  9.17298E-07  1.48317E-07  2.43451E-06
 ar  18   5.739131 -0.700869  0.002308  1.55825E-05 -4.22133E-07  4.13560E-05
  k  19   4.398471 -0.681529  0.021647  6.96045E-07  6.47547E-08  1.84730E-06
 ca  20   5.586903 -0.703097  0.000080  1.10108E-05 -4.49567E-07  2.92228E-05
 sc  21   2.532370 -0.517630  0.185546  1.08935E-08  9.75796E-09  2.89114E-08
 ti  22   4.222704 -0.687296  0.015881  5.68528E-07  3.14768E-08  1.50887E-06
  v  23   3.259842 -0.700158  0.003018  6.59067E-08 -1.05778E-09  1.74916E-07
 cr  24   4.920723 -0.719277 -0.016100  3.08109E-06 -6.68160E-08  8.17722E-06
 mn  25   4.774607 -0.705393 -0.002217  2.32536E-06 -1.28462E-07  6.17152E-06
 fe  26   6.836823 -0.703176  0.000000  2.72784E-04 -1.12951E-05  7.23970E-04
 co  27   4.508421 -0.361579  0.341598  1.35142E-06  1.92779E-06  3.58668E-06
 ni  28   5.575297 -0.624703  0.078474  1.56998E-05  6.34496E-06  4.16673E-05
 cu  29   4.060678 -0.189322  0.513854  5.19730E-07  9.50272E-07  1.37936E-06
 zn  30   4.091790 -0.538210  0.164967  5.74698E-07  4.65744E-07  1.52525E-06
 ga  31   2.881320 -0.198680  0.504497  3.77318E-08  6.83101E-08  1.00140E-07
 ge  32   3.333515 -0.246485  0.456692  1.11353E-07  1.98645E-07  2.95531E-07
 as  33   1.939238 -0.360762  0.342414  4.63296E-09  6.61956E-09  1.22959E-08
 se  34   3.197160 -0.142840  0.560336  8.84258E-08  1.75398E-07  2.34682E-07
 br  35   2.367198 -0.172802  0.530375  1.32366E-08  2.46095E-08  3.51301E-08
 kr  36   3.686047  0.436047  1.139223  2.89263E-07  7.11324E-07  7.67703E-07
 rb  37   2.931321  0.571321  1.274498  5.18962E-08  1.30298E-07  1.37733E-07
 sr  38   3.287886  0.407886  1.111062  1.20921E-07  2.95826E-07  3.20923E-07
  y  39   2.717774  0.547774  1.250951  3.30154E-08  8.26294E-08  8.76230E-08
 zr  40   3.167596  0.637596  1.340772  9.54369E-08  2.41552E-07  2.53289E-07
 nb  41   1.937357  0.527357  1.230533  5.72023E-09  1.42747E-08  1.51815E-08
 mo  42   2.506415  0.566415  1.269592  2.18991E-08  5.57199E-08  5.81203E-08
 ru  44   2.100776  0.340776  1.043952  9.06588E-09  2.24273E-08  2.40609E-08
 rh  45   1.016424 -0.043576  0.659601  7.60111E-10  1.56869E-09  2.01733E-09
 pd  46   1.982886  0.332886  1.036063  7.27648E-09  1.77367E-08  1.93118E-08
 ag  47   1.194484 -0.005516  0.697660  1.20057E-09  2.53716E-09  3.18632E-09
 cd  48   2.100031  0.390031  1.093207  1.00659E-08  2.47171E-08  2.67149E-08
 in  49   0.968644  0.208644  0.911821  7.59742E-10  1.77624E-09  2.01636E-09
 sn  50   2.581048  0.511048  1.214225  3.21771E-08  8.08113E-08  8.53981E-08
 sb  51   1.105631  0.095631  0.798807  1.10445E-09  2.66055E-09  2.93122E-09
 te  52   2.224420  0.044420  0.747596  1.52154E-08  3.78816E-08  4.03816E-08
  i  53   1.231805 -0.318195  0.384981  1.53919E-09  2.37526E-09  4.08500E-09
 xe  54   2.538551  0.298551  1.001728  3.22704E-08  7.76911E-08  8.56457E-08
 cs  55   1.207864  0.127864  0.831040  1.52552E-09  3.44198E-09  4.04872E-09
 ba  56   3.289907  1.109906  1.813083  1.90403E-07  4.97453E-07  5.05329E-07
 la  57   2.246102  1.076102  1.779279  1.74115E-08  4.54306E-08  4.62100E-08
 ce  58   2.800268  1.220268  1.923445  6.29170E-08  1.64968E-07  1.66982E-07
 pr  59   1.749917  0.989917  1.693094  5.63463E-09  1.46464E-08  1.49543E-08
 nd  60   2.463186  1.013186  1.716363  2.98047E-08  7.76443E-08  7.91016E-08
 sm  62   1.723204  0.783204  1.486380  5.65391E-09  1.46366E-08  1.50055E-08
 eu  63   0.691858  0.181858  0.885035  5.31632E-10  1.22422E-09  1.41095E-09
 gd  64   1.607440  0.557440  1.260617  4.52942E-09  1.13511E-08  1.20211E-08
 tb  65   0.603716  0.283716  0.986892  4.53858E-10  1.07846E-09  1.20454E-09
 dy  66   1.731245  0.601245  1.304422  6.22459E-09  1.56889E-08  1.65201E-08
 ho  67   0.720562  0.250562  0.953738  6.16415E-10  1.45114E-09  1.63597E-09
 er  68   1.579582  0.659582  1.362759  4.51839E-09  1.14727E-08  1.19918E-08
 tm  69   0.633284  0.513284  1.216460  5.16431E-10  1.28605E-09  1.37061E-09
 yb  70   1.921365  1.001365  1.704541  1.02689E-08  2.67788E-08  2.72536E-08
 lu  71   0.979641  0.889641  1.592817  1.18743E-09  3.06971E-09  3.15144E-09
 hf  72   1.913738  1.203738  1.906915  1.04079E-08  2.72756E-08  2.76227E-08
 ta  73   0.962552  1.082552  1.785729  1.18064E-09  3.08131E-09  3.13342E-09
  w  74   1.851398  1.201398  1.904575  9.28646E-09  2.43348E-08  2.46463E-08
 re  75   0.954905  0.694905  1.398081  1.19375E-09  3.03954E-09  3.16820E-09
 os  76   1.868447  0.518447  1.221624  9.99399E-09  2.49073E-08  2.65241E-08
 ir  77   1.128555 -0.191445  0.511732  1.83806E-09  3.35326E-09  4.87820E-09
 pt  78   1.822497  0.202497  0.905674  9.21972E-09  2.16028E-08  2.44691E-08
 au  79   1.032328  0.232328  0.935504  1.50915E-09  3.53338E-09  4.00529E-09
 hg  80   2.269246  1.099246  1.802423  2.65196E-08  6.93356E-08  7.03831E-08
 tl  81   2.103090  1.333090  2.036267  1.84309E-08  4.84587E-08  4.89157E-08
 pb  82   3.699641  1.659641  2.362818  7.37978E-07  1.94997E-06  1.95859E-06
 bi  83   2.277864  1.627864  2.331041  2.81826E-08  7.44423E-08  7.47967E-08
#  [Rb/Zr]  [ls/Fe]  [hs/Fe]  [hs/ls]  [Pb/hs]
   -0.0663   1.2343   1.8386   0.6043   0.5242
