# Initial mass = 4.500, Z =  0.0028, Y =  0.250, M_mix = 1.00E-04
# Final mass = 0.886, Mass expelled =   3.6140
# El  Z   log e(X)   [X/H]    [X/Fe]     X(i)         Net M(i)      Mass(i)
  p   1  12.000000  0.000000  0.000000  6.86384E-01 -2.41274E-01  2.48059E+00
 he   2  11.056249  0.126248  0.806839  3.10271E-01  2.17181E-01  1.12132E+00
  c   6   8.186647 -0.283353  0.397238  1.25700E-03  2.70997E-03  4.54278E-03
  n   7   8.754509  0.884509  1.565100  5.41951E-03  1.90492E-02  1.95861E-02
  o   8   8.013823 -0.716177 -0.035586  1.12466E-03 -3.18410E-04  4.06453E-03
  f   9   4.106637 -0.353364  0.327227  1.65368E-07  3.14339E-07  5.97640E-07
 ne  10   7.469783 -0.500217  0.180374  4.05332E-04  4.91076E-04  1.46487E-03
 na  11   5.978626 -0.331374  0.349217  1.49030E-05  2.95876E-05  5.38593E-05
 mg  12   7.015274 -0.624726  0.055865  1.71426E-04  7.09548E-05  6.19534E-04
 al  13   5.864686 -0.605313  0.075277  1.34545E-05  7.45054E-06  4.86246E-05
 si  14   6.884960 -0.665040  0.015551  1.46743E-04  1.50531E-05  5.30329E-04
  p  15   4.842959 -0.627040  0.053550  1.46914E-06  5.82898E-07  5.30947E-06
  s  16   6.480449 -0.679551  0.001040  6.60065E-05 -1.10330E-06  2.38548E-04
 cl  17   4.571614 -0.658386  0.022205  9.00273E-07  1.40438E-07  3.25359E-06
 ar  18   5.759910 -0.680090  0.000500  1.56499E-05 -3.31383E-07  5.65587E-05
  k  19   4.410892 -0.669108  0.011482  6.85730E-07  5.08992E-08  2.47823E-06
 ca  20   5.608712 -0.681288 -0.000697  1.10847E-05 -3.45164E-07  4.00602E-05
 sc  21   2.471687 -0.578313  0.102278  9.06948E-09  6.69547E-09  3.27771E-08
 ti  22   4.234090 -0.675910  0.004681  5.58771E-07  7.59906E-09  2.01940E-06
  v  23   3.276419 -0.683581 -0.002991  6.55544E-08 -2.71373E-09  2.36914E-07
 cr  24   4.941468 -0.698532 -0.017941  3.09417E-06 -4.37030E-08  1.11823E-05
 mn  25   4.799021 -0.680979 -0.000389  2.35505E-06 -6.76382E-08  8.51116E-06
 fe  26   6.859409 -0.680591  0.000000  2.75106E-04 -6.98946E-06  9.94234E-04
 co  27   4.456425 -0.413575  0.267016  1.14786E-06  1.88945E-06  4.14838E-06
 ni  28   5.558464 -0.641536  0.039054  1.44596E-05  4.15795E-06  5.22571E-05
 cu  29   3.900764 -0.349236  0.331354  3.44317E-07  6.60062E-07  1.24436E-06
 zn  30   4.019621 -0.610379  0.070212  4.65979E-07  2.41301E-07  1.68405E-06
 ga  31   2.645725 -0.434275  0.246316  2.09995E-08  3.25486E-08  7.58921E-08
 ge  32   3.086302 -0.493698  0.186893  6.03372E-08  8.61270E-08  2.18058E-07
 as  33   1.747532 -0.552468  0.128123  2.85265E-09  2.57992E-09  1.03095E-08
 se  34   2.860780 -0.479220  0.201370  3.90206E-08  6.02918E-08  1.41020E-07
 br  35   2.058259 -0.481741  0.198850  6.22207E-09  8.16056E-09  2.24865E-08
 kr  36   2.961616 -0.288384  0.392206  5.22343E-08  1.12002E-07  1.88775E-07
 rb  37   2.188202 -0.171798  0.508793  8.97662E-09  2.23172E-08  3.24415E-08
 sr  38   2.598855 -0.281145  0.399446  2.36900E-08  5.14400E-08  8.56158E-08
  y  39   1.970945 -0.199055  0.481536  5.66219E-09  1.36633E-08  2.04631E-08
 zr  40   2.381332 -0.148668  0.531923  1.49468E-08  3.80348E-08  5.40178E-08
 nb  41   1.211951 -0.198049  0.482542  1.03063E-09  2.48987E-09  3.72469E-09
 mo  42   1.716128 -0.223872  0.456719  3.39810E-09  9.01210E-09  1.22807E-08
 ru  44   1.338902 -0.421098  0.259492  1.50187E-09  3.20329E-09  5.42775E-09
 rh  45   0.512533 -0.547467  0.133124  2.28077E-10  2.13342E-10  8.24269E-10
 pd  46   1.251129 -0.398871  0.281720  1.29199E-09  2.52446E-09  4.66926E-09
 ag  47   0.667472 -0.532528  0.148062  3.41564E-10  3.50437E-10  1.23441E-09
 cd  48   1.359641 -0.350359  0.330232  1.75209E-09  3.61165E-09  6.33207E-09
 in  49   0.317060 -0.442940  0.237650  1.62247E-10  2.59384E-10  5.86360E-10
 sn  50   1.808026 -0.261974  0.418617  5.19543E-09  1.25303E-08  1.87763E-08
 sb  51   0.417699 -0.592301  0.088289  2.16926E-10  4.15399E-10  7.83969E-10
 te  52   1.475348 -0.704652 -0.024061  2.59601E-09  5.97771E-09  9.38199E-09
  i  53   0.930753 -0.619247  0.061343  7.36775E-10  3.34521E-10  2.66271E-09
 xe  54   1.835246 -0.404754  0.275837  6.11780E-09  1.12778E-08  2.21097E-08
 cs  55   0.616934 -0.463066  0.217524  3.74613E-10  5.27642E-10  1.35385E-09
 ba  56   2.368670  0.188670  0.869261  2.18541E-08  6.82556E-08  7.89808E-08
 la  57   1.340663  0.170663  0.851254  2.07249E-09  6.42857E-09  7.48997E-09
 ce  58   1.879895  0.299895  0.980486  7.23586E-09  2.34080E-08  2.61504E-08
 pr  59   0.866441  0.106441  0.787031  7.05477E-10  2.13033E-09  2.54959E-09
 nd  60   1.573898  0.123898  0.804489  3.68207E-09  1.13226E-08  1.33070E-08
 sm  62   0.843907 -0.096093  0.584498  7.14737E-10  2.08075E-09  2.58306E-09
 eu  63   0.057990 -0.452010  0.228581  1.18260E-10  1.73124E-10  4.27392E-10
 gd  64   0.816854 -0.233146  0.447444  7.02345E-10  1.62597E-09  2.53828E-09
 tb  65  -0.081419 -0.401419  0.279172  8.97181E-11  1.52551E-10  3.24241E-10
 dy  66   0.925491 -0.204509  0.476082  9.32077E-10  2.23678E-09  3.36853E-09
 ho  67   0.050727 -0.419273  0.261318  1.26222E-10  2.04485E-10  4.56165E-10
 er  68   0.759339 -0.160661  0.519930  6.54389E-10  1.65813E-09  2.36496E-09
 tm  69  -0.142537 -0.262537  0.418054  8.28491E-11  1.84266E-10  2.99417E-10
 yb  70   1.021906  0.101906  0.782497  1.23925E-09  3.83200E-09  4.47865E-09
 lu  71   0.103906  0.013906  0.694496  1.51345E-10  4.35660E-10  5.46962E-10
 hf  72   0.999758  0.289758  0.970348  1.21473E-09  3.91747E-09  4.39002E-09
 ta  73   0.069462  0.189462  0.870052  1.44585E-10  4.51564E-10  5.22530E-10
  w  74   0.935784  0.285784  0.966375  1.07977E-09  3.47819E-09  3.90229E-09
 re  75   0.130367 -0.129633  0.550958  1.71187E-10  4.43467E-10  6.18670E-10
 os  76   1.082260 -0.267740  0.412851  1.56548E-09  3.45601E-09  5.65763E-09
 ir  77   0.726405 -0.593595  0.086996  6.97115E-10  4.42824E-10  2.51937E-09
 pt  78   1.157970 -0.462030  0.218561  1.91111E-09  3.00358E-09  6.90675E-09
 au  79   0.371647 -0.428353  0.252237  3.15607E-10  4.97999E-10  1.14061E-09
 hg  80   1.368978  0.198978  0.879568  3.19444E-09  1.01183E-08  1.15447E-08
 tl  81   1.182992  0.412992  1.093583  2.12102E-09  7.04306E-09  7.66535E-09
 pb  82   3.066785  1.026785  1.707376  1.64544E-07  5.82913E-07  5.94661E-07
 bi  83   1.544945  0.894945  1.575535  4.99065E-09  1.75535E-08  1.80362E-08
#  [Rb/Zr]  [ls/Fe]  [hs/Fe]  [hs/ls]  [Pb/hs]
   -0.0231   0.4710   0.9003   0.4294   0.8070
