# Initial mass = 7.000, Z =  0.0028, Y =  0.250, M_mix = 0.00E+00
# Final mass = 1.109, Mass expelled =   5.8910
# El  Z   log e(X)   [X/H]    [X/Fe]     X(i)         Net M(i)      Mass(i)
  p   1  12.000000  0.000000  0.000000  6.51896E-01 -5.96458E-01  3.84032E+00
 he   2  11.130655  0.200655  0.856374  3.49750E-01  5.86589E-01  2.06038E+00
  c   6   7.354379 -1.115622 -0.459903  1.75661E-04 -1.95276E-03  1.03482E-03
  n   7   8.354858  0.484859  1.140577  2.05079E-03  1.12060E-02  1.20812E-02
  o   8   7.688571 -1.041428 -0.385709  5.05106E-04 -4.16883E-03  2.97558E-03
  f   9   2.262899 -2.197101 -1.541382  2.25074E-09 -4.48536E-07  1.32591E-08
 ne  10   7.329091 -0.640909  0.014810  2.78439E-04  5.29550E-05  1.64028E-03
 na  11   5.375762 -0.934237 -0.278519  3.53199E-06 -1.87570E-05  2.08069E-05
 mg  12   6.967927 -0.672073 -0.016354  1.45996E-04 -3.41489E-05  8.60062E-04
 al  13   6.074886 -0.395113  0.260605  2.07338E-05  5.50270E-05  1.22143E-04
 si  14   6.901819 -0.648181  0.007537  1.44886E-04  1.35986E-05  8.53524E-04
  p  15   4.822649 -0.647351  0.008368  1.33157E-06  1.39724E-07  7.84428E-06
  s  16   6.504486 -0.655514  0.000205  6.62575E-05 -3.19968E-07  3.90323E-04
 cl  17   4.583515 -0.646485  0.009234  8.78792E-07  1.02373E-07  5.17696E-06
 ar  18   5.784261 -0.655739 -0.000020  1.57208E-05 -1.22585E-07  9.26111E-05
  k  19   4.427909 -0.652091  0.003628  6.77302E-07  3.33180E-08  3.98998E-06
 ca  20   5.634146 -0.655854 -0.000135  1.11627E-05 -1.03246E-07  6.57595E-05
 sc  21   2.414815 -0.635185  0.020534  7.55651E-09  2.00102E-09  4.45154E-08
 ti  22   4.254956 -0.655044  0.000675  5.56814E-07  8.62201E-10  3.28019E-06
  v  23   3.300980 -0.659020 -0.003302  6.58830E-08 -2.48752E-09  3.88117E-07
 cr  24   4.965283 -0.674717 -0.018998  3.10435E-06 -1.12886E-08  1.82877E-05
 mn  25   4.830334 -0.649666  0.006053  2.40395E-06  1.77791E-07  1.41617E-05
 fe  26   6.884281 -0.655719  0.000000  2.76684E-04 -2.10083E-06  1.62994E-03
 co  27   4.266979 -0.603021  0.052698  7.04783E-07  4.69697E-07  4.15188E-06
 ni  28   5.551135 -0.648865  0.006854  1.35033E-05  1.14382E-06  7.95477E-05
 cu  29   3.684610 -0.565390  0.090329  1.98800E-07  2.18695E-07  1.17113E-06
 zn  30   3.989952 -0.640048  0.015671  4.13340E-07  8.32370E-08  2.43499E-06
 ga  31   2.490508 -0.589492  0.066227  1.39509E-08  1.15326E-08  8.21847E-08
 ge  32   2.946704 -0.633296  0.022423  4.15525E-08  2.97310E-08  2.44786E-07
 as  33   1.669452 -0.630548  0.025171  2.26350E-09  7.34698E-10  1.33343E-08
 se  34   2.703202 -0.636798  0.018921  2.57827E-08  2.02939E-08  1.51886E-07
 br  35   1.929532 -0.610468  0.045251  4.39358E-09  2.53050E-09  2.58826E-08
 kr  36   2.662470 -0.587530  0.068189  2.49128E-08  2.16172E-08  1.46761E-07
 rb  37   1.824656 -0.535343  0.120375  3.69129E-09  5.24235E-09  2.17454E-08
 sr  38   2.267311 -0.612689  0.043030  1.04865E-08  6.06795E-09  6.17762E-08
  y  39   1.549372 -0.620628  0.035090  2.03714E-09  9.16740E-10  1.20008E-08
 zr  40   1.895345 -0.634655  0.021064  4.63630E-09  1.25940E-09  2.73125E-08
 nb  41   0.766396 -0.643604  0.012114  3.50879E-10  5.42204E-11  2.06703E-09
 mo  42   1.181361 -0.758639 -0.102920  9.42060E-10  2.21657E-10  5.54967E-09
 ru  44   0.979477 -0.780523 -0.124804  6.23472E-10  4.69076E-11  3.67288E-09
 rh  45   0.396378 -0.663622 -0.007904  1.65782E-10 -1.92215E-11  9.76620E-10
 pd  46   0.941855 -0.708145 -0.052426  6.02000E-10  5.02511E-11  3.54638E-09
 ag  47   0.539849 -0.660151 -0.004432  2.41802E-10 -1.64655E-11  1.42446E-09
 cd  48   1.022089 -0.687911 -0.032192  7.64919E-10  7.17195E-11  4.50614E-09
 in  49   0.082339 -0.677661 -0.021942  8.97569E-11 -4.23001E-12  5.28758E-10
 sn  50   1.356049 -0.713951 -0.058233  1.74283E-09  8.57137E-11  1.02670E-08
 sb  51   0.109478 -0.900522 -0.244803  1.01321E-10 -3.90427E-12  5.96884E-10
 te  52   1.058963 -1.121037 -0.465318  9.45216E-10  1.91203E-11  5.56827E-09
  i  53   0.882136 -0.667864 -0.012145  6.25648E-10 -1.09365E-10  3.68569E-09
 xe  54   1.550427 -0.689573 -0.033854  3.01570E-09  1.08830E-10  1.77655E-08
 cs  55   0.419416 -0.660584 -0.004865  2.25775E-10 -1.67210E-11  1.33004E-09
 ba  56   1.528498 -0.651502  0.004216  2.99897E-09  1.84336E-10  1.76669E-08
 la  57   0.515813 -0.654187  0.001532  2.94613E-10  5.43565E-12  1.73556E-09
 ce  58   0.924323 -0.655677  0.000042  7.61253E-10  1.42601E-11  4.48454E-09
 pr  59   0.102787 -0.657213 -0.001494  1.15463E-10 -3.22559E-12  6.80190E-10
 nd  60   0.770328 -0.679672 -0.023954  5.49707E-10  3.64020E-12  3.23832E-09
 sm  62   0.155533 -0.784467 -0.128748  1.39118E-10  7.54896E-13  8.19545E-10
 eu  63  -0.166308 -0.676308 -0.020590  6.70118E-11 -1.97024E-11  3.94766E-10
 gd  64   0.396973 -0.653027  0.002692  2.53677E-10  7.30971E-12  1.49441E-09
 tb  65  -0.350001 -0.670001 -0.014283  4.59102E-11 -9.40631E-12  2.70457E-10
 dy  66   0.476511 -0.653489  0.002230  3.14835E-10  9.89619E-12  1.85469E-09
 ho  67  -0.199384 -0.669384 -0.013665  6.73961E-11 -1.32207E-11  3.97030E-10
 er  68   0.260970 -0.659030 -0.003311  1.97278E-10  9.99534E-12  1.16216E-09
 tm  69  -0.544933 -0.664933 -0.009215  3.11531E-11 -4.17778E-12  1.83523E-10
 yb  70   0.208966 -0.711034 -0.055315  1.81064E-10  1.25803E-11  1.06665E-09
 lu  71  -0.570651 -0.660651 -0.004932  3.04104E-11 -2.28036E-12  1.79148E-10
 hf  72   0.057203 -0.652797  0.002922  1.31685E-10  5.46641E-12  7.75755E-10
 ta  73  -0.784087 -0.664087 -0.008368  1.92391E-11 -2.34037E-12  1.13337E-10
  w  74  -0.004873 -0.654873  0.000846  1.17567E-10  1.28481E-12  6.92587E-10
 re  75  -0.409853 -0.669853 -0.014134  4.68664E-11 -9.50037E-12  2.76090E-10
 os  76   0.691083 -0.658917 -0.003198  6.04060E-10 -3.02320E-11  3.55852E-09
 ir  77   0.648685 -0.671316 -0.015597  5.53597E-10 -1.23636E-10  3.26124E-09
 pt  78   0.940048 -0.679952 -0.024233  1.09894E-09  1.11491E-10  6.47386E-09
 au  79   0.138890 -0.661110 -0.005391  1.75389E-10 -1.42647E-11  1.03321E-09
 hg  80   0.492232 -0.677768 -0.022049  4.02958E-10  4.87190E-11  2.37382E-09
 tl  81   0.118218 -0.651782  0.003937  1.73533E-10  7.91556E-12  1.02228E-09
 pb  82   1.386331 -0.653669  0.002049  3.26166E-09  6.59153E-11  1.92145E-08
 bi  83  -0.004513 -0.654513  0.001206  1.33755E-10  1.16379E-12  7.87951E-10
#  [Rb/Zr]  [ls/Fe]  [hs/Fe]  [hs/ls]  [Pb/hs]
    0.0993   0.0331   0.0019  -0.0311   0.0001
