# Final abundances
# El  Z   log e(X)   [X/H]    [X/Fe]     [X/O]      X(i)
  p   1  12.000000  0.000000  0.000000  0.000000 6.28409E-01
 he   2  11.155815  0.225815  2.354209  1.115332 3.57259E-01
 li   3  -1.614815 -4.874815 -2.746421 -3.985298 1.05048E-13
 be   4  -3.998052 -5.298052 -3.169658 -4.408535 5.64354E-16
  b   5   0.000000 -2.790000  0.000000  0.000000 1.24951E-22
  c   6   8.625549  0.155549  2.283943  1.045066 3.16162E-03
  n   7   9.226978  1.356978  3.485373  2.246496 1.47267E-02
  o   8   7.840482 -0.889517  1.238877  0.000000 6.90807E-04
  f   9   1.841282 -2.578718 -0.450324 -1.689201 8.21810E-10
 ne  10   7.492969 -0.477031  1.651363  0.412487 3.91446E-04
 na  11   5.875167 -0.364832  1.763562  0.524685 1.07520E-05
 mg  12   7.505126 -0.134873  1.993521  0.754644 4.84846E-04
 al  13   6.086171 -0.363829  1.764565  0.525688 2.05129E-05
 si  14   6.069724 -1.480277  0.648118 -0.590759 2.05587E-05
  p  15   4.815302 -0.594697  1.533697  0.294820 1.26206E-06
  s  16   5.097278 -2.052722  0.075672 -1.163205 2.50087E-06
 cl  17   3.196361 -2.033639  0.094755 -1.144122 3.47373E-08
 ar  18   4.323636 -2.116364  0.012030 -1.226847 5.24702E-07
  k  19   3.019310 -2.060690  0.067704 -1.171173 2.54827E-08
 ca  20   4.166086 -2.123914  0.004480 -1.234396 3.66247E-07
 sc  21   1.390519 -1.659481  0.468913 -0.769964 6.88793E-10
 ti  22   2.837854 -2.072145  0.056249 -1.182628 2.05434E-08
  v  23   1.847668 -2.112332  0.016062 -1.222815 2.23628E-09
 cr  24   3.497762 -2.142238 -0.013844 -1.252721 1.01980E-07
 mn  25   3.356743 -2.123257  0.005137 -1.233740 7.78748E-08
 fe  26   5.411606 -2.128394  0.000000 -1.238877 8.98198E-06
 co  27   2.937118 -1.932882  0.195512 -1.043365 3.17876E-08
 ni  28   4.282301 -1.917699  0.210695 -1.028182 7.00921E-07
 cu  29   3.138659 -1.111341  1.017053 -0.221824 5.45166E-08
 zn  30   3.267342 -1.362659  0.765736 -0.473141 7.54677E-08
 ga  31   2.388389 -0.691611  1.436783  0.197906 1.06303E-08
 ge  32   2.862443 -0.717557  1.410837  0.171960 3.29914E-08
 as  33   1.403225 -0.896775  1.231619 -0.007258 1.18200E-09
 se  34   2.791224 -0.548776  1.579618  0.340741 3.04377E-08
 br  35   1.941381 -0.598619  1.529776  0.290899 4.35243E-09
 kr  36   3.115585 -0.134415  1.993979  0.755103 6.81712E-08
 rb  37   2.484369 -0.035631  2.092763  0.853887 1.62538E-08
 sr  38   2.674383 -0.205617  1.922777  0.683900 2.58088E-08
  y  39   2.017551 -0.192449  1.935946  0.697069 5.77118E-09
 zr  40   2.402220 -0.127780  2.000614  0.761737 1.43585E-08
 nb  41   1.118298 -0.291702  1.836692  0.597815 7.60541E-10
 mo  42   1.469830 -0.470170  1.658224  0.419347 1.76446E-09
 tc  43   0.058181 -9.000000  0.000000  0.000000 6.98535E-11
 ru  44   1.069510 -0.690490  1.437905  0.199028 7.39459E-10
 rh  45  -0.010718 -1.070718  1.057676 -0.181201 6.25899E-11
 pd  46   1.014761 -0.635239  1.493155  0.254278 6.86382E-10
 ag  47   0.183950 -1.016050  1.112345 -0.126532 1.02713E-10
 cd  48   1.124607 -0.585393  1.543001  0.304124 9.33680E-10
 in  49  -0.038536 -0.798536  1.329858  0.090981 6.55022E-11
 sn  50   1.503167 -0.566833  1.561561  0.322685 2.35741E-09
 sb  51  -0.040550 -1.050550  1.077844 -0.161033 6.91410E-11
 te  52   1.049065 -1.130935  0.997459 -0.241418 8.90630E-10
  i  53  -0.038452 -1.588452  0.539942 -0.698935 7.24110E-11
 xe  54   1.285787 -0.954213  1.174181 -0.064696 1.58056E-09
 cs  55  -0.052412 -1.132412  0.995982 -0.242895 7.34364E-11
 ba  56   1.768442 -0.411558  1.716836  0.477959 5.02319E-09
 la  57   0.509435 -0.660565  1.467829  0.228952 2.79858E-10
 ce  58   0.908072 -0.671929  1.456466  0.217589 7.06872E-10
 pr  59  -0.130350 -0.890350  1.238044 -0.000833 6.50679E-11
 nd  60   0.478829 -0.971171  1.157223 -0.081653 2.70830E-10
 pm  61   0.000000 -9.000000  0.000000  0.000000 2.93332E-25
 sm  62  -0.284597 -1.224597  0.903797 -0.335080 4.86762E-11
 eu  63  -1.196099 -1.706099  0.422295 -0.816582 6.03147E-12
 gd  64  -0.397568 -1.447568  0.680826 -0.558050 3.92469E-11
 tb  65  -1.293057 -1.613057  0.515337 -0.723540 5.04564E-12
 dy  66  -0.265213 -1.395213  0.733181 -0.505696 5.50076E-11
 ho  67  -1.216710 -1.686710  0.441684 -0.797193 6.24269E-12
 er  68  -0.431556 -1.351556  0.776838 -0.462039 3.86025E-11
 tm  69  -1.357409 -1.477409  0.650985 -0.587892 4.62476E-12
 yb  70  -0.166316 -1.086316  1.042078 -0.196799 7.35549E-11
 lu  71  -1.103580 -1.193580  0.934815 -0.304062 8.59326E-12
 hf  72  -0.271095 -0.981095  1.147299 -0.091578 5.96074E-11
 ta  73  -1.215902 -1.095902  1.032492 -0.206385 6.86172E-12
  w  74  -0.304933 -0.954933  1.173462 -0.065415 5.67923E-11
 re  75  -1.132381 -1.392381  0.736013 -0.502864 8.55848E-12
 os  76  -0.272653 -1.622653  0.505741 -0.733135 6.33007E-11
 ir  77  -0.661533 -1.981533  0.146861 -1.092016 2.61240E-11
 pt  78  -0.172218 -1.792218  0.336176 -0.902701 8.18034E-11
 au  79  -0.955856 -1.755856  0.372538 -0.866339 1.35931E-11
 hg  80   0.091382 -1.078618  1.049776 -0.189101 1.54338E-10
 tl  81  -0.111842 -0.881842  1.246552  0.007675 9.84881E-11
 pb  82   0.874891 -1.165109  0.963285 -0.275591 9.68417E-10
 bi  83  -0.640306 -1.290305  0.838089 -0.400788 2.98250E-11
 po  84  -0.905391 -9.000000  0.000000  0.000000 1.62008E-11
#[ls/Fe]_Thiswork =   1.9531, [hs/Fe]_Thiswork =   1.5470
#[hs/ls]_Thiswork =  -0.4061, [Pb/hs]_Thiswork =  -0.5838
# C/O = 6.0963E+00, c12/c13 = 1.00406E+01, n14/n15 = 4.91186E+04
# o16/o17 = 4.53280E+02, o16/o18 = 1.67461E+06
# mg24/mg25 = 2.1585E-01, mg24/mg26 = 6.5945E-02
# si28/si29 = 8.1032E+00, si28/si30 = 4.7829E+00
# cl36/cl35 = 6.4866E-03, cl37/cl35 = 4.2523E-01
