# Initial abundances
# El  Z   log e(X)   [X/H]    [X/Fe]     [X/O]      X(i)
  p   1  12.000000  0.000000  0.000000  0.000000 7.54927E-01
 he   2  10.922997 -0.007004  2.186210  1.890196 2.51088E-01
 li   3   2.083981 -1.176019  1.017194  0.721181 6.30737E-10
 be   4   0.000000 -1.300000  0.000000  0.000000 0.00000E+00
  b   5   0.000000 -2.790000  0.000000  0.000000 0.00000E+00
  c   6   6.072402 -2.397599 -0.204385 -0.500399 1.06274E-05
  n   7   4.646699 -3.223300 -1.030087 -1.326100 4.65039E-07
  o   8   6.832799 -1.897200  0.296013  0.000000 8.15337E-05
  f   9   0.676831 -3.743169 -1.549955 -1.845969 6.76058E-11
 ne  10   6.073698 -1.896302  0.296912  0.000898 1.79087E-05
 na  11   3.852564 -2.387436 -0.194222 -0.490236 1.22616E-07
 mg  12   5.747832 -1.892168  0.301046  0.005033 1.01853E-05
 al  13   4.263237 -2.186763  0.006451 -0.289563 3.70473E-07
 si  14   5.661035 -1.888965  0.304248  0.008235 9.63762E-06
  p  15   3.183246 -2.226754 -0.033541 -0.329554 3.53743E-08
  s  16   5.268762 -1.881238  0.311975  0.015962 4.45901E-06
 cl  17   2.422245 -2.807755 -0.614542 -0.910555 7.02010E-09
 ar  18   4.503964 -1.936036  0.257177 -0.038836 9.54781E-07
  k  19   1.992335 -3.087665 -0.894451 -1.190464 2.87697E-09
 ca  20   4.394652 -1.895348  0.297866  0.001853 7.44737E-07
 sc  21  -0.251838 -3.301838 -1.108624 -1.404638 1.88536E-11
 ti  22   2.462238 -2.447762 -0.254548 -0.550561 1.03925E-08
  v  23   1.460197 -2.499803 -0.306589 -0.602602 1.10083E-09
 cr  24   3.450157 -2.189843  0.003371 -0.292643 1.09792E-07
 mn  25   2.626850 -2.853150 -0.659936 -0.955950 1.74248E-08
 fe  26   5.346786 -2.193213  0.000000 -0.296013 9.29428E-06
 co  27   2.457133 -2.412867 -0.219653 -0.515666 1.26455E-08
 ni  28   3.673766 -2.526234 -0.333020 -0.629034 2.07395E-07
 cu  29   1.321825 -2.928175 -0.734962 -1.030975 9.98525E-10
 zn  30   2.423494 -2.206506 -0.013292 -0.309306 1.29890E-08
 ga  31   0.317491 -2.762509 -0.569296 -0.865309 1.08470E-10
 ge  32   0.936047 -2.643953 -0.450740 -0.746753 4.69534E-10
 as  33   0.541794 -1.758206  0.435007  0.138994 1.95366E-10
 se  34   1.403515 -1.936485  0.256728 -0.039285 1.49750E-09
 br  35   0.724277 -1.815722  0.377491  0.081478 3.17169E-10
 kr  36   1.305946 -1.944054  0.249160 -0.046854 1.26948E-09
 rb  37   0.377258 -2.142742  0.050472 -0.245542 1.52583E-10
 sr  38   0.800711 -2.079289  0.113924 -0.182089 4.14724E-10
  y  39   0.192053 -2.017947  0.175266 -0.120747 1.03616E-10
 zr  40   0.509699 -2.020301  0.172912 -0.123101 2.20929E-10
 nb  41  -0.576715 -1.986714  0.206499 -0.089514 1.84406E-11
 mo  42  -0.264065 -2.204065 -0.010851 -0.306865 3.91183E-11
 tc  43   0.000000 -9.000000  0.000000  0.000000 0.00000E+00
 ru  44  -0.309307 -2.069307  0.123906 -0.172107 3.71331E-11
 rh  45  -0.737174 -1.797174  0.396039  0.100026 1.41160E-11
 pd  46  -0.299013 -1.949013  0.244200 -0.051813 4.00365E-11
 ag  47  -0.547101 -1.747101  0.446112  0.150099 2.29212E-11
 cd  48  -0.254547 -1.964547  0.228666 -0.067347 4.68498E-11
 in  49  -1.072339 -1.832339  0.360874  0.064861 7.27974E-12
 sn  50  -0.068453 -2.138453  0.054761 -0.241253 7.59416E-11
 sb  51  -1.110148 -2.120148  0.073065 -0.222948 7.07621E-12
 te  52  -0.159162 -2.339162 -0.145948 -0.441962 6.62422E-11
  i  53  -0.289804 -1.839804  0.353409  0.057396 4.87659E-11
 xe  54   0.353600 -1.886400  0.306813  0.010800 2.21966E-10
 cs  55  -0.701777 -1.781777  0.411437  0.115424 1.97792E-11
 ba  56   0.195560 -1.984441  0.208773 -0.087240 1.61347E-10
 la  57  -0.842079 -2.012079  0.181134 -0.114879 1.49653E-11
 ce  58  -0.481664 -2.061664  0.131550 -0.164464 3.46154E-11
 pr  59  -1.174972 -1.934972  0.258242 -0.037771 7.05358E-12
 nd  60  -0.532823 -1.982823  0.210391 -0.085623 3.16744E-11
 pm  61   0.000000 -9.000000  0.000000  0.000000 0.00000E+00
 sm  62  -1.055896 -1.995896  0.197318 -0.098696 9.90105E-12
 eu  63  -1.269807 -1.779807  0.413407  0.117393 6.11476E-12
 gd  64  -0.869785 -1.919785  0.273428 -0.022585 1.58946E-11
 tb  65  -1.440248 -1.760247  0.432966  0.136953 4.31907E-12
 dy  66  -0.650101 -1.780101  0.413113  0.117099 2.72394E-11
 ho  67  -1.298374 -1.768374  0.424839  0.128826 6.21399E-12
 er  68  -0.879278 -1.799278  0.393935  0.097922 1.65408E-11
 tm  69  -1.706177 -1.826177  0.367037  0.071023 2.48878E-12
 yb  70  -1.016904 -1.936904  0.256310 -0.039704 1.24649E-11
 lu  71  -1.695941 -1.785941  0.407272  0.111259 2.63913E-12
 hf  72  -1.183446 -1.893446  0.299767  0.003754 8.76219E-12
 ta  73  -1.999813 -1.879813  0.313400  0.017387 1.35577E-12
  w  74  -1.267582 -1.917582  0.275632 -0.020382 7.43539E-12
 re  75  -1.539665 -1.799665  0.393548  0.097535 4.02509E-12
 os  76  -0.400547 -1.750547  0.442666  0.146653 5.66470E-11
 ir  77  -0.415135 -1.735135  0.458078  0.162065 5.53480E-11
 pt  78  -0.140485 -1.760485  0.432729  0.136715 1.05723E-10
 au  79  -0.974545 -1.774544  0.418669  0.122656 1.56420E-11
 hg  80  -0.915872 -2.085872  0.107342 -0.188672 1.82340E-11
 tl  81  -1.218677 -1.988677  0.204537 -0.091476 9.25152E-12
 pb  82  -0.045004 -2.085004  0.108210 -0.187804 1.39904E-10
 bi  83  -1.175535 -1.825535  0.367678  0.071665 1.04475E-11
 po  84   0.000000 -9.000000  0.000000  0.000000 0.00000E+00
#[ls/Fe]_Bisterzo =   0.1741, [hs/Fe]_Bisterzo =   0.1963
#[hs/ls]_Bisterzo =   0.0222, [Pb/hs]_Bisterzo =  -0.0881
#[ls/Fe]_Thiswork =   0.1540, [hs/Fe]_Thiswork =   0.1738
#[hs/ls]_Thiswork =   0.0198, [Pb/hs]_Thiswork =  -0.0656
# C/O = 1.7362E-01, c12/c13 = 1.81226E+03, n14/n15 = 3.52617E+03
# o16/o17 = 6.20847E+04, o16/o18 = 4.62354E+03
# mg24/mg25 = 1.5793E+02, mg24/mg26 = 1.7945E+02
#
# During TP-AGB
#  TP   Mass     Mcore    Menv    log L
#  1 1.425910 0.600240 0.825670 3.614190
# El  Z   log e(X)   [X/H]    [X/Fe]     [X/O]      X(i)
  p   1  12.000000  0.000000  0.000000  0.000000 7.03439E-01
 he   2  11.034268  0.104268  2.297482  2.001468 3.02287E-01
 li   3   1.798910 -1.461090  0.732124  0.436110 3.04859E-10
 be   4   0.000000 -1.300000  0.000000  0.000000 0.00000E+00
  b   5   0.000000 -2.790000  0.000000  0.000000 2.08108E-22
  c   6   5.827093 -2.642907 -0.449694 -0.745707 5.62909E-06
  n   7   6.100403 -1.769597  0.423617  0.127604 1.23173E-05
  o   8   6.825203 -1.904797  0.288417  0.000000 7.46555E-05
  f   9   0.752034 -3.667966 -1.474752 -1.763169 7.49045E-11
 ne  10   6.095576 -1.874424  0.318790  0.030373 1.75495E-05
 na  11   4.461769 -1.778231  0.414983  0.126566 4.64595E-07
 mg  12   5.779292 -1.860708  0.332505  0.044088 1.02036E-05
 al  13   4.352118 -2.097882  0.095332 -0.193085 4.23602E-07
 si  14   5.691947 -1.858053  0.335160  0.046743 9.64280E-06
  p  15   3.221022 -2.188978  0.004235 -0.284182 3.59571E-08
  s  16   5.299441 -1.850559  0.342654  0.054237 4.45901E-06
 cl  17   2.453000 -2.777000 -0.583786 -0.872203 7.02132E-09
 ar  18   4.534642 -1.905358  0.287856 -0.000561 9.54780E-07
  k  19   2.023010 -3.056990 -0.863776 -1.152193 2.87694E-09
 ca  20   4.425331 -1.864669  0.328544  0.040127 7.44737E-07
 sc  21  -0.221123 -3.271123 -1.077909 -1.366326 1.88552E-11
 ti  22   2.492918 -2.417082 -0.223868 -0.512285 1.03925E-08
  v  23   1.490872 -2.469128 -0.275914 -0.564331 1.10082E-09
 cr  24   3.480836 -2.159164  0.034050 -0.254367 1.09792E-07
 mn  25   2.657545 -2.822455 -0.629241 -0.917658 1.74255E-08
 fe  26   5.377465 -2.162535  0.000000 -0.257738 9.29428E-06
 co  27   2.487813 -2.382187 -0.219652 -0.477390 1.26455E-08
 ni  28   3.704445 -2.495555 -0.333020 -0.590758 2.07395E-07
 cu  29   1.352540 -2.897460 -0.734925 -0.992663 9.98606E-10
 zn  30   2.454171 -2.175829 -0.013294 -0.271032 1.29890E-08
 ga  31   0.348173 -2.731827 -0.569292 -0.827030 1.08471E-10
 ge  32   0.966724 -2.613276 -0.450741 -0.708479 4.69533E-10
 as  33   0.572448 -1.727552  0.434983  0.177244 1.95354E-10
 se  34   1.434196 -1.905804  0.256730 -0.001008 1.49751E-09
 br  35   0.754949 -1.785051  0.377483  0.119745 3.17164E-10
 kr  36   1.336629 -1.913371  0.249164 -0.008574 1.26949E-09
 rb  37   0.405532 -2.114468  0.048067 -0.209671 1.51740E-10
 sr  38   0.832296 -2.047704  0.114831 -0.142907 4.15591E-10
  y  39   0.222731 -1.987269  0.175265 -0.082473 1.03616E-10
 zr  40   0.540378 -1.989622  0.172912 -0.084826 2.20929E-10
 nb  41  -0.546046 -1.956046  0.206488 -0.051250 1.84401E-11
 mo  42  -0.233378 -2.173378 -0.010844 -0.268582 3.91190E-11
 tc  43   0.000000 -9.000000  0.000000  0.000000 0.00000E+00
 ru  44  -0.278630 -2.038630  0.123904 -0.133834 3.71328E-11
 rh  45  -0.706515 -1.766515  0.396019  0.138281 1.41154E-11
 pd  46  -0.268328 -1.918328  0.244207 -0.013531 4.00370E-11
 ag  47  -0.516438 -1.716438  0.446097  0.188359 2.29203E-11
 cd  48  -0.223856 -1.933856  0.228679 -0.029059 4.68510E-11
 in  49  -1.041676 -1.801676  0.360859  0.103121 7.27949E-12
 sn  50  -0.037771 -2.107771  0.054764 -0.202975 7.59420E-11
 sb  51  -1.079481 -2.089481  0.073054 -0.184685 7.07602E-12
 te  52  -0.128483 -2.308483 -0.145948 -0.403686 6.62421E-11
  i  53  -0.259149 -1.809149  0.353386  0.095648 4.87632E-11
 xe  54   0.384284 -1.855716  0.306819  0.049081 2.21969E-10
 cs  55  -0.671112 -1.751112  0.411423  0.153684 1.97786E-11
 ba  56   0.226242 -1.953758  0.208777 -0.048961 1.61348E-10
 la  57  -0.811401 -1.981401  0.181133 -0.076605 1.49653E-11
 ce  58  -0.450984 -2.030984  0.131551 -0.126187 3.46155E-11
 pr  59  -1.144299 -1.904299  0.258236  0.000498 7.05348E-12
 nd  60  -0.502144 -1.952144  0.210391 -0.047347 3.16744E-11
 pm  61   0.000000 -9.000000  0.000000  0.000000 0.00000E+00
 sm  62  -1.025170 -1.965170  0.197364 -0.060374 9.90211E-12
 eu  63  -1.239072 -1.749072  0.413463  0.155725 6.11554E-12
 gd  64  -0.839085 -1.889085  0.273450  0.015712 1.58954E-11
 tb  65  -1.409606 -1.729606  0.432929  0.175191 4.31870E-12
 dy  66  -0.619410 -1.749410  0.413125  0.155387 2.72402E-11
 ho  67  -1.267729 -1.737729  0.424806  0.167068 6.21351E-12
 er  68  -0.848586 -1.768586  0.393949  0.136210 1.65413E-11
 tm  69  -1.675520 -1.795520  0.367015  0.109277 2.48865E-12
 yb  70  -0.986214 -1.906214  0.256321 -0.001417 1.24652E-11
 lu  71  -1.665572 -1.755572  0.406963  0.149224 2.63724E-12
 hf  72  -1.151150 -1.861150  0.301385  0.043647 8.79489E-12
 ta  73  -1.969158 -1.849158  0.313377  0.055638 1.35570E-12
  w  74  -1.236899 -1.886899  0.275635  0.017897 7.43544E-12
 re  75  -1.517194 -1.777194  0.385341  0.127603 3.94974E-12
 os  76  -0.369286 -1.719286  0.443249  0.185511 5.67231E-11
 ir  77  -0.384491 -1.704491  0.458044  0.200306 5.53436E-11
 pt  78  -0.109784 -1.729784  0.432751  0.175012 1.05728E-10
 au  79  -0.943879 -1.743879  0.418656  0.160918 1.56416E-11
 hg  80  -0.885161 -2.055161  0.107373 -0.150365 1.82354E-11
 tl  81  -1.187999 -1.957999  0.204536 -0.053202 9.25150E-12
 pb  82  -0.014325 -2.054325  0.108210 -0.149529 1.39904E-10
 bi  83  -1.144856 -1.794856  0.367678  0.109940 1.04475E-11
 po  84  -7.372215 -9.000000  0.000000  0.000000 6.19010E-18
#[ls/Fe]_Bisterzo =   0.1741, [hs/Fe]_Bisterzo =   0.1963
#[hs/ls]_Bisterzo =   0.0222, [Pb/hs]_Bisterzo =  -0.0881
#[ls/Fe]_Thiswork =   0.1543, [hs/Fe]_Thiswork =   0.1738
#[hs/ls]_Thiswork =   0.0195, [Pb/hs]_Thiswork =  -0.0656
# C/O = 1.0044E-01, c12/c13 = 2.55910E+01, n14/n15 = 3.67731E+04
# o16/o17 = 1.60246E+02, o16/o18 = 6.97873E+03
# mg24/mg25 = 1.7057E+02, mg24/mg26 = 1.3049E+02
#
#  TP   Mass     Mcore    Menv    log L
#  2 1.425900 0.605630 0.820270 3.762620
# El  Z   log e(X)   [X/H]    [X/Fe]     [X/O]      X(i)
  p   1  12.000000  0.000000  0.000000  0.000000 7.03614E-01
 he   2  11.033386  0.103386  2.265921  2.008183 3.01749E-01
 li   3   1.831615 -1.428385  0.734150  0.476412 3.28785E-10
 be   4   0.000000 -1.300000  0.000000  0.000000 0.00000E+00
  b   5   0.000000 -2.790000  0.000000  0.000000 2.01222E-22
  c   6   7.630673 -0.839327  1.323207  1.065469 3.58200E-04
  n   7   6.087828 -1.782172  0.380363  0.122625 1.19687E-05
  o   8   6.892104 -1.837895  0.324639  0.000000 8.71106E-05
  f   9   1.629791 -2.790209 -0.627674 -0.952313 5.65422E-10
 ne  10   6.103586 -1.866414  0.296121 -0.028519 1.78805E-05
 na  11   4.449605 -1.790395  0.372140  0.047501 4.51875E-07
 mg  12   5.778706 -1.861294  0.301240 -0.023399 1.01924E-05
 al  13   4.362731 -2.087269  0.075266 -0.249373 4.34189E-07
 si  14   5.692945 -1.857055  0.305480 -0.019159 9.66739E-06
  p  15   3.223117 -2.186883 -0.024348 -0.348988 3.61400E-08
  s  16   5.299283 -1.850718  0.311817 -0.012822 4.45849E-06
 cl  17   2.469003 -2.760997 -0.598463 -0.923102 7.28669E-09
 ar  18   4.534396 -1.905604  0.256930 -0.067709 9.54475E-07
  k  19   2.032426 -3.047574 -0.885039 -1.209679 2.94072E-09
 ca  20   4.424977 -1.865023  0.297512 -0.027128 7.44315E-07
 sc  21  -0.180681 -3.230681 -1.068146 -1.392786 2.07005E-11
 ti  22   2.492968 -2.417032 -0.254498 -0.579137 1.03963E-08
  v  23   1.490250 -2.469750 -0.307216 -0.631855 1.09951E-09
 cr  24   3.480679 -2.159321  0.003213 -0.321426 1.09780E-07
 mn  25   2.657640 -2.822360 -0.659825 -0.984464 1.74336E-08
 fe  26   5.377286 -2.162714  0.000000 -0.324819 9.29275E-06
 co  27   2.507950 -2.362050 -0.199336 -0.524155 1.32490E-08
 ni  28   3.705905 -2.494095 -0.331381 -0.656199 2.08145E-07
 cu  29   1.402268 -2.847732 -0.685018 -1.009836 1.12003E-09
 zn  30   2.455579 -2.174421 -0.011707 -0.336526 1.30344E-08
 ga  31   0.386393 -2.693607 -0.530893 -0.855712 1.18479E-10
 ge  32   0.994109 -2.585891 -0.423177 -0.747995 5.00217E-10
 as  33   0.573952 -1.726048  0.436666  0.111847 1.96081E-10
 se  34   1.441545 -1.898455  0.264259 -0.060560 1.52344E-09
 br  35   0.759521 -1.780478  0.382236  0.057417 3.20600E-10
 kr  36   1.347575 -1.902425  0.260289 -0.064529 1.30222E-09
 rb  37   0.426524 -2.093476  0.069238 -0.255580 1.59295E-10
 sr  38   0.860077 -2.019923  0.142791 -0.182028 4.43153E-10
  y  39   0.247833 -1.962167  0.200547 -0.124271 1.09809E-10
 zr  40   0.561051 -1.968949  0.193765 -0.131053 2.31758E-10
 nb  41  -0.531381 -1.941381  0.221333 -0.103485 1.90782E-11
 mo  42  -0.222062 -2.162062  0.000652 -0.324167 4.01616E-11
 tc  43   0.000000 -9.000000  0.000000  0.000000 0.00000E+00
 ru  44  -0.274048 -2.034048  0.128666 -0.196152 3.75360E-11
 rh  45  -0.706289 -1.766289  0.396425  0.071606 1.41262E-11
 pd  46  -0.265007 -1.915007  0.247707 -0.077112 4.03543E-11
 ag  47  -0.516221 -1.716221  0.446493  0.121674 2.29375E-11
 cd  48  -0.219623 -1.929623  0.233091 -0.091727 4.73217E-11
 in  49  -1.040071 -1.800071  0.362643  0.037824 7.30823E-12
 sn  50  -0.029722 -2.099722  0.062992 -0.261827 7.73818E-11
 sb  51  -1.077662 -2.087662  0.075052 -0.249767 7.10749E-12
 te  52  -0.125955 -2.305955 -0.143241 -0.468059 6.66454E-11
  i  53  -0.259744 -1.809744  0.352970  0.028152 4.87086E-11
 xe  54   0.384652 -1.855348  0.307366 -0.017452 2.22212E-10
 cs  55  -0.671192 -1.751192  0.411522  0.086703 1.97799E-11
 ba  56   0.229774 -1.950227  0.212487 -0.112331 1.62706E-10
 la  57  -0.809618 -1.979618  0.183096 -0.141723 1.50306E-11
 ce  58  -0.449771 -2.029771  0.132943 -0.191875 3.47209E-11
 pr  59  -1.144290 -1.904290  0.258424 -0.066395 7.05537E-12
 nd  60  -0.501961 -1.951961  0.210753 -0.114065 3.16956E-11
 pm  61   0.000000 -9.000000  0.000000  0.000000 0.00000E+00
 sm  62  -1.025462 -1.965462  0.197252 -0.127567 9.89793E-12
 eu  63  -1.239862 -1.749862  0.412852  0.088033 6.10594E-12
 gd  64  -0.839700 -1.889700  0.273014 -0.051804 1.58769E-11
 tb  65  -1.410364 -1.730364  0.432350  0.107531 4.31223E-12
 dy  66  -0.620019 -1.750019  0.412695  0.087876 2.72087E-11
 ho  67  -1.268479 -1.738479  0.424235  0.099416 6.20432E-12
 er  68  -0.849076 -1.769076  0.393638  0.068819 1.65267E-11
 tm  69  -1.676105 -1.796106  0.366609  0.041790 2.48591E-12
 yb  70  -0.985784 -1.905784  0.256930 -0.067888 1.24806E-11
 lu  71  -1.665770 -1.755770  0.406944  0.082126 2.63670E-12
 hf  72  -1.150517 -1.860518  0.302197 -0.022622 8.80988E-12
 ta  73  -1.968871 -1.848871  0.313843 -0.010976 1.35693E-12
  w  74  -1.235787 -1.885787  0.276927 -0.047892 7.45635E-12
 re  75  -1.517634 -1.777634  0.385080  0.060261 3.94672E-12
 os  76  -0.369893 -1.719893  0.442821  0.118002 5.66578E-11
 ir  77  -0.385306 -1.705306  0.457408  0.132589 5.52534E-11
 pt  78  -0.110460 -1.730460  0.432254  0.107435 1.05590E-10
 au  79  -0.944501 -1.744501  0.418213  0.093395 1.56231E-11
 hg  80  -0.880795 -2.050795  0.111919 -0.212899 1.84242E-11
 tl  81  -1.182932 -1.952932  0.209782 -0.115036 9.36238E-12
 pb  82  -0.013611 -2.053611  0.109103 -0.215715 1.40169E-10
 bi  83  -1.145041 -1.795040  0.367674  0.042855 1.04457E-11
 po  84  -4.598209 -9.000000  0.000000  0.000000 3.67969E-15
#[ls/Fe]_Bisterzo =   0.1972, [hs/Fe]_Bisterzo =   0.1970
#[hs/ls]_Bisterzo =  -0.0001, [Pb/hs]_Bisterzo =  -0.0879
#[ls/Fe]_Thiswork =   0.1790, [hs/Fe]_Thiswork =   0.1762
#[hs/ls]_Thiswork =  -0.0029, [Pb/hs]_Thiswork =  -0.0671
# C/O = 5.4773E+00, c12/c13 = 1.70695E+03, n14/n15 = 2.23964E+04
# o16/o17 = 1.87248E+02, o16/o18 = 8.03784E+03
# mg24/mg25 = 1.6599E+02, mg24/mg26 = 1.2928E+02
#
#  TP   Mass     Mcore    Menv    log L
#  3 1.425890 0.610420 0.815470 3.851240
# El  Z   log e(X)   [X/H]    [X/Fe]     [X/O]      X(i)
  p   1  12.000000  0.000000  0.000000  0.000000 7.03640E-01
 he   2  11.031764  0.101764  2.264478  1.939659 3.00635E-01
 li   3   1.848271 -1.411729  0.750985  0.426167 3.41652E-10
 be   4   0.000000 -1.300000  0.000000  0.000000 0.00000E+00
  b   5   0.000000 -2.790000  0.000000  0.000000 1.90301E-22
  c   6   8.208283 -0.261717  1.900997  1.576179 1.35442E-03
  n   7   6.132939 -1.737061  0.425653  0.100834 1.32793E-05
  o   8   7.097831 -1.632168  0.530546  0.000000 1.39899E-04
  f   9   3.846192 -0.573808  1.588906  1.058361 9.30658E-08
 ne  10   6.561615 -1.408384  0.754330  0.223784 5.13366E-05
 na  11   4.534523 -1.705477  0.457237 -0.073309 5.49480E-07
 mg  12   5.781821 -1.858179  0.304535 -0.226010 1.02661E-05
 al  13   4.371390 -2.078609  0.084105 -0.446441 4.42950E-07
 si  14   5.694329 -1.855671  0.307043 -0.223503 9.69860E-06
  p  15   3.312137 -2.097863  0.064851 -0.465695 4.43634E-08
  s  16   5.298975 -1.851025  0.311689 -0.218856 4.45550E-06
 cl  17   2.500922 -2.729078 -0.566364 -1.096910 7.84270E-09
 ar  18   4.533833 -1.906168  0.256546 -0.273999 9.53274E-07
  k  19   2.078868 -3.001132 -0.838418 -1.368964 3.27275E-09
 ca  20   4.423849 -1.866151  0.296563 -0.233983 7.42412E-07
 sc  21   0.102865 -2.947135 -0.784421 -1.314966 3.97688E-11
 ti  22   2.500302 -2.409698 -0.246984 -0.777529 1.05737E-08
  v  23   1.491746 -2.468254 -0.305540 -0.836086 1.10335E-09
 cr  24   3.479955 -2.160045  0.002669 -0.527877 1.09601E-07
 mn  25   2.656811 -2.823189 -0.660475 -1.191021 1.74010E-08
 fe  26   5.376239 -2.163761  0.000000 -0.531593 9.27071E-06
 co  27   2.545862 -2.324138 -0.160377 -0.691969 1.44581E-08
 ni  28   3.722513 -2.477487 -0.313725 -0.845318 2.16267E-07
 cu  29   1.842690 -2.407310 -0.243549 -0.775142 3.08793E-09
 zn  30   2.541500 -2.088500  0.075261 -0.456332 1.58865E-08
 ga  31   1.115912 -1.964087  0.199674 -0.331919 6.35593E-10
 ge  32   1.626925 -1.953074  0.210687 -0.320906 2.14779E-09
 as  33   0.687577 -1.612423  0.551338  0.019746 2.54728E-10
 se  34   1.767264 -1.572736  0.591026  0.059433 3.22524E-09
 br  35   1.002028 -1.537971  0.625790  0.094197 5.60386E-10
 kr  36   1.939040 -1.310960  0.852801  0.321208 5.08351E-09
 rb  37   1.186874 -1.333126  0.830636  0.299043 9.17420E-10
 sr  38   1.509018 -1.370982  0.792779  0.261186 1.97474E-09
  y  39   0.818016 -1.391984  0.771777  0.240184 4.08167E-10
 zr  40   1.094228 -1.435772  0.727989  0.196396 7.91093E-10
 nb  41  -0.098081 -1.508081  0.655681  0.124088 5.17432E-11
 mo  42   0.225193 -1.714807  0.448954 -0.082639 1.12482E-10
 tc  43   0.000000 -9.000000  0.000000  0.000000 0.00000E+00
 ru  44   0.005904 -1.754096  0.409665 -0.121927 7.15182E-11
 rh  45  -0.636089 -1.696089  0.467672 -0.063921 1.66051E-11
 pd  46  -0.027731 -1.677731  0.486030 -0.045563 6.96919E-11
 ag  47  -0.440242 -1.640242  0.523519 -0.008074 2.73238E-11
 cd  48   0.073943 -1.636057  0.527704 -0.003889 9.30340E-11
 in  49  -0.874388 -1.634388  0.529373 -0.002219 1.07032E-11
 sn  50   0.371184 -1.698816  0.464946 -0.066647 1.94788E-10
 sb  51  -0.916182 -1.926182  0.237580 -0.294013 1.03089E-11
 te  52   0.075288 -2.104712  0.059049 -0.472544 1.05932E-10
  i  53  -0.241071 -1.791071  0.372690 -0.158902 5.08504E-11
 xe  54   0.470933 -1.769067  0.394694 -0.136899 2.71059E-10
 cs  55  -0.617752 -1.697752  0.466009 -0.065584 2.23707E-11
 ba  56   0.616240 -1.563761  0.600001  0.068408 3.96174E-10
 la  57  -0.456548 -1.626548  0.537213  0.005621 3.38894E-11
 ce  58  -0.048188 -1.628188  0.535573  0.003980 8.75365E-11
 pr  59  -0.928591 -1.688591  0.475170 -0.056422 1.15941E-11
 nd  60  -0.229582 -1.679582  0.484179 -0.047414 5.93463E-11
 pm  61   0.000000 -9.000000  0.000000  0.000000 0.00000E+00
 sm  62  -0.853816 -1.793816  0.369945 -0.161648 1.46962E-11
 eu  63  -1.215817 -1.725817  0.437944 -0.093649 6.45377E-12
 gd  64  -0.758658 -1.808658  0.355103 -0.176490 1.91348E-11
 tb  65  -1.377029 -1.697029  0.466732 -0.064861 4.65643E-12
 dy  66  -0.547682 -1.677682  0.486079 -0.045514 3.21411E-11
 ho  67  -1.239616 -1.709616  0.454145 -0.077448 6.63091E-12
 er  68  -0.770777 -1.690777  0.472984 -0.058609 1.97926E-11
 tm  69  -1.614711 -1.734711  0.429050 -0.102543 2.86349E-12
 yb  70  -0.775983 -1.695983  0.467778 -0.063815 2.02327E-11
 lu  71  -1.539080 -1.629080  0.534681  0.003089 3.52993E-12
 hf  72  -0.896070 -1.606070  0.557692  0.026099 1.58283E-11
 ta  73  -1.773880 -1.653880  0.509881 -0.021712 2.12600E-12
  w  74  -0.956779 -1.606779  0.556983  0.025390 1.41759E-11
 re  75  -1.446851 -1.706851  0.456910 -0.074682 4.64554E-12
 os  76  -0.328155 -1.678155  0.485607 -0.045986 6.23756E-11
 ir  77  -0.379124 -1.699124  0.464637 -0.066955 5.60478E-11
 pt  78  -0.084261 -1.704261  0.459500 -0.072093 1.12160E-10
 au  79  -0.915613 -1.715613  0.448148 -0.083445 1.66982E-11
 hg  80  -0.521185 -1.691185  0.472576 -0.059017 4.21711E-11
 tl  81  -0.763062 -1.533062  0.630699  0.099106 2.46191E-11
 pb  82   1.511790 -0.528210  1.635551  1.103959 4.69970E-09
 bi  83   0.047294 -0.602706  1.561055  1.029462 1.62663E-10
 po  84   0.928529 -9.000000  0.000000  0.000000 1.23756E-09
#[ls/Fe]_Bisterzo =   0.7499, [hs/Fe]_Bisterzo =   0.4638
#[hs/ls]_Bisterzo =  -0.2861, [Pb/hs]_Bisterzo =   1.1718
#[ls/Fe]_Thiswork =   0.7642, [hs/Fe]_Thiswork =   0.5576
#[hs/ls]_Thiswork =  -0.2066, [Pb/hs]_Thiswork =   1.0780
# C/O = 1.2896E+01, c12/c13 = 6.35760E+03, n14/n15 = 1.11802E+03
# o16/o17 = 2.68414E+02, o16/o18 = 1.02420E+04
# mg24/mg25 = 1.0214E+02, mg24/mg26 = 8.4068E+01
#
#  TP   Mass     Mcore    Menv    log L
#  4 1.425850 0.614690 0.811160 3.907810
# El  Z   log e(X)   [X/H]    [X/Fe]     [X/O]      X(i)
  p   1  12.000000  0.000000  0.000000  0.000000 7.04266E-01
 he   2  11.028223  0.098223  2.261984  1.730391 2.98459E-01
 li   3   1.851879 -1.408121  0.755640  0.224047 3.44808E-10
 be   4   0.000000 -1.300000  0.000000  0.000000 1.35399E-34
  b   5   0.000000 -2.790000  0.000000  0.000000 1.68197E-22
  c   6   8.511274  0.041274  2.205035  1.673442 2.72351E-03
  n   7   6.142105 -1.727895  0.435866 -0.095727 1.35746E-05
  o   8   7.307396 -1.422604  0.741158  0.000000 2.26864E-04
  f   9   4.325025 -0.094975  2.068786  1.327629 2.80549E-07
 ne  10   6.995289 -0.974710  1.189051  0.447893 1.39472E-04
 na  11   4.833403 -1.406597  0.757164  0.016007 1.09451E-06
 mg  12   5.818627 -1.821373  0.342389 -0.398769 1.11841E-05
 al  13   4.373621 -2.076379  0.087382 -0.653776 4.45627E-07
 si  14   5.695368 -1.854632  0.309129 -0.432029 9.73047E-06
  p  15   3.401976 -2.008024  0.155737 -0.585421 5.46071E-08
  s  16   5.298458 -1.851542  0.312219 -0.428938 4.45416E-06
 cl  17   2.536643 -2.693357 -0.529596 -1.270753 8.52261E-09
 ar  18   4.532802 -1.907198  0.256563 -0.484594 9.51861E-07
  k  19   2.120160 -2.959840 -0.796079 -1.537236 3.60239E-09
 ca  20   4.422372 -1.867628  0.296134 -0.445024 7.40550E-07
 sc  21   0.256041 -2.793959 -0.630198 -1.371356 5.66375E-11
 ti  22   2.508766 -2.401234 -0.237473 -0.978630 1.07914E-08
  v  23   1.493522 -2.466478 -0.302717 -1.043875 1.10885E-09
 cr  24   3.479019 -2.160981  0.002780 -0.738377 1.09463E-07
 mn  25   2.656563 -2.823437 -0.659676 -1.400834 1.74065E-08
 fe  26   5.374900 -2.165100  0.000000 -0.742496 9.25041E-06
 co  27   2.583125 -2.286875 -0.121775 -0.864271 1.57674E-08
 ni  28   3.734558 -2.465442 -0.300342 -1.042838 2.22546E-07
 cu  29   1.996885 -2.253115 -0.088015 -0.830511 4.40808E-09
 zn  30   2.600416 -2.029584  0.135516 -0.606980 1.82108E-08
 ga  31   1.324489 -1.755511  0.409588 -0.332908 1.02835E-09
 ge  32   1.832956 -1.747044  0.418056 -0.324440 3.45468E-09
 as  33   0.759663 -1.540337  0.624762 -0.117734 3.00988E-10
 se  34   1.913208 -1.426792  0.738308 -0.004188 4.51743E-09
 br  35   1.123607 -1.416393  0.748706  0.006210 7.42080E-10
 kr  36   2.144030 -1.105970  1.059129  0.316633 8.15717E-09
 rb  37   1.400111 -1.119889  1.045211  0.302715 1.50034E-09
 sr  38   1.802055 -1.077945  1.087155  0.344659 3.88092E-09
  y  39   1.100487 -1.109513  1.055586  0.313090 7.82878E-10
 zr  40   1.361348 -1.168652  0.996448  0.253952 1.46465E-09
 nb  41   0.147290 -1.262710  0.902390  0.159894 9.11192E-11
 mo  42   0.460225 -1.479775  0.685325 -0.057171 1.93420E-10
 tc  43   0.000000 -9.000000  0.000000  0.000000 0.00000E+00
 ru  44   0.198699 -1.561301  0.603799 -0.138697 1.11583E-10
 rh  45  -0.556890 -1.616889  0.548210 -0.194286 1.99447E-11
 pd  46   0.194519 -1.455481  0.709619 -0.032877 1.16364E-10
 ag  47  -0.337962 -1.537962  0.627137 -0.115359 3.46104E-11
 cd  48   0.324508 -1.385492  0.779607  0.037111 1.65803E-10
 in  49  -0.706560 -1.466560  0.698539 -0.043957 1.57662E-11
 sn  50   0.656506 -1.413494  0.751605  0.009109 3.76070E-10
 sb  51  -0.737125 -1.747125  0.417974 -0.324522 1.55832E-11
 te  52   0.290421 -1.889579  0.275521 -0.466975 1.74000E-10
  i  53  -0.209270 -1.759269  0.405830 -0.336666 5.47623E-11
 xe  54   0.588512 -1.651488  0.513612 -0.228884 3.55656E-10
 cs  55  -0.531245 -1.611245  0.553854 -0.188642 2.73257E-11
 ba  56   0.986469 -1.193531  0.971569  0.229073 9.30040E-10
 la  57  -0.048709 -1.218709  0.946391  0.203895 8.67538E-11
 ce  58   0.413361 -1.166639  0.998460  0.255964 2.53586E-10
 pr  59  -0.560683 -1.320683  0.844416  0.101920 2.70725E-11
 nd  60   0.185536 -1.264464  0.900636  0.158140 1.54489E-10
 pm  61   0.000000 -9.000000  0.000000  0.000000 0.00000E+00
 sm  62  -0.535748 -1.475749  0.689351 -0.053145 3.05957E-11
 eu  63  -1.140126 -1.650126  0.514973 -0.227523 7.68936E-12
 gd  64  -0.555826 -1.605826  0.559273 -0.183223 3.05521E-11
 tb  65  -1.276172 -1.596172  0.568928 -0.173568 5.87891E-12
 dy  66  -0.366960 -1.496960  0.668140 -0.074356 4.87719E-11
 ho  67  -1.153790 -1.623790  0.541310 -0.201186 8.08697E-12
 er  68  -0.574277 -1.494277  0.670823 -0.071673 3.11451E-11
 tm  69  -1.456873 -1.576873  0.588227 -0.154269 4.12212E-12
 yb  70  -0.400350 -1.320350  0.844750  0.102254 4.80920E-11
 lu  71  -1.259641 -1.349641  0.815459  0.072963 6.72344E-12
 hf  72  -0.499642 -1.209642  0.955457  0.212961 3.94682E-11
 ta  73  -1.431536 -1.311536  0.853564  0.111068 4.68052E-12
  w  74  -0.535725 -1.185725  0.979375  0.236879 3.74104E-11
 re  75  -1.257110 -1.517110  0.647990 -0.094506 7.19719E-12
 os  76  -0.193817 -1.543817  0.621282 -0.121214 8.50626E-11
 ir  77  -0.351854 -1.671854  0.493245 -0.249251 5.97329E-11
 pt  78   0.006321 -1.613679  0.551421 -0.191075 1.38295E-10
 au  79  -0.822849 -1.622849  0.542250 -0.200246 2.06928E-11
 hg  80  -0.051952 -1.221952  0.943147  0.200651 1.24346E-10
 tl  81  -0.269476 -1.039476  1.125624  0.383128 7.67794E-11
 pb  82   2.006817 -0.033183  2.131917  1.389421 1.47056E-08
 bi  83   0.436259 -0.213741  1.951359  1.208863 3.98695E-10
 po  84   1.327889 -9.000000  0.000000  0.000000 3.10679E-09
#[ls/Fe]_Bisterzo =   1.0260, [hs/Fe]_Bisterzo =   0.8455
#[hs/ls]_Bisterzo =  -0.1806, [Pb/hs]_Bisterzo =   1.2865
#[ls/Fe]_Thiswork =   1.0464, [hs/Fe]_Thiswork =   0.9721
#[hs/ls]_Thiswork =  -0.0743, [Pb/hs]_Thiswork =   1.1598
# C/O = 1.5991E+01, c12/c13 = 1.21973E+04, n14/n15 = 9.04167E+02
# o16/o17 = 4.29564E+02, o16/o18 = 1.53534E+04
# mg24/mg25 = 3.0219E+01, mg24/mg26 = 2.4705E+01
#
#  TP   Mass     Mcore    Menv    log L
#  5 1.425640 0.618710 0.806930 3.946280
# El  Z   log e(X)   [X/H]    [X/Fe]     [X/O]      X(i)
  p   1  12.000000  0.000000  0.000000  0.000000 7.03297E-01
 he   2  11.027599  0.097599  2.262699  1.520203 2.97621E-01
 li   3   1.854469 -1.405531  0.759569  0.017073 3.46394E-10
 be   4   0.000000 -1.300000  0.000000  0.000000 0.00000E+00
  b   5   0.000000 -2.790000  0.000000  0.000000 1.58480E-22
  c   6   8.706046  0.236046  2.401145  1.658649 4.25896E-03
  n   7   6.156028 -1.713972  0.451128 -0.291368 1.39975E-05
  o   8   7.476526 -1.253473  0.911626  0.000000 3.34424E-04
  f   9   4.616113  0.196113  2.361213  1.449586 5.47645E-07
 ne  10   7.296554 -0.673446  1.491654  0.580028 2.78711E-04
 na  11   5.164117 -1.075882  1.089217  0.177591 2.34064E-06
 mg  12   5.905424 -1.734576  0.430523 -0.481103 1.36395E-05
 al  13   4.378891 -2.071108  0.093991 -0.817635 4.50447E-07
 si  14   5.697466 -1.852534  0.312565 -0.599061 9.76415E-06
  p  15   3.477362 -1.932638  0.232461 -0.679165 6.48690E-08
  s  16   5.299068 -1.850932  0.314168 -0.597458 4.45429E-06
 cl  17   2.573105 -2.656895 -0.491796 -1.403422 9.25628E-09
 ar  18   4.532760 -1.907240  0.257859 -0.653767 9.50458E-07
  k  19   2.150899 -2.929101 -0.764001 -1.675628 3.86128E-09
 ca  20   4.422013 -1.867987  0.297113 -0.614513 7.38920E-07
 sc  21   0.349971 -2.700029 -0.534930 -1.446556 7.02161E-11
 ti  22   2.518091 -2.391909 -0.226809 -1.138435 1.10105E-08
  v  23   1.496529 -2.463471 -0.298372 -1.209998 1.11502E-09
 cr  24   3.479315 -2.160685  0.004415 -0.907212 1.09386E-07
 mn  25   2.658362 -2.821638 -0.656538 -1.568164 1.74547E-08
 fe  26   5.374782 -2.165218  0.000000 -0.911745 9.23517E-06
 co  27   2.619478 -2.250522 -0.085304 -0.997048 1.71205E-08
 ni  28   3.742444 -2.457556 -0.292338 -1.204082 2.26313E-07
 cu  29   2.063517 -2.186483 -0.021266 -0.933010 5.13196E-09
 zn  30   2.630783 -1.999217  0.166001 -0.745744 1.95029E-08
 ga  31   1.407079 -1.672921  0.492297 -0.419448 1.24203E-09
 ge  32   1.914441 -1.665559  0.499659 -0.412086 4.16193E-09
 as  33   0.794703 -1.505296  0.659921 -0.251823 3.25830E-10
 se  34   1.977538 -1.362462  0.802756 -0.108989 5.23147E-09
 br  35   1.179452 -1.360548  0.804670 -0.107075 8.42750E-10
 kr  36   2.229892 -1.020108  1.145110  0.233365 9.92667E-09
 rb  37   1.493484 -1.026516  1.138701  0.226957 1.85766E-09
 sr  38   1.940793 -0.939207  1.226011  0.314266 5.33427E-09
  y  39   1.252625 -0.957376  1.207842  0.296098 1.10977E-09
 zr  40   1.521922 -1.008078  1.157140  0.245395 2.11695E-09
 nb  41   0.306310 -1.103690  1.061528  0.149783 1.31230E-10
 mo  42   0.613569 -1.326431  0.838787 -0.072958 2.74946E-10
 tc  43   0.000000 -9.000000  0.000000  0.000000 0.00000E+00
 ru  44   0.332564 -1.427436  0.737782 -0.173962 1.51658E-10
 rh  45  -0.489413 -1.549413  0.615805 -0.295940 2.32652E-11
 pd  46   0.336242 -1.313758  0.851460 -0.060285 1.61044E-10
 ag  47  -0.259296 -1.459296  0.705921 -0.205823 4.14262E-11
 cd  48   0.484845 -1.225155  0.940063  0.028318 2.39515E-10
 in  49  -0.573881 -1.333881  0.831337 -0.080408 2.13701E-11
 sn  50   0.863306 -1.206694  0.958524  0.046779 6.04605E-10
 sb  51  -0.580138 -1.590138  0.575080 -0.336665 2.23380E-11
 te  52   0.470884 -1.709116  0.456102 -0.455642 2.63277E-10
  i  53  -0.168756 -1.718756  0.446461 -0.465283 6.00340E-11
 xe  54   0.713140 -1.526860  0.638357 -0.273387 4.73217E-10
 cs  55  -0.429683 -1.509683  0.655535 -0.256209 3.44776E-11
 ba  56   1.262059 -0.917941  1.247277  0.335532 1.75184E-09
 la  57   0.245483 -0.924517  1.240701  0.328957 1.70562E-10
 ce  58   0.731646 -0.848354  1.316863  0.405119 5.27002E-10
 pr  59  -0.269542 -1.029542  1.135676  0.223932 5.28533E-11
 nd  60   0.490356 -0.959644  1.205574  0.293830 3.11258E-10
 pm  61   0.000000 -9.000000  0.000000  0.000000 0.00000E+00
 sm  62  -0.268975 -1.208975  0.956243  0.044498 5.64723E-11
 eu  63  -1.036914 -1.546914  0.618304 -0.293441 9.73880E-12
 gd  64  -0.347574 -1.397574  0.767644 -0.144101 4.92827E-11
 tb  65  -1.148294 -1.468294  0.696923 -0.214821 7.88090E-12
 dy  66  -0.175534 -1.305534  0.859684 -0.052061 7.56829E-11
 ho  67  -1.041568 -1.511568  0.653650 -0.258095 1.04571E-11
 er  68  -0.368307 -1.288307  0.876911 -0.034834 4.99759E-11
 tm  69  -1.279965 -1.399965  0.765252 -0.146492 6.18628E-12
 yb  70  -0.108802 -1.028802  1.136416  0.224671 9.39773E-11
 lu  71  -1.011759 -1.101759  1.063459  0.151714 1.18816E-11
 hf  72  -0.206606 -0.916606  1.248612  0.336867 7.73903E-11
 ta  73  -1.154288 -1.034288  1.130930  0.219185 8.85002E-12
  w  74  -0.224679 -0.874679  1.290539  0.378794 7.64609E-11
 re  75  -1.048913 -1.308913  0.856305 -0.055440 1.16081E-11
 os  76  -0.033036 -1.383036  0.782182 -0.129563 1.23005E-10
 ir  77  -0.309230 -1.629230  0.535988 -0.375757 6.58022E-11
 pt  78   0.118278 -1.501722  0.663495 -0.248249 1.78716E-10
 au  79  -0.709313 -1.509313  0.655905 -0.255840 2.68385E-11
 hg  80   0.267453 -0.902547  1.262671  0.350927 2.59084E-10
 tl  81   0.048861 -0.721139  1.444078  0.532334 1.59582E-10
 pb  82   2.281697  0.241697  2.406915  1.495171 2.76545E-08
 bi  83   0.662937  0.012937  2.178155  1.266410 6.70996E-10
 po  84   1.533135 -9.000000  0.000000  0.000000 4.97691E-09
#[ls/Fe]_Bisterzo =   1.1825, [hs/Fe]_Bisterzo =   1.1342
#[hs/ls]_Bisterzo =  -0.0483, [Pb/hs]_Bisterzo =   1.2727
#[ls/Fe]_Thiswork =   1.1970, [hs/Fe]_Thiswork =   1.2683
#[hs/ls]_Thiswork =   0.0713, [Pb/hs]_Thiswork =   1.1386
# C/O = 1.6964E+01, c12/c13 = 1.75948E+04, n14/n15 = 8.59184E+02
# o16/o17 = 6.30332E+02, o16/o18 = 2.22714E+04
# mg24/mg25 = 1.1418E+01, mg24/mg26 = 9.5264E+00
#
#  TP   Mass     Mcore    Menv    log L
#  6 1.423600 0.622460 0.801140 3.974810
# El  Z   log e(X)   [X/H]    [X/Fe]     [X/O]      X(i)
  p   1  12.000000  0.000000  0.000000  0.000000 7.02388E-01
 he   2  11.027165  0.097165  2.262383  1.350638 2.96939E-01
 li   3   1.853538 -1.406462  0.758755 -0.152989 3.45204E-10
 be   4   0.000000 -1.300000  0.000000  0.000000 0.00000E+00
  b   5   0.000000 -2.790000  0.000000  0.000000 1.49708E-22
  c   6   8.822996  0.352996  2.518214  1.606469 5.56790E-03
  n   7   6.164605 -1.705395  0.459823 -0.451921 1.42583E-05
  o   8   7.585503 -1.144496  1.020721  0.000000 4.29252E-04
  f   9   4.823576  0.403576  2.568794  1.548072 8.81861E-07
 ne  10   7.493878 -0.476122  1.689096  0.668375 4.38446E-04
 na  11   5.419795 -0.820205  1.345013  0.324292 4.21163E-06
 mg  12   6.014709 -1.625290  0.539927 -0.480794 1.75195E-05
 al  13   4.386279 -2.063721  0.101497 -0.919225 4.57582E-07
 si  14   5.699326 -1.850675  0.314543 -0.706178 9.79336E-06
  p  15   3.527595 -1.882405  0.282813 -0.737909 7.27292E-08
  s  16   5.299726 -1.850275  0.314943 -0.705778 4.45526E-06
 cl  17   2.602716 -2.627284 -0.462066 -1.482787 9.89660E-09
 ar  18   4.532821 -1.907179  0.258039 -0.762682 9.49364E-07
  k  19   2.168801 -2.911199 -0.745981 -1.766702 4.01858E-09
 ca  20   4.421906 -1.868094  0.297123 -0.723598 7.37782E-07
 sc  21   0.398791 -2.651209 -0.485991 -1.506712 7.84686E-11
 ti  22   2.525505 -2.384495 -0.219277 -1.239998 1.11856E-08
  v  23   1.499072 -2.460928 -0.295710 -1.316432 1.12012E-09
 cr  24   3.479830 -2.160170  0.005048 -1.015674 1.09375E-07
 mn  25   2.660808 -2.819192 -0.653975 -1.674696 1.75306E-08
 fe  26   5.374960 -2.165040  0.000000 -1.020544 9.22700E-06
 co  27   2.648694 -2.221306 -0.056266 -1.076809 1.82881E-08
 ni  28   3.745336 -2.454664 -0.289624 -1.310168 2.27530E-07
 cu  29   2.077519 -2.172481 -0.007441 -1.027984 5.29327E-09
 zn  30   2.635951 -1.994049  0.170991 -0.849553 1.97108E-08
 ga  31   1.419202 -1.660798  0.504242 -0.516302 1.27554E-09
 ge  32   1.927015 -1.652985  0.512055 -0.508488 4.27866E-09
 as  33   0.799818 -1.500182  0.664858 -0.355685 3.29263E-10
 se  34   1.988141 -1.351859  0.813181 -0.207362 5.35383E-09
 br  35   1.188921 -1.351079  0.813961 -0.206583 8.60213E-10
 kr  36   2.246790 -1.003210  1.161830  0.141286 1.03072E-08
 rb  37   1.513998 -1.006002  1.159038  0.138494 1.94500E-09
 sr  38   1.997279 -0.882721  1.282319  0.261775 6.06735E-09
  y  39   1.325580 -0.884420  1.280620  0.260076 1.31108E-09
 zr  40   1.613098 -0.916902  1.248138  0.227595 2.60809E-09
 nb  41   0.400967 -1.009033  1.156007  0.135463 1.62977E-10
 mo  42   0.709565 -1.230435  0.934605 -0.085938 3.42516E-10
 tc  43   0.000000 -9.000000  0.000000  0.000000 0.00000E+00
 ru  44   0.420645 -1.339355  0.825685 -0.194859 1.85517E-10
 rh  45  -0.439092 -1.499092  0.665948 -0.354595 2.60895E-11
 pd  46   0.429152 -1.220848  0.944192 -0.076352 1.99201E-10
 ag  47  -0.201805 -1.401805  0.763235 -0.257309 4.72285E-11
 cd  48   0.588092 -1.121908  1.043132  0.022588 3.03401E-10
 in  49  -0.484531 -1.244531  0.920509 -0.100035 2.62177E-11
 sn  50   0.995290 -1.074710  1.090330  0.069786 8.18264E-10
 sb  51  -0.466698 -1.476698  0.688342 -0.332201 2.89683E-11
 te  52   0.598797 -1.581203  0.583837 -0.436707 3.52991E-10
  i  53  -0.130943 -1.680943  0.484097 -0.536447 6.54106E-11
 xe  54   0.812944 -1.427056  0.737984 -0.282559 5.94707E-10
 cs  55  -0.343478 -1.423478  0.741562 -0.278982 4.19932E-11
 ba  56   1.437552 -0.742448  1.422592  0.402049 2.62075E-09
 la  57   0.427717 -0.742283  1.422757  0.402214 2.59152E-10
 ce  58   0.922460 -0.657540  1.507500  0.486956 8.16703E-10
 pr  59  -0.087243 -0.847243  1.317797  0.297253 8.03173E-11
 nd  60   0.676189 -0.773811  1.391229  0.370686 4.76860E-10
 pm  61   0.000000 -9.000000  0.000000  0.000000 0.00000E+00
 sm  62  -0.098453 -1.038453  1.126587  0.106044 8.35211E-11
 eu  63  -0.948990 -1.458990  0.706050 -0.314493 1.19088E-11
 gd  64  -0.200737 -1.250737  0.914303 -0.106241 6.90193E-11
 tb  65  -1.045128 -1.365128  0.799912 -0.220631 9.98116E-12
 dy  66  -0.038331 -1.168331  0.996709 -0.023835 1.03667E-10
 ho  67  -0.948824 -1.418824  0.746216 -0.274328 1.29298E-11
 er  68  -0.221974 -1.141974  1.023066  0.002522 6.99087E-11
 tm  69  -1.148582 -1.268582  0.896459 -0.124085 8.36088E-12
 yb  70   0.070480 -0.849520  1.315520  0.294977 1.41822E-10
 lu  71  -0.851354 -0.941354  1.223686  0.203143 1.71680E-11
 hf  72  -0.028696 -0.738696  1.426344  0.405800 1.16422E-10
 ta  73  -0.979734 -0.859734  1.305306  0.284762 1.32110E-11
  w  74  -0.036499 -0.686499  1.478541  0.457997 1.17776E-10
 re  75  -0.899150 -1.159150  1.005890 -0.014653 1.63668E-11
 os  76   0.088541 -1.261459  0.903581 -0.116963 1.62531E-10
 ir  77  -0.269273 -1.589273  0.575767 -0.444776 7.20502E-11
 pt  78   0.208623 -1.411377  0.753663 -0.266881 2.19760E-10
 au  79  -0.616440 -1.416440  0.748600 -0.271943 3.31948E-11
 hg  80   0.455555 -0.714445  1.450595  0.430051 3.99007E-10
 tl  81   0.235396 -0.534604  1.630436  0.609893 2.44882E-10
 pb  82   2.438167  0.398167  2.563207  1.542663 3.95980E-08
 bi  83   0.792547  0.142547  2.307587  1.287044 9.03168E-10
 po  84   1.633553 -9.000000  0.000000  0.000000 6.26347E-09
#[ls/Fe]_Bisterzo =   1.2644, [hs/Fe]_Bisterzo =   1.3135
#[hs/ls]_Bisterzo =   0.0491, [Pb/hs]_Bisterzo =   1.2497
#[ls/Fe]_Thiswork =   1.2704, [hs/Fe]_Thiswork =   1.4509
#[hs/ls]_Thiswork =   0.1806, [Pb/hs]_Thiswork =   1.1123
# C/O = 1.7278E+01, c12/c13 = 2.11219E+04, n14/n15 = 8.47243E+02
# o16/o17 = 8.15834E+02, o16/o18 = 2.87187E+04
# mg24/mg25 = 6.2617E+00, mg24/mg26 = 5.3075E+00
#
#  TP   Mass     Mcore    Menv    log L
#  7 1.400020 0.626130 0.773890 3.997280
# El  Z   log e(X)   [X/H]    [X/Fe]     [X/O]      X(i)
  p   1  12.000000  0.000000  0.000000  0.000000 7.01032E-01
 he   2  11.027985  0.097984  2.263024  1.242481 2.96925E-01
 li   3   1.853077 -1.406923  0.758117 -0.262427 3.44173E-10
 be   4   0.000000 -1.300000  0.000000  0.000000 0.00000E+00
  b   5   0.000000 -2.790000  0.000000  0.000000 1.43175E-22
  c   6   8.902062  0.432062  2.597102  1.576559 6.66683E-03
  n   7   6.182939 -1.687061  0.477979 -0.542565 1.48443E-05
  o   8   7.655957 -1.074042  1.090998  0.000000 5.03880E-04
  f   9   4.977622  0.557621  2.722661  1.631664 1.25489E-06
 ne  10   7.631888 -0.338112  1.826928  0.735930 6.01293E-04
 na  11   5.615939 -0.624061  1.540979  0.449981 6.60321E-06
 mg  12   6.120568 -1.519432  0.645608 -0.445389 2.23121E-05
 al  13   4.400772 -2.049228  0.115812 -0.975186 4.72197E-07
 si  14   5.701433 -1.848567  0.316473 -0.774525 9.82200E-06
  p  15   3.563718 -1.846282  0.318758 -0.772240 7.88847E-08
  s  16   5.300668 -1.849332  0.315708 -0.775290 4.45632E-06
 cl  17   2.627828 -2.602172 -0.437132 -1.528130 1.04654E-08
 ar  18   4.533257 -1.906744  0.258296 -0.832701 9.48482E-07
  k  19   2.181584 -2.898416 -0.733376 -1.824373 4.13063E-09
 ca  20   4.422228 -1.867772  0.297268 -0.793730 7.36905E-07
 sc  21   0.429938 -2.620062 -0.455022 -1.546019 8.41401E-11
 ti  22   2.531968 -2.378032 -0.212992 -1.303989 1.13313E-08
  v  23   1.501528 -2.458472 -0.293432 -1.384430 1.12430E-09
 cr  24   3.480731 -2.159269  0.005771 -1.085227 1.09390E-07
 mn  25   2.663739 -2.816261 -0.651221 -1.742218 1.76153E-08
 fe  26   5.375578 -2.164422  0.000000 -1.090379 9.22232E-06
 co  27   2.673693 -2.196307 -0.031886 -1.122265 1.93343E-08
 ni  28   3.746646 -2.453354 -0.288932 -1.379312 2.27777E-07
 cu  29   2.074770 -2.175230 -0.010808 -1.101188 5.24972E-09
 zn  30   2.631897 -1.998103  0.166318 -0.924061 1.94900E-08
 ga  31   1.406819 -1.673181  0.491241 -0.599138 1.23729E-09
 ge  32   1.916033 -1.663967  0.500454 -0.589925 4.16376E-09
 as  33   0.794254 -1.505746  0.658676 -0.431703 3.24445E-10
 se  34   1.979959 -1.360040  0.804381 -0.285998 5.24378E-09
 br  35   1.181870 -1.358130  0.806291 -0.284088 8.44724E-10
 kr  36   2.238523 -1.011477  1.152945  0.062566 1.00933E-08
 rb  37   1.506753 -1.013247  1.151175  0.060795 1.90912E-09
 sr  38   2.021563 -0.858438  1.305984  0.215605 6.40389E-09
  y  39   1.364209 -0.845791  1.318631  0.228251 1.43027E-09
 zr  40   1.670292 -0.859708  1.304713  0.214334 2.96947E-09
 nb  41   0.461833 -0.948167  1.216255  0.125875 1.87135E-10
 mo  42   0.774012 -1.165988  0.998433 -0.091946 3.96542E-10
 tc  43   0.000000 -9.000000  0.000000  0.000000 0.00000E+00
 ru  44   0.481957 -1.278043  0.886379 -0.204000 2.13234E-10
 rh  45  -0.401304 -1.461304  0.703117 -0.387262 2.84062E-11
 pd  46   0.493658 -1.156342  1.008080 -0.082300 2.30653E-10
 ag  47  -0.159136 -1.359136  0.805286 -0.285094 5.20037E-11
 cd  48   0.659357 -1.050643  1.113779  0.023399 3.56815E-10
 in  49  -0.421290 -1.181290  0.983131 -0.107248 3.02689E-11
 sn  50   1.082356 -0.987643  1.176778  0.086399 9.97979E-10
 sb  51  -0.388546 -1.398546  0.765876 -0.324504 3.46128E-11
 te  52   0.686078 -1.493922  0.670500 -0.419880 4.30731E-10
  i  53  -0.100022 -1.650022  0.514399 -0.575980 7.01019E-11
 xe  54   0.886012 -1.353988  0.810434 -0.279946 7.02314E-10
 cs  55  -0.278327 -1.358327  0.806095 -0.284285 4.86958E-11
 ba  56   1.552996 -0.627004  1.537417  0.447038 3.41216E-09
 la  57   0.546873 -0.623127  1.541295  0.450915 3.40308E-10
 ce  58   1.046743 -0.533257  1.631165  0.540786 1.08520E-09
 pr  59   0.033698 -0.726302  1.438120  0.347740 1.05904E-10
 nd  60   0.798547 -0.651453  1.512968  0.422589 6.30826E-10
 pm  61   0.000000 -9.000000  0.000000  0.000000 0.00000E+00
 sm  62   0.016084 -0.923916  1.240505  0.150126 1.08516E-10
 eu  63  -0.879443 -1.389443  0.774978 -0.315401 1.39500E-11
 gd  64  -0.097138 -1.147138  1.017283 -0.073096 8.74439E-11
 tb  65  -0.966709 -1.286709  0.877712 -0.212667 1.19333E-11
 dy  66   0.059624 -1.070376  1.094045  0.003666 1.29645E-10
 ho  67  -0.876750 -1.346750  0.817672 -0.272708 1.52345E-11
 er  68  -0.117261 -1.037261  1.127161  0.036781 8.87986E-11
 tm  69  -1.052917 -1.172917  0.991504 -0.098875 1.04010E-11
 yb  70   0.189985 -0.730015  1.434407  0.344028 1.86384E-10
 lu  71  -0.742487 -0.832487  1.331935  0.241555 2.20164E-11
 hf  72   0.089597 -0.620403  1.544018  0.453639 1.52577E-10
 ta  73  -0.861874 -0.741874  1.422548  0.332169 1.72965E-11
  w  74   0.088596 -0.561404  1.603018  0.512639 1.56788E-10
 re  75  -0.791206 -1.051206  1.113215  0.022836 2.09444E-11
 os  76   0.177943 -1.172057  0.992365 -0.098014 1.99296E-10
 ir  77  -0.234947 -1.554947  0.609474 -0.480905 7.78254E-11
 pt  78   0.278270 -1.341730  0.822691 -0.267688 2.57487E-10
 au  79  -0.544374 -1.344374  0.820047 -0.270332 3.91108E-11
 hg  80   0.579193 -0.590807  1.573615  0.483235 5.29395E-10
 tl  81   0.357946 -0.412054  1.752368  0.661989 3.24092E-10
 pb  82   2.537456  0.497456  2.661877  1.571498 4.96732E-08
 bi  83   0.873898  0.223898  2.388319  1.297940 1.08712E-09
 po  84   1.684962 -9.000000  0.000000  0.000000 7.03697E-09
#[ls/Fe]_Bisterzo =   1.3117, [hs/Fe]_Bisterzo =   1.4316
#[hs/ls]_Bisterzo =   0.1199, [Pb/hs]_Bisterzo =   1.2303
#[ls/Fe]_Thiswork =   1.3098, [hs/Fe]_Thiswork =   1.5700
#[hs/ls]_Thiswork =   0.2602, [Pb/hs]_Thiswork =   1.0919
# C/O = 1.7624E+01, c12/c13 = 2.32226E+04, n14/n15 = 8.76454E+02
# o16/o17 = 9.67913E+02, o16/o18 = 3.41033E+04
# mg24/mg25 = 4.3125E+00, mg24/mg26 = 3.6775E+00
#
#  TP   Mass     Mcore    Menv    log L
#  8 1.028470 0.629790 0.398680 4.009920
# El  Z   log e(X)   [X/H]    [X/Fe]     [X/O]      X(i)
  p   1  12.000000  0.000000  0.000000  0.000000 6.96706E-01
 he   2  11.034201  0.104200  2.268622  1.178243 2.99347E-01
 li   3   1.861176 -1.398823  0.765598 -0.324781 3.48487E-10
 be   4   0.000000 -1.300000  0.000000  0.000000 0.00000E+00
  b   5   0.000000 -2.790000  0.000000  0.000000 1.40764E-22
  c   6   8.994683  0.524683  2.689105  1.598725 8.20071E-03
  n   7   6.229238 -1.640762  0.523659 -0.566720 1.64124E-05
  o   8   7.733343 -0.996657  1.167765  0.000000 5.98445E-04
  f   9   5.128586  0.708586  2.873007  1.705243 1.76556E-06
 ne  10   7.766528 -0.203472  1.960950  0.793185 8.14776E-04
 na  11   5.802494 -0.437506  1.726915  0.559151 1.00837E-05
 mg  12   6.233256 -1.406744  0.757678 -0.410087 2.87436E-05
 al  13   4.432055 -2.017945  0.146477 -1.021288 5.04334E-07
 si  14   5.706185 -1.843815  0.320607 -0.847158 9.86880E-06
  p  15   3.613981 -1.796019  0.368403 -0.799362 8.80172E-08
  s  16   5.303431 -1.846570  0.317852 -0.849913 4.45708E-06
 cl  17   2.663265 -2.566735 -0.402313 -1.570078 1.12851E-08
 ar  18   4.535347 -1.904653  0.259768 -0.907996 9.47177E-07
  k  19   2.205317 -2.874683 -0.710262 -1.878026 4.33571E-09
 ca  20   4.424072 -1.865928  0.298493 -0.869271 7.35473E-07
 sc  21   0.482991 -2.567009 -0.402587 -1.570352 9.44861E-11
 ti  22   2.542798 -2.367202 -0.202780 -1.370545 1.15458E-08
  v  23   1.506431 -2.453569 -0.289148 -1.456913 1.13004E-09
 cr  24   3.483380 -2.156620  0.007802 -1.159963 1.09380E-07
 mn  25   2.668983 -2.811018 -0.646596 -1.814361 1.77192E-08
 fe  26   5.377816 -2.162184  0.000000 -1.165527 9.21275E-06
 co  27   2.709321 -2.160679  0.001505 -1.164022 2.08578E-08
 ni  28   3.752632 -2.447368 -0.285184 -1.450711 2.29513E-07
 cu  29   2.099788 -2.150212  0.011971 -1.153555 5.52669E-09
 zn  30   2.640038 -1.989962  0.172222 -0.993305 1.97362E-08
 ga  31   1.424664 -1.655335  0.506848 -0.658679 1.28124E-09
 ge  32   1.934758 -1.645242  0.516942 -0.648585 4.32039E-09
 as  33   0.803239 -1.496761  0.665423 -0.500104 3.29183E-10
 se  34   1.996504 -1.343496  0.818688 -0.346839 5.41377E-09
 br  35   1.196677 -1.343323  0.818861 -0.346666 8.68630E-10
 kr  36   2.257715 -0.992285  1.169899  0.004372 1.04843E-08
 rb  37   1.527078 -0.992922  1.169261  0.003735 1.98825E-09
 sr  38   2.069367 -0.810633  1.351551  0.186024 7.10493E-09
  y  39   1.422318 -0.787683  1.374501  0.208974 1.62494E-09
 zr  40   1.743497 -0.786503  1.375681  0.210154 3.49297E-09
 nb  41   0.536923 -0.873077  1.289107  0.123580 2.21084E-10
 mo  42   0.853198 -1.086802  1.075382 -0.090145 4.72919E-10
 tc  43   0.000000 -9.000000  0.000000  0.000000 0.00000E+00
 ru  44   0.557878 -1.202122  0.960061 -0.205466 2.52399E-10
 rh  45  -0.351753 -1.411753  0.750431 -0.415096 3.16429E-11
 pd  46   0.571965 -1.078035  1.084149 -0.081378 2.74522E-10
 ag  47  -0.104028 -1.304028  0.858156 -0.307371 5.86751E-11
 cd  48   0.743775 -0.966225  1.195959  0.030432 4.30699E-10
 in  49  -0.345449 -1.105449  1.056734 -0.108793 3.58220E-11
 sn  50   1.177571 -0.892429  1.269755  0.104228 1.23494E-09
 sb  51  -0.302670 -1.312670  0.849513 -0.316014 4.19202E-11
 te  52   0.779410 -1.400590  0.761594 -0.403933 5.30700E-10
  i  53  -0.061753 -1.611753  0.550431 -0.615096 7.60871E-11
 xe  54   0.966491 -1.273509  0.888674 -0.276852 8.40082E-10
 cs  55  -0.205437 -1.285437  0.876747 -0.288780 5.72393E-11
 ba  56   1.668051 -0.511949  1.650234  0.484708 4.41973E-09
 la  57   0.664444 -0.505556  1.656628  0.491101 4.43358E-10
 ce  58   1.168197 -0.411803  1.750380  0.584854 1.42651E-09
 pr  59   0.152618 -0.607382  1.554802  0.389275 1.38402E-10
 nd  60   0.918690 -0.531310  1.630873  0.465347 8.26731E-10
 pm  61   0.000000 -9.000000  0.000000  0.000000 0.00000E+00
 sm  62   0.130785 -0.809215  1.352969  0.187442 1.40445E-10
 eu  63  -0.802621 -1.312621  0.849563 -0.315964 1.65466E-11
 gd  64   0.008823 -1.041177  1.121007 -0.044520 1.10918E-10
 tb  65  -0.881815 -1.201815  0.960369 -0.205158 1.44200E-11
 dy  66   0.161323 -0.968677  1.193506  0.027979 1.62842E-10
 ho  67  -0.797180 -1.267180  0.895004 -0.270523 1.81848E-11
 er  68  -0.009793 -0.929793  1.232390  0.066864 1.13028E-10
 tm  69  -0.952474 -1.072474  1.089710 -0.075817 1.30266E-11
 yb  70   0.308490 -0.611510  1.550673  0.385147 2.43347E-10
 lu  71  -0.632165 -0.722165  1.440019  0.274492 2.82085E-11
 hf  72   0.207647 -0.502353  1.659831  0.494304 1.98999E-10
 ta  73  -0.743972 -0.623972  1.538212  0.372685 2.25513E-11
  w  74   0.211444 -0.438556  1.723628  0.558101 2.06763E-10
 re  75  -0.681174 -0.941174  1.221009  0.055483 2.68170E-11
 os  76   0.272483 -1.077517  1.084667 -0.080860 2.46236E-10
 ir  77  -0.192933 -1.512933  0.649251 -0.516276 8.52016E-11
 pt  78   0.355671 -1.264329  0.897855 -0.267672 3.05822E-10
 au  79  -0.464613 -1.264613  0.897571 -0.267956 4.67056E-11
 hg  80   0.700867 -0.469133  1.693051  0.527524 6.96249E-10
 tl  81   0.478702 -0.291298  1.870885  0.705359 4.25339E-10
 pb  82   2.640110  0.600110  2.762294  1.596767 6.25300E-08
 bi  83   0.963314  0.313314  2.475498  1.309971 1.32742E-09
 po  84   1.748470 -9.000000  0.000000  0.000000 8.09479E-09
#[ls/Fe]_Bisterzo =   1.3751, [hs/Fe]_Bisterzo =   1.5468
#[hs/ls]_Bisterzo =   0.1717, [Pb/hs]_Bisterzo =   1.2155
#[ls/Fe]_Thiswork =   1.3672, [hs/Fe]_Thiswork =   1.6857
#[hs/ls]_Thiswork =   0.3185, [Pb/hs]_Thiswork =   1.0765
# C/O = 1.8253E+01, c12/c13 = 2.55440E+04, n14/n15 = 8.79997E+02
# o16/o17 = 1.13637E+03, o16/o18 = 3.99074E+04
# mg24/mg25 = 3.2574E+00, mg24/mg26 = 2.7791E+00
#
#  TP   Mass     Mcore    Menv    log L
#  9 1.028470 0.629790 0.398680 4.009920
# El  Z   log e(X)   [X/H]    [X/Fe]     [X/O]      X(i)
  p   1  12.000000  0.000000  0.000000  0.000000 6.96706E-01
 he   2  11.034201  0.104200  2.266384  1.100857 2.99347E-01
 li   3   1.861176 -1.398823  0.763360 -0.402167 3.48487E-10
 be   4   0.000000 -1.300000  0.000000  0.000000 0.00000E+00
  b   5   0.000000 -2.790000  0.000000  0.000000 1.40764E-22
  c   6   8.994683  0.524683  2.686867  1.521340 8.20071E-03
  n   7   6.229238 -1.640762  0.521421 -0.644105 1.64124E-05
  o   8   7.733343 -0.996657  1.165527  0.000000 5.98445E-04
  f   9   5.128586  0.708586  2.870770  1.705243 1.76556E-06
 ne  10   7.766528 -0.203472  1.958712  0.793185 8.14776E-04
 na  11   5.802494 -0.437506  1.724678  0.559151 1.00837E-05
 mg  12   6.233256 -1.406744  0.755440 -0.410087 2.87436E-05
 al  13   4.432055 -2.017945  0.144239 -1.021288 5.04334E-07
 si  14   5.706185 -1.843815  0.318369 -0.847158 9.86880E-06
  p  15   3.613981 -1.796019  0.366165 -0.799362 8.80172E-08
  s  16   5.303431 -1.846570  0.315614 -0.849913 4.45708E-06
 cl  17   2.663265 -2.566735 -0.404551 -1.570078 1.12851E-08
 ar  18   4.535347 -1.904653  0.257531 -0.907996 9.47177E-07
  k  19   2.205317 -2.874683 -0.712500 -1.878026 4.33571E-09
 ca  20   4.424072 -1.865928  0.296256 -0.869271 7.35473E-07
 sc  21   0.482991 -2.567009 -0.404825 -1.570352 9.44861E-11
 ti  22   2.542798 -2.367202 -0.205018 -1.370545 1.15458E-08
  v  23   1.506431 -2.453569 -0.291386 -1.456913 1.13004E-09
 cr  24   3.483380 -2.156620  0.005564 -1.159963 1.09380E-07
 mn  25   2.668983 -2.811018 -0.648834 -1.814361 1.77192E-08
 fe  26   5.377816 -2.162184  0.000000 -1.165527 9.21275E-06
 co  27   2.709321 -2.160679  0.001505 -1.164022 2.08578E-08
 ni  28   3.752632 -2.447368 -0.285184 -1.450711 2.29513E-07
 cu  29   2.099788 -2.150212  0.011971 -1.153555 5.52669E-09
 zn  30   2.640038 -1.989962  0.172222 -0.993305 1.97362E-08
 ga  31   1.424664 -1.655335  0.506848 -0.658679 1.28124E-09
 ge  32   1.934758 -1.645242  0.516942 -0.648585 4.32039E-09
 as  33   0.803239 -1.496761  0.665423 -0.500104 3.29183E-10
 se  34   1.996504 -1.343496  0.818688 -0.346839 5.41377E-09
 br  35   1.196677 -1.343323  0.818861 -0.346666 8.68630E-10
 kr  36   2.257715 -0.992285  1.169899  0.004372 1.04843E-08
 rb  37   1.527078 -0.992922  1.169261  0.003735 1.98825E-09
 sr  38   2.069367 -0.810633  1.351551  0.186024 7.10493E-09
  y  39   1.422318 -0.787683  1.374501  0.208974 1.62494E-09
 zr  40   1.743497 -0.786503  1.375681  0.210154 3.49297E-09
 nb  41   0.536923 -0.873077  1.289107  0.123580 2.21084E-10
 mo  42   0.853198 -1.086802  1.075382 -0.090145 4.72919E-10
 tc  43   0.000000 -9.000000  0.000000  0.000000 0.00000E+00
 ru  44   0.557878 -1.202122  0.960061 -0.205466 2.52399E-10
 rh  45  -0.351753 -1.411753  0.750431 -0.415096 3.16429E-11
 pd  46   0.571965 -1.078035  1.084149 -0.081378 2.74522E-10
 ag  47  -0.104028 -1.304028  0.858156 -0.307371 5.86751E-11
 cd  48   0.743775 -0.966225  1.195959  0.030432 4.30699E-10
 in  49  -0.345449 -1.105449  1.056734 -0.108793 3.58220E-11
 sn  50   1.177571 -0.892429  1.269755  0.104228 1.23494E-09
 sb  51  -0.302670 -1.312670  0.849513 -0.316014 4.19202E-11
 te  52   0.779410 -1.400590  0.761594 -0.403933 5.30700E-10
  i  53  -0.061753 -1.611753  0.550431 -0.615096 7.60871E-11
 xe  54   0.966491 -1.273509  0.888674 -0.276852 8.40082E-10
 cs  55  -0.205437 -1.285437  0.876747 -0.288780 5.72393E-11
 ba  56   1.668051 -0.511949  1.650234  0.484708 4.41973E-09
 la  57   0.664444 -0.505556  1.656628  0.491101 4.43358E-10
 ce  58   1.168197 -0.411803  1.750380  0.584854 1.42651E-09
 pr  59   0.152618 -0.607382  1.554802  0.389275 1.38402E-10
 nd  60   0.918690 -0.531310  1.630873  0.465347 8.26731E-10
 pm  61   0.000000 -9.000000  0.000000  0.000000 0.00000E+00
 sm  62   0.130785 -0.809215  1.352969  0.187442 1.40445E-10
 eu  63  -0.802621 -1.312621  0.849563 -0.315964 1.65466E-11
 gd  64   0.008823 -1.041177  1.121007 -0.044520 1.10918E-10
 tb  65  -0.881815 -1.201815  0.960369 -0.205158 1.44200E-11
 dy  66   0.161323 -0.968677  1.193506  0.027979 1.62842E-10
 ho  67  -0.797180 -1.267180  0.895004 -0.270523 1.81848E-11
 er  68  -0.009793 -0.929793  1.232390  0.066864 1.13028E-10
 tm  69  -0.952474 -1.072474  1.089710 -0.075817 1.30266E-11
 yb  70   0.308490 -0.611510  1.550673  0.385147 2.43347E-10
 lu  71  -0.632165 -0.722165  1.440019  0.274492 2.82085E-11
 hf  72   0.207647 -0.502353  1.659831  0.494304 1.98999E-10
 ta  73  -0.743972 -0.623972  1.538212  0.372685 2.25513E-11
  w  74   0.211444 -0.438556  1.723628  0.558101 2.06763E-10
 re  75  -0.681174 -0.941174  1.221009  0.055483 2.68170E-11
 os  76   0.272483 -1.077517  1.084667 -0.080860 2.46236E-10
 ir  77  -0.192933 -1.512933  0.649251 -0.516276 8.52016E-11
 pt  78   0.355671 -1.264329  0.897855 -0.267672 3.05822E-10
 au  79  -0.464613 -1.264613  0.897571 -0.267956 4.67056E-11
 hg  80   0.700867 -0.469133  1.693051  0.527524 6.96249E-10
 tl  81   0.478702 -0.291298  1.870885  0.705359 4.25339E-10
 pb  82   2.640110  0.600110  2.762294  1.596767 6.25300E-08
 bi  83   0.963314  0.313314  2.475498  1.309971 1.32742E-09
 po  84   1.748470 -9.000000  0.000000  0.000000 8.09479E-09
#[ls/Fe]_Bisterzo =   1.3751, [hs/Fe]_Bisterzo =   1.5468
#[hs/ls]_Bisterzo =   0.1717, [Pb/hs]_Bisterzo =   1.2155
#[ls/Fe]_Thiswork =   1.3672, [hs/Fe]_Thiswork =   1.6857
#[hs/ls]_Thiswork =   0.3185, [Pb/hs]_Thiswork =   1.0765
# C/O = 1.8253E+01, c12/c13 = 2.55440E+04, n14/n15 = 8.79997E+02
# o16/o17 = 1.13637E+03, o16/o18 = 3.99074E+04
# mg24/mg25 = 3.2574E+00, mg24/mg26 = 2.7791E+00
#
# Final abundances
# El  Z   log e(X)   [X/H]    [X/Fe]     [X/O]      X(i)
  p   1  12.000000  0.000000  0.000000  0.000000 6.96517E-01
 he   2  11.034586  0.104586  2.266653  1.101202 2.99532E-01
 li   3   1.865464 -1.394536  0.767531 -0.397919 3.51851E-10
 be   4   0.547654 -0.752346  1.409721  0.244271 2.19759E-11
  b   5   0.000000 -2.790000  0.000000  0.000000 1.40485E-22
  c   6   8.994647  0.524647  2.686714  1.521264 8.19781E-03
  n   7   6.347377 -1.522623  0.639444 -0.526006 2.15374E-05
  o   8   7.733383 -0.996617  1.165450  0.000000 5.98339E-04
  f   9   5.128645  0.708645  2.870712  1.705262 1.76533E-06
 ne  10   7.766685 -0.203315  1.958752  0.793302 8.14851E-04
 na  11   5.809004 -0.430996  1.731071  0.565621 1.02333E-05
 mg  12   6.233592 -1.406408  0.755659 -0.409791 2.87581E-05
 al  13   4.433649 -2.016351  0.145716 -1.019734 5.06052E-07
 si  14   5.706305 -1.843695  0.318372 -0.847078 9.86885E-06
  p  15   3.614142 -1.795857  0.366210 -0.799241 8.80262E-08
  s  16   5.303548 -1.846452  0.315615 -0.849835 4.45708E-06
 cl  17   2.663405 -2.566595 -0.404528 -1.569978 1.12857E-08
 ar  18   4.535464 -1.904536  0.257531 -0.907919 9.47176E-07
  k  19   2.205451 -2.874549 -0.712482 -1.877932 4.33588E-09
 ca  20   4.424189 -1.865811  0.296256 -0.869195 7.35472E-07
 sc  21   0.483150 -2.566849 -0.404783 -1.570233 9.44954E-11
 ti  22   2.542923 -2.367077 -0.205010 -1.370460 1.15460E-08
  v  23   1.506549 -2.453451 -0.291384 -1.456834 1.13005E-09
 cr  24   3.483498 -2.156502  0.005565 -1.159885 1.09380E-07
 mn  25   2.669103 -2.810897 -0.648830 -1.814281 1.77193E-08
 fe  26   5.377933 -2.162067  0.000000 -1.165450 9.21274E-06
 co  27   2.709460 -2.160540  0.001527 -1.163923 2.08588E-08
 ni  28   3.752752 -2.447248 -0.285181 -1.450631 2.29515E-07
 cu  29   2.099922 -2.150078  0.011989 -1.153461 5.52692E-09
 zn  30   2.640162 -1.989838  0.172229 -0.993221 1.97366E-08
 ga  31   1.424799 -1.655201  0.506866 -0.658584 1.28129E-09
 ge  32   1.934896 -1.645103  0.516963 -0.648487 4.32060E-09
 as  33   0.803365 -1.496635  0.665432 -0.500018 3.29189E-10
 se  34   1.996637 -1.343363  0.818704 -0.346746 5.41398E-09
 br  35   1.196810 -1.343190  0.818877 -0.346573 8.68661E-10
 kr  36   2.257852 -0.992148  1.169919  0.004468 1.04847E-08
 rb  37   1.527213 -0.992787  1.169280  0.003830 1.98833E-09
 sr  38   2.069529 -0.810472  1.351595  0.186145 7.10565E-09
  y  39   1.422483 -0.787517  1.374550  0.209100 1.62512E-09
 zr  40   1.743674 -0.786326  1.375741  0.210291 3.49346E-09
 nb  41   0.537102 -0.872898  1.289169  0.123719 2.21114E-10
 mo  42   0.853380 -1.086620  1.075447 -0.090003 4.72990E-10
 tc  43   0.000000 -9.000000  0.000000  0.000000 0.00000E+00
 ru  44   0.558065 -1.201935  0.960132 -0.205318 2.52441E-10
 rh  45  -0.351592 -1.411592  0.750475 -0.414975 3.16461E-11
 pd  46   0.572150 -1.077850  1.084217 -0.081233 2.74565E-10
 ag  47  -0.103864 -1.303864  0.858203 -0.307247 5.86816E-11
 cd  48   0.743965 -0.966035  1.196032  0.030582 4.30771E-10
 in  49  -0.345269 -1.105269  1.056798 -0.108652 3.58272E-11
 sn  50   1.177766 -0.892234  1.269833  0.104383 1.23516E-09
 sb  51  -0.302485 -1.312485  0.849582 -0.315868 4.19269E-11
 te  52   0.779604 -1.400396  0.761671 -0.403779 5.30795E-10
  i  53  -0.061604 -1.611604  0.550462 -0.614988 7.60927E-11
 xe  54   0.966676 -1.273324  0.888743 -0.276707 8.40213E-10
 cs  55  -0.205234 -1.285234  0.876833 -0.288617 5.72506E-11
 ba  56   1.668260 -0.511740  1.650326  0.484876 4.42066E-09
 la  57   0.664656 -0.505344  1.656723  0.491273 4.43454E-10
 ce  58   1.168413 -0.411587  1.750480  0.585030 1.42683E-09
 pr  59   0.152835 -0.607165  1.554902  0.389452 1.38434E-10
 nd  60   0.918906 -0.531094  1.630973  0.465523 8.26920E-10
 pm  61   0.000000 -9.000000  0.000000  0.000000 8.43861E-36
 sm  62   0.130980 -0.809020  1.353047  0.187597 1.40470E-10
 eu  63  -0.802446 -1.312446  0.849621 -0.315830 1.65488E-11
 gd  64   0.009022 -1.040978  1.121089 -0.044361 1.10939E-10
 tb  65  -0.881628 -1.201628  0.960439 -0.205011 1.44223E-11
 dy  66   0.161525 -0.968475  1.193592  0.028142 1.62874E-10
 ho  67  -0.796991 -1.266991  0.895076 -0.270375 1.81878E-11
 er  68  -0.009557 -0.929557  1.232510  0.067060 1.13059E-10
 tm  69  -0.952202 -1.072202  1.089865 -0.075585 1.30313E-11
 yb  70   0.308683 -0.611317  1.550750  0.385300 2.43389E-10
 lu  71  -0.631967 -0.721967  1.440100  0.274650 2.82138E-11
 hf  72   0.207866 -0.502134  1.659933  0.494483 1.99045E-10
 ta  73  -0.743752 -0.623752  1.538315  0.372865 2.25566E-11
  w  74   0.211679 -0.438321  1.723746  0.558296 2.06820E-10
 re  75  -0.680885 -0.940885  1.221182  0.055732 2.68276E-11
 os  76   0.272665 -1.077335  1.084732 -0.080718 2.46273E-10
 ir  77  -0.192782 -1.512782  0.649284 -0.516166 8.52083E-11
 pt  78   0.355842 -1.264158  0.897909 -0.267542 3.05860E-10
 au  79  -0.464427 -1.264427  0.897640 -0.267810 4.67131E-11
 hg  80   0.701083 -0.468917  1.693150  0.527700 6.96409E-10
 tl  81   0.478909 -0.291091  1.870975  0.705525 4.25427E-10
 pb  82   2.640309  0.600309  2.762376  1.596926 6.25418E-08
 bi  83   0.963495  0.313495  2.475562  1.310112 1.32761E-09
 po  84   1.748636 -9.000000  0.000000  0.000000 8.09571E-09
#[ls/Fe]_Bisterzo =   1.3751, [hs/Fe]_Bisterzo =   1.5469
#[hs/ls]_Bisterzo =   0.1718, [Pb/hs]_Bisterzo =   1.2155
#[ls/Fe]_Thiswork =   1.3673, [hs/Fe]_Thiswork =   1.6858
#[hs/ls]_Thiswork =   0.3185, [Pb/hs]_Thiswork =   1.0765
# C/O = 1.8250E+01, c12/c13 = 1.91462E+04, n14/n15 = 1.14867E+03
# o16/o17 = 1.13643E+03, o16/o18 = 3.97871E+04
# mg24/mg25 = 3.2598E+00, mg24/mg26 = 2.7799E+00
