# Initial abundances
# El  Z   log e(X)   [X/H]    [X/Fe]     [X/O]      X(i)
  p   1  12.000000  0.000000  0.000000  0.000000 7.54927E-01
 he   2  10.922997 -0.007004  2.186210  1.890196 2.51088E-01
 li   3   2.083981 -1.176019  1.017194  0.721181 6.30737E-10
 be   4   0.000000 -1.300000  0.000000  0.000000 0.00000E+00
  b   5   0.000000 -2.790000  0.000000  0.000000 0.00000E+00
  c   6   6.072402 -2.397599 -0.204385 -0.500399 1.06274E-05
  n   7   4.646699 -3.223300 -1.030087 -1.326100 4.65039E-07
  o   8   6.832799 -1.897200  0.296013  0.000000 8.15337E-05
  f   9   0.676831 -3.743169 -1.549955 -1.845969 6.76058E-11
 ne  10   6.073698 -1.896302  0.296912  0.000898 1.79087E-05
 na  11   3.852564 -2.387436 -0.194222 -0.490236 1.22616E-07
 mg  12   5.747832 -1.892168  0.301046  0.005033 1.01853E-05
 al  13   4.263237 -2.186763  0.006451 -0.289563 3.70473E-07
 si  14   5.661035 -1.888965  0.304248  0.008235 9.63762E-06
  p  15   3.183246 -2.226754 -0.033541 -0.329554 3.53743E-08
  s  16   5.268762 -1.881238  0.311975  0.015962 4.45901E-06
 cl  17   2.422245 -2.807755 -0.614542 -0.910555 7.02010E-09
 ar  18   4.503964 -1.936036  0.257177 -0.038836 9.54781E-07
  k  19   1.992335 -3.087665 -0.894451 -1.190464 2.87697E-09
 ca  20   4.394652 -1.895348  0.297866  0.001853 7.44737E-07
 sc  21  -0.251838 -3.301838 -1.108624 -1.404638 1.88536E-11
 ti  22   2.462238 -2.447762 -0.254548 -0.550561 1.03925E-08
  v  23   1.460197 -2.499803 -0.306589 -0.602602 1.10083E-09
 cr  24   3.450157 -2.189843  0.003371 -0.292643 1.09792E-07
 mn  25   2.626850 -2.853150 -0.659936 -0.955950 1.74248E-08
 fe  26   5.346786 -2.193213  0.000000 -0.296013 9.29428E-06
 co  27   2.457133 -2.412867 -0.219653 -0.515666 1.26455E-08
 ni  28   3.673766 -2.526234 -0.333020 -0.629034 2.07395E-07
 cu  29   1.321825 -2.928175 -0.734962 -1.030975 9.98525E-10
 zn  30   2.423494 -2.206506 -0.013292 -0.309306 1.29890E-08
 ga  31   0.317491 -2.762509 -0.569296 -0.865309 1.08470E-10
 ge  32   0.936047 -2.643953 -0.450740 -0.746753 4.69534E-10
 as  33   0.201852 -2.098148  0.095065 -0.200948 8.93114E-11
 se  34   1.116335 -2.223665 -0.030452 -0.326465 7.73013E-10
 br  35   0.370237 -2.169763  0.023451 -0.272563 1.40363E-10
 kr  36   1.085835 -2.164165  0.029048 -0.266965 7.64739E-10
 rb  37   0.133204 -2.386796 -0.193583 -0.489596 8.69867E-11
 sr  38   0.733651 -2.146349  0.046865 -0.249149 3.55386E-10
  y  39   0.038049 -2.171951  0.021262 -0.274751 7.26818E-11
 zr  40   0.399731 -2.130269  0.062944 -0.233069 1.71508E-10
 nb  41  -0.750091 -2.160090  0.033123 -0.262890 1.23708E-11
 mo  42  -0.392480 -2.332480 -0.139266 -0.435280 2.91048E-11
 tc  43   0.000000 -9.000000  0.000000  0.000000 0.00000E+00
 ru  44  -0.552404 -2.312404 -0.119191 -0.415204 2.12159E-11
 rh  45  -1.093215 -2.153215  0.039999 -0.256015 6.21828E-12
 pd  46  -0.541993 -2.191993  0.001220 -0.294793 2.28810E-11
 ag  47  -0.887836 -2.087837  0.105377 -0.190636 1.04593E-11
 cd  48  -0.482100 -2.192100  0.001114 -0.294899 2.77431E-11
 in  49  -1.379355 -2.139355  0.053858 -0.242155 3.59005E-12
 sn  50  -0.149045 -2.219045 -0.025831 -0.321845 6.30795E-11
 sb  51  -1.425652 -2.435652 -0.242438 -0.538451 3.42214E-12
 te  52  -0.384754 -2.564754 -0.371541 -0.667554 3.94042E-11
  i  53  -0.675043 -2.225043 -0.031830 -0.327843 2.00852E-11
 xe  54   0.015547 -2.224453 -0.031240 -0.327253 1.01914E-10
 cs  55  -1.060402 -2.140402  0.052812 -0.243202 8.66132E-12
 ba  56   0.108212 -2.071788  0.121426 -0.174587 1.31951E-10
 la  57  -0.979466 -2.149467  0.043747 -0.252266 1.09068E-11
 ce  58  -0.589180 -2.169180  0.024034 -0.271980 2.70242E-11
 pr  59  -1.422956 -2.182956  0.010257 -0.285756 3.98497E-12
 nd  60  -0.732700 -2.182700  0.010513 -0.285500 1.99908E-11
 pm  61   0.000000 -9.000000  0.000000  0.000000 0.00000E+00
 sm  62  -1.326582 -2.266582 -0.073369 -0.369382 5.30879E-12
 eu  63  -1.661290 -2.171290  0.021923 -0.274090 2.48254E-12
 gd  64  -1.203259 -2.253258 -0.060045 -0.356058 7.37526E-12
 tb  65  -1.823576 -2.143576  0.049638 -0.246376 1.78674E-12
 dy  66  -1.016989 -2.146989  0.046225 -0.249789 1.17033E-11
 ho  67  -1.680371 -2.150371  0.042842 -0.253171 2.57854E-12
 er  68  -1.237080 -2.157080  0.036134 -0.259880 7.25697E-12
 tm  69  -2.061570 -2.181570  0.011643 -0.284370 1.09797E-12
 yb  70  -1.309633 -2.229633 -0.036420 -0.332433 6.35270E-12
 lu  71  -2.038708 -2.128708  0.064506 -0.231508 1.19865E-12
 hf  72  -1.433876 -2.143876  0.049337 -0.246676 4.92247E-12
 ta  73  -2.268051 -2.148051  0.045162 -0.250851 7.31051E-13
  w  74  -1.499439 -2.149439  0.043774 -0.252239 4.35960E-12
 re  75  -1.913774 -2.173774  0.019439 -0.276574 1.70085E-12
 os  76  -0.777902 -2.127902  0.065312 -0.230701 2.37587E-11
 ir  77  -0.811550 -2.131550  0.061663 -0.234350 2.22171E-11
 pt  78  -0.525628 -2.145628  0.047585 -0.248428 4.35537E-11
 au  79  -1.360268 -2.160268  0.032946 -0.263067 6.43533E-12
 hg  80  -1.115231 -2.285231 -0.092017 -0.388031 1.15219E-11
 tl  81  -1.399335 -2.169335  0.023879 -0.272135 6.10317E-12
 pb  82  -0.166627 -2.206627 -0.013413 -0.309427 1.05732E-10
 bi  83  -1.471411 -2.121411  0.071803 -0.224211 5.28615E-12
 po  84   0.000000 -9.000000  0.000000  0.000000 0.00000E+00
#[ls/Fe]_Bisterzo =   0.0421, [hs/Fe]_Bisterzo =  -0.0064
#[hs/ls]_Bisterzo =  -0.0485, [Pb/hs]_Bisterzo =  -0.0070
#[ls/Fe]_Thiswork =   0.0437, [hs/Fe]_Thiswork =   0.0631
#[hs/ls]_Thiswork =   0.0194, [Pb/hs]_Thiswork =  -0.0765
# C/O = 1.7362E-01, c12/c13 = 1.81226E+03, n14/n15 = 3.52617E+03
# o16/o17 = 6.20847E+04, o16/o18 = 4.62354E+03
# mg24/mg25 = 1.5793E+02, mg24/mg26 = 1.7945E+02
#
# During TP-AGB
# Final abundances
# El  Z   log e(X)   [X/H]    [X/Fe]     [X/O]      X(i)
  p   1  12.000000  0.000000  0.000000  0.000000 6.88992E-01
 he   2  11.046423  0.116423  2.275723  1.190052 3.04482E-01
 li   3   1.629137 -1.630863  0.528437 -0.557234 2.01982E-10
 be   4   0.270967 -1.029032  1.130267  0.044597 1.14959E-11
  b   5   0.000000 -2.790000  0.000000  0.000000 3.75663E-26
  c   6   9.094182  0.624182  2.783482  1.697811 1.01980E-02
  n   7   6.257254 -1.612746  0.546554 -0.539117 1.73122E-05
  o   8   7.656370 -1.073629  1.085670  0.000000 4.95698E-04
  f   9   5.271068  0.851068  3.010368  1.924697 2.42398E-06
 ne  10   7.985293  0.015294  2.174593  1.088923 1.33342E-03
 na  11   6.071842 -0.168158  1.991142  0.905472 1.85411E-05
 mg  12   6.660158 -0.979842  1.179458  0.093787 7.59638E-05
 al  13   4.842853 -1.607147  0.552153 -0.533517 1.28434E-06
 si  14   5.735898 -1.814103  0.345197 -0.740473 1.04506E-05
  p  15   3.787389 -1.622611  0.536689 -0.548982 1.29760E-07
  s  16   5.309114 -1.840887  0.318413 -0.767257 4.46580E-06
 cl  17   2.761520 -2.468480 -0.309180 -1.394850 1.39935E-08
 ar  18   4.537659 -1.902341  0.256958 -0.828712 9.41689E-07
  k  19   2.285102 -2.794898 -0.635598 -1.721269 5.15241E-09
 ca  20   4.424470 -1.865530  0.293770 -0.791900 7.27998E-07
 sc  21   0.683719 -2.366281 -0.206981 -1.292652 1.48341E-10
 ti  22   2.553625 -2.356375 -0.197075 -1.282745 1.17062E-08
  v  23   1.517196 -2.442804 -0.283504 -1.369175 1.14558E-09
 cr  24   3.488152 -2.151848  0.007452 -1.078219 1.09364E-07
 mn  25   2.665577 -2.814423 -0.655123 -1.740794 1.73862E-08
 fe  26   5.380700 -2.159300  0.000000 -1.085670 9.17146E-06
 co  27   3.025662 -1.844337  0.314962 -0.770708 4.27341E-08
 ni  28   3.803047 -2.396953 -0.237653 -1.323323 2.54911E-07
 cu  29   2.242219 -2.007781  0.151519 -0.934152 7.58685E-09
 zn  30   2.563019 -2.066981  0.092319 -0.993352 1.63459E-08
 ga  31   1.144003 -1.935997  0.223303 -0.862368 6.63945E-10
 ge  32   1.617661 -1.962339  0.196960 -0.888710 2.05869E-09
 as  33   0.438833 -1.861167  0.298133 -0.787537 1.40669E-10
 se  34   1.637005 -1.702995  0.456305 -0.629366 2.33973E-09
 br  35   0.821474 -1.718526  0.440774 -0.644897 3.62073E-10
 kr  36   2.068424 -1.181576  0.977724 -0.107946 6.70521E-09
 rb  37   1.320573 -1.199427  0.959873 -0.125798 1.22217E-09
 sr  38   1.879780 -1.000220  1.159080  0.073409 4.54085E-09
  y  39   1.351300 -0.858700  1.300600  0.214930 1.36454E-09
 zr  40   1.823948 -0.706052  1.453248  0.367577 4.15730E-09
 nb  41   0.652164 -0.757836  1.401464  0.315794 2.85077E-10
 mo  42   0.976359 -0.963641  1.195659  0.109989 6.21030E-10
 tc  43   0.000000 -9.000000  0.000000  0.000000 0.00000E+00
 ru  44   0.489168 -1.270832  0.888468 -0.197202 2.13081E-10
 rh  45  -0.554706 -1.614706  0.544594 -0.541076 1.96105E-11
 pd  46   0.437263 -1.212737  0.946562 -0.139108 1.99086E-10
 ag  47  -0.288479 -1.488479  0.670821 -0.414850 3.79462E-11
 cd  48   0.726834 -0.983166  1.176134  0.090464 4.09635E-10
 in  49  -0.342348 -1.102348  1.056952 -0.028719 3.56793E-11
 sn  50   1.307305 -0.762695  1.396605  0.310935 1.64644E-09
 sb  51  -0.184584 -1.194584  0.964716 -0.120954 5.44096E-11
 te  52   0.924376 -1.255624  0.903676 -0.181994 7.32793E-10
  i  53  -0.143635 -1.693635  0.465665 -0.620005 6.23153E-11
 xe  54   1.161454 -1.078546  1.080754 -0.004916 1.30152E-09
 cs  55  -0.134532 -1.214532  0.944768 -0.140903 6.66445E-11
 ba  56   1.886137 -0.293863  1.865437  0.779766 7.22183E-09
 la  57   0.886480 -0.283520  1.875780  0.790110 7.31064E-10
 ce  58   1.437384 -0.142616  2.016684  0.931013 2.62196E-09
 pr  59   0.400290 -0.359710  1.799589  0.713919 2.42092E-10
 nd  60   1.095233 -0.354767  1.804533  0.718862 1.22764E-09
 pm  61   0.000000 -9.000000  0.000000  0.000000 4.46480E-26
 sm  62   0.343205 -0.596795  1.562505  0.476835 2.26512E-10
 eu  63  -0.700352 -1.210352  0.948948 -0.136722 2.07082E-11
 gd  64   0.217618 -0.832382  1.326918  0.241247 1.77404E-10
 tb  65  -0.729688 -1.049688  1.109612  0.023942 2.02422E-11
 dy  66   0.365466 -0.764534  1.394766  0.309096 2.57676E-10
 ho  67  -0.665236 -1.135237  1.024063 -0.061607 2.43678E-11
 er  68   0.192550 -0.727450  1.431849  0.346179 1.78112E-10
 tm  69  -0.769800 -0.889800  1.269500  0.183829 1.96187E-11
 yb  70   0.535083 -0.384917  1.774383  0.688712 4.05493E-10
 lu  71  -0.409813 -0.499813  1.659487  0.573816 4.65477E-11
 hf  72   0.453710 -0.256290  1.903009  0.817339 3.46799E-10
 ta  73  -0.504422 -0.384422  1.774878  0.689207 3.87155E-11
  w  74   0.427633 -0.222367  1.936933  0.851263 3.36378E-10
 re  75  -0.506365 -0.766365  1.392935  0.307265 3.96630E-11
 os  76   0.392562 -0.957438  1.201862  0.116191 3.21066E-10
 ir  77  -0.262625 -1.582625  0.576675 -0.508995 7.17665E-11
 pt  78   0.465766 -1.154234  1.005066 -0.080605 3.89698E-10
 au  79  -0.322827 -1.122827  1.036473 -0.049198 6.40207E-11
 hg  80   0.942891 -0.227109  1.932191  0.846521 1.20214E-09
 tl  81   0.769579 -0.000421  2.158879  1.073208 8.21821E-10
 pb  82   2.723220  0.683220  2.842520  1.756849 7.48796E-08
 bi  83   1.164746  0.514746  2.674046  1.588376 2.08740E-09
 po  84   1.681889 -9.000000  0.000000  0.000000 6.86736E-09
#[ls/Fe]_Bisterzo =   1.3769, [hs/Fe]_Bisterzo =   1.7476
#[hs/ls]_Bisterzo =   0.3707, [Pb/hs]_Bisterzo =   1.0949
#[ls/Fe]_Thiswork =   1.3043, [hs/Fe]_Thiswork =   1.9193
#[hs/ls]_Thiswork =   0.6150, [Pb/hs]_Thiswork =   0.9232
# C/O = 2.7404E+01, c12/c13 = 3.15597E+04, n14/n15 = 1.99423E+04
# o16/o17 = 5.06997E+02, o16/o18 = 4.36630E+04
# mg24/mg25 = 9.7942E-01, mg24/mg26 = 7.0850E-01
