# Minitial =  0.900 msun, Z = 0.0001, Mfinal = 0.775 msun, no c13 pocket
  species    A      yield       mass(i)_lost    mass(i)_0        <X(i)>          X0(i)   log10(<X(i)>/X0(i)) 
      n      1   0.0000000E+00  0.0000000E+00  0.0000000E+00  0.0000000E+00  0.0000000E+00  0.0000000E+00
      p      1  -3.3373535E-03  9.1615766E-02  9.4953120E-02  7.3292613E-01  7.5989997E-01 -1.5696233E-02
      d      2  -1.9902766E-08  2.0785839E-08  4.0688604E-08  1.6628671E-07  3.2562667E-07 -2.9186243E-01
    he3      3   2.9209239E-05  2.9468045E-05  2.5880630E-07  2.3574436E-04  2.0712000E-06  2.0562193E+00
    he4      4   2.7665012E-03  3.2755643E-02  2.9989142E-02  2.6204515E-01  2.3999999E-01  3.8164895E-02
    li7      7   7.9619762E-11  8.6806742E-11  7.1869810E-12  6.9445394E-10  5.7516669E-11  1.0818497E+00
    be7      7   5.6110624E-12  5.6110624E-12  0.0000000E+00  4.4888499E-11  0.0000000E+00  0.0000000E+00
     b8      8   1.4531902E-27  1.4531902E-27  0.0000000E+00  1.1625522E-26  0.0000000E+00  0.0000000E+00
    c12     12   4.9302605E-04  4.9516535E-04  2.1393255E-06  3.9613228E-03  1.7120799E-05  2.3643162E+00
    c13     13   5.7543036E-07  6.0134300E-07  2.5912620E-08  4.8107440E-06  2.0737600E-07  1.3654537E+00
    c14     14  -4.3881114E-11 -4.3881114E-11  0.0000000E+00 -3.5104891E-10  0.0000000E+00  0.0000000E+00
    n13     13   0.0000000E+00  0.0000000E+00  0.0000000E+00  0.0000000E+00  0.0000000E+00  0.0000000E+00
    n14     14   1.6970165E-05  1.7602386E-05  6.3222109E-07  1.4081909E-04  5.0596000E-06  1.4445454E+00
    n15     15   2.0030060E-09  3.5163330E-09  1.5133270E-09  2.8130664E-08  1.2110999E-08  3.6600000E-01
    o14     14   0.0000000E+00  0.0000000E+00  0.0000000E+00  0.0000000E+00  0.0000000E+00  0.0000000E+00
    o15     15   0.0000000E+00  0.0000000E+00  0.0000000E+00  0.0000000E+00  0.0000000E+00  0.0000000E+00
    o16     16   1.4841034E-05  2.0074873E-05  5.2338382E-06  1.6059898E-04  4.1885865E-05  5.8367527E-01
    o17     17   3.1517001E-08  3.3629618E-08  2.1126185E-09  2.6903695E-07  1.6907066E-08  1.2017437E+00
    o18     18  -3.8635672E-10  1.1417820E-08  1.1804176E-08  9.1342557E-08  9.4467602E-08 -1.4609717E-02
    o19     19   0.0000000E+00  0.0000000E+00  0.0000000E+00  0.0000000E+00  0.0000000E+00  0.0000000E+00
    f17     17   0.0000000E+00  0.0000000E+00  0.0000000E+00  0.0000000E+00  0.0000000E+00  0.0000000E+00
    f18     18   0.0000000E+00  0.0000000E+00  0.0000000E+00  0.0000000E+00  0.0000000E+00  0.0000000E+00
    f19     19   3.6497685E-08  3.6802824E-08  3.0514033E-10  2.9442259E-07  2.4420066E-09  2.0812244E+00
    f20     20   0.0000000E+00  0.0000000E+00  0.0000000E+00  0.0000000E+00  0.0000000E+00  0.0000000E+00
   ne19     19   0.0000000E+00  0.0000000E+00  0.0000000E+00  0.0000000E+00  0.0000000E+00  0.0000000E+00
   ne20     20   1.8365552E-07  1.2428720E-06  1.0592165E-06  9.9429762E-06  8.4767998E-06  6.9284454E-02
   ne21     21   9.0715577E-09  1.1737592E-08  2.6660347E-09  9.3900738E-08  2.1336000E-08  6.4355600E-01
   ne22     22   1.5499183E-05  1.5584856E-05  8.5671815E-08  1.2467885E-04  6.8562269E-07  2.2597077E+00
   ne23     23   0.0000000E+00  0.0000000E+00  0.0000000E+00  0.0000000E+00  0.0000000E+00  0.0000000E+00
   na21     21   0.0000000E+00  0.0000000E+00  0.0000000E+00  0.0000000E+00  0.0000000E+00  0.0000000E+00
   na22     22   7.9160752E-20  7.9160752E-20  0.0000000E+00  6.3328601E-19  0.0000000E+00  0.0000000E+00
   na23     23   1.6263661E-07  1.8704036E-07  2.4403747E-08  1.4963229E-06  1.9530066E-07  8.8432163E-01
   na24     24   0.0000000E+00  0.0000000E+00  0.0000000E+00  0.0000000E+00  0.0000000E+00  0.0000000E+00
   mg23     23   0.0000000E+00  0.0000000E+00  0.0000000E+00  0.0000000E+00  0.0000000E+00  0.0000000E+00
   mg24     24   1.3865360E-08  5.1912241E-07  5.0525705E-07  4.1529793E-06  4.0435198E-06  1.1600215E-02
   mg25     25   3.6168991E-08  1.0279904E-07  6.6630044E-08  8.2239228E-07  5.3323333E-07  1.8816175E-01
   mg26     26   3.6529045E-08  1.1282442E-07  7.6295379E-08  9.0259539E-07  6.1058404E-07  1.6974765E-01
   mg27     27   0.0000000E+00  0.0000000E+00  0.0000000E+00  0.0000000E+00  0.0000000E+00  0.0000000E+00
   al25     25   0.0000000E+00  0.0000000E+00  0.0000000E+00  0.0000000E+00  0.0000000E+00  0.0000000E+00
   al-6     26   5.0161764E-10  5.0161764E-10  0.0000000E+00  4.0129411E-09  0.0000000E+00  0.0000000E+00
   al*6     26   0.0000000E+00  0.0000000E+00  0.0000000E+00  0.0000000E+00  0.0000000E+00  0.0000000E+00
   al27     27   2.8289264E-09  4.9290353E-08  4.6461427E-08  3.9432283E-07  3.7182599E-07  2.5512198E-02
   al28     28   0.0000000E+00  0.0000000E+00  0.0000000E+00  0.0000000E+00  0.0000000E+00  0.0000000E+00
   si27     27   0.0000000E+00  0.0000000E+00  0.0000000E+00  0.0000000E+00  0.0000000E+00  0.0000000E+00
   si28     28   1.3391741E-09  5.6078665E-07  5.5944747E-07  4.4862932E-06  4.4772000E-06  8.8114402E-04
   si29     29   3.3039527E-10  2.9752325E-08  2.9421930E-08  2.3801860E-07  2.3546067E-07  4.6925340E-03
   si30     30   1.2350245E-09  2.1299259E-08  2.0064235E-08  1.7039407E-07  1.6057200E-07  2.5784664E-02
    p31     31   1.3733423E-09  6.2385808E-09  4.8652384E-09  4.9908646E-08  3.8935998E-08  1.0782448E-01
    p32     32  -2.0297528E-40 -2.0297528E-40  0.0000000E+00 -1.6238022E-39  0.0000000E+00  0.0000000E+00
    p33     33  -4.3330722E-37 -4.3330722E-37  0.0000000E+00 -3.4664578E-36  0.0000000E+00  0.0000000E+00
    s32     32  -5.1556981E-10  2.6757402E-07  2.6808959E-07  2.1405922E-06  2.1454932E-06 -9.9321455E-04
    s33     33   3.0404124E-11  2.2438202E-09  2.2134161E-09  1.7950562E-08  1.7713740E-08  5.7678036E-03
    s34     34   2.7185898E-10  1.3144698E-08  1.2872839E-08  1.0515758E-07  1.0302000E-07  8.9190537E-03
    s35     35   1.0333857E-34  1.0333857E-34  0.0000000E+00  8.2670855E-34  0.0000000E+00  0.0000000E+00
    s36     36   6.1521822E-11  1.2506582E-10  6.3543996E-11  1.0005266E-09  5.0853599E-10  2.9390693E-01
   cl35     35  -1.1968426E-11  2.7382108E-09  2.7501792E-09  2.1905686E-08  2.2009399E-08 -2.0513299E-03
   cl36     36   2.2063907E-13  2.2063907E-13  0.0000000E+00  1.7651126E-12  0.0000000E+00  0.0000000E+00
   cl37     37   1.3171281E-10  1.0609089E-09  9.2919611E-10  8.4872713E-09  7.4362601E-09  5.7413507E-02
   ar36     36  -3.0387071E-10  5.0908593E-08  5.1212464E-08  4.0726874E-07  4.0984804E-07 -2.7417806E-03
   ar37     37  -2.8275759E-35 -2.8275759E-35  0.0000000E+00 -2.2620607E-34  0.0000000E+00  0.0000000E+00
   ar38     38   7.6340712E-11  9.9049657E-09  9.8286250E-09  7.9239726E-08  7.8657465E-08  3.2030412E-03
   ar39     39   1.4031742E-15  1.4031742E-15  0.0000000E+00  1.1225394E-14  0.0000000E+00  0.0000000E+00
   ar40     40   4.3060645E-11  5.9607985E-11  1.6547342E-11  4.7686388E-10  1.3242667E-10  5.5641901E-01
    k39     39   7.6596507E-12  2.6739044E-09  2.6662448E-09  2.1391235E-08  2.1337680E-08  1.0886925E-03
    k40     40   4.0679743E-12  4.4996177E-12  4.3164365E-13  3.5996942E-11  3.4543993E-12  1.0178931E+00
    k41     41   1.9352422E-11  2.2163127E-10  2.0227885E-10  1.7730502E-09  1.6188166E-09  3.9523382E-02
   ca40     40  -2.4704505E-10  4.5916238E-08  4.6163283E-08  3.6732990E-07  3.6943999E-07 -2.4876078E-03
   ca41     41   1.9544210E-14  1.9544210E-14  0.0000000E+00  1.5635368E-13  0.0000000E+00  0.0000000E+00
   ca42     42   1.1938173E-11  3.3544853E-10  3.2351036E-10  2.6835882E-09  2.5890199E-09  1.5580485E-02
   ca43     43   2.7333066E-12  7.1841533E-11  6.9108226E-11  5.7473226E-10  5.5306598E-10  1.6688654E-02
   ca44     44   8.2036600E-12  1.1009147E-09  1.0927110E-09  8.8073175E-09  8.7448528E-09  3.0911474E-03
   ca45     45  -7.6895227E-35 -7.6895227E-35  0.0000000E+00 -6.1516182E-34  0.0000000E+00  0.0000000E+00
   ca46     46   1.5645766E-11  1.7836337E-11  2.1905702E-12  1.4269069E-10  1.7530906E-11  9.1059130E-01
   ca47     47   0.0000000E+00  0.0000000E+00  0.0000000E+00  0.0000000E+00  0.0000000E+00  0.0000000E+00
   ca48     48   1.6517482E-12  1.0851306E-10  1.0686131E-10  8.6810448E-10  8.5520002E-10  6.5042898E-03
   sc45     45   2.9745234E-12  3.3802613E-11  3.0828090E-11  2.7042091E-10  2.4671401E-10  3.9846435E-02
   sc46     46  -2.9193441E-38 -2.9193441E-38  0.0000000E+00 -2.3354753E-37  0.0000000E+00  0.0000000E+00
   sc47     47   0.0000000E+00  0.0000000E+00  0.0000000E+00  0.0000000E+00  0.0000000E+00  0.0000000E+00
   sc48     48   3.0101912E-34  1.9744156E-32  1.9443136E-32  1.5795324E-31  1.5560141E-31  0.0000000E+00
   ti46     46   1.2105594E-12  1.8955454E-10  1.8834398E-10  1.5164363E-09  1.5072974E-09  2.6252221E-03
   ti47     47   3.3052727E-13  1.7387394E-10  1.7354342E-10  1.3909915E-09  1.3888500E-09  6.6915422E-04
   ti48     48  -1.2968293E-11  1.7431959E-09  1.7561642E-09  1.3945567E-08  1.4054400E-08 -3.3761421E-03
   ti49     49   1.4457449E-11  1.4601972E-10  1.3156227E-10  1.1681578E-09  1.0528793E-09  4.5122895E-02
   ti50     50   4.0659670E-11  1.6920063E-10  1.2854096E-10  1.3536050E-09  1.0286999E-09  1.1920324E-01
    v51     51  -1.2909118E-12  2.8199229E-10  2.8328320E-10  2.2559383E-09  2.2670861E-09 -2.1407823E-03
   cr52     52  -4.9639404E-11  1.1562956E-08  1.1612595E-08  9.2503647E-08  9.2934400E-08 -2.0176501E-03
   cr53     53  -6.2978511E-12  1.3357945E-09  1.3420923E-09  1.0686356E-08  1.0740626E-08 -2.1999681E-03
   cr54     54   3.8257203E-11  3.7863546E-10  3.4037825E-10  3.0290837E-09  2.7240119E-09  4.6102270E-02
   mn55     55   9.3530517E-11  1.0235068E-08  1.0141537E-08  8.1880543E-08  8.1161666E-08  3.8297710E-03
   fe54     54  -6.9919537E-10  6.6124116E-08  6.6823311E-08  5.2899293E-07  5.3477999E-07 -4.7252886E-03
   fe55     55   4.4316758E-24  4.4316758E-24  0.0000000E+00  3.5453406E-23  0.0000000E+00  0.0000000E+00
   fe56     56  -6.1211267E-09  1.0816584E-06  1.0877795E-06  8.6532673E-06  8.7053868E-06 -2.6079568E-03
   fe57     57   1.2569714E-09  2.6827413E-08  2.5570442E-08  2.1461931E-07  2.0463760E-07  2.0683346E-02
   fe58     58   1.5592918E-09  5.0219913E-09  3.4626995E-09  4.0175930E-08  2.7711625E-08  1.6130397E-01
   fe59     59   1.6204913E-36  1.6204913E-36  0.0000000E+00  1.2963931E-35  0.0000000E+00  0.0000000E+00
   fe60     60   9.0880165E-11  9.0880165E-11  0.0000000E+00  7.2704132E-10  0.0000000E+00  0.0000000E+00
   co59     59   3.3479708E-10  3.0052520E-09  2.6704550E-09  2.4042016E-08  2.1371374E-08  5.1138442E-02
   co60     60   1.8314062E-16  1.8314062E-16  0.0000000E+00  1.4651250E-15  0.0000000E+00  0.0000000E+00
   ni58     58  -4.0106229E-10  3.7807588E-08  3.8208650E-08  3.0246071E-07  3.0577988E-07 -4.7399439E-03
   ni59     59  -4.4047431E-14 -4.4047431E-14  0.0000000E+00 -3.5237945E-13  0.0000000E+00  0.0000000E+00
   ni60     60   1.8513369E-10  1.5410622E-08  1.5225488E-08  1.2328498E-07  1.2184800E-07  5.0917291E-03
   ni61     61   1.1834717E-10  7.9123852E-10  6.7289135E-10  6.3299082E-09  5.3850799E-09  7.0205249E-02
   ni62     62   3.2029690E-10  2.5008740E-09  2.1805771E-09  2.0006992E-08  1.7450933E-08  5.9363127E-02
   ni63     63   1.2202168E-15  1.2202168E-15  0.0000000E+00  9.7617345E-15  0.0000000E+00  0.0000000E+00
   ni64     64   2.8216385E-10  8.5539631E-10  5.7323246E-10  6.8431705E-09  4.5875201E-09  1.7367940E-01
   cu63     63   7.7800100E-11  5.5094779E-10  4.7314769E-10  4.4075823E-09  3.7865520E-09  6.5956511E-02
   cu64     64   0.0000000E+00  0.0000000E+00  0.0000000E+00  0.0000000E+00  0.0000000E+00  0.0000000E+00
   cu65     65   7.4152295E-11  2.9173686E-10  2.1758456E-10  2.3338949E-09  1.7413067E-09  1.2720603E-01
   zn64     64   7.1498363E-14  8.1071139E-10  8.1063989E-10  6.4856911E-09  6.4874670E-09 -1.1891054E-04
   zn65     65  -9.0324027E-31 -9.0324027E-31  0.0000000E+00 -7.2259221E-30  0.0000000E+00  0.0000000E+00
   zn66     66   7.5801976E-11  5.5540983E-10  4.7960785E-10  4.4432786E-09  3.8382519E-09  6.3570075E-02
   zn67     67   1.7338499E-11  8.8885344E-11  7.1546845E-11  7.1108275E-10  5.7258198E-10  9.4082452E-02
   zn68     68   1.2809873E-10  4.6018117E-10  3.3208244E-10  3.6814494E-09  2.6576215E-09  1.4152573E-01
   zn69     69   0.0000000E+00  0.0000000E+00  0.0000000E+00  0.0000000E+00  0.0000000E+00  0.0000000E+00
   zn70     70   3.0709896E-12  1.4374814E-11  1.1303824E-11  1.1499851E-10  9.0463331E-11  1.0421965E-01
   ga69     69   2.0703744E-11  5.1148745E-11  3.0445001E-11  4.0918996E-10  2.4364818E-10  2.2516181E-01
   ga70     70   0.0000000E+00  0.0000000E+00  0.0000000E+00  0.0000000E+00  0.0000000E+00  0.0000000E+00
   ga71     71   2.2422677E-11  4.3214009E-11  2.0791332E-11  3.4571207E-10  1.6639087E-10  3.1758505E-01
   ge70     70   3.4168522E-11  6.8032177E-11  3.3863655E-11  5.4425742E-10  2.7100733E-10  3.0282333E-01
   ge71     71  -1.0950125E-39 -1.0950125E-39  0.0000000E+00 -8.7600996E-39  0.0000000E+00  0.0000000E+00
   ge72     72   3.9748073E-11  8.5777205E-11  4.6029132E-11  6.8621764E-10  3.6836639E-10  2.7018186E-01
   ge73     73   1.1368370E-11  2.4467126E-11  1.3098756E-11  1.9573701E-10  1.0482800E-10  2.7119565E-01
   ge74     74   5.4562480E-11  1.1688492E-10  6.2322439E-11  9.3507935E-10  4.9875998E-10  2.7295688E-01
   as75     75   4.9683183E-12  1.4105011E-11  9.1366923E-12  1.1284008E-10  7.3120003E-11  1.8842721E-01
   se76     76   1.8618782E-11  2.8131171E-11  9.5123891E-12  2.2504937E-10  7.6126661E-11  4.7074103E-01
   se77     77   7.4026531E-12  1.5250603E-11  7.8479497E-12  1.2200482E-10  6.2806330E-11  2.8837359E-01
   se78     78   5.1539106E-11  7.6305538E-11  2.4766432E-11  6.1044431E-10  1.9820319E-10  4.8853540E-01
   se79     79   2.1120391E-13  2.1120391E-13  0.0000000E+00  1.6896313E-12  0.0000000E+00  0.0000000E+00
   se80     80   7.1117327E-11  1.2413214E-10  5.3014808E-11  9.9305708E-10  4.2427201E-10  3.6932981E-01
   br79     79   1.1179017E-11  1.9656598E-11  8.4775806E-12  1.5725278E-10  6.7845202E-11  3.6507916E-01
   br80     80   0.0000000E+00  0.0000000E+00  0.0000000E+00  0.0000000E+00  0.0000000E+00  0.0000000E+00
   br81     81   9.7281202E-12  1.8184159E-11  8.4560388E-12  1.4547327E-10  6.7672798E-11  3.3236909E-01
   kr80     80   1.7222140E-13  2.1926233E-12  2.0204019E-12  1.7540986E-11  1.6169066E-11  3.5369053E-02
   kr81     81   2.3089129E-15  2.3089129E-15  0.0000000E+00  1.8471303E-14  0.0000000E+00  0.0000000E+00
   kr82     82   3.9163322E-11  4.9540080E-11  1.0376759E-11  3.9632064E-10  8.3044127E-11  6.7873776E-01
   kr83     83   1.2552273E-11  2.2957398E-11  1.0405125E-11  1.8365919E-10  8.3271133E-11  3.4351817E-01
   kr84     84   1.0153918E-10  1.5343729E-10  5.1898111E-11  1.2274983E-09  4.1533521E-10  4.7062215E-01
   kr-5     85   5.0542574E-23  5.0542574E-23  0.0000000E+00  4.0434059E-22  0.0000000E+00  0.0000000E+00
   kr*5     85   0.0000000E+00  0.0000000E+00  0.0000000E+00  0.0000000E+00  0.0000000E+00  0.0000000E+00
   kr86     86   9.6722796E-10  9.8329622E-10  1.6068299E-11  7.8663698E-09  1.2859294E-10  1.7865572E+00
   rb85     85   3.0046597E-11  4.2221275E-11  1.2174676E-11  3.3777020E-10  9.7432666E-11  5.3991675E-01
   rb86     86  -2.7551835E-37 -2.7551835E-37  0.0000000E+00 -2.2041468E-36  0.0000000E+00  0.0000000E+00
   rb87     87   1.4184685E-10  1.4697524E-10  5.1283886E-12  1.1758019E-09  4.1041961E-11  1.4571061E+00
   sr86     86   3.1054586E-11  3.4985154E-11  3.9305685E-12  2.7988123E-10  3.1455932E-11  9.4927120E-01
   sr87     87   1.9603123E-11  2.2381912E-11  2.7787889E-12  1.7905530E-10  2.2238359E-11  9.0588444E-01
   sr88     88   4.9866811E-10  5.3236648E-10  3.3698398E-11  4.2589319E-09  2.6968480E-10  1.1984442E+00
   sr89     89   2.7865280E-37  2.7865280E-37  0.0000000E+00  2.2292224E-36  0.0000000E+00  0.0000000E+00
   sr90     90   3.1006141E-20  3.1006141E-20  0.0000000E+00  2.4804913E-19  0.0000000E+00  0.0000000E+00
    y89     89   1.5769006E-10  1.6650306E-10  8.8130007E-12  1.3320245E-09  7.0529534E-11  1.2761412E+00
    y90     90   7.8412167E-24  7.8412167E-24  0.0000000E+00  6.2729733E-23  0.0000000E+00  0.0000000E+00
    y91     91   0.0000000E+00  0.0000000E+00  0.0000000E+00  0.0000000E+00  0.0000000E+00  0.0000000E+00
   zr90     90   1.5006399E-10  1.5964402E-10  9.5800312E-12  1.2771522E-09  7.6667998E-11  1.2216285E+00
   zr91     91   4.2562280E-11  4.4674688E-11  2.1124068E-12  3.5739750E-10  1.6905373E-11  1.3251268E+00
   zr92     92   8.6598485E-11  8.9862770E-11  3.2642816E-12  7.1890216E-10  2.6123707E-11  1.4396350E+00
   zr93     93   1.0410386E-11  1.0410386E-11  0.0000000E+00  8.3283089E-11  0.0000000E+00  0.0000000E+00
   zr94     94   1.0743902E-10  1.1081898E-10  3.3799563E-12  8.8655183E-10  2.7049439E-11  1.5155458E+00
   zr95     95   3.9944839E-36  3.9944839E-36  0.0000000E+00  3.1955871E-35  0.0000000E+00  0.0000000E+00
   zr96     96   1.1628744E-10  1.1684356E-10  5.5611868E-13  9.3474850E-10  4.4505601E-12  2.3222802E+00
   nb93     93   1.6528152E-11  1.7987724E-11  1.4595715E-12  1.4390179E-10  1.1680800E-11  1.0905936E+00
   nb94     94  -2.2281345E-16 -2.2281345E-16  0.0000000E+00 -1.7825076E-15  0.0000000E+00  0.0000000E+00
   nb95     95   5.3762290E-36  5.3762290E-36  0.0000000E+00  4.3009832E-35  0.0000000E+00  0.0000000E+00
   mo94     94   1.2128975E-13  5.7873178E-13  4.5744203E-13  4.6298542E-12  3.6608611E-12  1.0198406E-01
   mo95     95   1.1131817E-11  1.1931981E-11  8.0016446E-13  9.5455852E-11  6.4036333E-12  1.1733761E+00
   mo96     96   2.4199538E-11  2.5050670E-11  8.5113183E-13  2.0040536E-10  6.8115201E-12  1.4686654E+00
   mo97     97   1.2198551E-11  1.2693702E-11  4.9515123E-13  1.0154962E-10  3.9626440E-12  1.4086932E+00
   mo98     98   4.3932830E-11  4.5204000E-11  1.2711715E-12  3.6163200E-10  1.0173054E-11  1.5508155E+00
   tc99     99   2.2110162E-14  2.2110162E-14  0.0000000E+00  1.7688130E-13  0.0000000E+00  0.0000000E+00
   ru99     99   5.5996718E-12  6.0435094E-12  4.4383778E-13  4.8348076E-11  3.5519879E-12  1.1339077E+00
  ru100    100   2.0852407E-11  2.1295105E-11  4.4269810E-13  1.7036084E-10  3.5428667E-12  1.6820149E+00
  ru101    101   4.4985443E-12  5.1039381E-12  6.0539366E-13  4.0831505E-11  4.8449027E-12  9.2571032E-01
  ru102    102   2.7289095E-11  2.8419780E-11  1.1306856E-12  2.2735824E-10  9.0487600E-12  1.4001217E+00
  rh103    103   4.6310985E-12  5.3531589E-12  7.2206038E-13  4.2825271E-11  5.7785747E-12  8.6987936E-01
  pd104    104   1.4586428E-11  1.4902404E-11  3.1597625E-13  1.1921923E-10  2.5287253E-12  1.6734446E+00
  pd105    105   3.7199367E-12  4.3594000E-12  6.3946347E-13  3.4875200E-11  5.1175600E-12  8.3345377E-01
  pd106    106   1.6310130E-11  1.7100233E-11  7.9010290E-13  1.3680186E-10  6.3231117E-12  1.3351612E+00
  pd107    107   2.5606414E-12  2.5606414E-12  0.0000000E+00  2.0485131E-11  0.0000000E+00  0.0000000E+00
  pd108    108   1.9858698E-11  2.0638076E-11  7.7937873E-13  1.6510461E-10  6.2372876E-12  1.4227635E+00
  ag107    107   6.8016458E-13  1.2169230E-12  5.3675846E-13  9.7353844E-12  4.2956220E-12  3.5532704E-01
  ag108    108   0.0000000E+00  0.0000000E+00  0.0000000E+00  0.0000000E+00  0.0000000E+00  0.0000000E+00
  ag109    109   5.0373863E-12  5.5453784E-12  5.0799225E-13  4.4363027E-11  4.0654095E-12  1.0379169E+00
  cd108    108   5.8778767E-15  3.5976478E-14  3.0098601E-14  2.8781182E-13  2.4087600E-13  7.7315114E-02
  cd109    109   1.3105822E-32  1.3105822E-32  0.0000000E+00  1.0484657E-31  0.0000000E+00  0.0000000E+00
  cd110    110   1.6523827E-11  1.6954046E-11  4.3021923E-13  1.3563237E-10  3.4429998E-12  1.5954263E+00
  cd111    111   5.5070471E-12  5.9519499E-12  4.4490269E-13  4.7615599E-11  3.5605100E-12  1.1262370E+00
  cd112    112   2.0208470E-11  2.1054745E-11  8.4627357E-13  1.6843796E-10  6.7726402E-12  1.3956820E+00
  cd113    113   5.9464109E-12  6.3788089E-12  4.3239807E-13  5.1030472E-11  3.4604368E-12  1.1686987E+00
  cd114    114   2.8690829E-11  2.9716458E-11  1.0256286E-12  2.3773167E-10  8.2079994E-12  1.4618497E+00
  in115    115   5.5443727E-12  5.9310929E-12  3.8672001E-13  4.7448743E-11  3.0948800E-12  1.1855810E+00
  sn116    116   4.0523144E-11  4.1733068E-11  1.2099254E-12  3.3386455E-10  9.6829073E-12  1.5375645E+00
  sn117    117   1.1711202E-11  1.2355795E-11  6.4459261E-13  9.8846362E-11  5.1586079E-12  1.2824281E+00
  sn118    118   5.7893464E-11  5.9859027E-11  1.9655618E-12  4.7887222E-10  1.5730186E-11  1.4834858E+00
  sn119    119   1.7084780E-11  1.7818070E-11  7.3329016E-13  1.4254456E-10  5.8684451E-12  1.3854276E+00
  sn120    120   1.0084687E-10  1.0365146E-10  2.8045845E-12  8.2921164E-10  2.2444799E-11  1.5675497E+00
  sb121    121   7.2946345E-12  7.7271436E-12  4.3250914E-13  6.1817149E-11  3.4613261E-12  1.2518665E+00
  te122    122   1.2635433E-11  1.2922934E-11  2.8750074E-13  1.0338347E-10  2.3008386E-12  1.6525650E+00
  te123    123   4.6756366E-12  4.7768022E-12  1.0116573E-13  3.8214418E-11  8.0961881E-13  1.6739466E+00
  te124    124   2.4577876E-11  2.5121048E-11  5.4317130E-13  2.0096838E-10  4.3469438E-12  1.6649437E+00
  te125    125   8.3175385E-12  9.1342428E-12  8.1670429E-13  7.3073943E-11  6.5359996E-12  1.0484505E+00
  te126    126   4.6347887E-11  4.8541594E-11  2.1937057E-12  3.8833275E-10  1.7556000E-11  1.3447784E+00
   i127    127   6.0788622E-12  8.8301675E-12  2.7513055E-12  7.0641340E-11  2.2018413E-11  5.0627291E-01
  xe128    128   1.4807551E-11  1.5104713E-11  2.9716174E-13  1.2083770E-10  2.3781545E-12  1.7059624E+00
  xe129    129   5.7649948E-12  9.4955068E-12  3.7305120E-12  7.5964054E-11  2.9854900E-11  4.0559250E-01
  xe130    130   3.0063944E-11  3.0667555E-11  6.0360977E-13  2.4534044E-10  4.8306264E-12  1.7057657E+00
  xe131    131   1.1313825E-11  1.4329117E-11  3.0152924E-12  1.1463294E-10  2.4131074E-11  6.7673278E-01
  xe132    132   5.8831877E-11  6.2545344E-11  3.7134657E-12  5.0036275E-10  2.9718481E-11  1.2262584E+00
  xe133    133   0.0000000E+00  0.0000000E+00  0.0000000E+00  0.0000000E+00  0.0000000E+00  0.0000000E+00
  xe134    134   3.4935978E-11  3.6327958E-11  1.3919793E-12  2.9062366E-10  1.1139866E-11  1.4164510E+00
  cs133    133   7.7535669E-12  8.7298771E-12  9.7630985E-13  6.9839017E-11  7.8133064E-12  9.5126325E-01
  cs134    134   4.3503626E-27  4.3503626E-27  0.0000000E+00  3.4802901E-26  0.0000000E+00  0.0000000E+00
  cs135    135   1.1540584E-11  1.1540584E-11  0.0000000E+00  9.2324676E-11  0.0000000E+00  0.0000000E+00
  cs136    136  -4.6500254E-39 -4.6500254E-39  0.0000000E+00 -3.7200203E-38  0.0000000E+00  0.0000000E+00
  cs137    137   1.1792547E-19  1.1792547E-19  0.0000000E+00  9.4340373E-19  0.0000000E+00  0.0000000E+00
  ba134    134   9.0621304E-12  9.3614335E-12  2.9930347E-13  7.4891468E-11  2.3952947E-12  1.4950734E+00
  ba135    135   1.2723479E-11  1.3545883E-11  8.2240345E-13  1.0836707E-10  6.5816098E-12  1.2165651E+00
  ba136    136   7.0122547E-11  7.1109660E-11  9.8711599E-13  5.6887728E-10  7.8997867E-12  1.8574033E+00
  ba137    137   1.3731306E-10  1.3873507E-10  1.4220017E-12  1.1098805E-09  1.1380133E-11  1.9891289E+00
  ba138    138   6.2935968E-10  6.3850336E-10  9.1436745E-12  5.1080269E-09  7.3175875E-11  1.8438853E+00
  la139    139   7.0918243E-11  7.2172379E-11  1.2541367E-12  5.7737903E-10  1.0036727E-11  1.7598689E+00
  ce140    140   1.6730299E-10  1.7017743E-10  2.8744427E-12  1.3614194E-09  2.3003866E-11  1.7721912E+00
  ce141    141  -9.9582109E-38 -9.9582109E-38  0.0000000E+00 -7.9665688E-37  0.0000000E+00  0.0000000E+00
  ce142    142   1.1243962E-11  1.1610308E-11  3.6634571E-13  9.2882466E-11  2.9318267E-12  1.5007955E+00
  pr141    141   1.5081922E-11  1.5577322E-11  4.9540038E-13  1.2461858E-10  3.9646376E-12  1.4973793E+00
  nd142    142   4.1503311E-11  4.2164154E-11  6.6084172E-13  3.3731323E-10  5.2886476E-12  1.8046887E+00
  nd143    143   6.7701990E-12  7.0660543E-12  2.9585522E-13  5.6528435E-11  2.3676985E-12  1.3779405E+00
  nd144    144   2.1460908E-11  2.2048911E-11  5.8800312E-13  1.7639129E-10  4.7057280E-12  1.5738503E+00
  nd145    145   3.8360998E-12  4.0547531E-12  2.1865332E-13  3.2438024E-11  1.7498598E-12  1.2680511E+00
  nd146    146   1.8878751E-11  1.9309125E-11  4.3037386E-13  1.5447300E-10  3.4442375E-12  1.6517595E+00
  nd147    147  -3.0586142E-40 -3.0586142E-40  0.0000000E+00 -2.4468913E-39  0.0000000E+00  0.0000000E+00
  nd148    148   8.6810507E-13  1.0136844E-12  1.4557928E-13  8.1094749E-12  1.1650560E-12  8.4264594E-01
  pm147    147   6.4295141E-27  6.4295141E-27  0.0000000E+00  5.1436113E-26  0.0000000E+00  0.0000000E+00
  pm148    148   0.0000000E+00  0.0000000E+00  0.0000000E+00  0.0000000E+00  0.0000000E+00  0.0000000E+00
  sm147    147   2.1802304E-12  2.2974107E-12  1.1718027E-13  1.8379286E-11  9.3778164E-13  1.2922269E+00
  sm148    148   5.5000713E-12  5.5885348E-12  8.8463342E-14  4.4708279E-11  7.0796293E-13  1.8003775E+00
  sm149    149   8.3227462E-13  9.4177856E-13  1.0950391E-13  7.5342284E-12  8.7634847E-13  9.3436193E-01
  sm150    150   3.9078831E-12  3.9667518E-12  5.8868681E-14  3.1734015E-11  4.7112000E-13  1.8283935E+00
  sm151    151   7.1711712E-18  7.1711712E-18  0.0000000E+00  5.7369369E-17  0.0000000E+00  0.0000000E+00
  sm152    152   3.4077229E-12  3.6239406E-12  2.1621772E-13  2.8991524E-11  1.7303680E-12  1.2241325E+00
  eu151    151   5.6611877E-13  7.0874952E-13  1.4263077E-13  5.6699962E-12  1.1414592E-12  6.9612241E-01
  eu152    152   1.3963753E-23  1.3963753E-23  0.0000000E+00  1.1171002E-22  0.0000000E+00  0.0000000E+00
  eu153    153   6.3166627E-13  7.8942864E-13  1.5776238E-13  6.3154291E-12  1.2625560E-12  6.9915223E-01
  eu154    154   8.6188053E-25  8.6188053E-25  0.0000000E+00  6.8950443E-24  0.0000000E+00  0.0000000E+00
  eu155    155   1.0255611E-30  1.0255611E-30  0.0000000E+00  8.2044886E-30  0.0000000E+00  0.0000000E+00
  gd152    152   2.9184859E-16  2.3745078E-15  2.0826592E-15  1.8996062E-14  1.6667306E-14  5.6798156E-02
  gd153    153  -1.7364083E-34 -1.7364083E-34  0.0000000E+00 -1.3891267E-33  0.0000000E+00  0.0000000E+00
  gd154    154   3.9409134E-13  4.1709060E-13  2.2999274E-14  3.3367248E-12  1.8406080E-13  1.2583591E+00
  gd155    155   1.0832236E-12  1.2403754E-12  1.5715184E-13  9.9230034E-12  1.2576700E-12  8.9707649E-01
  gd156    156   2.5526634E-12  2.7714261E-12  2.1876278E-13  2.2171409E-11  1.7507358E-12  1.1025727E+00
  gd157    157   1.1682098E-12  1.3365314E-12  1.6832156E-13  1.0692251E-11  1.3470599E-12  8.9968222E-01
  gd158    158   4.9597969E-12  5.2286682E-12  2.6887132E-13  4.1829346E-11  2.1517493E-12  1.2886894E+00
  tb159    159   1.0761461E-12  1.2789700E-12  2.0282381E-13  1.0231760E-11  1.6231779E-12  7.9958421E-01
  dy160    160   1.8293054E-12  1.8599970E-12  3.0691554E-14  1.4879976E-11  2.4562134E-13  1.7823361E+00
  dy161    161   7.9877196E-13  1.0492510E-12  2.5047897E-13  8.3940077E-12  2.0045573E-12  6.2195086E-01
  dy162    162   3.5947966E-12  3.9347115E-12  3.3991495E-13  3.1477692E-11  2.7203040E-12  1.0633855E+00
  dy163    163   1.4854241E-12  1.8196568E-12  3.3423272E-13  1.4557255E-11  2.6748300E-12  7.3578334E-01
  dy164    164   7.1878471E-12  7.5695691E-12  3.8172213E-13  6.0556553E-11  3.0548827E-12  1.2971666E+00
  ho165    165   1.3195890E-12  1.6169076E-12  2.9731859E-13  1.2935261E-11  2.3794100E-12  7.3530591E-01
  er166    166   3.0224870E-12  3.3049305E-12  2.8244356E-13  2.6439444E-11  2.2603666E-12  1.0680735E+00
  er167    167   1.1896178E-12  1.3835738E-12  1.9395594E-13  1.1068590E-11  1.5522092E-12  8.5314208E-01
  er168    168   4.6984582E-12  4.9286330E-12  2.3017466E-13  3.9429064E-11  1.8420638E-12  1.3305118E+00
  er169    169  -9.2850036E-42 -9.2850036E-42  0.0000000E+00 -7.4280029E-41  0.0000000E+00  0.0000000E+00
  er170    170   6.0170971E-13  7.3043524E-13  1.2872555E-13  5.8434819E-12  1.0301772E-12  7.5375974E-01
  tm169    169   1.1469579E-12  1.2829846E-12  1.3602673E-13  1.0263877E-11  1.0886078E-12  9.7443998E-01
  tm170    170   2.7437054E-36  2.7437054E-36  0.0000000E+00  2.1949644E-35  0.0000000E+00  0.0000000E+00
  tm171    171   1.2121190E-28  1.2121190E-28  0.0000000E+00  9.6969523E-28  0.0000000E+00  0.0000000E+00
  yb170    170   1.4220680E-12  1.4477952E-12  2.5727269E-14  1.1582362E-11  2.0589266E-13  1.7501563E+00
  yb171    171   1.9081817E-12  2.0305435E-12  1.2236177E-13  1.6244348E-11  9.7924858E-13  1.2198093E+00
  yb172    172   4.9712318E-12  5.1606931E-12  1.8946108E-13  4.1285544E-11  1.5162373E-12  1.4350308E+00
  yb173    173   2.2305831E-12  2.3720344E-12  1.4145125E-13  1.8976275E-11  1.1320197E-12  1.2243570E+00
  yb174    174   1.0899832E-11  1.1182871E-11  2.8303903E-13  8.9462972E-11  2.2651321E-12  1.5965497E+00
  lu175    175   1.4110290E-12  1.5387750E-12  1.2774604E-13  1.2310200E-11  1.0223384E-12  1.0806705E+00
  lu176    176   1.0598719E-12  1.0636007E-12  3.7288228E-15  8.5088056E-12  2.9841384E-14  2.4550498E+00
  lu177    177   8.2294055E-41  8.2294055E-41  0.0000000E+00  6.5835244E-40  0.0000000E+00  0.0000000E+00
  hf176    176   1.3879821E-16  2.8829610E-14  2.8690812E-14  2.3063688E-13  2.2960960E-13  1.9387190E-03
  hf177    177   1.1616222E-12  1.2647463E-12  1.0312415E-13  1.0117971E-11  8.2529198E-13  1.0884858E+00
  hf178    178   5.5196520E-12  5.6718016E-12  1.5214974E-13  4.5374413E-11  1.2176386E-12  1.5712926E+00
  hf179    179   1.8845897E-12  1.9609830E-12  7.6393407E-14  1.5687864E-11  6.1136854E-13  1.4092607E+00
  hf180    180   1.1017242E-11  1.1215080E-11  1.9783838E-13  8.9720641E-11  1.5832801E-12  1.7533346E+00
  ta181    181   2.1461008E-12  2.2299233E-12  8.3822428E-14  1.7839386E-11  6.7082218E-13  1.4247725E+00
  ta182    182  -3.9893165E-37 -3.9893165E-37  0.0000000E+00 -3.1914532E-36  0.0000000E+00  0.0000000E+00
  ta183    183   0.0000000E+00  0.0000000E+00  0.0000000E+00  0.0000000E+00  0.0000000E+00  0.0000000E+00
   w182    182   5.0308512E-12  5.1623896E-12  1.3153838E-13  4.1299117E-11  1.0526880E-12  1.5936412E+00
   w183    183   2.8973013E-12  2.9687216E-12  7.1420388E-14  2.3749773E-11  5.7156997E-13  1.6185900E+00
   w184    184   7.6148298E-12  7.7685827E-12  1.5375299E-13  6.2148661E-11  1.2304693E-12  1.7033610E+00
   w185    185   1.8053798E-36  1.8053798E-36  0.0000000E+00  1.4443039E-35  0.0000000E+00  0.0000000E+00
   w186    186   3.6757520E-12  3.8199721E-12  1.4422022E-13  3.0559777E-11  1.1541795E-12  1.4228768E+00
  re185    185   1.4791263E-12  1.5524276E-12  7.3301296E-14  1.2419421E-11  5.8662266E-13  1.3257425E+00
  re186    186   0.0000000E+00  0.0000000E+00  0.0000000E+00  0.0000000E+00  0.0000000E+00  0.0000000E+00
  re187    187   5.8568498E-13  7.1935871E-13  1.3367374E-13  5.7548697E-12  1.0697771E-12  7.3074222E-01
  os186    186   2.5939624E-12  2.6345902E-12  4.0627840E-14  2.1076722E-11  3.2514041E-13  1.8117322E+00
  os187    187   8.2991670E-13  8.6240401E-13  3.2487281E-14  6.8992321E-12  2.5999233E-13  1.4238403E+00
  os188    188   4.1669502E-12  4.5096756E-12  3.4272522E-13  3.6077405E-11  2.7427945E-12  1.1190420E+00
  os189    189   1.1106732E-12  1.5307626E-12  4.2008942E-13  1.2246101E-11  3.3619320E-12  5.6140888E-01
  os190    190   5.5363795E-12  6.2231548E-12  6.8677551E-13  4.9785238E-11  5.4961933E-12  9.5703858E-01
  os191    191  -1.3512884E-38 -1.3512884E-38  0.0000000E+00 -1.0810307E-37  0.0000000E+00  0.0000000E+00
  os192    192   1.0054734E-12  2.0833391E-12  1.0778658E-12  1.6666713E-11  8.6260478E-12  2.8603813E-01
  ir191    191   1.1876103E-12  2.0964252E-12  9.0881496E-13  1.6771402E-11  7.2731526E-12  3.6284667E-01
  ir192    192   6.3362840E-36  6.3362840E-36  0.0000000E+00  5.0690272E-35  0.0000000E+00  0.0000000E+00
  ir193    193   1.3648487E-12  2.9085471E-12  1.5436984E-12  2.3268377E-11  1.2354059E-11  2.7495643E-01
  pt192    192   1.6256564E-12  1.6638730E-12  3.8216565E-14  1.3310984E-11  3.0584319E-13  1.6387113E+00
  pt193    193   5.5929274E-19  5.5929274E-19  0.0000000E+00  4.4743419E-18  0.0000000E+00  0.0000000E+00
  pt194    194   4.8210034E-12  6.4488822E-12  1.6278789E-12  5.1591058E-11  1.3027747E-11  5.9770513E-01
  pt195    195   1.9555182E-12  3.6346726E-12  1.6791545E-12  2.9077381E-11  1.3438100E-11  3.3521745E-01
  pt196    196   8.7538067E-12  1.0013075E-11  1.2592687E-12  8.0104604E-11  1.0077797E-11  9.0029186E-01
  au197    197   2.7657614E-12  3.5246918E-12  7.5893046E-13  2.8197535E-11  6.0736416E-12  6.6676199E-01
  hg198    198   1.0025986E-11  1.0204270E-11  1.7828394E-13  8.1634158E-11  1.4267879E-12  1.7575126E+00
  hg199    199   4.3536203E-12  4.6568032E-12  3.0318280E-13  3.7254425E-11  2.4263406E-12  1.1862261E+00
  hg200    200   1.4683466E-11  1.5100698E-11  4.1723225E-13  1.2080559E-10  3.3390667E-12  1.5584619E+00
  hg201    201   5.8194569E-12  6.0587108E-12  2.3925415E-13  4.8469687E-11  1.9147260E-12  1.4033636E+00
  hg202    202   2.3483736E-11  2.4028467E-11  5.4473141E-13  1.9222773E-10  4.3594291E-12  1.6443864E+00
  tl203    203   1.0513292E-11  1.0728767E-11  2.1547414E-13  8.5830135E-11  1.7244173E-12  1.6969974E+00
  tl204    204   1.2566209E-28  1.2566209E-28  0.0000000E+00  1.0052967E-27  0.0000000E+00  0.0000000E+00
  tl205    205   1.7513321E-11  1.8032756E-11  5.1943568E-13  1.4426205E-10  4.1569899E-12  1.5403731E+00
  pb204    204   1.0300650E-11  1.0573384E-11  2.7273425E-13  8.4587073E-11  2.1826640E-12  1.5883172E+00
  pb205    205   3.6892676E-12  3.6892676E-12  0.0000000E+00  2.9514141E-11  0.0000000E+00  0.0000000E+00
  pb206    206   7.7670495E-11  8.0233237E-11  2.5627423E-12  6.4186589E-10  2.0509360E-11  1.4954922E+00
  pb207    207   8.6652942E-11  8.9502648E-11  2.8497033E-12  7.1602119E-10  2.2805880E-11  1.4968791E+00
  pb208    208   2.1072845E-10  2.1892449E-10  8.1960454E-12  1.7513959E-09  6.5592101E-11  1.4265327E+00
  bi209    209   6.2204031E-12  6.7904185E-12  5.7001528E-13  5.4323348E-11  4.5617733E-12  1.0758529E+00
  bi210    210   0.0000000E+00  0.0000000E+00  0.0000000E+00  0.0000000E+00  0.0000000E+00  0.0000000E+00
  po210    210   4.4492227E-12  4.4492227E-12  0.0000000E+00  3.5593781E-11  0.0000000E+00  0.0000000E+00
