# Minitial =  0.900 msun, Z = 0.0001, Mfinal = 0.775 msun, c13 pocket included (pmz = 2e-3msun)
  species    A      yield       mass(i)_lost    mass(i)_0        <X(i)>          X0(i)   log10(<X(i)>/X0(i)) 
      n      1   0.0000000E+00  0.0000000E+00  0.0000000E+00  0.0000000E+00  0.0000000E+00  0.0000000E+00
      p      1  -3.3594072E-03  9.1593713E-02  9.4953120E-02  7.3274970E-01  7.5989997E-01 -1.5800783E-02
      d      2  -1.9894177E-08  2.0794428E-08  4.0688604E-08  1.6635542E-07  3.2562667E-07 -2.9168305E-01
    he3      3   2.9203824E-05  2.9462630E-05  2.5880630E-07  2.3570104E-04  2.0712000E-06  2.0561395E+00
    he4      4   2.7765371E-03  3.2765679E-02  2.9989142E-02  2.6212543E-01  2.3999999E-01  3.8297921E-02
    li7      7   7.9861930E-11  8.7048910E-11  7.1869810E-12  6.9639128E-10  5.7516669E-11  1.0830597E+00
    be7      7   5.6143809E-12  5.6143809E-12  0.0000000E+00  4.4915047E-11  0.0000000E+00  0.0000000E+00
     b8      8   1.4522540E-27  1.4522540E-27  0.0000000E+00  1.1618032E-26  0.0000000E+00  0.0000000E+00
    c12     12   4.5710875E-04  4.5924808E-04  2.1393255E-06  3.6739847E-03  1.7120799E-05  2.3316133E+00
    c13     13   5.4058523E-07  5.6649787E-07  2.5912620E-08  4.5319830E-06  2.0737600E-07  1.3395298E+00
    c14     14  -5.0097082E-10 -5.0097082E-10  0.0000000E+00 -4.0077666E-09  0.0000000E+00  0.0000000E+00
    n13     13   0.0000000E+00  0.0000000E+00  0.0000000E+00  0.0000000E+00  0.0000000E+00  0.0000000E+00
    n14     14   1.6244003E-05  1.6876224E-05  6.3222109E-07  1.3500979E-04  5.0596000E-06  1.4262490E+00
    n15     15   4.6429189E-09  6.1562462E-09  1.5133270E-09  4.9249969E-08  1.2110999E-08  6.0922599E-01
    o14     14   0.0000000E+00  0.0000000E+00  0.0000000E+00  0.0000000E+00  0.0000000E+00  0.0000000E+00
    o15     15   0.0000000E+00  0.0000000E+00  0.0000000E+00  0.0000000E+00  0.0000000E+00  0.0000000E+00
    o16     16   2.1889031E-05  2.7122869E-05  5.2338382E-06  2.1698295E-04  4.1885865E-05  7.1435815E-01
    o17     17   3.9954969E-08  4.2067587E-08  2.1126185E-09  3.3654069E-07  1.6907066E-08  1.2989694E+00
    o18     18   2.1631186E-09  1.3967295E-08  1.1804176E-08  1.1173836E-07  9.4467602E-08  7.2919391E-02
    o19     19   0.0000000E+00  0.0000000E+00  0.0000000E+00  0.0000000E+00  0.0000000E+00  0.0000000E+00
    f17     17   0.0000000E+00  0.0000000E+00  0.0000000E+00  0.0000000E+00  0.0000000E+00  0.0000000E+00
    f18     18   0.0000000E+00  0.0000000E+00  0.0000000E+00  0.0000000E+00  0.0000000E+00  0.0000000E+00
    f19     19   7.0932238E-08  7.1237380E-08  3.0514033E-10  5.6989904E-07  2.4420066E-09  2.3680511E+00
    f20     20   0.0000000E+00  0.0000000E+00  0.0000000E+00  0.0000000E+00  0.0000000E+00  0.0000000E+00
   ne19     19   0.0000000E+00  0.0000000E+00  0.0000000E+00  0.0000000E+00  0.0000000E+00  0.0000000E+00
   ne20     20   7.8705284E-07  1.8462694E-06  1.0592165E-06  1.4770155E-05  8.4767998E-06  2.4115314E-01
   ne21     21   3.0955640E-08  3.3621674E-08  2.6660347E-09  2.6897339E-07  2.1336000E-08  1.1005963E+00
   ne22     22   5.5132270E-05  5.5217941E-05  8.5671815E-08  4.4174353E-04  6.8562269E-07  2.8090849E+00
   ne23     23   0.0000000E+00  0.0000000E+00  0.0000000E+00  0.0000000E+00  0.0000000E+00  0.0000000E+00
   na21     21   0.0000000E+00  0.0000000E+00  0.0000000E+00  0.0000000E+00  0.0000000E+00  0.0000000E+00
   na22     22   2.4589963E-19  2.4589963E-19  0.0000000E+00  1.9671970E-18  0.0000000E+00  0.0000000E+00
   na23     23   1.1049257E-06  1.1293295E-06  2.4403747E-08  9.0346357E-06  1.9530066E-07  1.6652069E+00
   na24     24   0.0000000E+00  0.0000000E+00  0.0000000E+00  0.0000000E+00  0.0000000E+00  0.0000000E+00
   mg23     23   0.0000000E+00  0.0000000E+00  0.0000000E+00  0.0000000E+00  0.0000000E+00  0.0000000E+00
   mg24     24   5.6078238E-07  1.0660394E-06  5.0525705E-07  8.5283154E-06  4.0435198E-06  3.2410368E-01
   mg25     25   1.6471770E-07  2.3134774E-07  6.6630044E-08  1.8507819E-06  5.3323333E-07  5.4043794E-01
   mg26     26   2.2137246E-07  2.9766784E-07  7.6295379E-08  2.3813427E-06  6.1058404E-07  5.9107649E-01
   mg27     27   0.0000000E+00  0.0000000E+00  0.0000000E+00  0.0000000E+00  0.0000000E+00  0.0000000E+00
   al25     25   0.0000000E+00  0.0000000E+00  0.0000000E+00  0.0000000E+00  0.0000000E+00  0.0000000E+00
   al-6     26   1.5418372E-09  1.5418372E-09  0.0000000E+00  1.2334698E-08  0.0000000E+00  0.0000000E+00
   al*6     26   0.0000000E+00  0.0000000E+00  0.0000000E+00  0.0000000E+00  0.0000000E+00  0.0000000E+00
   al27     27   6.5921455E-09  5.3053572E-08  4.6461427E-08  4.2442858E-07  3.7182599E-07  5.7464898E-02
   al28     28   0.0000000E+00  0.0000000E+00  0.0000000E+00  0.0000000E+00  0.0000000E+00  0.0000000E+00
   si27     27   0.0000000E+00  0.0000000E+00  0.0000000E+00  0.0000000E+00  0.0000000E+00  0.0000000E+00
   si28     28   6.6791017E-09  5.6612657E-07  5.5944747E-07  4.5290126E-06  4.4772000E-06  4.9970062E-03
   si29     29   5.6418870E-10  2.9986118E-08  2.9421930E-08  2.3988895E-07  2.3546067E-07  8.0918418E-03
   si30     30   1.4945911E-09  2.1558826E-08  2.0064235E-08  1.7247061E-07  1.6057200E-07  3.1045256E-02
    p31     31   2.8103888E-09  7.6756272E-09  4.8652384E-09  6.1405018E-08  3.8935998E-08  1.9785254E-01
    p32     32  -2.5995768E-40 -2.5995768E-40  0.0000000E+00 -2.0796614E-39  0.0000000E+00  0.0000000E+00
    p33     33  -4.0740257E-37 -4.0740257E-37  0.0000000E+00 -3.2592206E-36  0.0000000E+00  0.0000000E+00
    s32     32  -1.7823254E-10  2.6791136E-07  2.6808959E-07  2.1432909E-06  2.1454932E-06 -4.4603713E-04
    s33     33   4.0279113E-11  2.2536952E-09  2.2134161E-09  1.8029562E-08  1.7713740E-08  7.6748976E-03
    s34     34   4.0475889E-10  1.3277598E-08  1.2872839E-08  1.0622078E-07  1.0302000E-07  1.3287948E-02
    s35     35   9.6027689E-35  9.6027689E-35  0.0000000E+00  7.6822151E-34  0.0000000E+00  0.0000000E+00
    s36     36   1.0292860E-10  1.6647260E-10  6.3543996E-11  1.3317808E-09  5.0853599E-10  4.1811106E-01
   cl35     35  -1.6149082E-11  2.7340301E-09  2.7501792E-09  2.1872241E-08  2.2009399E-08 -2.7148980E-03
   cl36     36   2.0566201E-13  2.0566201E-13  0.0000000E+00  1.6452961E-12  0.0000000E+00  0.0000000E+00
   cl37     37   1.4159579E-10  1.0707919E-09  9.2919611E-10  8.5663352E-09  7.4362601E-09  6.1440509E-02
   ar36     36  -4.1957193E-10  5.0792892E-08  5.1212464E-08  4.0634313E-07  4.0984804E-07 -3.7299350E-03
   ar37     37  -2.5332414E-35 -2.5332414E-35  0.0000000E+00 -2.0265931E-34  0.0000000E+00  0.0000000E+00
   ar38     38   9.5313979E-11  9.9239390E-09  9.8286250E-09  7.9391512E-08  7.8657465E-08  4.0341201E-03
   ar39     39   2.3142196E-15  2.3142196E-15  0.0000000E+00  1.8513757E-14  0.0000000E+00  0.0000000E+00
   ar40     40   5.1427515E-11  6.7974855E-11  1.6547342E-11  5.4379884E-10  1.3242667E-10  6.1346281E-01
    k39     39   1.3289148E-11  2.6795339E-09  2.6662448E-09  2.1436271E-08  2.1337680E-08  2.0020586E-03
    k40     40   4.6844481E-12  5.1160916E-12  4.3164365E-13  4.0928733E-11  3.4543993E-12  1.0736557E+00
    k41     41   1.7223376E-11  2.1950222E-10  2.0227885E-10  1.7560178E-09  1.6188166E-09  3.5331257E-02
   ca40     40  -3.4748027E-10  4.5815803E-08  4.6163283E-08  3.6652642E-07  3.6943999E-07 -3.4386273E-03
   ca41     41   1.7841106E-14  1.7841106E-14  0.0000000E+00  1.4272885E-13  0.0000000E+00  0.0000000E+00
   ca42     42   1.3549051E-11  3.3705941E-10  3.2351036E-10  2.6964753E-09  2.5890199E-09  1.7661054E-02
   ca43     43   3.3327369E-12  7.2440963E-11  6.9108226E-11  5.7952770E-10  5.5306598E-10  2.0297246E-02
   ca44     44   1.2256862E-11  1.1049679E-09  1.0927110E-09  8.8397432E-09  8.7448528E-09  4.6871561E-03
   ca45     45  -7.8208320E-35 -7.8208320E-35  0.0000000E+00 -6.2566656E-34  0.0000000E+00  0.0000000E+00
   ca46     46   1.9930262E-11  2.2120833E-11  2.1905702E-12  1.7696666E-10  1.7530906E-11  1.0040871E+00
   ca47     47   0.0000000E+00  0.0000000E+00  0.0000000E+00  0.0000000E+00  0.0000000E+00  0.0000000E+00
   ca48     48   1.3558460E-12  1.0821716E-10  1.0686131E-10  8.6573726E-10  8.5520002E-10  5.3183977E-03
   sc45     45   3.8465099E-12  3.4674600E-11  3.0828090E-11  2.7739680E-10  2.4671401E-10  5.0907630E-02
   sc46     46  -1.5973103E-38 -1.5973103E-38  0.0000000E+00 -1.2778482E-37  0.0000000E+00  0.0000000E+00
   sc47     47   0.0000000E+00  0.0000000E+00  0.0000000E+00  0.0000000E+00  0.0000000E+00  0.0000000E+00
   sc48     48   2.4740189E-34  1.9690538E-32  1.9443136E-32  1.5752431E-31  1.5560141E-31  0.0000000E+00
   ti46     46   1.8349766E-12  1.9017896E-10  1.8834398E-10  1.5214316E-09  1.5072974E-09  4.0535084E-03
   ti47     47   7.9060369E-13  1.7433402E-10  1.7354342E-10  1.3946722E-09  1.3888500E-09  1.8167549E-03
   ti48     48  -1.5080825E-11  1.7410834E-09  1.7561642E-09  1.3928667E-08  1.4054400E-08 -3.9027603E-03
   ti49     49   1.5036375E-11  1.4659865E-10  1.3156227E-10  1.1727892E-09  1.0528793E-09  4.6841349E-02
   ti50     50   7.6065459E-11  2.0460642E-10  1.2854096E-10  1.6368513E-09  1.0286999E-09  2.0172054E-01
    v51     51  -5.8703042E-14  2.8322450E-10  2.8328320E-10  2.2657960E-09  2.2670861E-09 -2.4720369E-04
   cr52     52  -6.6257222E-11  1.1546338E-08  1.1612595E-08  9.2370705E-08  9.2934400E-08 -2.6422294E-03
   cr53     53  -7.8306250E-12  1.3342617E-09  1.3420923E-09  1.0674094E-08  1.0740626E-08 -2.6985921E-03
   cr54     54   4.7987975E-11  3.8836623E-10  3.4037825E-10  3.1069298E-09  2.7240119E-09  5.7122465E-02
   mn55     55   3.8212100E-11  1.0179749E-08  1.0141537E-08  8.1437996E-08  8.1161666E-08  1.4761467E-03
   fe54     54  -8.2510354E-10  6.5998208E-08  6.6823311E-08  5.2798566E-07  5.3477999E-07 -5.5530225E-03
   fe55     55   4.4539457E-24  4.4539457E-24  0.0000000E+00  3.5631566E-23  0.0000000E+00  0.0000000E+00
   fe56     56  -8.5371994E-09  1.0792423E-06  1.0877795E-06  8.6339387E-06  8.7053868E-06 -3.5791020E-03
   fe57     57   1.1597034E-09  2.6730145E-08  2.5570442E-08  2.1384116E-07  2.0463760E-07  1.9105868E-02
   fe58     58   1.8621966E-09  5.3248961E-09  3.4626995E-09  4.2599169E-08  2.7711625E-08  1.8673913E-01
   fe59     59   1.9968820E-36  1.9968820E-36  0.0000000E+00  1.5975056E-35  0.0000000E+00  0.0000000E+00
   fe60     60   1.0488542E-10  1.0488542E-10  0.0000000E+00  8.3908336E-10  0.0000000E+00  0.0000000E+00
   co59     59   4.1836690E-10  3.0888219E-09  2.6704550E-09  2.4710575E-08  2.1371374E-08  6.3050404E-02
   co60     60   2.1136381E-16  2.1136381E-16  0.0000000E+00  1.6909105E-15  0.0000000E+00  0.0000000E+00
   ni58     58  -4.7766235E-10  3.7730988E-08  3.8208650E-08  3.0184790E-07  3.0577988E-07 -5.6207250E-03
   ni59     59  -3.4606625E-14 -3.4606625E-14  0.0000000E+00 -2.7685300E-13  0.0000000E+00  0.0000000E+00
   ni60     60   2.4211033E-10  1.5467599E-08  1.5225488E-08  1.2374079E-07  1.2184800E-07  6.6944868E-03
   ni61     61   1.6044049E-10  8.3333185E-10  6.7289135E-10  6.6666548E-09  5.3850799E-09  9.2715807E-02
   ni62     62   5.2928950E-10  2.7098666E-09  2.1805771E-09  2.1678932E-08  1.7450933E-08  9.4219245E-02
   ni63     63   2.9482585E-15  2.9482585E-15  0.0000000E+00  2.3586068E-14  0.0000000E+00  0.0000000E+00
   ni64     64   4.5482507E-10  1.0280575E-09  5.7323246E-10  8.2244602E-09  4.5875201E-09  2.5352943E-01
   cu63     63   1.3800361E-10  6.1115130E-10  4.7314769E-10  4.8892104E-09  3.7865520E-09  1.1099482E-01
   cu64     64   0.0000000E+00  0.0000000E+00  0.0000000E+00  0.0000000E+00  0.0000000E+00  0.0000000E+00
   cu65     65   1.1307202E-10  3.3065659E-10  2.1758456E-10  2.6452527E-09  1.7413067E-09  1.8159191E-01
   zn64     64   5.3196336E-12  8.1595952E-10  8.1063989E-10  6.5276762E-09  6.4874670E-09  2.6834195E-03
   zn65     65  -9.2302939E-31 -9.2302939E-31  0.0000000E+00 -7.3842351E-30  0.0000000E+00  0.0000000E+00
   zn66     66   1.1482315E-10  5.9443100E-10  4.7960785E-10  4.7554480E-09  3.8382519E-09  9.3057968E-02
   zn67     67   2.5672985E-11  9.7219829E-11  7.1546845E-11  7.7775864E-10  5.7258198E-10  1.3300717E-01
   zn68     68   1.6642723E-10  4.9850968E-10  3.3208244E-10  3.9880774E-09  2.6576215E-09  1.7627046E-01
   zn69     69   0.0000000E+00  0.0000000E+00  0.0000000E+00  0.0000000E+00  0.0000000E+00  0.0000000E+00
   zn70     70   3.0654255E-12  1.4369250E-11  1.1303824E-11  1.1495400E-10  9.0463331E-11  1.0405150E-01
   ga69     69   2.5933880E-11  5.6378881E-11  3.0445001E-11  4.5103105E-10  2.4364818E-10  2.6744327E-01
   ga70     70   0.0000000E+00  0.0000000E+00  0.0000000E+00  0.0000000E+00  0.0000000E+00  0.0000000E+00
   ga71     71   2.7496195E-11  4.8287527E-11  2.0791332E-11  3.8630021E-10  1.6639087E-10  3.6579546E-01
   ge70     70   4.2393790E-11  7.6257445E-11  3.3863655E-11  6.1005956E-10  2.7100733E-10  3.5239121E-01
   ge71     71  -1.2992979E-39 -1.2992979E-39  0.0000000E+00 -1.0394384E-38  0.0000000E+00  0.0000000E+00
   ge72     72   4.8480366E-11  9.4509497E-11  4.6029132E-11  7.5607598E-10  3.6836639E-10  3.1228542E-01
   ge73     73   1.3921716E-11  2.7020473E-11  1.3098756E-11  2.1616378E-10  1.0482800E-10  3.1430563E-01
   ge74     74   6.4551045E-11  1.2687348E-10  6.2322439E-11  1.0149879E-09  4.9875998E-10  3.0856925E-01
   as75     75   5.8758649E-12  1.5012557E-11  9.1366923E-12  1.2010046E-10  7.3120003E-11  2.1550846E-01
   se76     76   2.1646364E-11  3.1158753E-11  9.5123891E-12  2.4927002E-10  7.6126661E-11  5.1513326E-01
   se77     77   8.5885517E-12  1.6436501E-11  7.8479497E-12  1.3149201E-10  6.2806330E-11  3.2089594E-01
   se78     78   5.8921028E-11  8.3687460E-11  2.4766432E-11  6.6949968E-10  1.9820319E-10  5.2863973E-01
   se79     79   5.1660721E-13  5.1660721E-13  0.0000000E+00  4.1328577E-12  0.0000000E+00  0.0000000E+00
   se80     80   8.0569836E-11  1.3358464E-10  5.3014808E-11  1.0686771E-09  4.2427201E-10  4.0120214E-01
   br79     79   1.2625709E-11  2.1103289E-11  8.4775806E-12  1.6882631E-10  6.7845202E-11  3.9592099E-01
   br80     80   0.0000000E+00  0.0000000E+00  0.0000000E+00  0.0000000E+00  0.0000000E+00  0.0000000E+00
   br81     81   1.0849262E-11  1.9305300E-11  8.4560388E-12  1.5444240E-10  6.7672798E-11  3.5835239E-01
   kr80     80  -3.2536907E-15  2.0171482E-12  2.0204019E-12  1.6137185E-11  1.6169066E-11 -8.5715321E-04
   kr81     81   1.4917112E-15  1.4917112E-15  0.0000000E+00  1.1933690E-14  0.0000000E+00  0.0000000E+00
   kr82     82   4.2610977E-11  5.2987736E-11  1.0376759E-11  4.2390189E-10  8.3044127E-11  7.0795643E-01
   kr83     83   1.3972816E-11  2.4377941E-11  1.0405125E-11  1.9502353E-10  8.3271133E-11  3.6959252E-01
   kr84     84   1.0890354E-10  1.6080165E-10  5.1898111E-11  1.2864132E-09  4.1533521E-10  4.9098176E-01
   kr-5     85   3.1449996E-22  3.1449996E-22  0.0000000E+00  2.5159997E-21  0.0000000E+00  0.0000000E+00
   kr*5     85   0.0000000E+00  0.0000000E+00  0.0000000E+00  0.0000000E+00  0.0000000E+00  0.0000000E+00
   kr86     86   9.1501623E-10  9.3108454E-10  1.6068299E-11  7.4486763E-09  1.2859294E-10  1.7628620E+00
   rb85     85   3.3415236E-11  4.5589914E-11  1.2174676E-11  3.6471931E-10  9.7432666E-11  5.7325423E-01
   rb86     86  -2.8502666E-37 -2.8502666E-37  0.0000000E+00 -2.2802133E-36  0.0000000E+00  0.0000000E+00
   rb87     87   1.3166815E-10  1.3679653E-10  5.1283886E-12  1.0943723E-09  4.1041961E-11  1.4259369E+00
   sr86     86   2.9995992E-11  3.3926559E-11  3.9305685E-12  2.7141248E-10  3.1455932E-11  9.3592721E-01
   sr87     87   1.9319464E-11  2.2098254E-11  2.7787889E-12  1.7678603E-10  2.2238359E-11  9.0034521E-01
   sr88     88   5.1921756E-10  5.5291594E-10  3.3698398E-11  4.4233275E-09  2.6968480E-10  1.2148926E+00
   sr89     89   2.8351678E-37  2.8351678E-37  0.0000000E+00  2.2681343E-36  0.0000000E+00  0.0000000E+00
   sr90     90   2.0410174E-19  2.0410174E-19  0.0000000E+00  1.6328139E-18  0.0000000E+00  0.0000000E+00
    y89     89   1.6138102E-10  1.7019403E-10  8.8130007E-12  1.3615522E-09  7.0529534E-11  1.2856632E+00
    y90     90   5.1615753E-23  5.1615753E-23  0.0000000E+00  4.1292602E-22  0.0000000E+00  0.0000000E+00
    y91     91   0.0000000E+00  0.0000000E+00  0.0000000E+00  0.0000000E+00  0.0000000E+00  0.0000000E+00
   zr90     90   1.6003440E-10  1.6961443E-10  9.5800312E-12  1.3569155E-09  7.6667998E-11  1.2479386E+00
   zr91     91   4.5896169E-11  4.8008576E-11  2.1124068E-12  3.8406861E-10  1.6905373E-11  1.3563840E+00
   zr92     92   9.1104714E-11  9.4368999E-11  3.2642816E-12  7.5495199E-10  2.6123707E-11  1.4608846E+00
   zr93     93   1.1967524E-11  1.1967524E-11  0.0000000E+00  9.5740194E-11  0.0000000E+00  0.0000000E+00
   zr94     94   1.1635865E-10  1.1973861E-10  3.3799563E-12  9.5790886E-10  2.7049439E-11  1.5491660E+00
   zr95     95   4.0921459E-36  4.0921459E-36  0.0000000E+00  3.2737168E-35  0.0000000E+00  0.0000000E+00
   zr96     96   1.1400272E-10  1.1455884E-10  5.5611868E-13  9.1647073E-10  4.4505601E-12  2.3137040E+00
   nb93     93   1.6585591E-11  1.8045163E-11  1.4595715E-12  1.4436130E-10  1.1680800E-11  1.0919782E+00
   nb94     94  -3.8769151E-17 -3.8769151E-17  0.0000000E+00 -3.1015321E-16  0.0000000E+00  0.0000000E+00
   nb95     95   5.4802994E-36  5.4802994E-36  0.0000000E+00  4.3842395E-35  0.0000000E+00  0.0000000E+00
   mo94     94   9.9496691E-15  4.6739170E-13  4.5744203E-13  3.7391336E-12  3.6608611E-12  9.1877328E-03
   mo95     95   1.2460684E-11  1.3260848E-11  8.0016446E-13  1.0608679E-10  6.4036333E-12  1.2192348E+00
   mo96     96   2.5391271E-11  2.6242402E-11  8.5113183E-13  2.0993922E-10  6.8115201E-12  1.4888495E+00
   mo97     97   1.2322109E-11  1.2817260E-11  4.9515123E-13  1.0253808E-10  3.9626440E-12  1.4129002E+00
   mo98     98   4.4434005E-11  4.5705176E-11  1.2711715E-12  3.6564141E-10  1.0173054E-11  1.5556040E+00
   tc99     99   5.4742272E-14  5.4742272E-14  0.0000000E+00  4.3793818E-13  0.0000000E+00  0.0000000E+00
   ru99     99   5.6293902E-12  6.0732279E-12  4.4383778E-13  4.8585823E-11  3.5519879E-12  1.1360381E+00
  ru100    100   2.1327738E-11  2.1770436E-11  4.4269810E-13  1.7416349E-10  3.5428667E-12  1.6916023E+00
  ru101    101   4.6084972E-12  5.2138910E-12  6.0539366E-13  4.1711128E-11  4.8449027E-12  9.3496686E-01
  ru102    102   2.8494446E-11  2.9625132E-11  1.1306856E-12  2.3700106E-10  9.0487600E-12  1.4181612E+00
  rh103    103   4.8377964E-12  5.5598568E-12  7.2206038E-13  4.4478855E-11  5.7785747E-12  8.8633287E-01
  pd104    104   1.5365381E-11  1.5681357E-11  3.1597625E-13  1.2545086E-10  2.5287253E-12  1.6955720E+00
  pd105    105   3.9163959E-12  4.5558592E-12  6.3946347E-13  3.6446873E-11  5.1175600E-12  8.5259736E-01
  pd106    106   1.7322631E-11  1.8112734E-11  7.9010290E-13  1.4490187E-10  6.3231117E-12  1.3601432E+00
  pd107    107   2.7487292E-12  2.7487292E-12  0.0000000E+00  2.1989834E-11  0.0000000E+00  0.0000000E+00
  pd108    108   2.1280195E-11  2.2059573E-11  7.7937873E-13  1.7647658E-10  6.2372876E-12  1.4516913E+00
  ag107    107   6.9134683E-13  1.2281053E-12  5.3675846E-13  9.8248423E-12  4.2956220E-12  3.5929951E-01
  ag108    108   0.0000000E+00  0.0000000E+00  0.0000000E+00  0.0000000E+00  0.0000000E+00  0.0000000E+00
  ag109    109   5.3901944E-12  5.8981865E-12  5.0799225E-13  4.7185492E-11  4.0654095E-12  1.0647042E+00
  cd108    108   7.9932128E-16  3.0897922E-14  3.0098601E-14  2.4718338E-13  2.4087600E-13  1.1225728E-02
  cd109    109   9.4861277E-33  9.4861277E-33  0.0000000E+00  7.5889022E-32  0.0000000E+00  0.0000000E+00
  cd110    110   1.7803259E-11  1.8233477E-11  4.3021923E-13  1.4586782E-10  3.4429998E-12  1.6270225E+00
  cd111    111   5.9272214E-12  6.3721242E-12  4.4490269E-13  5.0976993E-11  3.5605100E-12  1.1558621E+00
  cd112    112   2.1869395E-11  2.2715670E-11  8.4627357E-13  1.8172536E-10  6.7726402E-12  1.4286575E+00
  cd113    113   6.4308723E-12  6.8632704E-12  4.3239807E-13  5.4906163E-11  3.4604368E-12  1.2004902E+00
  cd114    114   3.1016457E-11  3.2042084E-11  1.0256286E-12  2.5633667E-10  8.2079994E-12  1.4945735E+00
  in115    115   5.9802926E-12  6.3670128E-12  3.8672001E-13  5.0936103E-11  3.0948800E-12  1.2163819E+00
  sn116    116   4.3466470E-11  4.4676395E-11  1.2099254E-12  3.5741116E-10  9.6829073E-12  1.5671623E+00
  sn117    117   1.2531974E-11  1.3176567E-11  6.4459261E-13  1.0541253E-10  5.1586079E-12  1.3103597E+00
  sn118    118   6.1486781E-11  6.3452341E-11  1.9655618E-12  5.0761872E-10  1.5730186E-11  1.5088037E+00
  sn119    119   1.7984203E-11  1.8717493E-11  7.3329016E-13  1.4973994E-10  5.8684451E-12  1.4068146E+00
  sn120    120   1.0392249E-10  1.0672707E-10  2.8045845E-12  8.5381657E-10  2.2444799E-11  1.5802488E+00
  sb121    121   7.4877700E-12  7.9202790E-12  4.3250914E-13  6.3362232E-11  3.4613261E-12  1.2625880E+00
  te122    122   1.2941393E-11  1.3228894E-11  2.8750074E-13  1.0583115E-10  2.3008386E-12  1.6627274E+00
  te123    123   4.7814938E-12  4.8826594E-12  1.0116573E-13  3.9061275E-11  8.0961881E-13  1.6834658E+00
  te124    124   2.5202519E-11  2.5745690E-11  5.4317130E-13  2.0596552E-10  4.3469438E-12  1.6756105E+00
  te125    125   8.5268997E-12  9.3436040E-12  8.1670429E-13  7.4748832E-11  6.5359996E-12  1.0582924E+00
  te126    126   4.7887784E-11  5.0081491E-11  2.1937057E-12  4.0065193E-10  1.7556000E-11  1.3583417E+00
   i127    127   6.2827998E-12  9.0341051E-12  2.7513055E-12  7.2272840E-11  2.2018413E-11  5.1618910E-01
  xe128    128   1.5309812E-11  1.5606974E-11  2.9716174E-13  1.2485579E-10  2.3781545E-12  1.7201686E+00
  xe129    129   5.9580496E-12  9.6885616E-12  3.7305120E-12  7.7508493E-11  2.9854900E-11  4.1433370E-01
  xe130    130   3.1275888E-11  3.1879499E-11  6.0360977E-13  2.5503599E-10  4.8306264E-12  1.7225981E+00
  xe131    131   1.1849303E-11  1.4864596E-11  3.0152924E-12  1.1891677E-10  2.4131074E-11  6.9266647E-01
  xe132    132   6.2757806E-11  6.6471273E-11  3.7134657E-12  5.3177018E-10  2.9718481E-11  1.2526973E+00
  xe133    133   0.0000000E+00  0.0000000E+00  0.0000000E+00  0.0000000E+00  0.0000000E+00  0.0000000E+00
  xe134    134   3.4561888E-11  3.5953868E-11  1.3919793E-12  2.8763095E-10  1.1139866E-11  1.4119556E+00
  cs133    133   8.3406242E-12  9.3169344E-12  9.7630985E-13  7.4535475E-11  7.8133064E-12  9.7952819E-01
  cs134    134   4.7114768E-27  4.7114768E-27  0.0000000E+00  3.7691814E-26  0.0000000E+00  0.0000000E+00
  cs135    135   1.3775479E-11  1.3775479E-11  0.0000000E+00  1.1020383E-10  0.0000000E+00  0.0000000E+00
  cs136    136  -5.3744182E-39 -5.3744182E-39  0.0000000E+00 -4.2995346E-38  0.0000000E+00  0.0000000E+00
  cs137    137   6.1432626E-19  6.1432626E-19  0.0000000E+00  4.9146101E-18  0.0000000E+00  0.0000000E+00
  ba134    134   8.5849973E-12  8.8843004E-12  2.9930347E-13  7.1074403E-11  2.3952947E-12  1.4723543E+00
  ba135    135   1.2993448E-11  1.3815852E-11  8.2240345E-13  1.1052682E-10  6.5816098E-12  1.2251356E+00
  ba136    136   7.5236886E-11  7.6223999E-11  9.8711599E-13  6.0979199E-10  7.8997867E-12  1.8875663E+00
  ba137    137   1.4591464E-10  1.4733664E-10  1.4220017E-12  1.1786931E-09  1.1380133E-11  2.0152535E+00
  ba138    138   8.5220131E-10  8.6134500E-10  9.1436745E-12  6.8907600E-09  7.3175875E-11  1.9738991E+00
  la139    139   1.0007911E-10  1.0133325E-10  1.2541367E-12  8.1066598E-10  1.0036727E-11  1.9072498E+00
  ce140    140   2.8474384E-10  2.8761829E-10  2.8744427E-12  2.3009463E-09  2.3003866E-11  2.0001056E+00
  ce141    141  -1.5437063E-37 -1.5437063E-37  0.0000000E+00 -1.2349650E-36  0.0000000E+00  0.0000000E+00
  ce142    142   1.6349677E-11  1.6716023E-11  3.6634571E-13  1.3372818E-10  2.9318267E-12  1.6590847E+00
  pr141    141   2.6602364E-11  2.7097765E-11  4.9540038E-13  2.1678212E-10  3.9646376E-12  1.7378199E+00
  nd142    142   7.6182290E-11  7.6843129E-11  6.6084172E-13  6.1474503E-10  5.2886476E-12  2.0653503E+00
  nd143    143   1.2132800E-11  1.2428655E-11  2.9585522E-13  9.9429243E-11  2.3676985E-12  1.6231878E+00
  nd144    144   3.9032940E-11  3.9620942E-11  5.8800312E-13  3.1696754E-10  4.7057280E-12  1.8283880E+00
  nd145    145   7.0833044E-12  7.3019576E-12  2.1865332E-13  5.8415661E-11  1.7498598E-12  1.5235261E+00
  nd146    146   3.5675442E-11  3.6105816E-11  4.3037386E-13  2.8884653E-10  3.4442375E-12  1.9235741E+00
  nd147    147  -4.5808447E-40 -4.5808447E-40  0.0000000E+00 -3.6646757E-39  0.0000000E+00  0.0000000E+00
  nd148    148   2.7886864E-12  2.9342657E-12  1.4557928E-13  2.3474125E-11  1.1650560E-12  1.3042426E+00
  pm147    147   1.2240507E-26  1.2240507E-26  0.0000000E+00  9.7924053E-26  0.0000000E+00  0.0000000E+00
  pm148    148   0.0000000E+00  0.0000000E+00  0.0000000E+00  0.0000000E+00  0.0000000E+00  0.0000000E+00
  sm147    147   4.2051263E-12  4.3223064E-12  1.1718027E-13  3.4578451E-11  9.3778164E-13  1.5667038E+00
  sm148    148   9.5797034E-12  9.6681664E-12  8.8463342E-14  7.7345332E-11  7.0796293E-13  2.0384235E+00
  sm149    149   1.5811576E-12  1.6906615E-12  1.0950391E-13  1.3525292E-11  8.7634847E-13  1.1884699E+00
  sm150    150   7.3949544E-12  7.4538231E-12  5.8868681E-14  5.9630585E-11  4.7112000E-13  2.1023376E+00
  sm151    151   2.3392181E-17  2.3392181E-17  0.0000000E+00  1.8713745E-16  0.0000000E+00  0.0000000E+00
  sm152    152   6.5991566E-12  6.8153742E-12  2.1621772E-13  5.4522994E-11  1.7303680E-12  1.4984412E+00
  eu151    151   1.0809013E-12  1.2235321E-12  1.4263077E-13  9.7882570E-12  1.1414592E-12  9.3324500E-01
  eu152    152   2.5821248E-23  2.5821248E-23  0.0000000E+00  2.0656998E-22  0.0000000E+00  0.0000000E+00
  eu153    153   1.2258981E-12  1.3836604E-12  1.5776238E-13  1.1069284E-11  1.2625560E-12  9.4286883E-01
  eu154    154   2.0565590E-24  2.0565590E-24  0.0000000E+00  1.6452472E-23  0.0000000E+00  0.0000000E+00
  eu155    155   1.1846711E-29  1.1846711E-29  0.0000000E+00  9.4773688E-29  0.0000000E+00  0.0000000E+00
  gd152    152   4.1569243E-16  2.4983516E-15  2.0826592E-15  1.9986813E-14  1.6667306E-14  7.8878120E-02
  gd153    153  -1.9403217E-34 -1.9403217E-34  0.0000000E+00 -1.5522574E-33  0.0000000E+00  0.0000000E+00
  gd154    154   7.6295161E-13  7.8595089E-13  2.2999274E-14  6.2876072E-12  1.8406080E-13  1.5335240E+00
  gd155    155   2.1709295E-12  2.3280813E-12  1.5715184E-13  1.8624650E-11  1.2576700E-12  1.1705215E+00
  gd156    156   5.0927856E-12  5.3115485E-12  2.1876278E-13  4.2492388E-11  1.7507358E-12  1.3850905E+00
  gd157    157   2.3713934E-12  2.5397150E-12  1.6832156E-13  2.0317720E-11  1.3470599E-12  1.1784880E+00
  gd158    158   1.0043494E-11  1.0312366E-11  2.6887132E-13  8.2498924E-11  2.1517493E-12  1.5836565E+00
  tb159    159   2.1918329E-12  2.3946567E-12  2.0282381E-13  1.9157254E-11  1.6231779E-12  1.0719671E+00
  dy160    160   3.6844568E-12  3.7151484E-12  3.0691554E-14  2.9721187E-11  2.4562134E-13  2.0828001E+00
  dy161    161   1.6248390E-12  1.8753180E-12  2.5047897E-13  1.5002544E-11  2.0045573E-12  8.7414646E-01
  dy162    162   7.1983522E-12  7.5382669E-12  3.3991495E-13  6.0306135E-11  2.7203040E-12  1.3457440E+00
  dy163    163   2.9990997E-12  3.3333323E-12  3.3423272E-13  2.6666658E-11  2.6748300E-12  9.9867243E-01
  dy164    164   1.4528191E-11  1.4909914E-11  3.8172213E-13  1.1927931E-10  3.0548827E-12  1.5915706E+00
  ho165    165   2.6871986E-12  2.9845171E-12  2.9731859E-13  2.3876137E-11  2.3794100E-12  1.0014948E+00
  er166    166   6.1559638E-12  6.4384075E-12  2.8244356E-13  5.1507260E-11  2.2603666E-12  1.3576896E+00
  er167    167   2.4509323E-12  2.6448882E-12  1.9395594E-13  2.1159106E-11  1.5522092E-12  1.1345470E+00
  er168    168   9.6642668E-12  9.8944412E-12  2.3017466E-13  7.9155529E-11  1.8420638E-12  1.6331766E+00
  er169    169   1.8651283E-40  1.8651283E-40  0.0000000E+00  1.4921026E-39  0.0000000E+00  0.0000000E+00
  er170    170   2.1070411E-12  2.2357667E-12  1.2872555E-13  1.7886134E-11  1.0301772E-12  1.2396045E+00
  tm169    169   2.3958279E-12  2.5318547E-12  1.3602673E-13  2.0254838E-11  1.0886078E-12  1.2696574E+00
  tm170    170   4.3899598E-36  4.3899598E-36  0.0000000E+00  3.5119679E-35  0.0000000E+00  0.0000000E+00
  tm171    171   4.0175060E-28  4.0175060E-28  0.0000000E+00  3.2140048E-27  0.0000000E+00  0.0000000E+00
  yb170    170   2.8788695E-12  2.9045967E-12  2.5727269E-14  2.3236774E-11  2.0589266E-13  2.0525351E+00
  yb171    171   4.3228680E-12  4.4452298E-12  1.2236177E-13  3.5561838E-11  9.7924858E-13  1.5600913E+00
  yb172    172   1.0900655E-11  1.1090117E-11  1.8946108E-13  8.8720933E-11  1.5162373E-12  1.7672589E+00
  yb173    173   4.8978755E-12  5.0393266E-12  1.4145125E-13  4.0314613E-11  1.1320197E-12  1.5516086E+00
  yb174    174   2.3084323E-11  2.3367362E-11  2.8303903E-13  1.8693889E-10  2.2651321E-12  1.9166062E+00
  lu175    175   2.9958820E-12  3.1236281E-12  1.2774604E-13  2.4989025E-11  1.0223384E-12  1.3881546E+00
  lu176    176   2.2443215E-12  2.2480503E-12  3.7288228E-15  1.7984402E-11  2.9841384E-14  2.7800770E+00
  lu177    177   3.1335836E-41  3.1335836E-41  0.0000000E+00  2.5068669E-40  0.0000000E+00  0.0000000E+00
  hf176    176   1.5775819E-16  2.8848570E-14  2.8690812E-14  2.3078856E-13  2.2960960E-13  2.2242155E-03
  hf177    177   2.4636989E-12  2.5668231E-12  1.0312415E-13  2.0534584E-11  8.2529198E-13  1.3958783E+00
  hf178    178   1.1737704E-11  1.1889854E-11  1.5214974E-13  9.5118829E-11  1.2176386E-12  1.8927481E+00
  hf179    179   4.0624787E-12  4.1388720E-12  7.6393407E-14  3.3110976E-11  6.1136854E-13  1.7336689E+00
  hf180    180   2.3974621E-11  2.4172459E-11  1.9783838E-13  1.9337967E-10  1.5832801E-12  2.0868530E+00
  ta181    181   4.7293935E-12  4.8132158E-12  8.3822428E-14  3.8505726E-11  6.7082218E-13  1.7589179E+00
  ta182    182  -8.0448791E-37 -8.0448791E-37  0.0000000E+00 -6.4359033E-36  0.0000000E+00  0.0000000E+00
  ta183    183   0.0000000E+00  0.0000000E+00  0.0000000E+00  0.0000000E+00  0.0000000E+00  0.0000000E+00
   w182    182   1.0283386E-11  1.0414924E-11  1.3153838E-13  8.3319393E-11  1.0526880E-12  1.8984464E+00
   w183    183   6.0014411E-12  6.0728614E-12  7.1420388E-14  4.8582891E-11  5.7156997E-13  1.9294139E+00
   w184    184   1.6758343E-11  1.6912097E-11  1.5375299E-13  1.3529677E-10  1.2304693E-12  2.0412166E+00
   w185    185   3.7145654E-36  3.7145654E-36  0.0000000E+00  2.9716523E-35  0.0000000E+00  0.0000000E+00
   w186    186   1.1335650E-11  1.1479871E-11  1.4422022E-13  9.1838967E-11  1.1541795E-12  1.9007536E+00
  re185    185   3.3743783E-12  3.4476796E-12  7.3301296E-14  2.7581437E-11  5.8662266E-13  1.6722580E+00
  re186    186   0.0000000E+00  0.0000000E+00  0.0000000E+00  0.0000000E+00  0.0000000E+00  0.0000000E+00
  re187    187   1.8703140E-12  2.0039877E-12  1.3367374E-13  1.6031902E-11  1.0697771E-12  1.1756918E+00
  os186    186   5.6980831E-12  5.7387107E-12  4.0627840E-14  4.5909686E-11  3.2514041E-13  2.1498334E+00
  os187    187   1.7796294E-12  1.8121166E-12  3.2487281E-14  1.4496933E-11  2.5999233E-13  1.7463156E+00
  os188    188   1.0388512E-11  1.0731237E-11  3.4272522E-13  8.5849897E-11  2.7427945E-12  1.4955465E+00
  os189    189   2.7593353E-12  3.1794246E-12  4.2008942E-13  2.5435397E-11  3.3619320E-12  8.7884963E-01
  os190    190   1.3044730E-11  1.3731506E-11  6.8677551E-13  1.0985204E-10  5.4961933E-12  1.3007462E+00
  os191    191  -2.9493513E-38 -2.9493513E-38  0.0000000E+00 -2.3594810E-37  0.0000000E+00  0.0000000E+00
  os192    192   3.0353554E-12  4.1132210E-12  1.0778658E-12  3.2905768E-11  8.6260478E-12  5.8146024E-01
  ir191    191   2.7965319E-12  3.7053468E-12  9.0881496E-13  2.9642774E-11  7.2731526E-12  6.1019611E-01
  ir192    192   1.2139188E-35  1.2139188E-35  0.0000000E+00  9.7113500E-35  0.0000000E+00  0.0000000E+00
  ir193    193   3.3768084E-12  4.9205067E-12  1.5436984E-12  3.9364054E-11  1.2354059E-11  5.0329018E-01
  pt192    192   3.5298294E-12  3.5680460E-12  3.8216565E-14  2.8544368E-11  3.0584319E-13  1.9700216E+00
  pt193    193   2.2434962E-18  2.2434962E-18  0.0000000E+00  1.7947970E-17  0.0000000E+00  0.0000000E+00
  pt194    194   1.1364912E-11  1.2992791E-11  1.6278789E-12  1.0394233E-10  1.3027747E-11  9.0192312E-01
  pt195    195   4.6190235E-12  6.2981781E-12  1.6791545E-12  5.0385425E-11  1.3438100E-11  5.7396710E-01
  pt196    196   2.0565077E-11  2.1824346E-11  1.2592687E-12  1.7459477E-10  1.0077797E-11  1.2386656E+00
  au197    197   6.5913733E-12  7.3503035E-12  7.5893046E-13  5.8802428E-11  6.0736416E-12  9.8594606E-01
  hg198    198   2.4036308E-11  2.4214592E-11  1.7828394E-13  1.9371674E-10  1.4267879E-12  2.1328077E+00
  hg199    199   1.0532093E-11  1.0835275E-11  3.0318280E-13  8.6682203E-11  2.4263406E-12  1.5529782E+00
  hg200    200   3.5771969E-11  3.6189201E-11  4.1723225E-13  2.8951361E-10  3.3390667E-12  1.9380438E+00
  hg201    201   1.4417737E-11  1.4656991E-11  2.3925415E-13  1.1725593E-10  1.9147260E-12  1.7870282E+00
  hg202    202   5.9616027E-11  6.0160758E-11  5.4473141E-13  4.8128607E-10  4.3594291E-12  2.0429738E+00
  tl203    203   2.8401583E-11  2.8617057E-11  2.1547414E-13  2.2893645E-10  1.7244173E-12  2.1230726E+00
  tl204    204   3.4253533E-28  3.4253533E-28  0.0000000E+00  2.7402827E-27  0.0000000E+00  0.0000000E+00
  tl205    205   4.6083626E-11  4.6603062E-11  5.1943568E-13  3.7282449E-10  4.1569899E-12  1.9527255E+00
  pb204    204   2.6756456E-11  2.7029191E-11  2.7273425E-13  2.1623353E-10  2.1826640E-12  1.9959362E+00
  pb205    205   1.0154410E-11  1.0154410E-11  0.0000000E+00  8.1235282E-11  0.0000000E+00  0.0000000E+00
  pb206    206   2.5909466E-10  2.6165742E-10  2.5627423E-12  2.0932593E-09  2.0509360E-11  2.0088708E+00
  pb207    207   4.0684708E-10  4.0969678E-10  2.8497033E-12  3.2775742E-09  2.2805880E-11  2.1575058E+00
  pb208    208   5.0774842E-09  5.0856803E-09  8.1960454E-12  4.0685443E-08  6.5592101E-11  2.7925875E+00
  bi209    209   1.0823017E-10  1.0880019E-10  5.7001528E-13  8.7040153E-10  4.5617733E-12  2.2805860E+00
  bi210    210   0.0000000E+00  0.0000000E+00  0.0000000E+00  0.0000000E+00  0.0000000E+00  0.0000000E+00
  po210    210   4.1250667E-10  4.1250667E-10  0.0000000E+00  3.3000533E-09  0.0000000E+00  0.0000000E+00
