# Minitial =  2.00 msun, Z = 0.0001, Mfinal = 0.685 msun, c13 pocket included (pmz = 2e-3msun)
# Initial abundances up to Ge from Kobayashi, Karakas, Umeda (2010) 
# [r/Fe] = 1.0, [s/Fe] = 0.4 rom Sneden, Cowan & Gallino (2008)
  species    A      yield       mass(i)_lost    mass(i)_0        <X(i)>          X0(i)   log10(<X(i)>/X0(i)) 
      n      1   0.0000000E+00  0.0000000E+00  0.0000000E+00  0.0000000E+00  0.0000000E+00  0.0000000E+00
      p      1  -1.7578477E-01  8.3643562E-01  1.0122204E+00  6.3607270E-01  7.6980817E-01 -8.2875766E-02
      d      2  -6.5771193E-05  2.2362599E-07  6.5994820E-05  1.7005777E-07  5.0190014E-05 -2.4700208E+00
    he3      3   1.9453427E-04  2.2432108E-04  2.9786810E-05  1.7058637E-04  2.2653297E-05  8.7681288E-01
    he4      4   1.3226682E-01  4.3465763E-01  3.0239081E-01  3.3053812E-01  2.2997257E-01  1.5754551E-01
    li7      7  -7.3462142E-10  1.0178364E-10  8.3640506E-10  7.7402008E-11  6.3609812E-10 -9.1477191E-01
    be7      7   1.6496422E-13  1.6496422E-13  0.0000000E+00  1.2544807E-13  0.0000000E+00  0.0000000E+00
     b8      8   9.3134397E-29  9.3134397E-29  0.0000000E+00  7.0824635E-29  0.0000000E+00  0.0000000E+00
    c12     12   3.4001432E-02  3.4015387E-02  1.3953416E-05  2.5867214E-02  1.0611775E-05  3.3869617E+00
    c13     13   1.5291221E-06  1.5374632E-06  8.3410692E-09  1.1691734E-06  6.3435031E-09  2.2655497E+00
    c14     14   3.9469391E-08  3.9469391E-08  0.0000000E+00  3.0014746E-08  0.0000000E+00  0.0000000E+00
    n13     13   0.0000000E+00  0.0000000E+00  0.0000000E+00  0.0000000E+00  0.0000000E+00  0.0000000E+00
    n14     14   7.1171286E-05  7.1782284E-05  6.1100036E-07  5.4587286E-05  4.6467460E-07  2.0699425E+00
    n15     15   3.5390652E-08  3.5576306E-08  1.8565284E-10  2.7054224E-08  1.4119166E-10  2.2824261E+00
    o14     14   0.0000000E+00  0.0000000E+00  0.0000000E+00  0.0000000E+00  0.0000000E+00  0.0000000E+00
    o15     15   0.0000000E+00  0.0000000E+00  0.0000000E+00  0.0000000E+00  0.0000000E+00  0.0000000E+00
    o16     16   9.8240131E-04  1.0895918E-03  1.0719045E-04  8.2858687E-04  8.1519880E-05  1.0070745E+00
    o17     17   1.6328638E-06  1.6346983E-06  1.8344274E-09  1.2431165E-06  1.3951086E-09  2.9499037E+00
    o18     18  -3.0591618E-09  2.3022439E-08  2.6081601E-08  1.7507558E-08  1.9835433E-08 -5.4216102E-02
    o19     19   0.0000000E+00  0.0000000E+00  0.0000000E+00  0.0000000E+00  0.0000000E+00  0.0000000E+00
    f17     17   0.0000000E+00  0.0000000E+00  0.0000000E+00  0.0000000E+00  0.0000000E+00  0.0000000E+00
    f18     18   0.0000000E+00  0.0000000E+00  0.0000000E+00  0.0000000E+00  0.0000000E+00  0.0000000E+00
    f19     19   1.2603941E-05  1.2604030E-05  8.8904210E-11  9.5848136E-06  6.7612936E-11  5.1515541E+00
    f20     20   0.0000000E+00  0.0000000E+00  0.0000000E+00  0.0000000E+00  0.0000000E+00  0.0000000E+00
   ne19     19   0.0000000E+00  0.0000000E+00  0.0000000E+00  0.0000000E+00  0.0000000E+00  0.0000000E+00
   ne20     20   1.4647971E-04  1.6976407E-04  2.3284356E-05  1.2909815E-04  1.7708087E-05  8.6274838E-01
   ne21     21   4.3211139E-06  4.3311952E-06  1.0081367E-08  3.2936844E-06  7.6670252E-09  2.6330552E+00
   ne22     22   7.6639429E-03  7.6639913E-03  4.8552391E-08  5.8281301E-03  3.6924796E-08  5.1982112E+00
   ne23     23   0.0000000E+00  0.0000000E+00  0.0000000E+00  0.0000000E+00  0.0000000E+00  0.0000000E+00
   na21     21   0.0000000E+00  0.0000000E+00  0.0000000E+00  0.0000000E+00  0.0000000E+00  0.0000000E+00
   na22     22   3.2953576E-23  3.2953576E-23  0.0000000E+00  2.5059752E-23  0.0000000E+00  0.0000000E+00
   na23     23   2.3719230E-04  2.3735360E-04  1.6129829E-07  1.8049702E-04  1.2266968E-07  3.1677327E+00
   na24     24   0.0000000E+00  0.0000000E+00  0.0000000E+00  0.0000000E+00  0.0000000E+00  0.0000000E+00
   mg23     23   0.0000000E+00  0.0000000E+00  0.0000000E+00  0.0000000E+00  0.0000000E+00  0.0000000E+00
   mg24     24   8.1394523E-05  9.4463481E-05  1.3068962E-05  7.1835340E-05  9.9391345E-06  8.5898960E-01
   mg25     25   8.1313083E-05  8.1399281E-05  8.6197808E-08  6.1900588E-05  6.5554680E-08  2.9750910E+00
   mg26     26   9.8160497E-05  9.8239398E-05  7.8898495E-08  7.4706761E-05  6.0003444E-08  3.0951838E+00
   mg27     27   0.0000000E+00  0.0000000E+00  0.0000000E+00  0.0000000E+00  0.0000000E+00  0.0000000E+00
   al25     25   0.0000000E+00  0.0000000E+00  0.0000000E+00  0.0000000E+00  0.0000000E+00  0.0000000E+00
   al-6     26   3.0311639E-08  3.0311639E-08  0.0000000E+00  2.3050676E-08  0.0000000E+00  0.0000000E+00
   al*6     26   0.0000000E+00  0.0000000E+00  0.0000000E+00  0.0000000E+00  0.0000000E+00  0.0000000E+00
   al27     27   2.6475795E-06  3.1350387E-06  4.8745920E-07  2.3840598E-06  3.7071979E-07  8.0827141E-01
   al28     28   0.0000000E+00  0.0000000E+00  0.0000000E+00  0.0000000E+00  0.0000000E+00  0.0000000E+00
   si27     27   0.0000000E+00  0.0000000E+00  0.0000000E+00  0.0000000E+00  0.0000000E+00  0.0000000E+00
   si28     28   1.3690378E-06  1.3762433E-05  1.2393395E-05  1.0465728E-05  9.4253555E-06  4.5471702E-02
   si29     29   1.5545237E-07  2.7021244E-07  1.1476007E-07  2.0548474E-07  8.7276689E-08  3.7188131E-01
   si30     30   1.5143222E-07  2.9017832E-07  1.3874610E-07  2.2066791E-07  1.0551842E-07  3.2041094E-01
    p31     31   1.7863464E-07  2.2518731E-07  4.6552667E-08  1.7124509E-07  3.5403978E-08  6.8456608E-01
    p32     32   3.8398532E-28  3.8398532E-28  0.0000000E+00  2.9200403E-28  0.0000000E+00  0.0000000E+00
    p33     33   8.1295937E-25  8.1295937E-25  0.0000000E+00  6.1822004E-25  0.0000000E+00  0.0000000E+00
    s32     32  -8.7686203E-08  5.6824560E-06  5.7701423E-06  4.3212590E-06  4.3882765E-06 -6.6836965E-03
    s33     33   1.1098638E-08  3.4404135E-08  2.3305496E-08  2.6162839E-08  1.7724165E-08  1.6911906E-01
    s34     34   4.0877438E-08  1.0303005E-07  6.2152615E-08  7.8349849E-08  4.7267960E-08  2.1947132E-01
    s35     35   1.2506169E-22  1.2506169E-22  0.0000000E+00  9.5103941E-23  0.0000000E+00  0.0000000E+00
    s36     36   3.0535952E-09  3.0799612E-09  2.6366060E-11  2.3421758E-09  2.0051769E-11  2.0674667E+00
   cl35     35  -5.9025229E-11  6.9363262E-09  6.9953514E-09  5.2747726E-09  5.3200653E-09 -3.7132252E-03
   cl36     36   2.3226221E-11  2.3226221E-11  0.0000000E+00  1.7662524E-11  0.0000000E+00  0.0000000E+00
   cl37     37   2.4602530E-08  2.6840951E-08  2.2384217E-09  2.0411369E-08  1.7023519E-09  1.0788227E+00
   ar36     36  -6.7753490E-08  1.0401170E-06  1.1078705E-06  7.9096350E-07  8.4255151E-07 -2.7440026E-02
   ar37     37   6.1578992E-22  6.1578992E-22  0.0000000E+00  4.6828131E-22  0.0000000E+00  0.0000000E+00
   ar38     38   3.2436226E-08  5.7232981E-08  2.4796755E-08  4.3523176E-08  1.8858291E-08  3.6321825E-01
   ar39     39   4.6710894E-13  4.6710894E-13  0.0000000E+00  3.5521591E-13  0.0000000E+00  0.0000000E+00
   ar40     40   3.1058727E-09  3.1118959E-09  6.0230991E-12  2.3664606E-09  4.5806540E-12  2.7131717E+00
    k39     39   4.1245825E-09  7.3958226E-09  3.2712399E-09  5.6241993E-09  2.4878253E-09  3.5424083E-01
    k40     40   3.2412731E-10  3.2515618E-10  1.0288632E-12  2.4726704E-10  7.8246535E-13  2.4997010E+00
    k41     41   2.4835840E-09  3.0104839E-09  5.2689980E-10  2.2893412E-09  4.0071491E-10  7.5687504E-01
   ca40     40  -5.0530730E-08  9.2243147E-07  9.7296220E-07  7.0146876E-07  7.3995176E-07 -2.3195071E-02
   ca41     41   2.0453984E-10  2.0453984E-10  0.0000000E+00  1.5554361E-10  0.0000000E+00  0.0000000E+00
   ca42     42   1.9776765E-09  2.6007145E-09  6.2303812E-10  1.9777295E-09  4.7382948E-10  6.2054485E-01
   ca43     43   4.6707843E-10  4.8679633E-10  1.9717904E-11  3.7018730E-10  1.4995751E-11  1.3924533E+00
   ca44     44   1.5081567E-09  5.6498326E-09  4.1416759E-09  4.2964503E-09  3.1498042E-09  1.3482624E-01
   ca45     45   8.0804734E-24  8.0804734E-24  0.0000000E+00  6.1448466E-24  0.0000000E+00  0.0000000E+00
   ca46     46   1.1133788E-09  1.1161261E-09  2.7472809E-12  8.4876506E-10  2.0893469E-12  2.6087770E+00
   ca47     47  -1.7913028E-33 -1.7913028E-33  0.0000000E+00 -1.3622074E-33  0.0000000E+00  0.0000000E+00
   ca48     48   1.0428490E-12  9.8299572E-12  8.7871082E-12  7.4752522E-12  6.6827230E-12  4.8672412E-02
   sc45     45   3.7510378E-10  3.9991868E-10  2.4814914E-11  3.0412065E-10  1.8872098E-11  1.2072257E+00
   sc46     46   2.5696565E-25  2.5696565E-25  0.0000000E+00  1.9541113E-25  0.0000000E+00  0.0000000E+00
   sc47     47  -4.8865884E-33 -4.8865884E-33  0.0000000E+00 -3.7160367E-33  0.0000000E+00  0.0000000E+00
   sc48     48   1.8975013E-34  1.7885743E-33  1.5988242E-33  1.3601326E-33  1.2159289E-33  0.0000000E+00
   ti46     46   1.7337254E-10  7.3799061E-10  5.6461807E-10  5.6120958E-10  4.2940018E-10  1.1626285E-01
   ti47     47   1.2418877E-10  7.8741202E-10  6.6322325E-10  5.9879240E-10  5.0439086E-10  7.4509084E-02
   ti48     48  -9.4390717E-10  1.1059167E-08  1.2003074E-08  8.4100122E-09  9.1285113E-09 -3.5603315E-02
   ti49     49   1.1103748E-09  1.5261569E-09  4.1578208E-10  1.1605755E-09  3.1620828E-10  5.6470013E-01
   ti50     50   5.6538281E-09  5.6811076E-09  2.7279595E-11  4.3202335E-09  2.0746526E-11  2.3185618E+00
    v51     51   1.5569412E-10  1.6048192E-09  1.4491250E-09  1.2203948E-09  1.1020805E-09  4.4287015E-02
   cr52     52  -6.1819350E-09  1.3023681E-07  1.3641875E-07  9.9039397E-08  1.0374843E-07 -2.0173537E-02
   cr53     53   5.2201354E-10  8.5604546E-09  8.0384410E-09  6.5098509E-09  6.1133507E-09  2.7291732E-02
   cr54     54   5.1114171E-09  5.1856079E-09  7.4190924E-11  3.9434278E-09  5.6423269E-11  1.8444157E+00
   mn55     55   2.2407090E-09  2.5178432E-08  2.2937723E-08  1.9147096E-08  1.7444469E-08  4.0445175E-02
   fe54     54  -2.2107145E-08  1.7563829E-07  1.9774544E-07  1.3356524E-07  1.5038826E-07 -5.1520485E-02
   fe55     55   2.8124234E-19  2.8124234E-19  0.0000000E+00  2.1387250E-19  0.0000000E+00  0.0000000E+00
   fe56     56  -7.5330445E-07  1.1165206E-05  1.1918511E-05  8.4906505E-06  9.0641988E-06 -2.8388459E-02
   fe57     57   1.9240281E-07  3.2375073E-07  1.3134792E-07  2.4619825E-07  9.9891984E-08  3.9175433E-01
   fe58     58   2.8899333E-07  2.9141725E-07  2.4239200E-09  2.2161007E-07  1.8434261E-09  2.0799637E+00
   fe59     59   7.3667452E-24  7.3667452E-24  0.0000000E+00  5.6020874E-24  0.0000000E+00  0.0000000E+00
   fe60     60   1.1166731E-08  1.1166731E-08  0.0000000E+00  8.4918099E-09  0.0000000E+00  0.0000000E+00
   co59     59   5.5545733E-08  7.2192215E-08  1.6646482E-08  5.4899019E-08  1.2659890E-08  6.3713467E-01
   co60     60   2.2503060E-14  2.2503060E-14  0.0000000E+00  1.7112593E-14  0.0000000E+00  0.0000000E+00
   ni58     58  -7.2234236E-09  5.5295057E-08  6.2518481E-08  4.2049471E-08  4.7546209E-08 -5.3355359E-02
   ni59     59   8.0804446E-11  8.0804446E-11  0.0000000E+00  6.1448242E-11  0.0000000E+00  0.0000000E+00
   ni60     60   5.3788511E-09  2.0774141E-07  2.0236256E-07  1.5797825E-07  1.5389963E-07  1.1359705E-02
   ni61     61   1.5615544E-08  1.9845496E-08  4.2299515E-09  1.5091631E-08  3.2169394E-09  6.7129326E-01
   ni62     62   4.4538968E-08  5.1199805E-08  6.6608385E-09  3.8935212E-08  5.0656639E-09  8.8570619E-01
   ni63     63   4.0787672E-13  4.0787672E-13  0.0000000E+00  3.1017241E-13  0.0000000E+00  0.0000000E+00
   ni64     64   2.3196884E-08  2.4404933E-08  1.2080487E-09  1.8558884E-08  9.1873842E-10  1.3053600E+00
   cu63     63   1.0015705E-08  1.0859647E-08  8.4394247E-10  8.2582865E-09  6.4183042E-10  1.1094697E+00
   cu64     64   0.0000000E+00  0.0000000E+00  0.0000000E+00  0.0000000E+00  0.0000000E+00  0.0000000E+00
   cu65     65   5.8397331E-09  6.3120011E-09  4.7226806E-10  4.8000008E-09  3.5916664E-10  1.1259453E+00
   zn64     64  -1.1692620E-09  1.3973207E-08  1.5142469E-08  1.0626012E-08  1.1516066E-08 -3.4933846E-02
   zn65     65   3.0926817E-21  3.0926817E-21  0.0000000E+00  2.3518492E-21  0.0000000E+00  0.0000000E+00
   zn66     66   6.7005939E-09  7.6323623E-09  9.3176866E-10  5.8040777E-09  7.0862349E-10  9.1331768E-01
   zn67     67   1.5002113E-09  1.5920427E-09  9.1831487E-11  1.2106788E-09  6.9839176E-11  1.2389299E+00
   zn68     68   8.8287937E-09  9.4381436E-09  6.0934957E-10  7.1772952E-09  4.6341911E-10  1.1899869E+00
   zn69     69   0.0000000E+00  0.0000000E+00  0.0000000E+00  0.0000000E+00  0.0000000E+00  0.0000000E+00
   zn70     70   3.7264743E-11  4.1788850E-11  4.5241081E-12  3.1778590E-11  3.4406495E-12  9.6549422E-01
   ga69     69   9.5128860E-10  3.2458904E-09  2.2946018E-09  2.4683577E-09  1.7450779E-09  1.5059330E-01
   ga70     70   0.0000000E+00  0.0000000E+00  0.0000000E+00  0.0000000E+00  0.0000000E+00  0.0000000E+00
   ga71     71   1.0454151E-09  2.2451072E-09  1.1996921E-09  1.7073057E-09  9.1238317E-10  2.7213404E-01
   ge70     70   1.9202631E-09  2.5294504E-09  6.0918731E-10  1.9235364E-09  4.6329574E-10  6.1824214E-01
   ge71     71   4.2859730E-27  4.2859730E-27  0.0000000E+00  3.2592948E-27  0.0000000E+00  0.0000000E+00
   ge72     72   1.8560447E-09  4.9496762E-09  3.0936316E-09  3.7640122E-09  2.3527515E-09  2.0407495E-01
   ge73     73   5.3476279E-10  1.6403128E-09  1.1055500E-09  1.2473861E-09  8.4078672E-10  1.7131504E-01
   ge74     74   2.6195579E-09  7.9611233E-09  5.3415654E-09  6.0540861E-09  4.0623376E-09  1.7327258E-01
   as75     75   1.7182689E-10  1.1584755E-09  9.8664865E-10  8.8096996E-10  7.5036050E-10  6.9691122E-02
   se76     76   1.0985061E-09  1.3038026E-09  2.0529653E-10  9.9148489E-10  1.5613097E-10  8.0279702E-01
   se77     77   3.6271375E-10  9.7838559E-10  6.1567185E-10  7.4401946E-10  4.6822735E-10  2.0112751E-01
   se78     78   2.8080334E-09  4.4419615E-09  1.6339281E-09  3.3779173E-09  1.2426258E-09  4.3430865E-01
   se79     79   2.2262502E-10  2.2262502E-10  0.0000000E+00  1.6929658E-10  0.0000000E+00  0.0000000E+00
   se80     80   3.3362220E-09  8.1719502E-09  4.8357283E-09  6.2144108E-09  3.6776413E-09  2.2783059E-01
   br79     79   4.5806464E-10  4.9509863E-10  3.7033987E-11  3.7650083E-10  2.8164880E-11  1.1260581E+00
   br80     80   0.0000000E+00  0.0000000E+00  0.0000000E+00  0.0000000E+00  0.0000000E+00  0.0000000E+00
   br81     81   3.1112879E-10  1.9103517E-09  1.5992229E-09  1.4527388E-09  1.2162320E-09  7.7171110E-02
   kr80     80  -6.7145560E-12  4.0675078E-11  4.7389634E-11  3.0931618E-11  3.6040504E-11 -6.6388197E-02
   kr81     81   2.2811644E-14  2.2811644E-14  0.0000000E+00  1.7347257E-14  0.0000000E+00  0.0000000E+00
   kr82     82   1.9271851E-09  2.2224844E-09  2.9529934E-10  1.6901022E-09  2.2457942E-10  8.7654305E-01
   kr83     83   5.7092076E-10  1.3856052E-09  8.1468443E-10  1.0536921E-09  6.1957922E-10  2.3061691E-01
   kr84     84   4.5445359E-09  8.5522345E-09  4.0076986E-09  6.5035999E-09  3.0479126E-09  3.2915130E-01
   kr-5     85  -7.1426999E-19 -7.1426999E-19  0.0000000E+00 -5.4317110E-19  0.0000000E+00  0.0000000E+00
   kr*5     85   0.0000000E+00  0.0000000E+00  0.0000000E+00  0.0000000E+00  0.0000000E+00  0.0000000E+00
   kr86     86   6.7233401E-09  7.3811353E-09  6.5779493E-10  5.6130305E-09  5.0026255E-10  1.0499994E+00
   rb85     85   1.5229322E-09  2.1047191E-09  5.8178679E-10  1.6005467E-09  4.4245721E-10  5.5839705E-01
   rb86     86   4.6546067E-25  4.6546067E-25  0.0000000E+00  3.5396248E-25  0.0000000E+00  0.0000000E+00
   rb87     87   1.5417765E-09  1.6736253E-09  1.3184882E-10  1.2727188E-09  1.0027293E-10  1.1035488E+00
   sr86     86   1.0951181E-09  1.2004476E-09  1.0532951E-10  9.1288788E-10  8.0104610E-11  1.0567600E+00
   sr87     87   6.6678063E-10  7.3961720E-10  7.2836563E-11  5.6244653E-10  5.5393259E-11  1.0066243E+00
   sr88     88   1.6880378E-08  1.8265970E-08  1.3855915E-09  1.3890471E-08  1.0537624E-09  1.1199743E+00
   sr89     89   5.0476241E-25  5.0476241E-25  0.0000000E+00  3.8384973E-25  0.0000000E+00  0.0000000E+00
   sr90     90   2.8759371E-16  2.8759371E-16  0.0000000E+00  2.1870242E-16  0.0000000E+00  0.0000000E+00
    y89     89   5.1130278E-09  5.5549942E-09  4.4196638E-10  4.2243302E-09  3.3612182E-10  1.0992612E+00
    y90     90   7.2730250E-20  7.2730250E-20  0.0000000E+00  5.5308172E-20  0.0000000E+00  0.0000000E+00
    y91     91  -1.4405479E-29 -1.4405479E-29  0.0000000E+00 -1.0954736E-29  0.0000000E+00  0.0000000E+00
   zr90     90   5.1296913E-09  5.5719735E-09  4.4228204E-10  4.2372421E-09  3.3636188E-10  1.1002765E+00
   zr91     91   1.6575035E-09  1.7270487E-09  6.9545258E-11  1.3133450E-09  5.2890175E-11  1.3950038E+00
   zr92     92   3.0978302E-09  3.2813814E-09  1.8355122E-10  2.4953470E-09  1.3959335E-10  1.2522662E+00
   zr93     93   7.4019130E-10  7.4019130E-10  0.0000000E+00  5.6288307E-10  0.0000000E+00  0.0000000E+00
   zr94     94   3.4377530E-09  3.5666654E-09  1.2891237E-10  2.7122931E-09  9.8039708E-11  1.4419346E+00
   zr95     95   1.7888005E-24  1.7888005E-24  0.0000000E+00  1.3603044E-24  0.0000000E+00  0.0000000E+00
   zr96     96   1.2164587E-09  1.2829792E-09  6.6520511E-11  9.7564956E-10  5.0589810E-11  1.2852308E+00
   nb93     93   1.9894199E-10  2.7940980E-10  8.0467813E-11  2.1247892E-10  6.1196929E-11  5.4058623E-01
   nb94     94   8.9605508E-16  8.9605508E-16  0.0000000E+00  6.8141069E-16  0.0000000E+00  0.0000000E+00
   nb95     95   1.8939556E-24  1.8939556E-24  0.0000000E+00  1.4402704E-24  0.0000000E+00  0.0000000E+00
   mo94     94   1.3649882E-13  1.3649882E-13  0.0000000E+00  1.0380138E-13  0.0000000E+00  0.0000000E+00
   mo95     95   4.4716675E-10  5.0432125E-10  5.7154493E-11  3.8351425E-10  4.3466813E-11  9.4562370E-01
   mo96     96   7.0552919E-10  7.3198519E-10  2.6455988E-11  5.5664273E-10  2.0120161E-11  1.4419451E+00
   mo97     97   2.2656937E-10  2.5484023E-10  2.8270858E-11  1.9379484E-10  2.1500395E-11  9.5489579E-01
   mo98     98   6.5808653E-10  7.0836176E-10  5.0275235E-11  5.3867810E-10  3.8235040E-11  1.1488678E+00
   tc99     99   2.4136835E-11  2.4136835E-11  0.0000000E+00  1.8355007E-11  0.0000000E+00  0.0000000E+00
   ru99     99   5.8320716E-11  6.1135152E-11  2.8144392E-12  4.6490610E-11  2.1404217E-12  1.3368659E+00
  ru100    100   3.1662603E-10  3.3066616E-10  1.4040136E-11  2.5145713E-10  1.0677726E-11  1.3719852E+00
  ru101    101   5.9548769E-11  1.2453173E-10  6.4982963E-11  9.4700935E-11  4.9420478E-11  2.8244734E-01
  ru102    102   4.6730214E-10  5.5978677E-10  9.2484652E-11  4.2569334E-10  7.0335911E-11  7.8191972E-01
  rh103    103   7.1273785E-11  1.4331507E-10  7.2041283E-11  1.0898484E-10  5.4788434E-11  2.9867718E-01
  pd104    104   2.7733285E-10  2.8728880E-10  9.9559571E-12  2.1847056E-10  7.5716490E-12  1.4602025E+00
  pd105    105   6.1475540E-11  1.2915080E-10  6.7675261E-11  9.8213535E-11  5.1468010E-11  2.8063399E-01
  pd106    106   3.3212727E-10  3.9081849E-10  5.8691219E-11  2.9720035E-10  4.4635518E-11  8.2336873E-01
  pd107    107   6.3555813E-11  6.3555813E-11  0.0000000E+00  4.8331415E-11  0.0000000E+00  0.0000000E+00
  pd108    108   4.4644263E-10  4.9677462E-10  5.0331978E-11  3.7777537E-10  3.8278193E-11  9.9428219E-01
  ag107    107  -4.8642895E-12  5.7803297E-11  6.2667586E-11  4.3956876E-11  4.7659605E-11 -3.5123620E-02
  ag108    108   0.0000000E+00  0.0000000E+00  0.0000000E+00  0.0000000E+00  0.0000000E+00  0.0000000E+00
  ag109    109   1.0676898E-10  1.5984557E-10  5.3076592E-11  1.2155556E-10  4.0365516E-11  4.7876433E-01
  cd108    108   3.1411678E-14  3.1411678E-14  0.0000000E+00  2.3887207E-14  0.0000000E+00  0.0000000E+00
  cd109    109   8.6999086E-27  8.6999086E-27  0.0000000E+00  6.6158998E-27  0.0000000E+00  0.0000000E+00
  cd110    110   4.0536258E-10  4.1672246E-10  1.1359890E-11  3.1689920E-10  8.6393592E-12  1.5644397E+00
  cd111    111   1.2928505E-10  1.7429332E-10  4.5008258E-11  1.3254244E-10  3.4229428E-11  5.8795536E-01
  cd112    112   5.2947469E-10  5.9304450E-10  6.3569802E-11  4.5098439E-10  4.8345751E-11  9.6980321E-01
  cd113    113   1.5375164E-10  1.9396397E-10  4.0212333E-11  1.4750111E-10  3.0582061E-11  6.8332857E-01
  cd114    114   8.1498341E-10  8.7082896E-10  5.5845537E-11  6.6222733E-10  4.2471332E-11  1.1929113E+00
  in115    115   1.5348789E-10  1.8943158E-10  3.5943686E-11  1.4405444E-10  2.7335689E-11  7.2179657E-01
  sn116    116   1.2031933E-09  1.2375844E-09  3.4391039E-11  9.4112873E-10  2.6154880E-11  1.5560963E+00
  sn117    117   3.4522102E-10  3.8972256E-10  4.4501538E-11  2.9636696E-10  3.3844063E-11  9.4234729E-01
  sn118    118   1.7844681E-09  1.8701409E-09  8.5672767E-11  1.4221604E-09  6.5155374E-11  1.3389983E+00
  sn119    119   5.1492072E-10  5.4348770E-10  2.8567003E-11  4.1329862E-10  2.1725618E-11  1.2792919E+00
  sn120    120   2.9529759E-09  3.0511098E-09  9.8133966E-11  2.3202356E-09  7.4632300E-11  1.4926052E+00
  sb121    121   2.0632972E-10  2.4121044E-10  3.4880727E-11  1.8342998E-10  2.6527296E-11  8.3977735E-01
  te122    122   3.6659725E-10  3.7601119E-10  9.4139549E-12  2.8594005E-10  7.1594479E-12  1.6013955E+00
  te123    123   1.3455241E-10  1.3790651E-10  3.3540963E-12  1.0487186E-10  2.5508387E-12  1.6139760E+00
  te124    124   7.0579065E-10  7.2363243E-10  1.7841796E-11  5.5029081E-10  1.3568942E-11  1.6080463E+00
  te125    125   2.2588426E-10  3.0935399E-10  8.3469724E-11  2.3525018E-10  6.3479930E-11  5.6889355E-01
  te126    126   1.3486812E-09  1.5343667E-09  1.8568558E-10  1.1668188E-09  1.4121657E-10  9.1711771E-01
   i127    127   1.4474003E-10  3.9805373E-10  2.5331370E-10  3.0270245E-10  1.9264872E-10  1.9624984E-01
  xe128    128   4.3918946E-10  4.4854656E-10  9.3570967E-12  3.4110004E-10  7.1162074E-12  1.6806332E+00
  xe129    129   1.1846524E-10  4.9287818E-10  3.7441295E-10  3.7481229E-10  2.8474645E-10  1.1935551E-01
  xe130    130   9.0128593E-10  9.1629515E-10  1.5009207E-11  6.9680234E-10  1.1414719E-11  1.7856444E+00
  xe131    131   3.0647979E-10  6.0175309E-10  2.9527331E-10  4.5760690E-10  2.2455961E-10  3.0916092E-01
  xe132    132   1.8528092E-09  2.1348563E-09  2.8204702E-10  1.6234648E-09  2.1450082E-10  8.7901390E-01
  xe133    133   1.9638538E-30  1.9638538E-30  0.0000000E+00  1.4934249E-30  0.0000000E+00  0.0000000E+00
  xe134    134   5.0149374E-10  6.4046096E-10  1.3896724E-10  4.8704252E-10  1.0568659E-10  6.6354698E-01
  cs133    133   2.4267549E-10  3.4376252E-10  1.0108701E-10  2.6141636E-10  7.6878129E-11  5.3152996E-01
  cs134    134   1.6761221E-21  1.6761221E-21  0.0000000E+00  1.2746175E-21  0.0000000E+00  0.0000000E+00
  cs135    135   6.2102407E-10  6.2102407E-10  0.0000000E+00  4.7226162E-10  0.0000000E+00  0.0000000E+00
  cs136    136  -7.3130654E-29 -7.3130654E-29  0.0000000E+00 -5.5612660E-29  0.0000000E+00  0.0000000E+00
  cs137    137   9.1685874E-16  9.1685874E-16  0.0000000E+00  6.9723094E-16  0.0000000E+00  0.0000000E+00
  ba134    134   2.5325866E-10  2.6709707E-10  1.3838410E-11  2.0311564E-10  1.0524311E-11  1.2855496E+00
  ba135    135   1.2935270E-10  2.2759887E-10  9.8246175E-11  1.7307898E-10  7.4717635E-11  3.6482120E-01
  ba136    136   1.7263803E-09  1.7658318E-09  3.9451536E-11  1.3428378E-09  3.0003462E-11  1.6508522E+00
  ba137    137   2.0138926E-09  2.1330111E-09  1.1911858E-10  1.6220616E-09  9.0591402E-11  1.2529804E+00
  ba138    138   2.6429852E-08  2.6785482E-08  3.5562975E-10  2.0369187E-08  2.7046154E-10  1.8768681E+00
  la139    139   3.2268308E-09  3.2893237E-09  6.2492927E-11  2.5013867E-09  4.7526774E-11  1.7212424E+00
  ce140    140   1.0412340E-08  1.0513736E-08  1.0139532E-10  7.9952356E-09  7.7112601E-11  2.0157058E+00
  ce141    141   1.5893669E-26  1.5893669E-26  0.0000000E+00  1.2086440E-26  0.0000000E+00  0.0000000E+00
  ce142    142   7.8105694E-10  8.1877460E-10  3.7717676E-11  6.2264227E-10  2.8684839E-11  1.3365862E+00
  pr141    141   1.0796275E-09  1.1127954E-09  3.3167958E-11  8.4623220E-10  2.5224711E-11  1.5256634E+00
  nd142    142   2.5494362E-09  2.5681373E-09  1.8701082E-11  1.9529560E-09  1.4222443E-11  2.1377182E+00
  nd143    143   4.2861198E-10  4.5315082E-10  2.4538831E-11  3.4460138E-10  1.8662134E-11  1.2663556E+00
  nd144    144   1.3479899E-09  1.3880260E-09  4.0036124E-11  1.0555331E-09  3.0448047E-11  1.5399125E+00
  nd145    145   2.4873403E-10  2.6682725E-10  1.8093232E-11  2.0291045E-10  1.3760164E-11  1.1686808E+00
  nd146    146   1.2435716E-09  1.2691531E-09  2.5581500E-11  9.6513542E-10  1.9455101E-11  1.6955547E+00
  nd147    147   1.4920515E-28  1.4920515E-28  0.0000000E+00  1.1346398E-28  0.0000000E+00  0.0000000E+00
  nd148    148   2.2715710E-10  2.4254151E-10  1.5384423E-11  1.8444221E-10  1.1700076E-11  1.1976717E+00
  pm147    147   9.0337543E-23  9.0337543E-23  0.0000000E+00  6.8697750E-23  0.0000000E+00  0.0000000E+00
  pm148    148   4.8381117E-36  4.8381117E-36  0.0000000E+00  3.6791721E-36  0.0000000E+00  0.0000000E+00
  sm147    147   1.4170118E-10  1.5248258E-10  1.0781409E-11  1.1595633E-10  8.1994168E-12  1.1505115E+00
  sm148    148   2.9636860E-10  2.9963154E-10  3.2629440E-12  2.2785668E-10  2.4815161E-12  1.9629447E+00
  sm149    149   5.5281606E-11  6.6382483E-11  1.1100876E-11  5.0480974E-11  8.4423761E-12  7.7666301E-01
  sm150    150   2.7467029E-10  2.7658487E-10  1.9145874E-12  2.1033068E-10  1.4560714E-12  2.1597199E+00
  sm151    151   1.9606666E-15  1.9606666E-15  0.0000000E+00  1.4910011E-15  0.0000000E+00  0.0000000E+00
  sm152    152   2.4796867E-10  2.6816260E-10  2.0193921E-11  2.0392593E-10  1.5357769E-11  1.1231444E+00
  eu151    151   3.8545448E-11  5.3193897E-11  1.4648449E-11  4.0451632E-11  1.1140357E-11  5.6003696E-01
  eu152    152   1.3238964E-20  1.3238964E-20  0.0000000E+00  1.0067653E-20  0.0000000E+00  0.0000000E+00
  eu153    153   4.4494977E-11  6.1723959E-11  1.7228980E-11  4.6938370E-11  1.3102888E-11  5.5416101E-01
  eu154    154  -1.5670755E-21 -1.5670755E-21  0.0000000E+00 -1.1916923E-21  0.0000000E+00  0.0000000E+00
  eu155    155   7.8796263E-24  7.8796263E-24  0.0000000E+00  5.9921109E-24  0.0000000E+00  0.0000000E+00
  gd152    152   9.6105226E-14  1.8429301E-13  8.8187785E-14  1.4014676E-13  6.7068082E-14  3.2006720E-01
  gd153    153   1.1148453E-24  1.1148453E-24  0.0000000E+00  8.4779108E-25  0.0000000E+00  0.0000000E+00
  gd154    154   3.3040740E-11  3.3844871E-11  8.0413134E-13  2.5737544E-11  6.1155345E-13  1.6241326E+00
  gd155    155   7.1059297E-11  8.7439542E-11  1.6380248E-11  6.6493942E-11  1.2457414E-11  7.2735417E-01
  gd156    156   1.9551658E-10  2.1669108E-10  2.1174510E-11  1.6478409E-10  1.6103520E-11  1.0099945E+00
  gd157    157   8.8988816E-11  1.0639844E-10  1.7409626E-11  8.0911354E-11  1.3240271E-11  7.8611261E-01
  gd158    158   3.7154915E-10  3.9519082E-10  2.3641674E-11  3.0052533E-10  1.7979835E-11  1.2230954E+00
  tb159    159   7.8824336E-11  1.0122759E-10  2.2403255E-11  7.6979152E-11  1.7037998E-11  6.5495455E-01
  dy160    160   1.3549496E-10  1.3633042E-10  8.3546115E-13  1.0367332E-10  6.3538020E-13  2.2126334E+00
  dy161    161   5.6181004E-11  8.4445777E-11  2.8264771E-11  6.4217319E-11  2.1495767E-11  4.7529921E-01
  dy162    162   2.5394525E-10  2.9324160E-10  3.9296344E-11  2.2299740E-10  2.9885438E-11  8.7284017E-01
  dy163    163   1.0381727E-10  1.3911512E-10  3.5297855E-11  1.0579097E-10  2.6844527E-11  5.9559286E-01
  dy164    164   5.1052934E-10  5.4671218E-10  3.6182824E-11  4.1575068E-10  2.7517558E-11  1.1792231E+00
  ho165    165   9.1184851E-11  1.2339066E-10  3.2205804E-11  9.3833198E-11  2.4492979E-11  5.8331496E-01
  er166    166   2.1305772E-10  2.4182054E-10  2.8762808E-11  1.8389394E-10  2.1874532E-11  9.2462867E-01
  er167    167   8.4327198E-11  1.0525519E-10  2.0927992E-11  8.0041966E-11  1.5916041E-11  7.0148271E-01
  er168    168   3.3727354E-10  3.5746059E-10  2.0187033E-11  2.7183314E-10  1.5352528E-11  1.2481225E+00
  er169    169   1.2142029E-28  1.2142029E-28  0.0000000E+00  9.2334817E-29  0.0000000E+00  0.0000000E+00
  er170    170   1.5992294E-10  1.7454986E-10  1.4626919E-11  1.3273753E-10  1.1123983E-11  1.0767334E+00
  tm169    169   8.1296983E-11  9.3986117E-11  1.2689134E-11  7.1472328E-11  9.6502702E-12  8.6959851E-01
  tm170    170   1.2221635E-23  1.2221635E-23  0.0000000E+00  9.2940184E-24  0.0000000E+00  0.0000000E+00
  tm171    171   3.2189261E-22  3.2189261E-22  0.0000000E+00  2.4478526E-22  0.0000000E+00  0.0000000E+00
  yb170    170   1.1751794E-10  1.1810972E-10  5.9177750E-13  8.9817272E-11  4.5005533E-13  2.3000939E+00
  yb171    171   1.6104443E-10  1.7289518E-10  1.1850763E-11  1.3147922E-10  9.0126769E-12  1.1640034E+00
  yb172    172   4.7050364E-10  4.8660181E-10  1.6098151E-11  3.7003939E-10  1.2242876E-11  1.4803646E+00
  yb173    173   2.0955156E-10  2.2274163E-10  1.3190080E-11  1.6938527E-10  1.0031246E-11  1.2275208E+00
  yb174    174   9.2402846E-10  9.4293662E-10  1.8908132E-11  7.1706202E-10  1.4379907E-11  1.6978006E+00
  lu175    175   1.1816816E-10  1.3130780E-10  1.3139636E-11  9.9853834E-11  9.9928833E-12  9.9967390E-01
  lu176    176   8.9443425E-11  8.9647650E-11  2.0422432E-13  6.8173113E-11  1.5531555E-13  2.6423981E+00
  lu177    177  -2.4917739E-31 -2.4917739E-31  0.0000000E+00 -1.8948850E-31  0.0000000E+00  0.0000000E+00
  hf176    176  -1.1479283E-13  7.0209989E-13  8.1689272E-13  5.3391623E-13  6.2125869E-13 -6.5799363E-02
  hf177    177   9.4621040E-11  1.0494636E-10  1.0325319E-11  7.9807112E-11  7.8525537E-12  1.0070307E+00
  hf178    178   4.4487491E-10  4.5608864E-10  1.1213737E-11  3.4683545E-10  8.5282085E-12  1.6092657E+00
  hf179    179   1.5326214E-10  1.6019075E-10  6.9286131E-12  1.2181806E-10  5.2693106E-12  1.3639579E+00
  hf180    180   8.5801161E-10  8.6998181E-10  1.1970179E-11  6.6158312E-10  9.1034940E-12  1.8613763E+00
  ta181    181   1.6976213E-10  1.7624702E-10  6.4848777E-12  1.3402815E-10  4.9318427E-12  1.4341868E+00
  ta182    182   2.3459875E-25  2.3459875E-25  0.0000000E+00  1.7840209E-25  0.0000000E+00  0.0000000E+00
  ta183    183   1.2967460E-35  1.2967460E-35  0.0000000E+00  9.8611865E-36  0.0000000E+00  0.0000000E+00
   w182    182   3.3571285E-10  3.4329167E-10  7.5788152E-12  2.6105829E-10  5.7637987E-12  1.6560286E+00
   w183    183   1.8232703E-10  1.8666597E-10  4.3389424E-12  1.4195131E-10  3.2998283E-12  1.6336480E+00
   w184    184   5.4663907E-10  5.5525984E-10  8.6207985E-12  4.2225082E-10  6.5562417E-12  1.8089156E+00
   w185    185   7.0233618E-25  7.0233618E-25  0.0000000E+00  5.3409591E-25  0.0000000E+00  0.0000000E+00
   w186    186   5.3017291E-10  5.4413846E-10  1.3965556E-11  4.1379347E-10  1.0621008E-11  1.5906179E+00
  re185    185   1.0139300E-10  1.0780447E-10  6.4114742E-12  8.1980582E-11  4.8760184E-12  1.2256457E+00
  re186    186   2.4801285E-32  2.4801285E-32  0.0000000E+00  1.8860293E-32  0.0000000E+00  0.0000000E+00
  re187    187   8.8065694E-11  1.0242767E-10  1.4361973E-11  7.7891762E-11  1.0922488E-11  8.5316998E-01
  os186    186   2.0659537E-10  2.0789034E-10  1.2949729E-12  1.5809151E-10  9.8484556E-13  2.2055404E+00
  os187    187   5.9256988E-11  5.9907947E-11  6.5095601E-13  4.5557370E-11  4.9506140E-13  1.9638996E+00
  os188    188   4.1795917E-10  4.5400914E-10  3.6049979E-11  3.4525408E-10  2.7416529E-11  1.1001264E+00
  os189    189   1.0646534E-10  1.5536000E-10  4.8894663E-11  1.1814448E-10  3.7185095E-11  5.0204456E-01
  os190    190   5.3668836E-10  6.1273031E-10  7.6041951E-11  4.6595461E-10  5.7831000E-11  9.0618289E-01
  os191    191   2.0350331E-26  2.0350331E-26  0.0000000E+00  1.5475536E-26  0.0000000E+00  0.0000000E+00
  os192    192   1.4411582E-10  2.7416300E-10  1.3004718E-10  2.0848896E-10  9.8902761E-11  3.2387465E-01
  ir191    191   1.0281948E-10  2.0969439E-10  1.0687490E-10  1.5946340E-10  8.1279906E-11  2.9267782E-01
  ir192    192   1.4543555E-22  1.4543555E-22  0.0000000E+00  1.1059736E-22  0.0000000E+00  0.0000000E+00
  ir193    193   1.1878433E-10  3.0111050E-10  1.8232617E-10  2.2898136E-10  1.3866168E-10  2.1784368E-01
  pt192    192   1.6694908E-10  1.6806304E-10  1.1139509E-12  1.2780459E-10  8.4717574E-13  2.1785729E+00
  pt193    193   3.1774948E-16  3.1774948E-16  0.0000000E+00  2.4163457E-16  0.0000000E+00  0.0000000E+00
  pt194    194   4.6689363E-10  6.6227218E-10  1.9537856E-10  5.0362903E-10  1.4858821E-10  5.3012639E-01
  pt195    195   1.7113423E-10  3.7764672E-10  2.0651249E-10  2.8718380E-10  1.5705572E-10  2.6210621E-01
  pt196    196   8.0772183E-10  9.5294794E-10  1.4522611E-10  7.2467521E-10  1.1044655E-10  8.1699127E-01
  au197    197   2.5184776E-10  3.3307410E-10  8.1226338E-11  2.5328828E-10  6.1773801E-11  6.1281079E-01
  hg198    198   9.1091029E-10  9.1493091E-10  4.0206271E-12  6.9576495E-10  3.0577450E-12  2.3570614E+00
  hg199    199   3.9623707E-10  4.1784881E-10  2.1611733E-11  3.1775574E-10  1.6436037E-11  1.2862962E+00
  hg200    200   1.3616834E-09  1.3814598E-09  1.9776359E-11  1.0505398E-09  1.5040205E-11  1.8441588E+00
  hg201    201   5.6182820E-10  5.7669536E-10  1.4867187E-11  4.3855158E-10  1.1306711E-11  1.5886843E+00
  hg202    202   2.2509499E-09  2.2723392E-09  2.1389387E-11  1.7280145E-09  1.6266937E-11  2.0262415E+00
  tl203    203   1.1706888E-09  1.1822020E-09  1.1513220E-11  8.9901286E-10  8.7559699E-12  2.0114617E+00
  tl204    204   1.8269474E-23  1.8269474E-23  0.0000000E+00  1.3893136E-23  0.0000000E+00  0.0000000E+00
  tl205    205   2.1092732E-09  2.1384301E-09  2.9156916E-11  1.6261825E-09  2.2174255E-11  1.8653202E+00
  pb204    204   9.2794478E-10  9.3469099E-10  6.7462234E-12  7.1079159E-10  5.1305999E-12  2.1415741E+00
  pb205    205   2.6188293E-10  2.6188293E-10  0.0000000E+00  1.9915052E-10  0.0000000E+00  0.0000000E+00
  pb206    206   1.0708836E-08  1.0853905E-08  1.4506842E-10  8.2539202E-09  1.1032662E-10  1.8739799E+00
  pb207    207   1.9158220E-08  1.9329685E-08  1.7146376E-10  1.4699379E-08  1.3040065E-10  2.0520191E+00
  pb208    208   2.0070947E-07  2.0095779E-07  2.4832669E-10  1.5281960E-07  1.8885603E-10  2.9080482E+00
  bi209    209   4.1037231E-09  4.1548023E-09  5.1079075E-11  3.1595453E-09  3.8846378E-11  1.9102740E+00
  bi210    210  -4.1273155E-32 -4.1273155E-32  0.0000000E+00 -3.1386428E-32  0.0000000E+00  0.0000000E+00
  po210    210   1.5742344E-08  1.5742344E-08  0.0000000E+00  1.1971364E-08  0.0000000E+00  0.0000000E+00
