                               1                                2                                3                                4                                5                                6                                7                                8 
                  version_number                 initial_don_mass                 initial_acc_mass              initial_period_days                         compiler                            build                 MESA_SDK_version                             date 
                      "r23.05.1"          1.9999426439628114E+000          8.0000040585563170E-001          4.8122689554223956E+002                       "gfortran"                         "10.2.0"            "x86_64-linux-21.4.1"                       "20260425" 

                               1                                2                                3                                4                                5                                6                                7                                8                                9                               10                               11                               12                               13                               14                               15                               16                               17                               18                               19                               20                               21                               22                               23                               24                               25                               26                               27                               28                               29                               30                               31                               32                               33                               34                               35                               36                               37                               38                               39 
                    model_number                              age                      period_days                binary_separation                          v_orb_1                          v_orb_2                             rl_1                             rl_2           rl_relative_overflow_1           rl_relative_overflow_2                      star_1_mass                      star_2_mass                lg_mtransfer_rate                   lg_mstar_dot_1                   lg_mstar_dot_2                 lg_system_mdot_1                 lg_system_mdot_2                   lg_wind_mdot_1                   lg_wind_mdot_2              fixed_xfer_fraction                eff_xfer_fraction                            J_orb                             Jdot                          jdot_mb                          jdot_gr                          jdot_ml                          jdot_ls                jdot_missing_wind                       extra_jdot                      donor_index                 point_mass_index                       Omega_star                        Omega_orb                   beta_accretion                    eta_accretion                           f_conv                vwind_over_vorbit         angular_momentum_j_orbit               wind_mass_transfer 
                              10          2.5958682111999997E+003          4.8029958740302266E+002          3.6377177380231279E+002          1.0948280865169163E+001          2.7369902684981913E+001          1.6728799288467587E+002          1.1024281190693819E+002         -3.5142070224962946E-001         -1.0000000000000000E+000          1.9999426117613961E+000          8.0000041212416173E-001         -3.7190747842430923E+001         -1.0903312120672995E+001         -1.1613874913852785E+001         -9.8999999999999986E+001         -9.8999999999999986E+001         -1.0997371650961346E+001         -9.8999999999999986E+001          8.0000000000000004E-001          1.9473194732076976E-001          1.1018446707175931E+053         -8.5945680486598793E+038          0.0000000000000000E+000         -7.4267461348127752E+026         -2.2425406960271203E+034         -8.5943437945828496E+038          0.0000000000000000E+000          0.0000000000000000E+000                                1                                2          1.4731017741438140E-007          1.5140977438610377E-007          1.9473194850341638E-001          3.6475308163932035E-001          1.0000000000000000E+000          3.9150877607755946E-001          1.1018446707175931E+053         -1.5329466102287484E+014 
                              20          1.2236531372306777E+004          4.7645741689182023E+002          3.6182917175345432E+002          1.0977631830950823E+001          2.7443275381171823E+001          1.6639464403257534E+002          1.0965409952895396E+002         -3.2171316867288735E-001         -1.0000000000000000E+000          1.9999424856246870E+000          8.0000043673092414E-001         -3.2307164840700167E+001         -1.0865666199999657E+001         -1.1574712141340754E+001         -9.8999999999999986E+001         -9.8999999999999986E+001         -1.0960093336071989E+001         -9.8999999999999986E+001          8.0000000000000004E-001          1.9541327291634636E-001          1.0988986995800967E+053         -1.0919148750563269E+039          0.0000000000000000E+000         -7.5571634306827149E+026         -2.4401918237812542E+034         -1.0918904731373334E+039          0.0000000000000000E+000          0.0000000000000000E+000                                1                                2          1.4880330161552534E-007          1.5263074849549871E-007          1.9541327546003104E-001          3.6516095613715666E-001          1.0000000000000000E+000          3.9053635705313250E-001          1.0988986995800967E+053         -1.6776053479910269E+014 
                              30          2.1401644436442413E+004          4.7277480779607754E+002          3.5996233683706276E+002          1.1006061645844113E+001          2.7514345166408969E+001          1.6553613819648101E+002          1.0908834881266279E+002         -2.9893948668208009E-001         -1.0000000000000000E+000          1.9999423553710862E+000          8.0000046223966448E-001         -2.8656645538254345E+001         -1.0834114546321311E+001         -1.1541515966545516E+001         -9.8999999999999986E+001         -9.8999999999999986E+001         -1.0928942035617949E+001         -9.8999999999999986E+001          8.0000000000000004E-001          1.9615463730669760E-001          1.0960601681684892E+053         -8.5077798333319357E+038          0.0000000000000000E+000         -7.7013400176800844E+026         -2.6177402334560085E+034         -8.5075180593008880E+038          0.0000000000000000E+000          0.0000000000000000E+000                                1                                2          1.5150540396947406E-007          1.5381964302505236E-007          1.9615463957005258E-001          3.6560163279132574E-001          1.0000000000000000E+000          3.8948342101596772E-001          1.0960601681684892E+053         -1.8108645908141303E+014 
                              40          2.9179336718448656E+004          4.7079421817482682E+002          3.5895630577012503E+002          1.1021474456458208E+001          2.7552873668399698E+001          1.6507349119535866E+002          1.0878346860948857E+002         -2.8887055692607555E-001         -1.0000000000000000E+000          1.9999422389376893E+000          8.0000048510815891E-001         -2.7072423474628216E+001         -1.0819520764932074E+001         -1.1526001231551009E+001         -9.8999999999999986E+001         -9.8999999999999986E+001         -1.0914573282398951E+001         -9.8999999999999986E+001          8.0000000000000004E-001          1.9657103908831586E-001          1.0945274351955405E+053         -4.0161811394986024E+038          0.0000000000000000E+000         -7.7833661747044667E+026         -2.7035239631061177E+034         -4.0159107870945083E+038          0.0000000000000000E+000          0.0000000000000000E+000                                1                                2          1.5348970640534214E-007          1.5446674865370897E-007          1.9657104127560213E-001          3.6584773452858566E-001          1.0000000000000000E+000          3.8889438194865289E-001          1.0945274351955405E+053         -1.8767253129418372E+014 
                              50          3.6056072666428590E+004          4.7100147307777740E+002          3.5906164193844597E+002          1.1019858123353574E+001          2.7548830829658794E+001          1.6512192974946632E+002          1.0881539341896205E+002         -2.9985488441950547E-001         -1.0000000000000000E+000          1.9999421355039697E+000          8.0000050544589596E-001         -2.8245400751502725E+001         -1.0832431661171219E+001         -1.1538881284706163E+001         -9.8999999999999986E+001         -9.8999999999999986E+001         -1.0927491725198323E+001         -9.8999999999999986E+001          8.0000000000000004E-001          1.9658499982835601E-001          1.0946880060827055E+053          6.8501556193794946E+038          0.0000000000000000E+000         -7.7861251216629219E+026         -2.6242160579581203E+034          6.8504180409930767E+038          0.0000000000000000E+000          0.0000000000000000E+000                                1                                2          1.5622387001082385E-007          1.5439877860938591E-007          1.9658500131890194E-001          3.6585599596870744E-001          1.0000000000000000E+000          3.8887469504500149E-001          1.0946880060827055E+053         -1.8218837346032744E+014 
                              60          3.9280972561069088E+004          4.7302426141616473E+002          3.6008893627441074E+002          1.1004127865061117E+001          2.7509505418175014E+001          1.6559435123686370E+002          1.0912672096182290E+002         -3.3551841494334139E-001         -1.0000000000000000E+000          1.9999420902382574E+000          8.0000051433710473E-001         -3.3733138271575186E+001         -1.0882865178649501E+001         -1.1590181294451284E+001         -9.8999999999999986E+001         -9.8999999999999986E+001         -1.0977713486505735E+001         -9.8999999999999986E+001          8.0000000000000004E-001          1.9619316992036381E-001          1.0962528622095278E+053          2.7292135189512401E+039          0.0000000000000000E+000         -7.7088877301116697E+026         -2.3394915554733808E+034          2.7292369138675659E+039          0.0000000000000000E+000          0.0000000000000000E+000                                1                                2          1.6433593215057741E-007          1.5373852484587433E-007          1.9619317026619076E-001          3.6562452072049267E-001          1.0000000000000000E+000          3.8942892610002366E-001          1.0962528622095278E+053         -1.6189023326159728E+014 
                              70          3.9741234774061566E+004          4.7364316729572732E+002          3.6040296166992550E+002          1.0999332800938117E+001          2.7497517992754499E+001          1.6573876217551398E+002          1.0922188802346285E+002         -3.5017535575355824E-001         -1.0000000000000000E+000          1.9999420843855902E+000          8.0000051548490214E-001         -3.6938519395495170E+001         -1.0908313341666357E+001         -1.1615960201030276E+001         -9.8999999999999986E+001         -9.8999999999999986E+001         -1.1003080959862721E+001         -9.8999999999999986E+001          8.0000000000000004E-001          1.9604381291027193E-001          1.0967307659558951E+053          3.9347870033994890E+039          0.0000000000000000E+000         -7.6796235768843771E+026         -2.2074194901976756E+034          3.9348090775951591E+039          0.0000000000000000E+000          0.0000000000000000E+000                                1                                2          1.7193545639386719E-007          1.5353763589927419E-007          1.9604381291901660E-001          3.6553604572479215E-001          1.0000000000000000E+000          3.8964057608522285E-001          1.0967307659558951E+053         -1.5256037313513797E+014 
                              80          3.9749481474521039E+004          4.7365657767416110E+002          3.6040976442093830E+002          1.0999228994424978E+001          2.7497258482069039E+001          1.6574189055895113E+002          1.0922394963271404E+002         -3.5046883698712117E-001         -1.0000000000000000E+000          1.9999420842838271E+000          8.0000051550485207E-001         -3.7016905021551707E+001         -1.0908899704236632E+001         -1.1616554627478083E+001         -9.8999999999999986E+001         -9.8999999999999986E+001         -1.1003665356088227E+001         -9.8999999999999986E+001          8.0000000000000004E-001          1.9604017284877556E-001          1.0967411165120153E+053          3.9858889960817464E+039          0.0000000000000000E+000         -7.6789115782316717E+026         -2.2044673201098926E+034          3.9859110407557151E+039          0.0000000000000000E+000          0.0000000000000000E+000                                1                                2          1.7224803029655968E-007          1.5353328887255001E-007          1.9604017284980724E-001          3.6553388779483398E-001          1.0000000000000000E+000          3.8964573702189970E-001          1.0967411165120153E+053         -1.5235170392321388E+014 
                              90          3.9752796059221328E+004          4.7366198319663141E+002          3.6041250648972061E+002          1.0999187152683444E+001          2.7497153879974348E+001          1.6574315155506426E+002          1.0922478063098777E+002         -3.5058738132242934E-001         -1.0000000000000000E+000          1.9999420842429538E+000          8.0000051551286477E-001         -3.7040399055202705E+001         -1.0909075090051315E+001         -1.1616732455462357E+001         -9.8999999999999986E+001         -9.8999999999999986E+001         -1.1003840146398437E+001         -9.8999999999999986E+001          8.0000000000000004E-001          1.9603907045852570E-001          1.0967452886107694E+053          3.9906508790328516E+039          0.0000000000000000E+000         -7.6786959612427820E+026         -2.2035851671696150E+034          3.9906729148852910E+039          0.0000000000000000E+000          0.0000000000000000E+000                                1                                2          1.7229545890637498E-007          1.5353153672086298E-007          1.9603907045914332E-001          3.6553323425569778E-001          1.0000000000000000E+000          3.8964730003416448E-001          1.0967452886107694E+053         -1.5228933414507112E+014 
                             100          3.9755107939774491E+004          4.7366575699066874E+002          3.6041442082260170E+002          1.0999157941802070E+001          2.7497080854348834E+001          1.6574403189998492E+002          1.0922536077957037E+002         -3.5067248290831998E-001         -1.0000000000000000E+000          1.9999420842144557E+000          8.0000051551845164E-001         -3.7056792242988053E+001         -1.0909197495835382E+001         -1.1616856520508190E+001         -9.8999999999999986E+001         -9.8999999999999986E+001         -1.1003962147586520E+001         -9.8999999999999986E+001          8.0000000000000004E-001          1.9603832147476738E-001          1.0967482012875395E+053          3.9936233162882350E+039          0.0000000000000000E+000         -7.6785494701971535E+026         -2.2029695550115039E+034          3.9936453459845528E+039          0.0000000000000000E+000          0.0000000000000000E+000                                1                                2          1.7232732646825852E-007          1.5353031350303635E-007          1.9603832147524589E-001          3.6553279022564850E-001          1.0000000000000000E+000          3.8964836197959080E-001          1.0967482012875395E+053         -1.5224583581486394E+014 
                             110          3.9757238013666851E+004          4.7366923640212588E+002          3.6041618581949803E+002          1.0999131009850512E+001          2.7497013525925269E+001          1.6574484356971553E+002          1.0922589567110195E+002         -3.5075527425311520E-001         -1.0000000000000000E+000          1.9999420841882050E+000          8.0000051552359752E-001         -3.7071952421745948E+001         -1.0909310788957239E+001         -1.1616971272187790E+001         -9.8999999999999986E+001         -9.8999999999999986E+001         -1.1004075085053843E+001         -9.8999999999999986E+001          8.0000000000000004E-001          1.9603766309032206E-001          1.0967508867412527E+053          3.9958445309068945E+039          0.0000000000000000E+000         -7.6784207011568208E+026         -2.2023996759672362E+034          3.9958665549044218E+039          0.0000000000000000E+000          0.0000000000000000E+000                                1                                2          1.7235496949532470E-007          1.5352918572210661E-007          1.9603766309090517E-001          3.6553239990453656E-001          1.0000000000000000E+000          3.8964929547350224E-001          1.0967508867412527E+053         -1.5220561389579372E+014 
                             120          3.9760523916185266E+004          4.7367460737333312E+002          3.6041891033716757E+002          1.0999089437033662E+001          2.7496909596130465E+001          1.6574609649459552E+002          1.0922672135041653E+002         -3.5090136098775565E-001         -1.0000000000000000E+000          1.9999420841477251E+000          8.0000051553153306E-001         -3.7097483555117620E+001         -1.0909501312831242E+001         -1.1617163963347773E+001         -9.8999999999999986E+001         -9.8999999999999986E+001         -1.1004265080459858E+001         -9.8999999999999986E+001          8.0000000000000004E-001          1.9603668479417430E-001          1.0967550320988634E+053          3.9988868901605813E+039          0.0000000000000000E+000         -7.6782293661884496E+026         -2.2014407233353142E+034          3.9989089045685825E+039          0.0000000000000000E+000          0.0000000000000000E+000                                1                                2          1.7240221230578015E-007          1.5352744486282650E-007          1.9603668479519276E-001          3.6553181992064632E-001          1.0000000000000000E+000          3.8965068256381069E-001          1.0967550320988634E+053         -1.5213809710224978E+014 
                             130          3.9765372777275297E+004          4.7368254914085452E+002          3.6042293891668885E+002          1.0999027966686526E+001          2.7496755923588776E+001          1.6574794911885252E+002          1.0922794223248532E+002         -3.5115036289048412E-001         -1.0000000000000000E+000          1.9999420840880273E+000          8.0000051554323603E-001         -3.7128823021558283E+001         -1.0909830677094861E+001         -1.1617496661564410E+001         -9.8999999999999986E+001         -9.8999999999999986E+001         -1.1004593631783431E+001         -9.8999999999999986E+001          8.0000000000000004E-001          1.9603517988307162E-001          1.0967611615597925E+053          4.0128138184041158E+039          0.0000000000000000E+000         -7.6779350441122262E+026         -2.1997826018816109E+034          4.0128358162309022E+039          0.0000000000000000E+000          0.0000000000000000E+000                                1                                2          1.7251041792836543E-007          1.5352487081977286E-007          1.9603517988430835E-001          3.6553092772048024E-001          1.0000000000000000E+000          3.8965281634022625E-001          1.0967611615597925E+053         -1.5202159391599934E+014 
                             140          3.9772070651518894E+004          4.7369356786924845E+002          3.6042852829303740E+002          1.0998942682522626E+001          2.7496542717803354E+001          1.6575051950729724E+002          1.0922963612217616E+002         -3.5171952514463573E-001         -1.0000000000000000E+000          1.9999420840056708E+000          8.0000051555938079E-001         -3.7231943967728903E+001         -1.0910611177913486E+001         -1.1618281771690253E+001         -9.8999999999999986E+001         -9.8999999999999986E+001         -1.1005373008696651E+001         -9.8999999999999986E+001          8.0000000000000004E-001          1.9603309930960738E-001          1.0967696657075789E+053          4.0345197507702936E+039          0.0000000000000000E+000         -7.6775281534560534E+026         -2.1958476668743168E+034          4.0345417092477299E+039          0.0000000000000000E+000          0.0000000000000000E+000                                1                                2          1.7274495654221046E-007          1.5352129963162925E-007          1.9603309931119400E-001          3.6552969421159093E-001          1.0000000000000000E+000          3.8965576637036980E-001          1.0967696657075789E+053         -1.5174702014198516E+014 
                             150          3.9780236083331198E+004          4.7370710308408081E+002          3.6043539412671140E+002          1.0998837924550390E+001          2.7496280828573283E+001          1.6575367690063968E+002          1.0923171684890463E+002         -3.5253825960323298E-001         -1.0000000000000000E+000          1.9999420839054958E+000          8.0000051557901808E-001         -3.7382911932102004E+001         -1.0911751334028919E+001         -1.1619427581849086E+001         -9.8999999999999986E+001         -9.8999999999999986E+001         -1.1006511786184834E+001         -9.8999999999999986E+001          8.0000000000000004E-001          1.9603054718775761E-001          1.0967801118748884E+053          4.0709952459262887E+039          0.0000000000000000E+000         -7.6770290694347060E+026         -2.1901086797031832E+034          4.0710171470138536E+039          0.0000000000000000E+000          0.0000000000000000E+000                                1                                2          1.7310383656574344E-007          1.5351691307344103E-007          1.9603054718978660E-001          3.6552818110077068E-001          1.0000000000000000E+000          3.8965938506291264E-001          1.0967801118748884E+053         -1.5134718979891616E+014 
                             160          3.9790513702005956E+004          4.7372432459118778E+002          3.6044412976380335E+002          1.0998704641686981E+001          2.7495947628703671E+001          1.6575769416117836E+002          1.0923436422928060E+002         -3.5363526283821045E-001         -1.0000000000000000E+000          1.9999420837798052E+000          8.0000051560365670E-001         -3.7586654839931150E+001         -1.0913281891030991E+001         -1.1620965301539350E+001         -9.8999999999999986E+001         -9.8999999999999986E+001         -1.1008040596738356E+001         -9.8999999999999986E+001          8.0000000000000004E-001          1.9602731414159658E-001          1.0967934027503952E+053          4.1192561755405745E+039          0.0000000000000000E+000         -7.6763968669683333E+026         -2.1824268078090528E+034          4.1192779998094204E+039          0.0000000000000000E+000          0.0000000000000000E+000                                1                                2          1.7359472100549863E-007          1.5351133220610471E-007          1.9602731414426910E-001          3.6552626422558226E-001          1.0000000000000000E+000          3.8966396933909270E-001          1.0967934027503952E+053         -1.5081225778148856E+014 
                             170          3.9804583996145404E+004          4.7374823813552229E+002          3.6045625977207004E+002          1.0998519577661666E+001          2.7495484978826642E+001          1.6576327239247377E+002          1.0923804029147516E+002         -3.5523765446334360E-001         -1.0000000000000000E+000          1.9999420836084791E+000          8.0000051563724084E-001         -3.7884351227333113E+001         -1.0915500637210092E+001         -1.1623193998280087E+001         -9.8999999999999986E+001         -9.8999999999999986E+001         -1.1010256916772748E+001         -9.8999999999999986E+001          8.0000000000000004E-001          1.9602282281230962E-001          1.0968118577409505E+053          4.1875214241464291E+039          0.0000000000000000E+000         -7.6755186904555435E+026         -2.1713373433671360E+034          4.1875431375206304E+039          0.0000000000000000E+000          0.0000000000000000E+000                                1                                2          1.7431625147302459E-007          1.5350358336451954E-007          1.9602282281582656E-001          3.6552360120993665E-001          1.0000000000000000E+000          3.8967033795753914E-001          1.0968118577409505E+053         -1.5004030731041678E+014 
                             180          3.9823173906590273E+004          4.7378047291201756E+002          3.6047261035487583E+002          1.0998270136308314E+001          2.7494861389297480E+001          1.6577079154105610E+002          1.0924299542064283E+002         -3.5786561158233093E-001         -1.0000000000000000E+000          1.9999420833836217E+000          8.0000051568131725E-001         -3.8369327782674539E+001         -1.0919074078125437E+001         -1.1626780853049281E+001         -9.8999999999999986E+001         -9.8999999999999986E+001         -1.1013827087233331E+001         -9.8999999999999986E+001          8.0000000000000004E-001          1.9601676843906912E-001          1.0968367335607492E+053          4.2871278879946102E+039          0.0000000000000000E+000         -7.6743350355476010E+026         -2.1535870647281183E+034          4.2871494238660247E+039          0.0000000000000000E+000          0.0000000000000000E+000                                1                                2          1.7549012610523492E-007          1.5349313938469368E-007          1.9601676844364899E-001          3.6552001123784761E-001          1.0000000000000000E+000          3.8967892325160119E-001          1.0968367335607492E+053         -1.4880622185689550E+014 
                             190          3.9843142493218875E+004          4.7381615787338387E+002          3.6049071055750210E+002          1.0997994022840492E+001          2.7494171121166232E+001          1.6577911528819064E+002          1.0924848078099025E+002         -3.6175053120883038E-001         -1.0000000000000000E+000          1.9999420831446013E+000          8.0000051572816822E-001         -3.9116341028809757E+001         -1.0924498727041723E+001         -1.1632220792944546E+001         -9.8999999999999986E+001         -9.8999999999999986E+001         -1.1019248008182990E+001         -9.8999999999999986E+001          8.0000000000000004E-001          1.9600986704923876E-001          1.0968642706000192E+053          4.4422033726014472E+039          0.0000000000000000E+000         -7.6729859801770247E+026         -2.1269023823528288E+034          4.4422246416260381E+039          0.0000000000000000E+000          0.0000000000000000E+000                                1                                2          1.7738960957569940E-007          1.5348157921170692E-007          1.9600986705358794E-001          3.6551591875262424E-001          1.0000000000000000E+000          3.8968871007455885E-001          1.0968642706000192E+053         -1.4695391152376178E+014 
                             200          3.9867361299697463E+004          4.7386114610493365E+002          3.6051352893781166E+002          1.0997645964470294E+001          2.7493300995158069E+001          1.6578960878589351E+002          1.0925539600923395E+002         -3.6815571584464529E-001         -1.0000000000000000E+000          1.9999420828594077E+000          8.0000051578406794E-001         -4.0353649571187375E+001         -1.0933183657619638E+001         -1.1640924440212967E+001         -9.8999999999999986E+001         -9.8999999999999986E+001         -1.1027928375822201E+001         -9.8999999999999986E+001          8.0000000000000004E-001          1.9600141983860556E-001          1.0968989847329419E+053          4.6349896363384681E+039          0.0000000000000000E+000         -7.6713350364705531E+026         -2.0848489172556220E+034          4.6350104848284076E+039          0.0000000000000000E+000          0.0000000000000000E+000                                1                                2          1.8045844011335222E-007          1.5346700771775566E-007          1.9600141984416120E-001          3.6551090921966500E-001          1.0000000000000000E+000          3.8970068964510651E-001          1.0968989847329419E+053         -1.4403813949544456E+014 
                             210          3.9892877830365906E+004          4.7391089493147831E+002          3.6053876108885146E+002          1.0997261126214976E+001          2.7492338921993767E+001          1.6580121230583657E+002          1.0926304274272618E+002         -3.7674038669642224E-001         -1.0000000000000000E+000          1.9999420825661181E+000          8.0000051584155185E-001         -4.2095826168817460E+001         -1.0944874697954669E+001         -1.1652636341250119E+001         -9.8999999999999986E+001         -9.8999999999999986E+001         -1.1039614330818527E+001         -9.8999999999999986E+001          8.0000000000000004E-001          1.9599200542233167E-001          1.0969373697150927E+053          4.8598388441252188E+039          0.0000000000000000E+000         -7.6694954259821126E+026         -2.0295365579073259E+034          4.8598591394915648E+039          0.0000000000000000E+000          0.0000000000000000E+000                                1                                2          1.8495575553853049E-007          1.5345089750879248E-007          1.9599200542859038E-001          3.6550532559035137E-001          1.0000000000000000E+000          3.8971404168944845E-001          1.0969373697150927E+053         -1.4020567804328869E+014 
                             220          3.9925923995291734E+004          4.7397792472274602E+002          3.6057275659236711E+002          1.0996742693937041E+001          2.7491042872152935E+001          1.6581684583305332E+002          1.0927334525478560E+002         -3.9017907617224284E-001         -1.0000000000000000E+000          1.9999420821992104E+000          8.0000051591346022E-001         -4.5030835305005795E+001         -1.0963182368358007E+001         -1.1670972410583108E+001         -9.8999999999999986E+001         -9.8999999999999986E+001         -1.1057915078732441E+001         -9.8999999999999986E+001          8.0000000000000004E-001          1.9597918973751804E-001          1.0969890840255611E+053          5.0530792087977527E+039          0.0000000000000000E+000         -7.6669918156165341E+026         -1.9458410194535688E+034          5.0530986672087137E+039          0.0000000000000000E+000          0.0000000000000000E+000                                1                                2          1.9230732382810921E-007          1.5342919653688354E-007          1.9597918974398454E-001          3.6549772383818585E-001          1.0000000000000000E+000          3.8973221898031252E-001          1.0969890840255611E+053         -1.3440936604095038E+014 
                             230          3.9965653910295216E+004          4.7406032304545823E+002          3.6061454436030823E+002          1.0996105529741692E+001          2.7489450000226935E+001          1.6583606279310089E+002          1.0928600925196966E+002         -4.0881416280904875E-001         -1.0000000000000000E+000          1.9999420817795723E+000          8.0000051599569710E-001         -4.9405194359448977E+001         -1.0987716181972733E+001         -1.1695540686205058E+001         -9.8999999999999986E+001         -9.8999999999999986E+001         -1.1082440492685244E+001         -9.8999999999999986E+001          8.0000000000000004E-001          1.9596363907183686E-001          1.0970526486728573E+053          5.0728694815909797E+039          0.0000000000000000E+000         -7.6639548719535150E+026         -1.8390585603486281E+034          5.0728878721773494E+039          0.0000000000000000E+000          0.0000000000000000E+000                                1                                2          2.0315855077038272E-007          1.5340252839395925E-007          1.9596363907968065E-001          3.6548849849284032E-001          1.0000000000000000E+000          3.8975427760778569E-001          1.0970526486728573E+053         -1.2701682630308772E+014 
                             240          4.0012077883241873E+004          4.7415452865686706E+002          3.6066231715158233E+002          1.0995377243738808E+001          2.7487629329708369E+001          1.6585803208905728E+002          1.0930048704071994E+002         -4.3258848570624236E-001         -1.0000000000000000E+000          1.9999420813199382E+000          8.0000051608576384E-001         -5.5727295875420900E+001         -1.1018378047818942E+001         -1.1726242412158454E+001         -9.8999999999999986E+001         -9.8999999999999986E+001         -1.1113092644187383E+001         -9.8999999999999986E+001          8.0000000000000004E-001          1.9594565410187645E-001          1.0971253128122328E+053          4.8308014672337419E+039          0.0000000000000000E+000         -7.6604438350464278E+026         -1.7137961228606429E+034          4.8308186051957364E+039          0.0000000000000000E+000          0.0000000000000000E+000                                1                                2          2.1877972361636341E-007          1.5337205018884761E-007          1.9594565411053808E-001          3.6547782721747701E-001          1.0000000000000000E+000          3.8977979223184861E-001          1.0971253128122328E+053         -1.1834762069048795E+014 
                             250          4.0066196252302536E+004          4.7425294339094853E+002          3.6071222105978347E+002          1.0994616623892851E+001          2.7485727826233500E+001          1.6588098142237521E+002          1.0931561067569002E+002         -4.6123729542287650E-001         -1.0000000000000000E+000          1.9999420808240038E+000          8.0000051618293455E-001         -6.4677305621380043E+001         -1.1054322673786602E+001         -1.1762229817899588E+001         -9.8999999999999986E+001         -9.8999999999999986E+001         -1.1149026845489974E+001         -9.8999999999999986E+001          8.0000000000000004E-001          1.9592635360831140E-001          1.0972012133162811E+053          3.7519061987510625E+039          0.0000000000000000E+000         -7.6566775425492820E+026         -1.5777633171434017E+034          3.7519219763849994E+039          0.0000000000000000E+000          0.0000000000000000E+000                                1                                2          2.4072488594248465E-007          1.5334022314434485E-007          1.9592635361694968E-001          3.6546637325425468E-001          8.7570911544144214E-001          3.8980717665422676E-001          1.0972012133162811E+053         -1.0893617581534805E+014 
                             260          4.0114459761659527E+004          4.7430705121202379E+002          3.6073965644902773E+002          1.0994198530047301E+001          2.7484682614181029E+001          1.6589359814422937E+002          1.0932392511379160E+002         -4.8626831954007577E-001         -1.0000000000000000E+000          1.9999420804145740E+000          8.0000051626315016E-001         -7.4110280177977003E+001         -1.1085183230169697E+001         -1.1793115359439842E+001         -9.8999999999999986E+001         -9.8999999999999986E+001         -1.1179881314028204E+001         -9.8999999999999986E+001          8.0000000000000004E-001          1.9591508220116582E-001          1.0972429384535258E+053          2.0764636257186084E+039          0.0000000000000000E+000         -7.6544787860172161E+026         -1.4695936101677336E+034          2.0764783216554754E+039          0.0000000000000000E+000          0.0000000000000000E+000                                1                                2          2.6418287724330151E-007          1.5332273045614567E-007          1.9591508220805343E-001          3.6545968320085809E-001          5.5959791994270658E-001          3.8982317076378720E-001          1.0972429384535258E+053         -1.0145806701013003E+014 
                             270          4.0156724938502237E+004          4.7433474991160341E+002          3.6075370067603581E+002          1.0993984526026098E+001          2.7484147613074111E+001          1.6590005666467741E+002          1.0932818129286126E+002         -5.0676626661930502E-001         -1.0000000000000000E+000          1.9999420800778902E+000          8.0000051632911062E-001         -8.3066597074005145E+001         -1.1109533562379296E+001         -1.1817478312899507E+001         -9.8999999999999986E+001         -9.8999999999999986E+001         -1.1204228571129061E+001         -9.8999999999999986E+001          8.0000000000000004E-001          1.9590938869729274E-001          1.0972642969996768E+053          1.2811559164720893E+039          0.0000000000000000E+000         -7.6533683365585400E+026         -1.3894885837642750E+034          1.2811698113586923E+039          0.0000000000000000E+000          0.0000000000000000E+000                                1                                2          2.8595546028583343E-007          1.5331377720055890E-007          1.9590938870292512E-001          3.6545630361803105E-001          4.0032017758444277E-001          3.8983125035036142E-001          1.0972642969996768E+053         -9.5923193809040734E+013 
                             280          4.0191634386262253E+004          4.7434989590861750E+002          3.6076138011743575E+002          1.0993867513374498E+001          2.7483855084672001E+001          1.6590358820841956E+002          1.0933050859088533E+002         -5.2044341650330495E-001         -1.0000000000000000E+000          1.9999420798124832E+000          8.0000051638110592E-001         -9.0031853157194803E+001         -1.1125874951656067E+001         -1.1833826541935956E+001         -9.8999999999999986E+001         -9.8999999999999986E+001         -1.1220568293976706E+001         -9.8999999999999986E+001          8.0000000000000004E-001          1.9590630331941811E-001          1.0972759757552564E+053          9.1701111733640446E+038          0.0000000000000000E+000         -7.6527666259620028E+026         -1.3381905587563173E+034          9.1702449924275736E+038          0.0000000000000000E+000          0.0000000000000000E+000                                1                                2          3.0260722568580867E-007          1.5330888189008930E-007          1.9590630332390516E-001          3.6545447212479376E-001          3.1751602598231710E-001          3.8983562893428603E-001          1.0972759757552564E+053         -9.2379456186188562E+013 
                             290          4.0229032841385029E+004          4.7436414837530839E+002          3.6076860643842974E+002          1.0993757408520317E+001          2.7483579824946830E+001          1.6590691137500681E+002          1.0933269856885826E+002         -5.1097623463650321E-001         -1.0000000000000000E+000          1.9999420795321545E+000          8.0000051643602377E-001         -8.7011289781873373E+001         -1.1119004778514316E+001         -1.1826962183365284E+001         -9.8999999999999986E+001         -9.8999999999999986E+001         -1.1213696704206962E+001         -9.8999999999999986E+001          8.0000000000000004E-001          1.9590368043668041E-001          1.0972869652962582E+053          1.0568325969391682E+039          0.0000000000000000E+000         -7.6522551419442956E+026         -1.3595395554392067E+034          1.0568461923354877E+039          0.0000000000000000E+000          0.0000000000000000E+000                                1                                2          2.9820493160081360E-007          1.5330427566143556E-007          1.9590368044279821E-001          3.6545291514339107E-001          3.1944971711966397E-001          3.8983935125955543E-001          1.0972869652962582E+053         -9.3851184860479500E+013 
                             300          4.0272415291715472E+004          4.7439221945318832E+002          3.6078283890146190E+002          1.0993540562385725E+001          2.7483037718611662E+001          1.6591345645950344E+002          1.0933701179394107E+002         -4.7760738588090051E-001         -1.0000000000000000E+000          1.9999420791878555E+000          8.0000051650347204E-001         -7.3124436357206989E+001         -1.1082134724148853E+001         -1.1790103306873077E+001         -9.8999999999999986E+001         -9.8999999999999986E+001         -1.1176823926596271E+001         -9.8999999999999986E+001          8.0000000000000004E-001          1.9589863833179197E-001          1.0973086092412423E+053          2.2282100896660594E+039          0.0000000000000000E+000         -7.6512719806820453E+026         -1.4800249609797344E+034          2.2282248899164343E+039          0.0000000000000000E+000          0.0000000000000000E+000                                1                                2          2.6474630249301126E-007          1.5329520423048674E-007          1.9589863833822518E-001          3.6544992190498116E-001          5.2547257848816065E-001          3.8984650701101953E-001          1.0973086092412423E+053         -1.0216417596004520E+014 
                             310          4.0311158549423897E+004          4.7445179442567434E+002          3.6081304340117055E+002          1.0993080406776009E+001          2.7481887356668768E+001          1.6592734661575949E+002          1.0934616542313444E+002         -4.3671507268703003E-001         -1.0000000000000000E+000          1.9999420788470259E+000          8.0000051657023852E-001         -5.8964949892574786E+001         -1.1032044690096653E+001         -1.1740037170331355E+001         -9.8999999999999986E+001         -9.8999999999999986E+001         -1.1126728070728799E+001         -9.8999999999999986E+001          8.0000000000000004E-001          1.9588785909982359E-001          1.0973545412122602E+053          5.1502821985845201E+039          0.0000000000000000E+000         -7.6491705215054547E+026         -1.6610179774578633E+034          5.1502988087650599E+039          0.0000000000000000E+000          0.0000000000000000E+000                                1                                2          2.2827548401124471E-007          1.5327595557829160E-007          1.9588785910598400E-001          3.6544352221117060E-001          1.0000000000000000E+000          3.8986180559667999E-001          1.0973545412122602E+053         -1.1464754857007305E+014 
                             320          4.0343440571016683E+004          4.7452235743058696E+002          3.6084881719866104E+002          1.0992535479132375E+001          2.7480525071328472E+001          1.6594379792936175E+002          1.0935700685495947E+002         -3.9582767714967304E-001         -1.0000000000000000E+000          1.9999420785263302E+000          8.0000051663305627E-001         -4.7640015081067929E+001         -1.0977720140914146E+001         -1.1685743279645665E+001         -9.8999999999999986E+001         -9.8999999999999986E+001         -1.1072396053230134E+001         -9.8999999999999986E+001          8.0000000000000004E-001          1.9587403112000859E-001          1.0974089399355257E+053          5.3395326964291109E+039          0.0000000000000000E+000         -7.6464754379294283E+026         -1.8824283553901760E+034          5.3395515207134294E+039          0.0000000000000000E+000          0.0000000000000000E+000                                1                                2          1.9800692759066925E-007          1.5325316294937306E-007          1.9587403112576354E-001          3.6543531141683089E-001          1.0000000000000000E+000          3.8988143278706239E-001          1.0974089399355257E+053         -1.2991481033729862E+014 
                             330          4.0369691135957990E+004          4.7457438880663273E+002          3.6087519475473243E+002          1.0992133732748005E+001          2.7479520729057704E+001          1.6595592818745584E+002          1.0936500070912827E+002         -3.5832438656449184E-001         -1.0000000000000000E+000          1.9999420782309631E+000          8.0000051669090944E-001         -3.9196678651734885E+001         -1.0924301608777894E+001         -1.1632348045856508E+001         -9.8999999999999986E+001         -9.8999999999999986E+001         -1.1018971846126131E+001         -9.8999999999999986E+001          8.0000000000000004E-001          1.9586352346000524E-001          1.0974490487143091E+053          4.1521164817160888E+039          0.0000000000000000E+000         -7.6444280392967987E+026         -2.1288833321556173E+034          4.1521377705501751E+039          0.0000000000000000E+000          0.0000000000000000E+000                                1                                2          1.7487705213985537E-007          1.5323636058257938E-007          1.9586352346522243E-001          3.6542907142314873E-001          1.0000000000000000E+000          3.8989634843928384E-001          1.0974490487143091E+053         -1.4691085876919791E+014 
                             340          4.0390316515568666E+004          4.7459802100102587E+002          3.6088717488649098E+002          1.0991951283067523E+001          2.7479064613022022E+001          1.6596143749278741E+002          1.0936863135240070E+002         -3.2642792533014992E-001         -1.0000000000000000E+000          1.9999420779701189E+000          8.0000051674199824E-001         -3.3165670669459899E+001         -1.0876068147937634E+001         -1.1584125988629060E+001         -9.8999999999999986E+001         -9.8999999999999986E+001         -1.0970735607753220E+001         -9.8999999999999986E+001          8.0000000000000004E-001          1.9585838058447974E-001          1.0974672647793393E+053          1.3458107310623377E+039          0.0000000000000000E+000         -7.6434261288315234E+026         -2.3789899215601386E+034          1.3458345209623177E+039          0.0000000000000000E+000          0.0000000000000000E+000                                1                                2          1.5800762533395318E-007          1.5322873031169508E-007          1.9585838058893884E-001          3.6542601711120559E-001          1.0000000000000000E+000          3.8990364919595283E-001          1.0974672647793393E+053         -1.6416325500569919E+014 
                             350          4.0405429943004157E+004          4.7459412368884750E+002          3.6088519918349073E+002          1.0991981372209812E+001          2.7479139829328066E+001          1.6596052891981608E+002          1.0936803261034167E+002         -3.0186316680844927E-001         -1.0000000000000000E+000          1.9999420777589270E+000          8.0000051678336181E-001         -2.9099222268434875E+001         -1.0836957651037736E+001         -1.1545014814363039E+001         -9.8999999999999986E+001         -9.8999999999999986E+001         -1.0931625275834165E+001         -9.8999999999999986E+001          8.0000000000000004E-001          1.9585868606369011E-001          1.0974642606673142E+053         -2.5458710428774827E+039          0.0000000000000000E+000         -7.6434856281052116E+026         -2.6031708162670431E+034         -2.5458450111685557E+039          0.0000000000000000E+000          0.0000000000000000E+000                                1                                2          1.4642654482291337E-007          1.5322998860834672E-007          1.9585868606709153E-001          3.6542619860104103E-001          1.0000000000000000E+000          3.8990321560838914E-001          1.0974642606673142E+053         -1.7963341607246691E+014 
                             360          4.0416906934158585E+004          4.7457159407332779E+002          3.6087377795289768E+002          1.0992155313215903E+001          2.7479574665412525E+001          1.6595527662636127E+002          1.0936457135395277E+002         -2.8263342868200386E-001         -1.0000000000000000E+000          1.9999420775851888E+000          8.0000051681739026E-001         -2.6307011748638910E+001         -1.0806166976506121E+001         -1.1514215293383170E+001         -9.8999999999999986E+001         -9.8999999999999986E+001         -1.0900836755993083E+001         -9.8999999999999986E+001          8.0000000000000004E-001          1.9586267568697735E-001          1.0974468943317774E+053         -6.7884961670401068E+039          0.0000000000000000E+000         -7.6442628472037089E+026         -2.7943943488486252E+034         -6.7884682230958542E+039          0.0000000000000000E+000          0.0000000000000000E+000                                1                                2          1.3858613667871904E-007          1.5323726298543237E-007          1.9586267569027044E-001          3.6542856811886115E-001          1.0000000000000000E+000          3.8989755210332033E-001          1.0974468943317774E+053         -1.9283534976064709E+014 
                             370          4.0428378173417586E+004          4.7452570788051867E+002          3.6085051571609063E+002          1.0992509613075544E+001          2.7480460385017352E+001          1.6594457900079087E+002          1.0935752162272715E+002         -2.6300136340336699E-001         -1.0000000000000000E+000          1.9999420773985772E+000          8.0000051685394113E-001         -2.3737530726407080E+001         -1.0774328086671133E+001         -1.1482357942249633E+001         -9.8999999999999986E+001         -9.8999999999999986E+001         -1.0869002362871285E+001         -9.8999999999999986E+001          8.0000000000000004E-001          1.9587100173378499E-001          1.0974115225494378E+053         -1.2468405106024087E+040          0.0000000000000000E+000         -7.6458850751468749E+026         -3.0068710174533669E+034         -1.2468375037313147E+040          0.0000000000000000E+000          0.0000000000000000E+000                                1                                2          1.3146149777906836E-007          1.5325208088566019E-007          1.9587100173731384E-001          3.6543351277264169E-001          1.0000000000000000E+000          3.8988573323375103E-001          1.0974115225494378E+053         -2.0751237502618956E+014 
                             380          4.0440058660686831E+004          4.7444663341228005E+002          3.6081042676024970E+002          1.0993120275339349E+001          2.7481986991280845E+001          1.6592614325973338E+002          1.0934537247201520E+002         -2.4268843692855052E-001         -1.0000000000000000E+000          1.9999420771936076E+000          8.0000051689409024E-001         -2.1310991941260109E+001         -1.0740591777106731E+001         -1.1448589442623231E+001         -9.8999999999999986E+001         -9.8999999999999986E+001         -1.0835273894576911E+001         -9.8999999999999986E+001          8.0000000000000004E-001          1.9588552030039477E-001          1.0973505619574221E+053         -2.0194536740174000E+040          0.0000000000000000E+000         -7.6487145602063368E+026         -3.2496048746641977E+034         -2.0194504244124489E+040          0.0000000000000000E+000          0.0000000000000000E+000                                1                                2          1.2472667961908296E-007          1.5327762290861718E-007          1.9588552028810904E-001          3.6544213399978492E-001          1.0000000000000000E+000          3.8986512565187842E-001          1.0973505619574221E+053         -2.2429133742984553E+014 
                             390          4.0451968040022883E+004          4.7432153285880912E+002          3.6074699908075115E+002          1.0994086656435623E+001          2.7484402867855881E+001          1.6589697472299576E+002          1.0932615040688668E+002         -2.2174522465677576E-001         -1.0000000000000000E+000          1.9999420769671932E+000          8.0000051693844410E-001         -1.9030919643659747E+001         -1.0704999872348287E+001         -1.1412946275551104E+001         -9.8999999999999986E+001         -9.8999999999999986E+001         -1.0799694478947892E+001         -9.8999999999999986E+001          8.0000000000000004E-001          1.9590864317683074E-001          1.0972541048240676E+053         -3.0545741990204330E+040          0.0000000000000000E+000         -7.6532222596503021E+026         -3.5268722892264362E+034         -3.0545706721480671E+040          0.0000000000000000E+000          0.0000000000000000E+000                                1                                2          1.1841378683546695E-007          1.5331804931587938E-007          1.9590864032900668E-001          3.6545586025246951E-001          1.0000000000000000E+000          3.8983231335985796E-001          1.0972541048240676E+053         -2.4347572031346003E+014 
                             400          4.0463936080215106E+004          4.7413703879263466E+002          3.6065344790985250E+002          1.0995512462509778E+001          2.7487967272438649E+001          1.6585395327470459E+002          1.0929779927013287E+002         -2.0057419521572786E-001         -1.0000000000000000E+000          1.9999420767198044E+000          8.0000051698691421E-001         -1.6917696818677971E+001         -1.0667964868909262E+001         -1.1375834028640195E+001         -9.8999999999999986E+001         -9.8999999999999986E+001         -1.0762678357448006E+001         -9.8999999999999986E+001          8.0000000000000004E-001          1.9594349052172449E-001          1.0971118221659112E+053         -4.4038170401802049E+040          0.0000000000000000E+000         -7.6599550287718424E+026         -3.8403945557758018E+034         -4.4038131997855721E+040          0.0000000000000000E+000          0.0000000000000000E+000                                1                                2          1.1258121523396300E-007          1.5337770774376397E-007          1.9594315063046838E-001          3.6547634293181369E-001          1.0000000000000000E+000          3.8978334552415705E-001          1.0971118221659112E+053         -2.6519596804475488E+014 
                             410          4.0474874479604019E+004          4.7390293286036035E+002          3.6053472264648701E+002          1.0997322743646986E+001          2.7492492836255707E+001          1.6579935499895436E+002          1.0926181900093644E+002         -1.8121615416857004E-001         -1.0000000000000000E+000          1.9999420764742346E+000          8.0000051703503949E-001         -1.4976301653085290E+001         -1.0633194995194984E+001         -1.1340905928723545E+001         -9.8999999999999986E+001         -9.8999999999999986E+001         -1.0727951893414113E+001         -9.8999999999999986E+001          8.0000000000000004E-001          1.9601489148140799E-001          1.0969312254822855E+053         -5.9561988375820206E+040          0.0000000000000000E+000         -7.6686109502329611E+026         -4.1598727985803051E+034         -5.9561946777091457E+040          0.0000000000000000E+000          0.0000000000000000E+000                                1                                2          1.0770726120000841E-007          1.5345347564636951E-007          1.9598747957680232E-001          3.6550264284458783E-001          1.0000000000000000E+000          3.8972046270655358E-001          1.0969312254822855E+053         -2.8735288772704419E+014 
                             420          4.0484965639153153E+004          4.7361908875023971E+002          3.6039074677464180E+002          1.0999519237027712E+001          2.7497983902105709E+001          1.6573314470824661E+002          1.0921818641076675E+002         -1.6343169197733118E-001         -1.0000000000000000E+000          1.9999420762294502E+000          8.0000051708308773E-001         -1.3492965692226436E+001         -1.0600381793788889E+001         -1.1306324373421839E+001         -9.8999999999999986E+001         -9.8999999999999986E+001         -1.0695704525813829E+001         -9.8999999999999986E+001          8.0000000000000004E-001          1.9681464915469701E-001          1.0967121794218360E+053         -7.6726162753474851E+040          0.0000000000000000E+000         -7.6791150644417596E+026         -4.4847378628838025E+034         -7.6726117906095456E+040          0.0000000000000000E+000          0.0000000000000000E+000                                1                                2          1.0371349231311994E-007          1.5354544167196762E-007          1.9604121490157697E-001          3.6553450786142250E-001          1.0000000000000000E+000          3.8964426215029935E-001          1.0967121794218360E+053         -3.0960717554343988E+014 
                             430          4.0494965757078135E+004          4.7326171940755415E+002          3.6020943537069621E+002          1.1002287193674965E+001          2.7504903583379086E+001          1.6564976489977835E+002          1.0916323910461138E+002         -1.4595766231594745E-001         -1.0000000000000000E+000          1.9999420759657445E+000          8.0000051713638343E-001         -1.2139318159436570E+001         -1.0557404076813850E+001         -1.1231226189558893E+001         -9.8999999999999986E+001         -9.8999999999999986E+001         -1.0663731235822027E+001         -9.8999999999999986E+001          8.0000000000000004E-001          2.1192289948423274E-001          1.0964362685325358E+053         -9.6642877834556023E+040          0.0000000000000000E+000         -7.6923432371917038E+026         -4.9317448332849346E+034         -9.6642828517106918E+040          0.0000000000000000E+000          0.0000000000000000E+000                                1                                2          1.0022442816829744E-007          1.5366138689067530E-007          1.9610879432659661E-001          3.6557455816853501E-001          1.0000000000000000E+000          3.8954846960336303E-001          1.0964362685325358E+053         -3.3340376470834281E+014 
                             440          4.0504965757193291E+004          4.7281631791089353E+002          3.5998339693958212E+002          1.1005740895638947E+001          2.7513537574860354E+001          1.6554581643935825E+002          1.0909473705549780E+002         -1.2870291931330646E-001         -1.0000000000000000E+000          1.9999420756357655E+000          8.0000051723066390E-001         -1.0895101973682586E+001         -1.0379084081209031E+001         -1.0799049547011085E+001         -9.8999999999999986E+001         -9.8999999999999986E+001         -1.0631808268283761E+001         -9.8999999999999986E+001          8.0000000000000004E-001          3.8021962939615123E-001          1.0960921969919212E+053         -1.1965068998563801E+041          0.0000000000000000E+000         -7.7089040257673630E+026         -7.1231251342740034E+034         -1.1965061875438590E+041          0.0000000000000000E+000          0.0000000000000000E+000                                1                                2          9.7160872200758248E-008          1.5380613868774199E-007          1.9619325639975307E-001          3.6562457588487612E-001          1.0000000000000000E+000          3.8942880877561392E-001          1.0960921969919212E+053         -3.5902616918168862E+014 
                             450          4.0514965757193400E+004          4.7227007839358311E+002          3.5970608692459143E+002          1.1009982443271385E+001          2.7524141094098855E+001          1.6541828964716285E+002          1.0901069692970322E+002         -1.1173013886913508E-001         -1.0000000000000000E+000          1.9999420746146654E+000          8.0000051786495674E-001         -9.7534723438125219E+000         -9.6826562143590973E+000         -9.8319077491683942E+000         -9.8999999999999986E+001         -9.8999999999999986E+001         -1.0600139861560663E+001         -9.8999999999999986E+001          8.0000000000000004E-001          7.0916691348816041E-001          1.0956699335913706E+053         -1.4583201568969891E+041          0.0000000000000000E+000         -7.7293160922650852E+026         -3.2377657538962399E+035         -1.4583169191312274E+041          0.0000000000000000E+000          0.0000000000000000E+000                                1                                2          9.4522911394708102E-008          1.5398403475780840E-007          1.9629714306507212E-001          3.6568603927417859E-001          1.0000000000000000E+000          3.8928172395468635E-001          1.0956699335913706E+053         -3.8643864285201756E+014 
                             460          4.0524965757193400E+004          4.7161032890969415E+002          3.5937100852536611E+002          1.1015114212431369E+001          2.7536969780952671E+001          1.6526419649591128E+002          1.0890915013820830E+002         -9.5093700297562395E-002         -1.0000000000000000E+000          1.9999420658284197E+000          8.0000052469766869E-001         -8.7072488627143017E+000         -8.6998800418791991E+000         -8.8023380045362547E+000         -9.8999999999999986E+001         -9.8999999999999986E+001         -1.0568918060711933E+001         -9.8999999999999986E+001          8.0000000000000004E-001          7.8984529842740880E-001          1.0951594927930120E+053         -1.7524255112186008E+041          0.0000000000000000E+000         -7.7541083658125411E+026         -3.0393336963672901E+036         -1.7523951178816295E+041          0.0000000000000000E+000          0.0000000000000000E+000                                1                                2          9.2308923970363335E-008          1.5419944752812128E-007          1.9642300415761335E-001          3.6576042265378855E-001          1.0000000000000000E+000          3.8910367269136031E-001          1.0951594927930120E+053         -4.1557434929024212E+014 
                             470          4.0534965757193400E+004          4.7082446432990298E+002          3.5897167328269569E+002          1.1021240276081151E+001          2.7552281126071019E+001          1.6508055002383142E+002          1.0878813305599736E+002         -7.8841522628105551E-002         -1.0000000000000000E+000          1.9999419843456889E+000          8.0000058967311916E-001         -7.7494359170752229E+000         -7.7485579399722475E+000         -7.8461300318102545E+000         -9.8999999999999986E+001         -9.8999999999999986E+001         -1.0538351795779599E+001         -9.8999999999999986E+001          8.0000000000000004E-001          7.9878133488376135E-001          1.0945508972615264E+053         -2.0770610533657969E+041          0.0000000000000000E+000         -7.7838299400283057E+026         -2.7085421537614579E+037         -2.0767901991504129E+041          0.0000000000000000E+000          0.0000000000000000E+000                                1                                2          9.0516475083982540E-008          1.5445682558133731E-007          1.9657345639546994E-001          3.6584925768734172E-001          1.0000000000000000E+000          3.8889108049040855E-001          1.0945508972615264E+053         -4.4630199062746081E+014 
                             480          4.0544965757193400E+004          4.6990042165460460E+002          3.5850183416248495E+002          1.1028467273785958E+001          2.7570321471866354E+001          1.6486445399746461E+002          1.0864577307101079E+002         -6.3022617628078759E-002         -1.0000000000000000E+000          1.9999413406926618E+000          8.0000110436969629E-001         -6.8733201765747793E+000         -6.8731949913889485E+000         -6.9701993983216992E+000         -9.8999999999999986E+001         -9.8999999999999986E+001         -1.0508638854659184E+001         -9.8999999999999986E+001          8.0000000000000004E-001          7.9982613885995135E-001          1.0938347396046456E+053         -2.4310310714314319E+041          0.0000000000000000E+000         -7.8190325418112348E+026         -2.0308905427628529E+038         -2.4290001808886613E+041          0.0000000000000000E+000          0.0000000000000000E+000                                1                                2          8.9140884865902942E-008          1.5476055950399631E-007          1.9675123111265261E-001          3.6595436904295381E-001          1.0000000000000000E+000          3.8864051457296511E-001          1.0938347396046456E+053         -4.7844312134849256E+014 
                             490          4.0554965757193400E+004          4.6882388909793769E+002          3.5795404127867084E+002          1.1036951706942741E+001          2.7591354549785070E+001          1.6461233543771328E+002          1.0847994172282937E+002         -4.7662000587287867E-002         -1.0000000000000000E+000          1.9999370552933458E+000          8.0000453244764225E-001         -6.0717058083446220E+000         -6.0716846839015677E+000         -6.1686106204134035E+000         -9.8999999999999986E+001         -9.8999999999999986E+001         -1.0479957235320537E+001         -9.8999999999999986E+001          8.0000000000000004E-001          7.9997066835978436E-001          1.0930012360957764E+053         -2.8193157259339939E+041          0.0000000000000000E+000         -7.8603817180260655E+026         -1.2848471653936534E+039         -2.8064672542800494E+041          0.0000000000000000E+000          0.0000000000000000E+000                                1                                2          8.8176047006928882E-008          1.5511592701974857E-007          1.9696060619342246E-001          3.6607996092270650E-001          1.0000000000000000E+000          3.8834806063193833E-001          1.0930012360957764E+053         -5.1178339879160419E+014 
                             500          4.0564965757193400E+004          4.6756435286069757E+002          3.5731242970617609E+002          1.1047135837479223E+001          2.7615802805735409E+001          1.6431611351731601E+002          1.0828652139487372E+002         -3.2742266680471255E-002         -1.0000000000000000E+000          1.9999126462107999E+000          8.0002405945608679E-001         -5.3360835073930453E+000         -5.3360793691557324E+000         -5.4329925002568897E+000         -9.8999999999999986E+001         -9.8999999999999986E+001         -1.0452449796784201E+001         -9.8999999999999986E+001          8.0000000000000004E-001          7.9999425628086540E-001          1.0920355049473699E+053         -3.2741255923521212E+041          0.0000000000000000E+000         -7.9092206438649773E+026         -6.9834569644723419E+039         -3.2042910227073898E+041          0.0000000000000000E+000          0.0000000000000000E+000                                1                                2          8.7613418197191784E-008          1.5553378208046718E-007          1.9721463017218427E-001          3.6624308768669006E-001          1.0000000000000000E+000          3.8800610669932384E-001          1.0920355049473699E+053         -5.4611762343119469E+014 
                             510          4.0574965757193400E+004          4.6600969723161523E+002          3.5651890908751045E+002          1.1060821449557585E+001          2.7644951451323241E+001          1.6394539097362025E+002          1.0805114653847454E+002         -1.8083694133043369E-002         -1.0000000000000000E+000          1.9997905602774855E+000          8.0012172792878011E-001         -4.6518160686564540E+000         -4.6518151587896881E+000         -4.7487258569752102E+000         -9.8999999999999986E+001         -9.8999999999999986E+001         -1.0426208375852388E+001         -9.8999999999999986E+001          8.0000000000000004E-001          7.9999873785746067E-001          1.0908935612506018E+053         -3.9627963449111981E+041          0.0000000000000000E+000         -7.9702233735011138E+026         -3.3718033540856683E+040         -3.6256160095026230E+041          0.0000000000000000E+000          0.0000000000000000E+000                                1                                2          8.7447515576647184E-008          1.5605265855720213E-007          1.9756777016490429E-001          3.6652028667117331E-001          1.0000000000000000E+000          3.8758814330598551E-001          1.0908935612506018E+053         -5.8139869801673875E+014 
                             520          4.0584965757193400E+004          4.6367368045207371E+002          3.5532160140208589E+002          1.1086045257121537E+001          2.7684088140673445E+001          1.6336751947561550E+002          1.0771227470176073E+002         -2.7572959156018065E-003         -1.0000000000000000E+000          1.9992149865090454E+000          8.0058218665300618E-001         -3.9746905771416121E+000         -3.9746903742170439E+000         -4.0716005398709303E+000         -9.8999999999999986E+001         -9.8999999999999986E+001         -1.0401083003838400E+001         -9.8999999999999986E+001          8.0000000000000004E-001          7.9999971881603915E-001          1.0893957342571838E+053         -5.6946319759026443E+041          0.0000000000000000E+000         -8.0633615510319561E+026         -1.6006220006378477E+041         -4.0940099752647881E+041          0.0000000000000000E+000          0.0000000000000000E+000                                1                                2          8.7684769985913809E-008          1.5683886153625901E-007          1.9826385756146250E-001          3.6725967096657780E-001          1.0000000000000000E+000          3.8698151677835946E-001          1.0893957342571838E+053         -6.1858792091406675E+014 
                             530          4.0594728253554837E+004          4.5695284297965389E+002          3.5184817663625353E+002          1.1184040978589277E+001          2.7771752098149076E+001          1.6159398631376766E+002          1.0681466878686928E+002          2.0381008950120318E-002         -1.0000000000000000E+000          1.9954507083658666E+000          8.0359360886727216E-001         -3.0903593140521126E+000         -3.0903592858285269E+000         -3.1872693199734665E+000         -9.8999999999999986E+001         -9.8999999999999986E+001         -1.0374915726255884E+001         -9.8999999999999986E+001          8.0000000000000004E-001          7.9999996106442328E-001          1.0862329495381794E+053         -1.7094029802120985E+042          0.0000000000000000E+000         -8.3413895161500735E+026         -1.2208532232877652E+042         -4.8854975692433244E+041          0.0000000000000000E+000          0.0000000000000000E+000                                1                                2          8.8413319148552431E-008          1.5914563895090677E-007          2.0117539357200565E-001          3.7114358321207730E-001          1.0000000000000000E+000          3.8534580290696729E-001          1.0862329495381794E+053         -6.6802468355268050E+014 
                             540          4.0599171328911121E+004          4.4850290591299603E+002          3.4744893632199131E+002          1.1322210858025961E+001          2.7871271682048775E+001          1.5930450398535405E+002          1.0571606921949059E+002          4.2068255122998541E-002         -1.0000000000000000E+000          1.9896285078969556E+000          8.0825136909910011E-001         -2.7263153115674821E+000         -2.7263152988097690E+000         -2.8232253212996583E+000         -9.8999999999999986E+001         -9.8999999999999986E+001         -1.0358189784879121E+001         -9.8999999999999986E+001          8.0000000000000004E-001          7.9999998253381865E-001          1.0827348953559050E+053         -3.3725972911688070E+042          0.0000000000000000E+000         -8.7779902040372495E+026         -2.8041292566144713E+042         -5.6846803455433508E+041          0.0000000000000000E+000          0.0000000000000000E+000                                1                                2          8.9088582526597991E-008          1.6214399328894777E-007          2.0566848856825673E-001          3.7716635785074498E-001          9.6888839262134607E-001          3.8293224090691808E-001          1.0827348953559050E+053         -7.1403642359162162E+014 
                             550          4.0601296619397755E+004          4.4148464186654468E+002          3.4377228265906467E+002          1.1443158071601522E+001          2.7952048942276342E+001          1.5738222257372504E+002          1.0480593978705561E+002          5.9321412952101638E-002         -1.0000000000000000E+000          1.9844413241457335E+000          8.1240111602954856E-001         -2.5199007071266579E+000         -2.5199006989636907E+000         -2.6168107179982556E+000         -9.8999999999999986E+001         -9.8999999999999986E+001         -1.0347869493898006E+001         -9.8999999999999986E+001          8.0000000000000004E-001          7.9999998889876112E-001          1.0798984827846524E+053         -5.1075745762863182E+042          0.0000000000000000E+000         -9.1584919919477207E+026         -4.4853938938995920E+042         -6.2218068238672538E+041          0.0000000000000000E+000          0.0000000000000000E+000                                1                                2          8.9589290644616136E-008          1.6472158999454699E-007          2.0961747958060503E-001          3.8252490567816921E-001          9.2017092256505517E-001          3.8095261292680938E-001          1.0798984827846524E+053         -7.4903372909658588E+014 
                             560          4.0602647933240041E+004          4.3495957122520139E+002          3.4033576627995404E+002          1.1559884556876705E+001          2.8026590250781187E+001          1.5558220141640948E+002          1.0395835810255976E+002          7.5585926235644738E-002         -1.0000000000000000E+000          1.9794067862903497E+000          8.1642874626809014E-001         -2.3496549975448344E+000         -2.3496549918879261E+000         -2.4465650090452122E+000         -9.8999999999999986E+001         -9.8999999999999986E+001         -1.0339004588427077E+001         -9.8999999999999986E+001          8.0000000000000004E-001          7.9999999235683628E-001          1.0772687396918817E+053         -7.2804585962566764E+042          0.0000000000000000E+000         -9.5311735650996655E+026         -6.6036032667134142E+042         -6.7685532954326087E+041          0.0000000000000000E+000          0.0000000000000000E+000                                1                                2          9.0001163843928276E-008          1.6719267025573367E-007          2.1345554437414108E-001          3.8775132062244716E-001          8.7722128020886903E-001          3.7910718667208826E-001          1.0772687396918817E+053         -7.8227840539427150E+014 
                             570          4.0603588959862907E+004          4.2877572180548469E+002          3.3706268043556918E+002          1.1674111716965795E+001          2.8097080744490231E+001          1.5386628750856528E+002          1.0315259575203633E+002          9.1482122791651202E-002         -1.0000000000000000E+000          1.9744714192445505E+000          8.2037703987226429E-001         -2.2149939584113265E+000         -2.2149939541588854E+000         -2.3119039702658566E+000         -9.8999999999999986E+001         -9.8999999999999986E+001         -1.0330383596778828E+001         -9.8999999999999986E+001          8.0000000000000004E-001          7.9999999429158819E-001          1.0747644195085078E+053         -9.6944817189048012E+042          0.0000000000000000E+000         -9.9048789015754207E+026         -8.9589627181925307E+042         -7.3551900071226912E+041          0.0000000000000000E+000          0.0000000000000000E+000                                1                                2          9.0354381505183521E-008          1.6960394086729790E-007          2.1724617035964408E-001          3.9291292433368114E-001          8.3847189410090717E-001          3.7733847578110652E-001          1.0747644195085078E+053         -8.1609600287622038E+014 
                             580          4.0604282794211853E+004          4.2284771765861490E+002          3.3390998314465969E+002          1.1786861787097042E+001          2.8164679822544223E+001          1.5221283290631024E+002          1.0237723104882124E+002          1.0730202284550094E-001         -1.0000000000000000E+000          1.9696004445361026E+000          8.2427381961464108E-001         -2.0990380280912446E+000         -2.0990380247513953E+000         -2.1959480401775862E+000         -9.8999999999999986E+001         -9.8999999999999986E+001         -1.0321435407782568E+001         -9.8999999999999986E+001          8.0000000000000004E-001          7.9999999554563239E-001          1.0723428045499712E+053         -1.2444630918945885E+043          0.0000000000000000E+000         -1.0281921015754051E+027         -1.1643705450189040E+043         -8.0092546875684538E+041          0.0000000000000000E+000          0.0000000000000000E+000                                1                                2          9.0667981665519437E-008          1.7198165942364712E-007          2.2101552681508449E-001          3.9804516681666408E-001          8.0402761420926061E-001          3.7562980988116013E-001          1.0723428045499712E+053         -8.5165999841659988E+014 
                             590          4.0604811346987779E+004          4.1711788970474078E+002          3.3084850237437649E+002          1.1898897183492638E+001          2.8230116518692920E+001          1.5060697076386538E+002          1.0162469536305127E+002          1.2350425860008153E-001         -1.0000000000000000E+000          1.9647653878987557E+000          8.2814186490558528E-001         -1.9836446643303718E+000         -1.9836446617032146E+000         -2.0805546766010261E+000         -9.8999999999999986E+001         -9.8999999999999986E+001         -1.0312387693996834E+001         -9.8999999999999986E+001          8.0000000000000004E-001          7.9999999651894205E-001          1.0699771360572755E+053         -1.5988777998438520E+043          0.0000000000000000E+000         -1.0664635880369773E+027         -1.5114971943513802E+043         -8.7380605492471748E+041          0.0000000000000000E+000          0.0000000000000000E+000                                1                                2          9.0948068945029203E-008          1.7434412179709462E-007          2.2478654138021553E-001          4.0317830776887620E-001          7.7275190477255828E-001          3.7396690120139325E-001          1.0699771360572755E+053         -8.8872470889475338E+014 
                             600          4.0605224242892989E+004          4.1158160907281297E+002          3.2787700062843959E+002          1.2010044283761305E+001          2.8293489098602734E+001          1.4904835015035920E+002          1.0089441041599846E+002          1.3980827257196396E-001         -1.0000000000000000E+000          1.9599768967197433E+000          8.3197265783369456E-001         -1.8881941061914085E+000         -1.8881941040210701E+000         -1.9851041185800560E+000         -9.8999999999999986E+001         -9.8999999999999986E+001         -1.0302012562201362E+001         -9.8999999999999986E+001          8.0000000000000004E-001          7.9999999714308256E-001          1.0676635794714573E+053         -1.9701229081147740E+043          0.0000000000000000E+000         -1.1053722281741804E+027         -1.8742167085280060E+043         -9.5906199586768073E+041          0.0000000000000000E+000          0.0000000000000000E+000                                1                                2          9.1206043258679548E-008          1.7668926541750588E-007          2.2855690008817686E-001          4.0830414245094271E-001          7.4536408965634182E-001          3.7234370399551164E-001          1.0676635794714573E+053         -9.3001727359023562E+014 
                             610          4.0605555051905249E+004          4.0621694899023839E+002          3.2498482298704386E+002          1.2120520766324953E+001          2.8355067449003442E+001          1.4753156356013520E+002          1.0018358705591847E+002          1.5664506086379076E-001         -1.0000000000000000E+000          1.9552275253723819E+000          8.3577215489921175E-001         -1.8009922892480608E+000         -1.8009922874178523E+000         -1.8979023017251448E+000         -9.8999999999999986E+001         -9.8999999999999986E+001         -1.0290967213644816E+001         -9.8999999999999986E+001          8.0000000000000004E-001          7.9999999760671858E-001          1.0653923544425794E+053         -2.3861251452037000E+043          0.0000000000000000E+000         -1.1449494081816131E+027         -2.2804436379741939E+043         -1.0568150722950621E+042          0.0000000000000000E+000          0.0000000000000000E+000                                1                                2          9.1440356342327464E-008          1.7902269303927530E-007          2.3233114164206173E-001          4.1342965428140876E-001          7.2050616298209602E-001          3.7075713390271464E-001          1.0653923544425794E+053         -9.7451176612222975E+014 
                             620          4.0605824959739904E+004          4.0100023011926965E+002          3.2216013705842903E+002          1.2230641178661818E+001          2.8415124464083668E+001          1.4605050664830168E+002          9.9489218915782985E+001          1.7428966554785802E-001         -1.0000000000000000E+000          1.9505048841506605E+000          8.3955026786624276E-001         -1.7154400243542729E+000         -1.7154400228009326E+000         -1.8123500369043375E+000         -9.8999999999999986E+001         -9.8999999999999986E+001         -1.0278793060470692E+001         -9.8999999999999986E+001          8.0000000000000004E-001          7.9999999798229360E-001          1.0631535221086232E+053         -2.8816602197752501E+043          0.0000000000000000E+000         -1.1852427351943313E+027         -2.7644035835768873E+043         -1.1725663619836265E+042          0.0000000000000000E+000          0.0000000000000000E+000                                1                                2          9.1660057564553226E-008          1.8135164696738615E-007          2.3611685025040433E-001          4.1856686909564933E-001          6.9864577859254062E-001          3.6920396340441153E-001          1.0631535221086232E+053         -1.0235883545813010E+015 
                             630          4.0606047666859980E+004          3.9593659790709324E+002          3.1940659158228056E+002          1.2340137982540950E+001          2.8473598545118229E+001          1.4460716781304666E+002          9.8812127780660276E+001          1.9176017565640030E-001         -1.0000000000000000E+000          1.9458213213542179E+000          8.4329711809461394E-001         -1.6467822170895698E+000         -1.6467822157165155E+000         -1.7436922296862734E+000         -9.8999999999999986E+001         -9.8999999999999986E+001         -1.0265877660715701E+001         -9.8999999999999986E+001          8.0000000000000004E-001          7.9999999822848045E-001          1.0609496206046121E+053         -3.3537249852213357E+043          0.0000000000000000E+000         -1.2263353715880501E+027         -3.2234141265798715E+043         -1.3031085864146407E+042          0.0000000000000000E+000          0.0000000000000000E+000                                1                                2          9.1859291896477886E-008          1.8367095275060851E-007          2.3991065234672071E-001          4.2370569279994885E-001          6.7912300348883659E-001          3.6767917825404356E-001          1.0609496206046121E+053         -1.0768119755744145E+015 
                             640          4.0606234783942673E+004          3.9097955144653849E+002          3.1669961068567420E+002          1.2449897062497882E+001          2.8531014525229644E+001          1.4318869788614927E+002          9.8146234432586965E+001          2.1171390141611279E-001         -1.0000000000000000E+000          1.9411394165613387E+000          8.4704264192131262E-001         -1.5650986571666914E+000         -1.5650986559813169E+000         -1.6620086698139673E+000         -9.8999999999999986E+001         -9.8999999999999986E+001         -1.0250211587223340E+001         -9.8999999999999986E+001          8.0000000000000004E-001          7.9999999848104186E-001          1.0587609922196585E+053         -4.0208945087179955E+043          0.0000000000000000E+000         -1.2682973843218589E+027         -3.8732886156035462E+043         -1.4760589311444945E+042          0.0000000000000000E+000          0.0000000000000000E+000                                1                                2          9.2054405225669216E-008          1.8599963066450603E-007          2.4373331551184163E-001          4.2888212262376124E-001          6.6402304602757301E-001          3.6618037055978769E-001          1.0587609922196585E+053         -1.1398609486859625E+015 
                             650          4.0606392248945711E+004          3.8615767530796148E+002          3.1405545765448221E+002          1.2559169125347568E+001          2.8587037519148971E+001          1.4180366880903100E+002          9.7495488711881436E+001          2.3168244408149993E-001         -1.0000000000000000E+000          1.9364918290694577E+000          8.5076071190817815E-001         -1.4972454826366515E+000         -1.4972454815769651E+000         -1.5941554953171055E+000         -9.8999999999999986E+001         -9.8999999999999986E+001         -1.0233242138377580E+001         -9.8999999999999986E+001          8.0000000000000004E-001          7.9999999865145122E-001          1.0566005595550105E+053         -4.6764654493071908E+043          0.0000000000000000E+000         -1.3110943780895210E+027         -4.5085570445477105E+043         -1.6790840475948078E+042          0.0000000000000000E+000          0.0000000000000000E+000                                1                                2          9.2231060242124652E-008          1.8832217204652069E-007          2.4756694557566242E-001          4.3406474922483518E-001          6.5140314939607857E-001          3.6470725548096544E-001          1.0566005595550105E+053         -1.2100662103317900E+015 
                             660          4.0606526971701838E+004          3.8144986875467458E+002          3.1146324091477038E+002          1.2668306895731236E+001          2.8641908339167681E+001          1.4044641566940652E+002          9.6857167205569198E+001          2.5304396049513095E-001         -1.0000000000000000E+000          1.9318641175000744E+000          8.5446288115776825E-001         -1.4327297173908304E+000         -1.4327297164305017E+000         -1.5296397300973759E+000         -9.8999999999999986E+001         -9.8999999999999986E+001         -1.0213712811568818E+001         -9.8999999999999986E+001          8.0000000000000004E-001          7.9999999878641315E-001          1.0544594027159046E+053         -5.4019089815058698E+043          0.0000000000000000E+000         -1.3547965823426386E+027         -5.2080934932893483E+043         -1.9381548821652144E+042          0.0000000000000000E+000          0.0000000000000000E+000                                1                                2          9.2397464437937731E-008          1.9064642073111004E-007          2.5142082668106291E-001          4.3926817182712108E-001          6.4504905352601827E-001          3.6325707193360207E-001          1.0544594027159046E+053         -1.2920551441855262E+015 
                             670          4.0606642859818552E+004          3.7686068562495797E+002          3.0892608879228982E+002          1.2777092724842586E+001          2.8695566321738408E+001          1.3911859963808101E+002          9.6232012854620450E+001          2.7598913413350229E-001         -1.0000000000000000E+000          1.9272658980420201E+000          8.5814145671888264E-001         -1.3724134687371765E+000         -1.3724134678563917E+000         -1.4693234814644442E+000         -9.8999999999999986E+001         -9.8999999999999986E+001         -1.0193192106463240E+001         -9.8999999999999986E+001          8.0000000000000004E-001          7.9999999889476647E-001          1.0523402535271635E+053         -6.1836034551978768E+043          0.0000000000000000E+000         -1.3992833553261451E+027         -5.9586254622110482E+043         -2.2497799298682887E+042          0.0000000000000000E+000          0.0000000000000000E+000                                1                                2          9.2557374398353010E-008          1.9296799836213616E-007          2.5528556867239433E-001          4.4448078070959823E-001          6.3718626671152345E-001          3.6183328141470594E-001          1.0523402535271635E+053         -1.3825280183828920E+015 
                             680          4.0606743704165950E+004          3.7236299911491545E+002          3.0642955348825001E+002          1.2886066236787373E+001          2.8748328746165388E+001          1.3781269958679829E+002          9.5616424007613460E+001          3.0012449978140171E-001         -1.0000000000000000E+000          1.9226749950796225E+000          8.6181417908390856E-001         -1.3165131992804429E+000         -1.3165131984515195E+000         -1.4134232120202028E+000         -9.8999999999999986E+001         -9.8999999999999986E+001         -1.0165926733546547E+001         -9.8999999999999986E+001          8.0000000000000004E-001          7.9999999896728691E-001          1.0502309185485619E+053         -7.0174523802363535E+043          0.0000000000000000E+000         -1.4448992170459931E+027         -6.7485215484579652E+043         -2.6893083177838786E+042          0.0000000000000000E+000          0.0000000000000000E+000                                1                                2          9.2707462146642903E-008          1.9529881416597877E-007          2.5918366644033997E-001          4.4972971855203075E-001          6.3712360726921591E-001          3.6042422765257787E-001          1.0502309185485619E+053         -1.5024817242720265E+015 
                             690          4.0606832491639972E+004          3.6797436520069249E+002          3.0398390110252154E+002          1.2994698173669253E+001          2.8799995700823562E+001          1.3653413630484005E+002          9.5012880932730155E+001          3.2572209025106397E-001         -1.0000000000000000E+000          1.9181144848286449E+000          8.6546258728012837E-001         -1.2634950284965789E+000         -1.2634950277101815E+000         -1.3604050412462652E+000         -9.8999999999999986E+001         -9.8999999999999986E+001         -1.0138075014096209E+001         -9.8999999999999986E+001          8.0000000000000004E-001          7.9999999902733776E-001          1.0481398171328097E+053         -7.9160367021363425E+043          0.0000000000000000E+000         -1.4912854949263570E+027         -7.5930227628644653E+043         -3.2301393927187669E+042          0.0000000000000000E+000          0.0000000000000000E+000                                1                                2          9.2870345629734617E-008          1.9762803891724344E-007          2.6309090327331053E-001          4.5498621113016596E-001          6.3848099020717908E-001          3.5904108838379595E-001          1.0481398171328097E+053         -1.6347633592539580E+015 
                             700          4.0606910921180992E+004          3.6367961666990556E+002          3.0158121045194986E+002          1.3103253201781278E+001          2.8850754018944684E+001          1.3527881855262549E+002          9.4419377982934790E+001          3.5198486493798831E-001         -1.0000000000000000E+000          1.9135740194695465E+000          8.6909495956310456E-001         -1.2158914998659136E+000         -1.2158914991083953E+000         -1.3128015126213675E+000         -9.8999999999999986E+001         -9.8999999999999986E+001         -1.0109041495441026E+001         -9.8999999999999986E+001          8.0000000000000004E-001          7.9999999906991071E-001          1.0460599936034781E+053         -8.8283143082012249E+043          0.0000000000000000E+000         -1.5386899132052877E+027         -8.4376531337421881E+043         -3.9066117445903660E+042          0.0000000000000000E+000          0.0000000000000000E+000                                1                                2          9.3041739247103836E-008          1.9996185882596961E-007          2.6702028105111630E-001          4.6026419176187883E-001          6.4231307259202597E-001          3.5767558259728582E-001          1.0460599936034781E+053         -1.7834195780771258E+015 
                             710          4.0606981152016539E+004          3.5948748902433942E+002          2.9922688115200435E+002          1.3211397875613208E+001          2.8900513596743735E+001          1.3404962414883786E+002          9.3837191920750968E+001          3.7793637754138359E-001         -1.0000000000000000E+000          1.9090684072891688E+000          8.7269944930328702E-001         -1.1777472650894185E+000         -1.1777472643462688E+000         -1.2746572778460057E+000         -9.8999999999999986E+001         -9.8999999999999986E+001         -1.0081552775660828E+001         -9.8999999999999986E+001          8.0000000000000004E-001          7.9999999909429109E-001          1.0439958741198477E+053         -9.6429241245076262E+043          0.0000000000000000E+000         -1.5869464305972752E+027         -9.1746811643313856E+043         -4.6824296017624143E+042          0.0000000000000000E+000          0.0000000000000000E+000                                1                                2          9.3240876334918820E-008          2.0229369418056905E-007          2.7095811999012831E-001          4.6554583245960612E-001          6.4543953654029884E-001          3.5633217059606687E-001          1.0439958741198477E+053         -1.9384086909374558E+015 
                             720          4.0607044620883426E+004          3.5535204474773269E+002          2.9689550680010564E+002          1.3320231966620536E+001          2.8949834966064682E+001          1.3283334772510881E+002          9.3259982272907280E+001          4.0761958028639111E-001         -1.0000000000000000E+000          1.9045528222627570E+000          8.7631191732041513E-001         -1.1289653672816344E+000         -1.1289653665568287E+000         -1.2258753800408229E+000         -9.8999999999999986E+001         -9.8999999999999986E+001         -1.0046002172497293E+001         -9.8999999999999986E+001          8.0000000000000004E-001          7.9999999912328990E-001          1.0419247368421548E+053         -1.0809462978965112E+044          0.0000000000000000E+000         -1.6364874005521390E+027         -1.0223601559266153E+044         -5.8586141969895909E+042          0.0000000000000000E+000          0.0000000000000000E+000                                1                                2          9.3465465963086615E-008          2.0464790688922691E-007          2.7494169083161080E-001          4.7088279443086256E-001          6.5898506477893415E-001          3.5499896714683798E-001          1.0419247368421548E+053         -2.1464009266206822E+015 
                             730          4.0607091251598635E+004          3.5209285721182732E+002          2.9505183333740069E+002          1.3407537008498327E+001          2.8988887495921148E+001          1.3187222254980858E+002          9.2802972701085721E+001          4.3447007859076670E-001         -1.0000000000000000E+000          1.9009446324118213E+000          8.7919846919802858E-001         -1.0972707711379417E+000         -1.0972707704102649E+000         -1.1941807838928646E+000         -9.8999999999999986E+001         -9.8999999999999986E+001         -1.0014755106745660E+001         -9.8999999999999986E+001          8.0000000000000004E-001          7.9999999912585873E-001          1.0402667162456135E+053         -1.1666663902244185E+044          0.0000000000000000E+000         -1.6818174340806913E+027         -1.0957799145732534E+044         -7.0886475651165186E+042          0.0000000000000000E+000          0.0000000000000000E+000                                1                                2          9.3719412078182020E-008          2.0654225349047368E-007          2.7829602443196988E-001          4.7525108337030325E-001          6.6718528019497725E-001          3.5380553926431890E-001          1.0402667162456135E+053         -2.3484759553044045E+015 
                             731          4.0607091338456557E+004          3.5208661438967948E+002          2.9504829657215424E+002          1.3407705417067609E+001          2.8988962603348234E+001          1.3187037981811429E+002          9.2802095177421208E+001          4.3695551494046503E-001         -1.0000000000000000E+000          1.9009376895473857E+000          8.7920402348957094E-001         -1.0972707711379417E+000         -1.0972707703976154E+000         -1.1941807838853955E+000         -9.8999999999999986E+001         -9.8999999999999986E+001         -1.0007274202563970E+001         -9.8999999999999986E+001          8.0000000000000004E-001          7.9999999911631603E-001          1.0402635136120251E+053         -1.1684061418155373E+044          0.0000000000000000E+000         -1.6818964868053156E+027         -1.0957730784068929E+044         -7.2633063408644584E+042          0.0000000000000000E+000          0.0000000000000000E+000                                1                                2          9.3675522667022152E-008          2.0654591567614578E-007          2.7830223439858653E-001          4.7525938195011741E-001          6.7044186224375102E-001          3.5380350869906130E-001          1.0402635136120251E+053         -2.4177715098652360E+015 
