# Initial abundances
# El  Z   log e(X)   [X/H]    [X/Fe]     [X/O]      X(i)
  p   1  12.000000  0.000000  0.000000  0.000000 7.54993E-01
 he   2  10.921445 -0.008555  1.176951  1.176945 2.50215E-01
 li   3   2.040213 -1.219787 -0.034281 -0.034287 5.70319E-10
 be   4   0.000000 -1.300000  0.000000  0.000000 0.00000E+00
  b   5   0.000000 -2.790000  0.000000  0.000000 0.00000E+00
  c   6   7.284689 -1.185311  0.000195  0.000189 1.73281E-04
  n   7   6.684474 -1.185525 -0.000019 -0.000025 5.07344E-05
  o   8   7.544499 -1.185500  0.000006  0.000000 4.19831E-04
  f   9   3.234510 -1.185490  0.000017  0.000010 2.44175E-08
 ne  10   6.784502 -1.185498  0.000009  0.000002 9.20250E-05
 na  11   5.054493 -1.185506  0.000000 -0.000006 1.95216E-06
 mg  12   6.454494 -1.185505  0.000001 -0.000005 5.18409E-05
 al  13   5.264493 -1.185506  0.000000 -0.000006 3.71578E-06
 si  14   6.364496 -1.185504  0.000002 -0.000004 4.86932E-05
  p  15   4.224507 -1.185493  0.000013  0.000007 3.89033E-07
  s  16   5.974492 -1.175508  0.009998  0.009992 2.26467E-05
 cl  17   4.044501 -1.185499  0.000008  0.000001 2.94196E-07
 ar  18   5.254495 -1.185505  0.000001 -0.000005 5.37617E-06
  k  19   3.893926 -1.186074 -0.000568 -0.000574 2.29384E-07
 ca  20   5.104494 -1.185506  0.000000 -0.000006 3.81841E-06
 sc  21   1.864498 -1.185502  0.000005 -0.000002 2.46473E-09
 ti  22   3.724504 -1.185496  0.000010  0.000004 1.90117E-07
  v  23   2.773416 -1.186584 -0.001078 -0.001084 2.26451E-08
 cr  24   4.435211 -1.204789 -0.019283 -0.019289 1.06087E-06
 mn  25   4.294506 -1.185494  0.000012  0.000006 8.10702E-07
 fe  26   6.354494 -1.185506  0.000000 -0.000006 9.46151E-05
 co  27   3.684498 -1.185502  0.000004 -0.000002 2.13471E-07
 ni  28   5.014499 -1.185501  0.000006  0.000000 4.54536E-06
 cu  29   3.064504 -1.185496  0.000010  0.000004 5.52172E-08
 zn  30   3.444505 -1.185495  0.000011  0.000005 1.36340E-07
 ga  31   1.894501 -1.185499  0.000007  0.000001 4.09599E-09
 ge  32   2.360129 -1.219871 -0.034364 -0.034370 1.24677E-08
 as  33   1.114492 -1.185508 -0.000001 -0.000007 7.30439E-10
 se  34   2.110576 -1.229424 -0.043918 -0.043924 7.62896E-09
 br  35   1.354499 -1.185501  0.000005 -0.000001 1.35379E-09
 kr  36   2.062927 -1.187073 -0.001566 -0.001573 7.25510E-09
 rb  37   1.334499 -1.185501  0.000006  0.000000 1.38288E-09
 sr  38   1.692070 -1.187930 -0.002424 -0.002430 3.22966E-09
  y  39   1.024498 -1.185502  0.000004 -0.000002 7.04550E-10
 zr  40   1.344502 -1.185498  0.000009  0.000003 1.51041E-09
 nb  41   0.224507 -1.185493  0.000014  0.000008 1.16690E-10
 mo  42   0.633325 -1.306675 -0.121169 -0.121175 3.08892E-10
 tc  43   0.000000 -9.000000  0.000000  0.000000 0.00000E+00
 ru  44   0.443560 -1.316440 -0.130934 -0.130940 2.10215E-10
 rh  45  -0.125499 -1.185499  0.000008  0.000001 5.77330E-11
 pd  46   0.405316 -1.244684 -0.059177 -0.059183 2.02685E-10
 ag  47   0.014502 -1.185498  0.000008  0.000002 8.35366E-11
 cd  48   0.484784 -1.225216 -0.039710 -0.039716 2.57084E-10
 in  49  -0.444537 -1.204537 -0.019031 -0.019037 3.08998E-11
 sn  50   0.822070 -1.247930 -0.062423 -0.062430 5.90256E-10
 sb  51  -0.418026 -1.428026 -0.242520 -0.242526 3.48307E-11
 te  52   0.527122 -1.652878 -0.467371 -0.467377 3.21704E-10
  i  53   0.364500 -1.185500  0.000006  0.000000 2.20018E-10
 xe  54   1.017418 -1.222582 -0.037076 -0.037082 1.02363E-09
 cs  55  -0.105499 -1.185499  0.000007  0.000001 7.80772E-11
 ba  56   0.993598 -1.186402 -0.000896 -0.000902 1.01353E-09
 la  57  -0.015905 -1.185905 -0.000399 -0.000405 1.00299E-10
 ce  58   0.392595 -1.187405 -0.001898 -0.001905 2.59159E-10
 pr  59  -0.425498 -1.185498  0.000008  0.000002 3.96205E-11
 nd  60   0.239496 -1.210504 -0.024997 -0.025004 1.87527E-10
 pm  61   0.000000 -9.000000  0.000000  0.000000 0.00000E+00
 sm  62  -0.375217 -1.315217 -0.129711 -0.129717 4.74676E-11
 eu  63  -0.675514 -1.185514 -0.000008 -0.000014 2.40275E-11
 gd  64  -0.242631 -1.292631 -0.107125 -0.107131 6.73662E-11
 tb  65  -0.865514 -1.185514 -0.000007 -0.000014 1.62241E-11
 dy  66  -0.056157 -1.186157 -0.000651 -0.000657 1.06950E-10
 ho  67  -0.715497 -1.185497  0.000009  0.000003 2.37840E-11
 er  68  -0.273120 -1.193120 -0.007614 -0.007620 6.67963E-11
 tm  69  -1.065498 -1.185498  0.000008  0.000002 1.08818E-11
 yb  70  -0.326530 -1.246530 -0.061023 -0.061029 6.11083E-11
 lu  71  -1.095501 -1.185501  0.000005 -0.000001 1.05181E-11
 hf  72  -0.476206 -1.186206 -0.000700 -0.000706 4.46571E-11
 ta  73  -1.305553 -1.185553 -0.000047 -0.000053 6.70629E-12
  w  74  -0.536028 -1.186028 -0.000522 -0.000528 4.00770E-11
 re  75  -0.925500 -1.185500  0.000006  0.000000 1.65569E-11
 os  76   0.164417 -1.185583 -0.000076 -0.000083 2.08055E-10
 ir  77   0.134501 -1.185500  0.000007  0.000001 1.96234E-10
 pt  78   0.402156 -1.217844 -0.032338 -0.032344 3.68847E-10
 au  79  -0.385500 -1.185500  0.000006  0.000000 6.07262E-11
 hg  80  -0.047105 -1.217105 -0.031598 -0.031605 1.34799E-10
 tl  81  -0.415503 -1.185503  0.000004 -0.000002 5.88064E-11
 pb  82   0.854504 -1.185496  0.000010  0.000004 1.11013E-09
 bi  83  -0.535496 -1.185496  0.000011  0.000004 4.56134E-11
 po  84   0.000000 -9.000000  0.000000  0.000000 0.00000E+00
#[ls/Fe]_Bisterzo =   0.0000, [hs/Fe]_Bisterzo =  -0.0517
#[hs/ls]_Bisterzo =  -0.0517, [Pb/hs]_Bisterzo =   0.0517
#[ls/Fe]_Thiswork =  -0.0008, [hs/Fe]_Thiswork =  -0.0011
#[hs/ls]_Thiswork =  -0.0003, [Pb/hs]_Thiswork =   0.0011
# He/H =  8.3454E-02, C/O =  5.4978E-01, c12/c13 = 8.94391E+01
# N/O =  1.3803E-01, n14/n15 = 4.47610E+02
# o16/o17 = 2.63226E+03, o16/o18 = 4.98812E+02
# mg24/mg25 =  7.8990E+00, mg24/mg26 =  7.1742E+00
# al26/al27 =  0.0000E+00, mg+al =  2.2706E-06
#
# During TP-AGB
#  TP   Mass     Mcore    Menv    log L
#  1 1.182440 0.536686 0.645751 3.239410
# El  Z   log e(X)   [X/H]    [X/Fe]     [X/O]      X(i)
  p   1  12.000000  0.000000  0.000000  0.000000 7.27841E-01
 he   2  10.981910  0.051909  1.237416  1.237410 2.77250E-01
 li   3   1.607571 -1.652429 -0.466923 -0.466929 2.03034E-10
 be   4   0.000000 -1.300000  0.000000  0.000000 0.00000E+00
  b   5   0.000000 -2.790000  0.000000  0.000000 9.61267E-26
  c   6   7.127156 -1.342844 -0.157338 -0.157344 1.16228E-04
  n   7   7.086083 -0.783916  0.401590  0.401584 1.23312E-04
  o   8   7.553207 -1.176792  0.008714  0.000000 4.12930E-04
  f   9   3.241290 -1.178710  0.006796 -0.001918 2.39097E-08
 ne  10   6.798887 -1.171113  0.014394  0.005680 9.17032E-05
 na  11   5.145157 -1.094842  0.090664  0.081950 2.31885E-06
 mg  12   6.470314 -1.169686  0.015821  0.007106 5.18306E-05
 al  13   5.281755 -1.168244  0.017262  0.008548 3.72740E-06
 si  14   6.380403 -1.169597  0.015909  0.007195 4.86933E-05
  p  15   4.240417 -1.169583  0.015923  0.007209 3.89036E-07
  s  16   5.990399 -1.159601  0.025905  0.017191 2.26468E-05
 cl  17   4.060409 -1.169591  0.015915  0.007201 2.94196E-07
 ar  18   5.270402 -1.169598  0.015909  0.007195 5.37618E-06
  k  19   3.909781 -1.170219  0.015287  0.006573 2.29356E-07
 ca  20   5.120404 -1.169596  0.015911  0.007196 3.81844E-06
 sc  21   1.880405 -1.169595  0.015912  0.007198 2.46473E-09
 ti  22   3.740411 -1.169589  0.015917  0.007203 1.90118E-07
  v  23   2.789322 -1.170678  0.014828  0.006114 2.26451E-08
 cr  24   4.451118 -1.188882 -0.003376 -0.012090 1.06087E-06
 mn  25   4.310413 -1.169587  0.015919  0.007205 8.10703E-07
 fe  26   6.370401 -1.169599  0.000000  0.007193 9.46153E-05
 co  27   3.700405 -1.169595  0.000004  0.007197 2.13471E-07
 ni  28   5.030406 -1.169593  0.000006  0.007199 4.54536E-06
 cu  29   3.080411 -1.169589  0.000010  0.007203 5.52173E-08
 zn  30   3.460412 -1.169588  0.000011  0.007204 1.36341E-07
 ga  31   1.910408 -1.169592  0.000007  0.007200 4.09600E-09
 ge  32   2.376037 -1.203963 -0.034364 -0.027171 1.24678E-08
 as  33   1.130400 -1.169600 -0.000001  0.007192 7.30440E-10
 se  34   2.126483 -1.213517 -0.043918 -0.036725 7.62897E-09
 br  35   1.370406 -1.169594  0.000005  0.007198 1.35379E-09
 kr  36   2.078835 -1.171165 -0.001566  0.005627 7.25511E-09
 rb  37   1.344856 -1.175144 -0.005545  0.001648 1.36533E-09
 sr  38   1.710392 -1.169608 -0.000009  0.007184 3.24766E-09
  y  39   1.040405 -1.169595  0.000004  0.007197 7.04551E-10
 zr  40   1.360410 -1.169590  0.000009  0.007202 1.51041E-09
 nb  41   0.240415 -1.169585  0.000014  0.007207 1.16690E-10
 mo  42   0.649232 -1.290768 -0.121169 -0.113976 3.08893E-10
 tc  43   0.000000 -9.000000  0.000000  0.000000 4.03212E-26
 ru  44   0.459467 -1.300533 -0.130934 -0.123741 2.10216E-10
 rh  45  -0.109592 -1.169592  0.000007  0.007200 5.77331E-11
 pd  46   0.421224 -1.228776 -0.059177 -0.051984 2.02686E-10
 ag  47   0.030409 -1.169591  0.000008  0.007201 8.35367E-11
 cd  48   0.500691 -1.209309 -0.039710 -0.032516 2.57085E-10
 in  49  -0.428630 -1.188630 -0.019031 -0.011838 3.08999E-11
 sn  50   0.837977 -1.232023 -0.062423 -0.055230 5.90257E-10
 sb  51  -0.402119 -1.412119 -0.242520 -0.235327 3.48307E-11
 te  52   0.543030 -1.636970 -0.467371 -0.460178 3.21704E-10
  i  53   0.380406 -1.169594  0.000005  0.007199 2.20018E-10
 xe  54   1.033325 -1.206675 -0.037076 -0.029883 1.02363E-09
 cs  55  -0.089592 -1.169592  0.000007  0.007200 7.80774E-11
 ba  56   1.009505 -1.170495 -0.000896  0.006297 1.01353E-09
 la  57   0.000002 -1.169998 -0.000399  0.006794 1.00300E-10
 ce  58   0.408503 -1.171497 -0.001898  0.005295 2.59159E-10
 pr  59  -0.409591 -1.169591  0.000008  0.007201 3.96206E-11
 nd  60   0.255404 -1.194597 -0.024997 -0.017804 1.87528E-10
 pm  61   0.000000 -9.000000  0.000000  0.000000 0.00000E+00
 sm  62  -0.359310 -1.299310 -0.129711 -0.122518 4.74677E-11
 eu  63  -0.659607 -1.169607 -0.000008  0.007185 2.40276E-11
 gd  64  -0.226725 -1.276725 -0.107126 -0.099932 6.73663E-11
 tb  65  -0.849607 -1.169606 -0.000007  0.007186 1.62241E-11
 dy  66  -0.040250 -1.170250 -0.000651  0.006542 1.06950E-10
 ho  67  -0.699590 -1.169590  0.000009  0.007202 2.37840E-11
 er  68  -0.257213 -1.177213 -0.007614 -0.000421 6.67964E-11
 tm  69  -1.049591 -1.169591  0.000008  0.007201 1.08818E-11
 yb  70  -0.310622 -1.230622 -0.061023 -0.053830 6.11083E-11
 lu  71  -1.080295 -1.170295 -0.000696  0.006498 1.05012E-11
 hf  72  -0.460131 -1.170131 -0.000532  0.006661 4.46745E-11
 ta  73  -1.289647 -1.169647 -0.000048  0.007145 6.70630E-12
  w  74  -0.520121 -1.170121 -0.000522  0.006672 4.00770E-11
 re  75  -0.924458 -1.184458 -0.014858 -0.007665 1.59998E-11
 os  76   0.181511 -1.168489  0.001110  0.008303 2.08625E-10
 ir  77   0.150408 -1.169592  0.000007  0.007200 1.96235E-10
 pt  78   0.418063 -1.201937 -0.032338 -0.025145 3.68848E-10
 au  79  -0.369593 -1.169593  0.000006  0.007200 6.07263E-11
 hg  80  -0.031198 -1.201198 -0.031598 -0.024405 1.34799E-10
 tl  81  -0.399595 -1.169595  0.000004  0.007197 5.88065E-11
 pb  82   0.870411 -1.169589  0.000010  0.007203 1.11014E-09
 bi  83  -0.519588 -1.169588  0.000011  0.007204 4.56134E-11
 po  84   0.000000 -9.000000  0.000000  0.000000 3.45167E-25
#[ls/Fe]_Bisterzo =   0.0000, [hs/Fe]_Bisterzo =  -0.0517
#[hs/ls]_Bisterzo =  -0.0517, [Pb/hs]_Bisterzo =   0.0517
#[ls/Fe]_Thiswork =   0.0000, [hs/Fe]_Thiswork =  -0.0011
#[hs/ls]_Thiswork =  -0.0011, [Pb/hs]_Thiswork =   0.0011
# He/H =  9.5920E-02, C/O =  3.7493E-01, c12/c13 = 2.13894E+01
# N/O =  3.4110E-01, n14/n15 = 2.04691E+03
# o16/o17 = 5.86632E+02, o16/o18 = 6.67638E+02
# mg24/mg25 =  7.9783E+00, mg24/mg26 =  7.1232E+00
# al26/al27 =  7.7204E-07, mg+al =  2.2707E-06
#
#  TP   Mass     Mcore    Menv    log L
#  2 1.182440 0.540711 0.641724 3.338420
# El  Z   log e(X)   [X/H]    [X/Fe]     [X/O]      X(i)
  p   1  12.000000  0.000000  0.000000  0.000000 7.25778E-01
 he   2  10.986338  0.056337  1.225936  1.233130 2.79297E-01
 li   3   1.603743 -1.656257 -0.486658 -0.479465 2.00682E-10
 be   4   0.000000 -1.300000  0.000000  0.000000 0.00000E+00
  b   5   0.000000 -2.790000  0.000000  0.000000 9.50111E-26
  c   6   7.123532 -1.346468 -0.176869 -0.169676 1.14936E-04
  n   7   7.100347 -0.769653  0.399946  0.407139 1.27068E-04
  o   8   7.551730 -1.178270 -0.008671  0.000000 4.10361E-04
  f   9   3.238910 -1.181090 -0.011491 -0.002820 2.37116E-08
 ne  10   6.799750 -1.170249 -0.000650  0.008020 9.16252E-05
 na  11   5.162707 -1.077292  0.092307  0.100977 2.40763E-06
 mg  12   6.471489 -1.168510  0.001089  0.009759 5.18237E-05
 al  13   5.283873 -1.166127  0.003472  0.012143 3.73500E-06
 si  14   6.381636 -1.168364  0.001235  0.009906 4.86933E-05
  p  15   4.241651 -1.168349  0.001250  0.009921 3.89038E-07
  s  16   5.991632 -1.158369  0.011230  0.019901 2.26468E-05
 cl  17   4.061641 -1.168359  0.001240  0.009911 2.94197E-07
 ar  18   5.271635 -1.168365  0.001234  0.009905 5.37618E-06
  k  19   3.911013 -1.168987  0.000612  0.009283 2.29356E-07
 ca  20   5.121637 -1.168363  0.001236  0.009907 3.81844E-06
 sc  21   1.881639 -1.168361  0.001238  0.009908 2.46473E-09
 ti  22   3.741643 -1.168357  0.001242  0.009913 1.90118E-07
  v  23   2.790555 -1.169445  0.000154  0.008825 2.26451E-08
 cr  24   4.452351 -1.187649 -0.018050 -0.009379 1.06087E-06
 mn  25   4.311646 -1.168355  0.001245  0.009915 8.10703E-07
 fe  26   6.371634 -1.168366  0.000000  0.009903 9.46153E-05
 co  27   3.701637 -1.168363  0.000004  0.009907 2.13471E-07
 ni  28   5.031639 -1.168361  0.000006  0.009909 4.54536E-06
 cu  29   3.081643 -1.168357  0.000010  0.009913 5.52173E-08
 zn  30   3.461644 -1.168356  0.000010  0.009914 1.36341E-07
 ga  31   1.911640 -1.168360  0.000007  0.009910 4.09600E-09
 ge  32   2.377269 -1.202731 -0.034365 -0.024461 1.24678E-08
 as  33   1.131632 -1.168368 -0.000002  0.009902 7.30440E-10
 se  34   2.127715 -1.212285 -0.043918 -0.034015 7.62897E-09
 br  35   1.371639 -1.168361  0.000006  0.009909 1.35379E-09
 kr  36   2.080067 -1.169933 -0.001567  0.008337 7.25511E-09
 rb  37   1.346088 -1.173912 -0.005545  0.004358 1.36532E-09
 sr  38   1.711624 -1.168376 -0.000010  0.009894 3.24766E-09
  y  39   1.041638 -1.168362  0.000005  0.009908 7.04551E-10
 zr  40   1.361642 -1.168358  0.000008  0.009912 1.51041E-09
 nb  41   0.241647 -1.168353  0.000013  0.009917 1.16690E-10
 mo  42   0.650464 -1.289536 -0.121170 -0.111266 3.08893E-10
 tc  43   0.000000 -9.000000  0.000000  0.000000 6.17649E-25
 ru  44   0.460699 -1.299301 -0.130934 -0.121031 2.10216E-10
 rh  45  -0.108359 -1.168359  0.000007  0.009911 5.77331E-11
 pd  46   0.422457 -1.227543 -0.059177 -0.049273 2.02686E-10
 ag  47   0.031641 -1.168359  0.000007  0.009911 8.35367E-11
 cd  48   0.501924 -1.208076 -0.039710 -0.029807 2.57085E-10
 in  49  -0.427397 -1.187397 -0.019030 -0.009127 3.08999E-11
 sn  50   0.839211 -1.230789 -0.062423 -0.052520 5.90257E-10
 sb  51  -0.400886 -1.410886 -0.242519 -0.232616 3.48307E-11
 te  52   0.544263 -1.635737 -0.467371 -0.457467 3.21704E-10
  i  53   0.381639 -1.168360  0.000006  0.009909 2.20018E-10
 xe  54   1.034557 -1.205443 -0.037076 -0.027173 1.02363E-09
 cs  55  -0.088360 -1.168360  0.000007  0.009910 7.80774E-11
 ba  56   1.010737 -1.169263 -0.000896  0.009007 1.01353E-09
 la  57   0.001234 -1.168766 -0.000399  0.009504 1.00300E-10
 ce  58   0.409735 -1.170265 -0.001899  0.008005 2.59159E-10
 pr  59  -0.408359 -1.168359  0.000008  0.009911 3.96206E-11
 nd  60   0.256636 -1.193364 -0.024998 -0.015095 1.87528E-10
 pm  61   0.000000 -9.000000  0.000000  0.000000 0.00000E+00
 sm  62  -0.358077 -1.298077 -0.129711 -0.119807 4.74677E-11
 eu  63  -0.658375 -1.168375 -0.000008  0.009895 2.40276E-11
 gd  64  -0.225492 -1.275491 -0.107125 -0.097222 6.73663E-11
 tb  65  -0.848374 -1.168374 -0.000008  0.009896 1.62241E-11
 dy  66  -0.039017 -1.169017 -0.000650  0.009253 1.06950E-10
 ho  67  -0.698358 -1.168358  0.000009  0.009912 2.37840E-11
 er  68  -0.255980 -1.175980 -0.007613  0.002290 6.67964E-11
 tm  69  -1.048358 -1.168358  0.000008  0.009912 1.08818E-11
 yb  70  -0.309389 -1.229389 -0.061023 -0.051119 6.11083E-11
 lu  71  -1.079062 -1.169062 -0.000695  0.009208 1.05012E-11
 hf  72  -0.458898 -1.168898 -0.000531  0.009372 4.46745E-11
 ta  73  -1.288414 -1.168414 -0.000048  0.009856 6.70630E-12
  w  74  -0.518888 -1.168887 -0.000521  0.009382 4.00770E-11
 re  75  -0.923225 -1.183225 -0.014859 -0.004956 1.59998E-11
 os  76   0.182743 -1.167257  0.001109  0.011013 2.08625E-10
 ir  77   0.151640 -1.168360  0.000006  0.009910 1.96235E-10
 pt  78   0.419295 -1.200705 -0.032338 -0.022435 3.68848E-10
 au  79  -0.368360 -1.168360  0.000007  0.009910 6.07263E-11
 hg  80  -0.029965 -1.199965 -0.031599 -0.021695 1.34799E-10
 tl  81  -0.398363 -1.168363  0.000003  0.009907 5.88065E-11
 pb  82   0.871643 -1.168357  0.000010  0.009913 1.11014E-09
 bi  83  -0.518355 -1.168355  0.000011  0.009915 4.56134E-11
 po  84   0.000000 -9.000000  0.000000  0.000000 5.67982E-25
#[ls/Fe]_Bisterzo =   0.0000, [hs/Fe]_Bisterzo =  -0.0517
#[hs/ls]_Bisterzo =  -0.0517, [Pb/hs]_Bisterzo =   0.0517
#[ls/Fe]_Thiswork =   0.0000, [hs/Fe]_Thiswork =  -0.0011
#[hs/ls]_Thiswork =  -0.0011, [Pb/hs]_Thiswork =   0.0011
# He/H =  9.6903E-02, C/O =  3.7308E-01, c12/c13 = 2.13504E+01
# N/O =  3.5369E-01, n14/n15 = 2.12974E+03
# o16/o17 = 5.58255E+02, o16/o18 = 6.70845E+02
# mg24/mg25 =  8.0163E+00, mg24/mg26 =  7.1018E+00
# al26/al27 =  1.5649E-05, mg+al =  2.2707E-06
#
#  TP   Mass     Mcore    Menv    log L
#  3 1.182430 0.547496 0.634935 3.449630
# El  Z   log e(X)   [X/H]    [X/Fe]     [X/O]      X(i)
  p   1  12.000000  0.000000  0.000000  0.000000 7.25845E-01
 he   2  10.986194  0.056193  1.224560  1.234463 2.79230E-01
 li   3   1.664343 -1.595657 -0.427291 -0.417387 2.30754E-10
 be   4   0.000000 -1.300000  0.000000  0.000000 0.00000E+00
  b   5   0.000000 -2.790000  0.000000  0.000000 9.54019E-26
  c   6   7.123982 -1.346018 -0.177652 -0.167748 1.15065E-04
  n   7   7.099599 -0.770401  0.397965  0.407869 1.26861E-04
  o   8   7.551757 -1.178242 -0.009876  0.000000 4.10425E-04
  f   9   3.238972 -1.181028 -0.012662 -0.002786 2.37172E-08
 ne  10   6.799721 -1.170279 -0.001913  0.007963 9.16275E-05
 na  11   5.162203 -1.077796  0.090570  0.100446 2.40506E-06
 mg  12   6.471450 -1.168550 -0.000183  0.009693 5.18239E-05
 al  13   5.283817 -1.166183  0.002184  0.012060 3.73487E-06
 si  14   6.381596 -1.168404 -0.000038  0.009838 4.86933E-05
  p  15   4.241611 -1.168389 -0.000023  0.009853 3.89038E-07
  s  16   5.991591 -1.158409  0.009958  0.019834 2.26468E-05
 cl  17   4.061601 -1.168399 -0.000033  0.009843 2.94197E-07
 ar  18   5.271595 -1.168405 -0.000039  0.009837 5.37618E-06
  k  19   3.910973 -1.169027 -0.000661  0.009215 2.29356E-07
 ca  20   5.121596 -1.168404 -0.000037  0.009839 3.81844E-06
 sc  21   1.881598 -1.168401 -0.000035  0.009841 2.46473E-09
 ti  22   3.741603 -1.168397 -0.000031  0.009845 1.90118E-07
  v  23   2.790515 -1.169485 -0.001119  0.008757 2.26451E-08
 cr  24   4.452311 -1.187689 -0.019323 -0.009447 1.06087E-06
 mn  25   4.311605 -1.168395 -0.000028  0.009848 8.10703E-07
 fe  26   6.371593 -1.168406  0.000000  0.009836 9.46153E-05
 co  27   3.701597 -1.168403  0.000004  0.009840 2.13471E-07
 ni  28   5.031599 -1.168401  0.000005  0.009841 4.54536E-06
 cu  29   3.081603 -1.168397  0.000010  0.009845 5.52173E-08
 zn  30   3.461604 -1.168396  0.000010  0.009846 1.36341E-07
 ga  31   1.911600 -1.168400  0.000007  0.009842 4.09600E-09
 ge  32   2.377229 -1.202771 -0.034365 -0.024529 1.24678E-08
 as  33   1.131592 -1.168408 -0.000002  0.009834 7.30440E-10
 se  34   2.127675 -1.212325 -0.043918 -0.034083 7.62897E-09
 br  35   1.371599 -1.168401  0.000006  0.009841 1.35379E-09
 kr  36   2.080027 -1.169973 -0.001567  0.008269 7.25511E-09
 rb  37   1.346048 -1.173952 -0.005545  0.004291 1.36532E-09
 sr  38   1.711584 -1.168416 -0.000010  0.009826 3.24767E-09
  y  39   1.041598 -1.168402  0.000005  0.009840 7.04551E-10
 zr  40   1.361602 -1.168398  0.000008  0.009844 1.51041E-09
 nb  41   0.241607 -1.168393  0.000013  0.009849 1.16690E-10
 mo  42   0.650424 -1.289576 -0.121170 -0.111334 3.08893E-10
 tc  43   0.000000 -9.000000  0.000000  0.000000 1.86489E-23
 ru  44   0.460659 -1.299341 -0.130934 -0.121099 2.10216E-10
 rh  45  -0.108399 -1.168399  0.000007  0.009843 5.77331E-11
 pd  46   0.422416 -1.227584 -0.059178 -0.049342 2.02686E-10
 ag  47   0.031601 -1.168399  0.000007  0.009843 8.35367E-11
 cd  48   0.501884 -1.208117 -0.039710 -0.029874 2.57085E-10
 in  49  -0.427437 -1.187437 -0.019030 -0.009195 3.08999E-11
 sn  50   0.839170 -1.230829 -0.062423 -0.052587 5.90257E-10
 sb  51  -0.400926 -1.410926 -0.242519 -0.232683 3.48307E-11
 te  52   0.544223 -1.635777 -0.467371 -0.457535 3.21704E-10
  i  53   0.381599 -1.168401  0.000006  0.009842 2.20018E-10
 xe  54   1.034517 -1.205483 -0.037076 -0.027241 1.02363E-09
 cs  55  -0.088400 -1.168400  0.000007  0.009842 7.80774E-11
 ba  56   1.010697 -1.169303 -0.000896  0.008940 1.01353E-09
 la  57   0.001194 -1.168806 -0.000399  0.009436 1.00300E-10
 ce  58   0.409695 -1.170305 -0.001899  0.007937 2.59159E-10
 pr  59  -0.408399 -1.168399  0.000008  0.009844 3.96206E-11
 nd  60   0.256596 -1.193404 -0.024998 -0.015162 1.87528E-10
 pm  61   0.000000 -9.000000  0.000000  0.000000 0.00000E+00
 sm  62  -0.358118 -1.298118 -0.129712 -0.119876 4.74677E-11
 eu  63  -0.658415 -1.168415 -0.000008  0.009827 2.40276E-11
 gd  64  -0.225532 -1.275532 -0.107125 -0.097289 6.73663E-11
 tb  65  -0.848414 -1.168414 -0.000008  0.009828 1.62241E-11
 dy  66  -0.039057 -1.169057 -0.000650  0.009185 1.06950E-10
 ho  67  -0.698398 -1.168398  0.000009  0.009845 2.37840E-11
 er  68  -0.256020 -1.176020 -0.007613  0.002223 6.67964E-11
 tm  69  -1.048398 -1.168398  0.000008  0.009844 1.08818E-11
 yb  70  -0.309429 -1.229429 -0.061023 -0.051187 6.11083E-11
 lu  71  -1.079102 -1.169102 -0.000695  0.009141 1.05012E-11
 hf  72  -0.458938 -1.168938 -0.000531  0.009305 4.46745E-11
 ta  73  -1.288454 -1.168454 -0.000048  0.009788 6.70630E-12
  w  74  -0.518928 -1.168928 -0.000521  0.009315 4.00770E-11
 re  75  -0.923267 -1.183267 -0.014861 -0.005025 1.59997E-11
 os  76   0.182703 -1.167297  0.001109  0.010945 2.08625E-10
 ir  77   0.151600 -1.168400  0.000006  0.009842 1.96235E-10
 pt  78   0.419255 -1.200745 -0.032338 -0.022503 3.68848E-10
 au  79  -0.368401 -1.168401  0.000006  0.009842 6.07263E-11
 hg  80  -0.030005 -1.200005 -0.031599 -0.021763 1.34799E-10
 tl  81  -0.398403 -1.168403  0.000003  0.009839 5.88065E-11
 pb  82   0.871603 -1.168397  0.000010  0.009845 1.11014E-09
 bi  83  -0.518395 -1.168395  0.000011  0.009847 4.56134E-11
 po  84   0.000000 -9.000000  0.000000  0.000000 1.71547E-24
#[ls/Fe]_Bisterzo =   0.0000, [hs/Fe]_Bisterzo =  -0.0517
#[hs/ls]_Bisterzo =  -0.0517, [Pb/hs]_Bisterzo =   0.0517
#[ls/Fe]_Thiswork =   0.0000, [hs/Fe]_Thiswork =  -0.0011
#[hs/ls]_Thiswork =  -0.0011, [Pb/hs]_Thiswork =   0.0011
# He/H =  9.6871E-02, C/O =  3.7344E-01, c12/c13 = 2.13807E+01
# N/O =  3.5305E-01, n14/n15 = 2.12388E+03
# o16/o17 = 5.60463E+02, o16/o18 = 6.70343E+02
# mg24/mg25 =  8.0155E+00, mg24/mg26 =  7.1023E+00
# al26/al27 =  1.1887E-05, mg+al =  2.2707E-06
#
#  TP   Mass     Mcore    Menv    log L
#  4 1.182420 0.555706 0.626718 3.517760
# El  Z   log e(X)   [X/H]    [X/Fe]     [X/O]      X(i)
  p   1  12.000000  0.000000  0.000000  0.000000 7.25949E-01
 he   2  10.985972  0.055972  1.224379  1.234214 2.79128E-01
 li   3   1.730801 -1.529199 -0.360793 -0.350957 2.68948E-10
 be   4   0.000000 -1.300000  0.000000  0.000000 0.00000E+00
  b   5   0.000000 -2.790000  0.000000  0.000000 9.53506E-26
  c   6   7.124342 -1.345658 -0.177252 -0.167416 1.15177E-04
  n   7   7.098815 -0.771184  0.397222  0.407058 1.26650E-04
  o   8   7.551792 -1.178207 -0.009801  0.000000 4.10516E-04
  f   9   3.238981 -1.181019 -0.012612 -0.002811 2.37211E-08
 ne  10   6.799673 -1.170327 -0.001920  0.007881 9.16303E-05
 na  11   5.161549 -1.078451  0.089955  0.099756 2.40178E-06
 mg  12   6.471390 -1.168610 -0.000203  0.009598 5.18240E-05
 al  13   5.283733 -1.166266  0.002140  0.011941 3.73467E-06
 si  14   6.381534 -1.168466 -0.000060  0.009741 4.86933E-05
  p  15   4.241549 -1.168451 -0.000044  0.009757 3.89038E-07
  s  16   5.991529 -1.158471  0.009936  0.019737 2.26468E-05
 cl  17   4.061539 -1.168461 -0.000054  0.009747 2.94197E-07
 ar  18   5.271533 -1.168467 -0.000061  0.009740 5.37618E-06
  k  19   3.910911 -1.169089 -0.000683  0.009118 2.29356E-07
 ca  20   5.121535 -1.168465 -0.000059  0.009742 3.81844E-06
 sc  21   1.881536 -1.168463 -0.000057  0.009744 2.46473E-09
 ti  22   3.741541 -1.168459 -0.000052  0.009748 1.90118E-07
  v  23   2.790453 -1.169547 -0.001141  0.008660 2.26451E-08
 cr  24   4.452249 -1.187751 -0.019344 -0.009543 1.06087E-06
 mn  25   4.311543 -1.168457 -0.000050  0.009751 8.10703E-07
 fe  26   6.371531 -1.168468  0.000000  0.009739 9.46153E-05
 co  27   3.701535 -1.168465  0.000004  0.009743 2.13471E-07
 ni  28   5.031537 -1.168463  0.000006  0.009745 4.54536E-06
 cu  29   3.081542 -1.168458  0.000010  0.009749 5.52173E-08
 zn  30   3.461542 -1.168458  0.000010  0.009749 1.36341E-07
 ga  31   1.911538 -1.168462  0.000007  0.009746 4.09600E-09
 ge  32   2.377167 -1.202833 -0.034365 -0.024626 1.24678E-08
 as  33   1.131530 -1.168470 -0.000002  0.009737 7.30440E-10
 se  34   2.127613 -1.212387 -0.043918 -0.034179 7.62897E-09
 br  35   1.371537 -1.168463  0.000006  0.009745 1.35379E-09
 kr  36   2.079966 -1.170034 -0.001566  0.008173 7.25511E-09
 rb  37   1.345985 -1.174015 -0.005546  0.004193 1.36532E-09
 sr  38   1.711523 -1.168477 -0.000009  0.009730 3.24767E-09
  y  39   1.041536 -1.168464  0.000005  0.009744 7.04551E-10
 zr  40   1.361541 -1.168459  0.000009  0.009748 1.51041E-09
 nb  41   0.241545 -1.168455  0.000013  0.009752 1.16690E-10
 mo  42   0.650363 -1.289637 -0.121169 -0.111430 3.08893E-10
 tc  43   0.000000 -9.000000  0.000000  0.000000 1.50924E-23
 ru  44   0.460598 -1.299402 -0.130934 -0.121195 2.10216E-10
 rh  45  -0.108461 -1.168461  0.000007  0.009746 5.77331E-11
 pd  46   0.422355 -1.227645 -0.059177 -0.049438 2.02686E-10
 ag  47   0.031539 -1.168461  0.000007  0.009746 8.35367E-11
 cd  48   0.501822 -1.208178 -0.039709 -0.029970 2.57085E-10
 in  49  -0.427499 -1.187499 -0.019030 -0.009291 3.08999E-11
 sn  50   0.839108 -1.230891 -0.062423 -0.052684 5.90257E-10
 sb  51  -0.400988 -1.410988 -0.242519 -0.232780 3.48307E-11
 te  52   0.544161 -1.635839 -0.467371 -0.457632 3.21704E-10
  i  53   0.381537 -1.168463  0.000006  0.009745 2.20018E-10
 xe  54   1.034455 -1.205545 -0.037076 -0.027337 1.02363E-09
 cs  55  -0.088462 -1.168462  0.000007  0.009745 7.80774E-11
 ba  56   1.010636 -1.169364 -0.000895  0.008844 1.01353E-09
 la  57   0.001133 -1.168867 -0.000399  0.009340 1.00300E-10
 ce  58   0.409633 -1.170367 -0.001899  0.007840 2.59159E-10
 pr  59  -0.408461 -1.168461  0.000008  0.009747 3.96206E-11
 nd  60   0.256535 -1.193465 -0.024997 -0.015258 1.87528E-10
 pm  61   0.000000 -9.000000  0.000000  0.000000 0.00000E+00
 sm  62  -0.358179 -1.298179 -0.129711 -0.119972 4.74677E-11
 eu  63  -0.658476 -1.168476 -0.000007  0.009732 2.40276E-11
 gd  64  -0.225594 -1.275594 -0.107125 -0.097386 6.73663E-11
 tb  65  -0.848475 -1.168475 -0.000007  0.009732 1.62241E-11
 dy  66  -0.039119 -1.169119 -0.000650  0.009089 1.06950E-10
 ho  67  -0.698460 -1.168460  0.000009  0.009748 2.37840E-11
 er  68  -0.256082 -1.176082 -0.007613  0.002126 6.67964E-11
 tm  69  -1.048460 -1.168460  0.000008  0.009747 1.08818E-11
 yb  70  -0.309491 -1.229491 -0.061023 -0.051284 6.11083E-11
 lu  71  -1.079164 -1.169164 -0.000695  0.009044 1.05012E-11
 hf  72  -0.459000 -1.169000 -0.000531  0.009208 4.46745E-11
 ta  73  -1.288516 -1.168516 -0.000048  0.009691 6.70630E-12
  w  74  -0.518990 -1.168990 -0.000521  0.009218 4.00770E-11
 re  75  -0.923330 -1.183330 -0.014862 -0.005123 1.59997E-11
 os  76   0.182642 -1.167358  0.001110  0.010849 2.08625E-10
 ir  77   0.151539 -1.168461  0.000007  0.009746 1.96235E-10
 pt  78   0.419194 -1.200806 -0.032337 -0.022598 3.68848E-10
 au  79  -0.368462 -1.168462  0.000007  0.009746 6.07263E-11
 hg  80  -0.030066 -1.200066 -0.031598 -0.021859 1.34799E-10
 tl  81  -0.398464 -1.168464  0.000004  0.009743 5.88065E-11
 pb  82   0.871541 -1.168459  0.000010  0.009748 1.11014E-09
 bi  83  -0.518457 -1.168457  0.000011  0.009750 4.56134E-11
 po  84   0.000000 -9.000000  0.000000  0.000000 2.17213E-24
#[ls/Fe]_Bisterzo =   0.0000, [hs/Fe]_Bisterzo =  -0.0517
#[hs/ls]_Bisterzo =  -0.0517, [Pb/hs]_Bisterzo =   0.0517
#[ls/Fe]_Thiswork =   0.0000, [hs/Fe]_Thiswork =  -0.0011
#[hs/ls]_Thiswork =  -0.0011, [Pb/hs]_Thiswork =   0.0011
# He/H =  9.6822E-02, C/O =  3.7372E-01, c12/c13 = 2.14167E+01
# N/O =  3.5239E-01, n14/n15 = 2.11747E+03
# o16/o17 = 5.63653E+02, o16/o18 = 6.70068E+02
# mg24/mg25 =  8.0143E+00, mg24/mg26 =  7.1030E+00
# al26/al27 =  1.5534E-05, mg+al =  2.2707E-06
#
#  TP   Mass     Mcore    Menv    log L
#  5 1.182410 0.564952 0.617461 3.576460
# El  Z   log e(X)   [X/H]    [X/Fe]     [X/O]      X(i)
  p   1  12.000000  0.000000  0.000000  0.000000 7.26053E-01
 he   2  10.985748  0.055748  1.224216  1.233955 2.79024E-01
 li   3   1.787624 -1.472376 -0.303907 -0.294168 3.06587E-10
 be   4   0.000000 -1.300000  0.000000  0.000000 0.00000E+00
  b   5   0.000000 -2.790000  0.000000  0.000000 3.41340E-25
  c   6   7.124654 -1.345346 -0.176878 -0.167139 1.15276E-04
  n   7   7.098248 -0.771752  0.396717  0.406456 1.26503E-04
  o   8   7.551768 -1.178232 -0.009763  0.000000 4.10552E-04
  f   9   3.238889 -1.181111 -0.012643 -0.002880 2.37194E-08
 ne  10   6.799619 -1.170381 -0.001913  0.007851 9.16321E-05
 na  11   5.161117 -1.078883  0.089585  0.099349 2.39974E-06
 mg  12   6.471327 -1.168673 -0.000205  0.009559 5.18239E-05
 al  13   5.283686 -1.166314  0.002155  0.011918 3.73481E-06
 si  14   6.381472 -1.168529 -0.000060  0.009703 4.86933E-05
  p  15   4.241487 -1.168513 -0.000045  0.009718 3.89038E-07
  s  16   5.991467 -1.158533  0.009935  0.019699 2.26468E-05
 cl  17   4.061477 -1.168523 -0.000055  0.009708 2.94197E-07
 ar  18   5.271471 -1.168530 -0.000061  0.009702 5.37618E-06
  k  19   3.910849 -1.169151 -0.000683  0.009080 2.29356E-07
 ca  20   5.121472 -1.168528 -0.000059  0.009704 3.81844E-06
 sc  21   1.881474 -1.168525 -0.000057  0.009706 2.46473E-09
 ti  22   3.741479 -1.168521 -0.000052  0.009711 1.90118E-07
  v  23   2.790391 -1.169609 -0.001141  0.008623 2.26451E-08
 cr  24   4.452186 -1.187814 -0.019345 -0.009582 1.06087E-06
 mn  25   4.311481 -1.168519 -0.000051  0.009713 8.10703E-07
 fe  26   6.371469 -1.168531  0.000000  0.009701 9.46153E-05
 co  27   3.701473 -1.168527  0.000004  0.009705 2.13471E-07
 ni  28   5.031475 -1.168525  0.000006  0.009706 4.54536E-06
 cu  29   3.081479 -1.168521  0.000010  0.009711 5.52173E-08
 zn  30   3.461480 -1.168520  0.000011  0.009712 1.36341E-07
 ga  31   1.911476 -1.168524  0.000007  0.009708 4.09600E-09
 ge  32   2.377105 -1.202895 -0.034364 -0.024663 1.24678E-08
 as  33   1.131468 -1.168532 -0.000001  0.009700 7.30440E-10
 se  34   2.127551 -1.212449 -0.043918 -0.034217 7.62897E-09
 br  35   1.371474 -1.168526  0.000005  0.009706 1.35379E-09
 kr  36   2.079903 -1.170097 -0.001566  0.008134 7.25511E-09
 rb  37   1.345922 -1.174078 -0.005547  0.004154 1.36532E-09
 sr  38   1.711460 -1.168540 -0.000009  0.009692 3.24767E-09
  y  39   1.041473 -1.168527  0.000004  0.009705 7.04551E-10
 zr  40   1.361478 -1.168522  0.000009  0.009710 1.51041E-09
 nb  41   0.241483 -1.168517  0.000014  0.009714 1.16690E-10
 mo  42   0.650300 -1.289700 -0.121169 -0.111468 3.08893E-10
 tc  43   0.000000 -9.000000  0.000000  0.000000 4.65491E-23
 ru  44   0.460535 -1.299465 -0.130934 -0.121233 2.10216E-10
 rh  45  -0.108523 -1.168523  0.000008  0.009708 5.77331E-11
 pd  46   0.422292 -1.227708 -0.059177 -0.049477 2.02686E-10
 ag  47   0.031477 -1.168523  0.000008  0.009709 8.35367E-11
 cd  48   0.501760 -1.208241 -0.039710 -0.030009 2.57085E-10
 in  49  -0.427561 -1.187561 -0.019030 -0.009329 3.08999E-11
 sn  50   0.839046 -1.230954 -0.062423 -0.052723 5.90257E-10
 sb  51  -0.401051 -1.411051 -0.242520 -0.232819 3.48307E-11
 te  52   0.544098 -1.635902 -0.467371 -0.457670 3.21704E-10
  i  53   0.381475 -1.168525  0.000006  0.009707 2.20018E-10
 xe  54   1.034393 -1.205607 -0.037076 -0.027375 1.02363E-09
 cs  55  -0.088524 -1.168524  0.000007  0.009708 7.80774E-11
 ba  56   1.010573 -1.169427 -0.000896  0.008805 1.01353E-09
 la  57   0.001070 -1.168930 -0.000399  0.009302 1.00300E-10
 ce  58   0.409571 -1.170429 -0.001898  0.007802 2.59159E-10
 pr  59  -0.408523 -1.168523  0.000008  0.009709 3.96206E-11
 nd  60   0.256472 -1.193528 -0.024997 -0.015297 1.87528E-10
 pm  61   0.000000 -9.000000  0.000000  0.000000 0.00000E+00
 sm  62  -0.358242 -1.298242 -0.129711 -0.120010 4.74677E-11
 eu  63  -0.658539 -1.168539 -0.000008  0.009693 2.40276E-11
 gd  64  -0.225656 -1.275656 -0.107125 -0.097424 6.73663E-11
 tb  65  -0.848538 -1.168538 -0.000007  0.009693 1.62241E-11
 dy  66  -0.039182 -1.169182 -0.000651  0.009050 1.06950E-10
 ho  67  -0.698522 -1.168522  0.000009  0.009710 2.37840E-11
 er  68  -0.256145 -1.176145 -0.007614  0.002087 6.67964E-11
 tm  69  -1.048523 -1.168523  0.000008  0.009709 1.08818E-11
 yb  70  -0.309554 -1.229554 -0.061023 -0.051322 6.11083E-11
 lu  71  -1.079226 -1.169227 -0.000696  0.009005 1.05012E-11
 hf  72  -0.459063 -1.169063 -0.000532  0.009169 4.46745E-11
 ta  73  -1.288578 -1.168578 -0.000047  0.009654 6.70630E-12
  w  74  -0.519053 -1.169052 -0.000522  0.009179 4.00770E-11
 re  75  -0.923394 -1.183394 -0.014863 -0.005162 1.59996E-11
 os  76   0.182579 -1.167421  0.001110  0.010811 2.08625E-10
 ir  77   0.151476 -1.168524  0.000007  0.009708 1.96235E-10
 pt  78   0.419131 -1.200869 -0.032338 -0.022637 3.68848E-10
 au  79  -0.368525 -1.168525  0.000006  0.009707 6.07263E-11
 hg  80  -0.030129 -1.200129 -0.031598 -0.021898 1.34799E-10
 tl  81  -0.398527 -1.168527  0.000004  0.009705 5.88065E-11
 pb  82   0.871479 -1.168521  0.000010  0.009711 1.11014E-09
 bi  83  -0.518519 -1.168519  0.000012  0.009712 4.56134E-11
 po  84   0.000000 -9.000000  0.000000  0.000000 4.40388E-24
#[ls/Fe]_Bisterzo =   0.0000, [hs/Fe]_Bisterzo =  -0.0517
#[hs/ls]_Bisterzo =  -0.0517, [Pb/hs]_Bisterzo =   0.0517
#[ls/Fe]_Thiswork =   0.0000, [hs/Fe]_Thiswork =  -0.0011
#[hs/ls]_Thiswork =  -0.0011, [Pb/hs]_Thiswork =   0.0011
# He/H =  9.6772E-02, C/O =  3.7401E-01, c12/c13 = 2.14568E+01
# N/O =  3.5195E-01, n14/n15 = 2.11210E+03
# o16/o17 = 5.66994E+02, o16/o18 = 6.69789E+02
# mg24/mg25 =  8.0137E+00, mg24/mg26 =  7.1036E+00
# al26/al27 =  9.6549E-05, mg+al =  2.2707E-06
#
#  TP   Mass     Mcore    Menv    log L
#  6 1.182400 0.574746 0.607652 3.626900
# El  Z   log e(X)   [X/H]    [X/Fe]     [X/O]      X(i)
  p   1  12.000000  0.000000  0.000000  0.000000 7.26169E-01
 he   2  10.985498  0.055498  1.224029  1.233730 2.78909E-01
 li   3   1.838791 -1.421209 -0.252678 -0.242977 3.44977E-10
 be   4   0.000000 -1.300000  0.000000  0.000000 0.00000E+00
  b   5   0.000000 -2.790000  0.000000  0.000000 3.37821E-25
  c   6   7.125046 -1.344954 -0.176424 -0.166723 1.15399E-04
  n   7   7.097766 -0.772234  0.396297  0.405998 1.26383E-04
  o   8   7.551671 -1.178329 -0.009798  0.000000 4.10526E-04
  f   9   3.238748 -1.181252 -0.012722 -0.002924 2.37155E-08
 ne  10   6.799551 -1.170448 -0.001917  0.007880 9.16326E-05
 na  11   5.160943 -1.079057  0.089474  0.099272 2.39916E-06
 mg  12   6.471246 -1.168754 -0.000223  0.009575 5.18226E-05
 al  13   5.283793 -1.166207  0.002324  0.012122 3.73632E-06
 si  14   6.381402 -1.168598 -0.000067  0.009731 4.86933E-05
  p  15   4.241417 -1.168583 -0.000052  0.009746 3.89038E-07
  s  16   5.991397 -1.158603  0.009928  0.019726 2.26468E-05
 cl  17   4.061407 -1.168593 -0.000062  0.009736 2.94197E-07
 ar  18   5.271401 -1.168599 -0.000068  0.009730 5.37618E-06
  k  19   3.910779 -1.169221 -0.000690  0.009108 2.29356E-07
 ca  20   5.121403 -1.168597 -0.000066  0.009731 3.81844E-06
 sc  21   1.881405 -1.168595 -0.000064  0.009733 2.46473E-09
 ti  22   3.741409 -1.168591 -0.000060  0.009738 1.90118E-07
  v  23   2.790321 -1.169679 -0.001148  0.008650 2.26451E-08
 cr  24   4.452117 -1.187883 -0.019352 -0.009554 1.06087E-06
 mn  25   4.311411 -1.168589 -0.000058  0.009740 8.10703E-07
 fe  26   6.371400 -1.168600  0.000000  0.009728 9.46153E-05
 co  27   3.701404 -1.168596  0.000004  0.009732 2.13471E-07
 ni  28   5.031405 -1.168595  0.000005  0.009734 4.54536E-06
 cu  29   3.081409 -1.168591  0.000010  0.009738 5.52173E-08
 zn  30   3.461411 -1.168590  0.000010  0.009739 1.36341E-07
 ga  31   1.911407 -1.168593  0.000007  0.009735 4.09600E-09
 ge  32   2.377035 -1.202965 -0.034365 -0.024636 1.24678E-08
 as  33   1.131398 -1.168602 -0.000002  0.009727 7.30440E-10
 se  34   2.127481 -1.212518 -0.043918 -0.034190 7.62897E-09
 br  35   1.371405 -1.168595  0.000005  0.009733 1.35379E-09
 kr  36   2.079833 -1.170167 -0.001567  0.008162 7.25511E-09
 rb  37   1.345853 -1.174147 -0.005547  0.004181 1.36532E-09
 sr  38   1.711391 -1.168609 -0.000009  0.009720 3.24767E-09
  y  39   1.041405 -1.168595  0.000005  0.009733 7.04551E-10
 zr  40   1.361408 -1.168592  0.000008  0.009737 1.51041E-09
 nb  41   0.241413 -1.168587  0.000013  0.009742 1.16690E-10
 mo  42   0.650230 -1.289770 -0.121170 -0.111441 3.08893E-10
 tc  43   0.000000 -9.000000  0.000000  0.000000 7.54380E-23
 ru  44   0.460465 -1.299535 -0.130934 -0.121206 2.10216E-10
 rh  45  -0.108593 -1.168593  0.000007  0.009736 5.77331E-11
 pd  46   0.422222 -1.227778 -0.059178 -0.049449 2.02686E-10
 ag  47   0.031407 -1.168593  0.000007  0.009736 8.35367E-11
 cd  48   0.501690 -1.208310 -0.039710 -0.029982 2.57085E-10
 in  49  -0.427630 -1.187630 -0.019030 -0.009302 3.08999E-11
 sn  50   0.838977 -1.231023 -0.062423 -0.052695 5.90257E-10
 sb  51  -0.401119 -1.411119 -0.242519 -0.232791 3.48307E-11
 te  52   0.544028 -1.635972 -0.467372 -0.457643 3.21704E-10
  i  53   0.381406 -1.168594  0.000006  0.009734 2.20018E-10
 xe  54   1.034324 -1.205676 -0.037076 -0.027348 1.02363E-09
 cs  55  -0.088593 -1.168594  0.000007  0.009735 7.80774E-11
 ba  56   1.010504 -1.169496 -0.000896  0.008832 1.01353E-09
 la  57   0.001000 -1.169000 -0.000399  0.009329 1.00300E-10
 ce  58   0.409501 -1.170499 -0.001899  0.007830 2.59159E-10
 pr  59  -0.408592 -1.168592  0.000008  0.009736 3.96206E-11
 nd  60   0.256402 -1.193598 -0.024998 -0.015270 1.87528E-10
 pm  61   0.000000 -9.000000  0.000000  0.000000 0.00000E+00
 sm  62  -0.358312 -1.298312 -0.129712 -0.119983 4.74677E-11
 eu  63  -0.658608 -1.168608 -0.000008  0.009720 2.40276E-11
 gd  64  -0.225725 -1.275725 -0.107125 -0.097397 6.73663E-11
 tb  65  -0.848608 -1.168608 -0.000008  0.009721 1.62241E-11
 dy  66  -0.039251 -1.169251 -0.000651  0.009077 1.06950E-10
 ho  67  -0.698591 -1.168591  0.000009  0.009737 2.37840E-11
 er  68  -0.256213 -1.176213 -0.007613  0.002115 6.67964E-11
 tm  69  -1.048592 -1.168592  0.000008  0.009737 1.08818E-11
 yb  70  -0.309624 -1.229624 -0.061024 -0.051295 6.11083E-11
 lu  71  -1.079296 -1.169296 -0.000696  0.009032 1.05012E-11
 hf  72  -0.459131 -1.169131 -0.000531  0.009197 4.46745E-11
 ta  73  -1.288648 -1.168648 -0.000048  0.009681 6.70630E-12
  w  74  -0.519121 -1.169121 -0.000521  0.009207 4.00770E-11
 re  75  -0.923465 -1.183465 -0.014865 -0.005136 1.59996E-11
 os  76   0.182510 -1.167490  0.001110  0.010839 2.08625E-10
 ir  77   0.151406 -1.168594  0.000006  0.009735 1.96235E-10
 pt  78   0.419062 -1.200938 -0.032338 -0.022610 3.68848E-10
 au  79  -0.368594 -1.168594  0.000006  0.009734 6.07263E-11
 hg  80  -0.030199 -1.200199 -0.031599 -0.021870 1.34799E-10
 tl  81  -0.398597 -1.168597  0.000003  0.009732 5.88065E-11
 pb  82   0.871409 -1.168591  0.000010  0.009738 1.11014E-09
 bi  83  -0.518589 -1.168589  0.000011  0.009740 4.56134E-11
 po  84   0.000000 -9.000000  0.000000  0.000000 7.17288E-24
#[ls/Fe]_Bisterzo =   0.0000, [hs/Fe]_Bisterzo =  -0.0517
#[hs/ls]_Bisterzo =  -0.0517, [Pb/hs]_Bisterzo =   0.0517
#[ls/Fe]_Thiswork =   0.0000, [hs/Fe]_Thiswork =  -0.0011
#[hs/ls]_Thiswork =  -0.0011, [Pb/hs]_Thiswork =   0.0011
# He/H =  9.6716E-02, C/O =  3.7443E-01, c12/c13 = 2.15092E+01
# N/O =  3.5164E-01, n14/n15 = 2.10630E+03
# o16/o17 = 5.70964E+02, o16/o18 = 6.69320E+02
# mg24/mg25 =  8.0144E+00, mg24/mg26 =  7.1047E+00
# al26/al27 =  3.3139E-04, mg+al =  2.2707E-06
#
#  TP   Mass     Mcore    Menv    log L
#  7 1.182370 0.584688 0.597686 3.671980
# El  Z   log e(X)   [X/H]    [X/Fe]     [X/O]      X(i)
  p   1  12.000000  0.000000  0.000000  0.000000 7.26000E-01
 he   2  10.985862  0.055861  1.224462  1.234190 2.79077E-01
 li   3   1.883825 -1.376175 -0.207575 -0.197846 3.82581E-10
 be   4   0.000000 -1.300000  0.000000  0.000000 0.00000E+00
  b   5   0.000000 -2.790000  0.000000  0.000000 3.36754E-25
  c   6   7.125076 -1.344924 -0.176324 -0.166595 1.15380E-04
  n   7   7.098731 -0.771269  0.397331  0.407060 1.26635E-04
  o   8   7.551495 -1.178505 -0.009905  0.000000 4.10264E-04
  f   9   3.238508 -1.181492 -0.012892 -0.002987 2.36969E-08
 ne  10   6.799588 -1.170412 -0.001812  0.008093 9.16190E-05
 na  11   5.162021 -1.077979  0.090621  0.100526 2.40456E-06
 mg  12   6.471301 -1.168699 -0.000099  0.009806 5.18170E-05
 al  13   5.285815 -1.164185  0.004415  0.014320 3.75288E-06
 si  14   6.381517 -1.168483  0.000117  0.010022 4.86949E-05
  p  15   4.241518 -1.168482  0.000118  0.010023 3.89038E-07
  s  16   5.991499 -1.158501  0.010099  0.020004 2.26468E-05
 cl  17   4.061515 -1.168485  0.000115  0.010020 2.94201E-07
 ar  18   5.271502 -1.168498  0.000103  0.010007 5.37618E-06
  k  19   3.910880 -1.169120 -0.000520  0.009385 2.29356E-07
 ca  20   5.121504 -1.168496  0.000104  0.010009 3.81844E-06
 sc  21   1.881506 -1.168494  0.000106  0.010011 2.46473E-09
 ti  22   3.741510 -1.168489  0.000111  0.010015 1.90118E-07
  v  23   2.790422 -1.169578 -0.000978  0.008927 2.26451E-08
 cr  24   4.452218 -1.187782 -0.019182 -0.009277 1.06087E-06
 mn  25   4.311513 -1.168487  0.000113  0.010018 8.10703E-07
 fe  26   6.371501 -1.168499  0.000000  0.010006 9.46153E-05
 co  27   3.701505 -1.168495  0.000004  0.010010 2.13471E-07
 ni  28   5.031507 -1.168493  0.000006  0.010012 4.54536E-06
 cu  29   3.081511 -1.168489  0.000010  0.010016 5.52173E-08
 zn  30   3.461512 -1.168489  0.000010  0.010016 1.36341E-07
 ga  31   1.911508 -1.168492  0.000007  0.010013 4.09600E-09
 ge  32   2.377136 -1.202864 -0.034365 -0.024359 1.24678E-08
 as  33   1.131499 -1.168501 -0.000002  0.010004 7.30440E-10
 se  34   2.127583 -1.212417 -0.043918 -0.033912 7.62897E-09
 br  35   1.371507 -1.168493  0.000006  0.010012 1.35379E-09
 kr  36   2.079934 -1.170066 -0.001567  0.008439 7.25511E-09
 rb  37   1.345954 -1.174046 -0.005547  0.004459 1.36532E-09
 sr  38   1.711493 -1.168508 -0.000009  0.009997 3.24767E-09
  y  39   1.041506 -1.168494  0.000005  0.010011 7.04551E-10
 zr  40   1.361509 -1.168491  0.000008  0.010014 1.51041E-09
 nb  41   0.241514 -1.168486  0.000013  0.010019 1.16690E-10
 mo  42   0.650331 -1.289669 -0.121170 -0.111164 3.08893E-10
 tc  43   0.000000 -9.000000  0.000000  0.000000 1.53477E-22
 ru  44   0.460567 -1.299433 -0.130934 -0.120928 2.10216E-10
 rh  45  -0.108492 -1.168492  0.000007  0.010013 5.77331E-11
 pd  46   0.422324 -1.227676 -0.059177 -0.049171 2.02686E-10
 ag  47   0.031508 -1.168492  0.000007  0.010013 8.35367E-11
 cd  48   0.501791 -1.208209 -0.039710 -0.029704 2.57085E-10
 in  49  -0.427529 -1.187529 -0.019030 -0.009024 3.08999E-11
 sn  50   0.839078 -1.230922 -0.062423 -0.052417 5.90257E-10
 sb  51  -0.401018 -1.411018 -0.242519 -0.232513 3.48307E-11
 te  52   0.544130 -1.635870 -0.467371 -0.457365 3.21704E-10
  i  53   0.381507 -1.168493  0.000006  0.010012 2.20018E-10
 xe  54   1.034425 -1.205575 -0.037076 -0.027070 1.02363E-09
 cs  55  -0.088492 -1.168492  0.000007  0.010013 7.80774E-11
 ba  56   1.010605 -1.169395 -0.000896  0.009110 1.01353E-09
 la  57   0.001101 -1.168898 -0.000399  0.009606 1.00300E-10
 ce  58   0.409602 -1.170398 -0.001899  0.008107 2.59159E-10
 pr  59  -0.408491 -1.168491  0.000008  0.010014 3.96206E-11
 nd  60   0.256503 -1.193497 -0.024998 -0.014992 1.87528E-10
 pm  61   0.000000 -9.000000  0.000000  0.000000 0.00000E+00
 sm  62  -0.358210 -1.298210 -0.129711 -0.119705 4.74677E-11
 eu  63  -0.658507 -1.168507 -0.000008  0.009998 2.40276E-11
 gd  64  -0.225624 -1.275624 -0.107125 -0.097119 6.73663E-11
 tb  65  -0.848506 -1.168506 -0.000007  0.009999 1.62241E-11
 dy  66  -0.039149 -1.169149 -0.000650  0.009356 1.06950E-10
 ho  67  -0.698490 -1.168490  0.000009  0.010015 2.37840E-11
 er  68  -0.256112 -1.176112 -0.007613  0.002393 6.67964E-11
 tm  69  -1.048491 -1.168491  0.000008  0.010014 1.08818E-11
 yb  70  -0.309522 -1.229522 -0.061023 -0.051017 6.11083E-11
 lu  71  -1.079195 -1.169195 -0.000696  0.009310 1.05012E-11
 hf  72  -0.459030 -1.169030 -0.000531  0.009475 4.46745E-11
 ta  73  -1.288547 -1.168547 -0.000048  0.009958 6.70630E-12
  w  74  -0.519020 -1.169020 -0.000521  0.009485 4.00770E-11
 re  75  -0.923365 -1.183365 -0.014866 -0.004860 1.59996E-11
 os  76   0.182611 -1.167389  0.001110  0.011116 2.08625E-10
 ir  77   0.151507 -1.168493  0.000006  0.010012 1.96235E-10
 pt  78   0.419163 -1.200837 -0.032338 -0.022332 3.68848E-10
 au  79  -0.368492 -1.168492  0.000007  0.010013 6.07263E-11
 hg  80  -0.030098 -1.200098 -0.031599 -0.021593 1.34799E-10
 tl  81  -0.398496 -1.168496  0.000003  0.010009 5.88065E-11
 pb  82   0.871511 -1.168489  0.000010  0.010015 1.11014E-09
 bi  83  -0.518488 -1.168488  0.000011  0.010017 4.56134E-11
 po  84   0.000000 -9.000000  0.000000  0.000000 1.24148E-23
#[ls/Fe]_Bisterzo =   0.0000, [hs/Fe]_Bisterzo =  -0.0517
#[hs/ls]_Bisterzo =  -0.0517, [Pb/hs]_Bisterzo =   0.0517
#[ls/Fe]_Thiswork =   0.0000, [hs/Fe]_Thiswork =  -0.0011
#[hs/ls]_Thiswork =  -0.0011, [Pb/hs]_Thiswork =   0.0011
# He/H =  9.6797E-02, C/O =  3.7461E-01, c12/c13 = 2.15275E+01
# N/O =  3.5256E-01, n14/n15 = 2.11013E+03
# o16/o17 = 5.73216E+02, o16/o18 = 6.69201E+02
# mg24/mg25 =  8.0193E+00, mg24/mg26 =  7.1083E+00
# al26/al27 =  9.1004E-04, mg+al =  2.2710E-06
#
#  TP   Mass     Mcore    Menv    log L
#  7 1.182370 0.584688 0.597686 3.671980
# El  Z   log e(X)   [X/H]    [X/Fe]     [X/O]      X(i)
  p   1  12.000000  0.000000  0.000000  0.000000 7.26000E-01
 he   2  10.985862  0.055861  1.224360  1.234366 2.79077E-01
 li   3   1.883825 -1.376175 -0.207676 -0.197670 3.82581E-10
 be   4   0.000000 -1.300000  0.000000  0.000000 0.00000E+00
  b   5   0.000000 -2.790000  0.000000  0.000000 3.36754E-25
  c   6   7.125076 -1.344924 -0.176425 -0.166419 1.15380E-04
  n   7   7.098731 -0.771269  0.397230  0.407236 1.26635E-04
  o   8   7.551495 -1.178505 -0.010006  0.000000 4.10264E-04
  f   9   3.238508 -1.181492 -0.012993 -0.002987 2.36969E-08
 ne  10   6.799588 -1.170412 -0.001913  0.008093 9.16190E-05
 na  11   5.162021 -1.077979  0.090520  0.100526 2.40456E-06
 mg  12   6.471301 -1.168699 -0.000200  0.009806 5.18170E-05
 al  13   5.285815 -1.164185  0.004314  0.014320 3.75288E-06
 si  14   6.381517 -1.168483  0.000016  0.010022 4.86949E-05
  p  15   4.241518 -1.168482  0.000017  0.010023 3.89038E-07
  s  16   5.991499 -1.158501  0.009998  0.020004 2.26468E-05
 cl  17   4.061515 -1.168485  0.000014  0.010020 2.94201E-07
 ar  18   5.271502 -1.168498  0.000001  0.010007 5.37618E-06
  k  19   3.910880 -1.169120 -0.000621  0.009385 2.29356E-07
 ca  20   5.121504 -1.168496  0.000003  0.010009 3.81844E-06
 sc  21   1.881506 -1.168494  0.000005  0.010011 2.46473E-09
 ti  22   3.741510 -1.168489  0.000010  0.010015 1.90118E-07
  v  23   2.790422 -1.169578 -0.001079  0.008927 2.26451E-08
 cr  24   4.452218 -1.187782 -0.019283 -0.009277 1.06087E-06
 mn  25   4.311513 -1.168487  0.000012  0.010018 8.10703E-07
 fe  26   6.371501 -1.168499  0.000000  0.010006 9.46153E-05
 co  27   3.701505 -1.168495  0.000004  0.010010 2.13471E-07
 ni  28   5.031507 -1.168493  0.000006  0.010012 4.54536E-06
 cu  29   3.081511 -1.168489  0.000010  0.010016 5.52173E-08
 zn  30   3.461512 -1.168489  0.000010  0.010016 1.36341E-07
 ga  31   1.911508 -1.168492  0.000007  0.010013 4.09600E-09
 ge  32   2.377136 -1.202864 -0.034365 -0.024359 1.24678E-08
 as  33   1.131499 -1.168501 -0.000002  0.010004 7.30440E-10
 se  34   2.127583 -1.212417 -0.043918 -0.033912 7.62897E-09
 br  35   1.371507 -1.168493  0.000006  0.010012 1.35379E-09
 kr  36   2.079934 -1.170066 -0.001567  0.008439 7.25511E-09
 rb  37   1.345954 -1.174046 -0.005547  0.004459 1.36532E-09
 sr  38   1.711493 -1.168508 -0.000009  0.009997 3.24767E-09
  y  39   1.041506 -1.168494  0.000005  0.010011 7.04551E-10
 zr  40   1.361509 -1.168491  0.000008  0.010014 1.51041E-09
 nb  41   0.241514 -1.168486  0.000013  0.010019 1.16690E-10
 mo  42   0.650331 -1.289669 -0.121170 -0.111164 3.08893E-10
 tc  43   0.000000 -9.000000  0.000000  0.000000 1.53477E-22
 ru  44   0.460567 -1.299433 -0.130934 -0.120928 2.10216E-10
 rh  45  -0.108492 -1.168492  0.000007  0.010013 5.77331E-11
 pd  46   0.422324 -1.227676 -0.059177 -0.049171 2.02686E-10
 ag  47   0.031508 -1.168492  0.000007  0.010013 8.35367E-11
 cd  48   0.501791 -1.208209 -0.039710 -0.029704 2.57085E-10
 in  49  -0.427529 -1.187529 -0.019030 -0.009024 3.08999E-11
 sn  50   0.839078 -1.230922 -0.062423 -0.052417 5.90257E-10
 sb  51  -0.401018 -1.411018 -0.242519 -0.232513 3.48307E-11
 te  52   0.544130 -1.635870 -0.467371 -0.457365 3.21704E-10
  i  53   0.381507 -1.168493  0.000006  0.010012 2.20018E-10
 xe  54   1.034425 -1.205575 -0.037076 -0.027070 1.02363E-09
 cs  55  -0.088492 -1.168492  0.000007  0.010013 7.80774E-11
 ba  56   1.010605 -1.169395 -0.000896  0.009110 1.01353E-09
 la  57   0.001101 -1.168898 -0.000399  0.009606 1.00300E-10
 ce  58   0.409602 -1.170398 -0.001899  0.008107 2.59159E-10
 pr  59  -0.408491 -1.168491  0.000008  0.010014 3.96206E-11
 nd  60   0.256503 -1.193497 -0.024998 -0.014992 1.87528E-10
 pm  61   0.000000 -9.000000  0.000000  0.000000 0.00000E+00
 sm  62  -0.358210 -1.298210 -0.129711 -0.119705 4.74677E-11
 eu  63  -0.658507 -1.168507 -0.000008  0.009998 2.40276E-11
 gd  64  -0.225624 -1.275624 -0.107125 -0.097119 6.73663E-11
 tb  65  -0.848506 -1.168506 -0.000007  0.009999 1.62241E-11
 dy  66  -0.039149 -1.169149 -0.000650  0.009356 1.06950E-10
 ho  67  -0.698490 -1.168490  0.000009  0.010015 2.37840E-11
 er  68  -0.256112 -1.176112 -0.007613  0.002393 6.67964E-11
 tm  69  -1.048491 -1.168491  0.000008  0.010014 1.08818E-11
 yb  70  -0.309522 -1.229522 -0.061023 -0.051017 6.11083E-11
 lu  71  -1.079195 -1.169195 -0.000696  0.009310 1.05012E-11
 hf  72  -0.459030 -1.169030 -0.000531  0.009475 4.46745E-11
 ta  73  -1.288547 -1.168547 -0.000048  0.009958 6.70630E-12
  w  74  -0.519020 -1.169020 -0.000521  0.009485 4.00770E-11
 re  75  -0.923365 -1.183365 -0.014866 -0.004860 1.59996E-11
 os  76   0.182611 -1.167389  0.001110  0.011116 2.08625E-10
 ir  77   0.151507 -1.168493  0.000006  0.010012 1.96235E-10
 pt  78   0.419163 -1.200837 -0.032338 -0.022332 3.68848E-10
 au  79  -0.368492 -1.168492  0.000007  0.010013 6.07263E-11
 hg  80  -0.030098 -1.200098 -0.031599 -0.021593 1.34799E-10
 tl  81  -0.398496 -1.168496  0.000003  0.010009 5.88065E-11
 pb  82   0.871511 -1.168489  0.000010  0.010015 1.11014E-09
 bi  83  -0.518488 -1.168488  0.000011  0.010017 4.56134E-11
 po  84   0.000000 -9.000000  0.000000  0.000000 1.24148E-23
#[ls/Fe]_Bisterzo =   0.0000, [hs/Fe]_Bisterzo =  -0.0517
#[hs/ls]_Bisterzo =  -0.0517, [Pb/hs]_Bisterzo =   0.0517
#[ls/Fe]_Thiswork =   0.0000, [hs/Fe]_Thiswork =  -0.0011
#[hs/ls]_Thiswork =  -0.0011, [Pb/hs]_Thiswork =   0.0011
# He/H =  9.6797E-02, C/O =  3.7461E-01, c12/c13 = 2.15275E+01
# N/O =  3.5256E-01, n14/n15 = 2.11013E+03
# o16/o17 = 5.73216E+02, o16/o18 = 6.69201E+02
# mg24/mg25 =  8.0193E+00, mg24/mg26 =  7.1083E+00
# al26/al27 =  9.1004E-04, mg+al =  2.2710E-06
#
#  TP   Mass     Mcore    Menv    log L
#  8 1.182010 0.601981 0.580026 3.781980
# El  Z   log e(X)   [X/H]    [X/Fe]     [X/O]      X(i)
  p   1  12.000000  0.000000  0.000000  0.000000 7.22656E-01
 he   2  10.991253  0.061253  1.229752  1.239758 2.81261E-01
 li   3   1.956135 -1.303865 -0.135366 -0.125360 4.49809E-10
 be   4   0.000000 -1.300000  0.000000  0.000000 0.00000E+00
  b   5   0.000000 -2.790000  0.000000  0.000000 3.21487E-25
  c   6   8.147460 -0.322540  0.845959  0.855965 1.20923E-03
  n   7   7.100810 -0.769190  0.399309  0.409315 1.26656E-04
  o   8   7.587456 -1.142543  0.025956  0.000000 4.43629E-04
  f   9   3.441189 -0.978811  0.189688  0.163732 3.76156E-08
 ne  10   6.832982 -1.137018  0.031481  0.005526 9.84859E-05
 na  11   5.174175 -1.065825  0.102674  0.076719 2.46142E-06
 mg  12   6.473010 -1.166990  0.001509 -0.024446 5.17817E-05
 al  13   5.305768 -1.144232  0.024267 -0.001688 3.91123E-06
 si  14   6.383772 -1.166228  0.002271 -0.023685 4.87229E-05
  p  15   4.244736 -1.165264  0.003235 -0.022720 3.90126E-07
  s  16   5.993463 -1.156537  0.011962 -0.013994 2.26446E-05
 cl  17   4.066110 -1.163890  0.004609 -0.021347 2.95961E-07
 ar  18   5.273355 -1.166645  0.001854 -0.024101 5.37429E-06
  k  19   3.913762 -1.166238  0.002261 -0.023695 2.29820E-07
 ca  20   5.123302 -1.166698  0.001801 -0.024155 3.81661E-06
 sc  21   1.887672 -1.162328  0.006171 -0.019784 2.48846E-09
 ti  22   3.743568 -1.166431  0.002068 -0.023888 1.90141E-07
  v  23   2.791544 -1.168456  0.000043 -0.025913 2.25991E-08
 cr  24   4.454206 -1.185794 -0.017295 -0.043251 1.06083E-06
 mn  25   4.314543 -1.165457  0.003042 -0.022914 8.12618E-07
 fe  26   6.373468 -1.166532  0.000000 -0.023988 9.46070E-05
 co  27   3.713734 -1.156266  0.010265 -0.013723 2.18556E-07
 ni  28   5.033601 -1.166399  0.000133 -0.023855 4.54630E-06
 cu  29   3.088785 -1.161215  0.005317 -0.018672 5.58913E-08
 zn  30   3.463635 -1.166365  0.000167 -0.023821 1.36378E-07
 ga  31   1.916334 -1.163666  0.002866 -0.021122 4.12269E-09
 ge  32   2.380779 -1.199221 -0.032689 -0.056677 1.25149E-08
 as  33   1.133354 -1.166646 -0.000114 -0.024102 7.30188E-10
 se  34   2.130646 -1.209354 -0.042823 -0.066811 7.64757E-09
 br  35   1.373137 -1.166863 -0.000332 -0.024320 1.35262E-09
 kr  36   2.082623 -1.167377 -0.000846 -0.024834 7.26654E-09
 rb  37   1.348217 -1.171783 -0.005251 -0.029240 1.36613E-09
 sr  38   1.714748 -1.165252  0.001280 -0.022708 3.25704E-09
  y  39   1.043960 -1.166040  0.000491 -0.023497 7.05279E-10
 zr  40   1.363825 -1.166175  0.000356 -0.023632 1.51149E-09
 nb  41   0.242190 -1.167810 -0.001278 -0.025266 1.16333E-10
 mo  42   0.652383 -1.287617 -0.121086 -0.145074 3.08925E-10
 tc  43  -3.446542 -9.000000  0.000000  0.000000 2.51278E-14
 ru  44   0.462233 -1.297767 -0.131236 -0.155224 2.10052E-10
 rh  45  -0.107740 -1.167740 -0.001209 -0.025197 5.75667E-11
 pd  46   0.424482 -1.225518 -0.058986 -0.082974 2.02757E-10
 ag  47   0.032251 -1.167749 -0.001217 -0.025205 8.32942E-11
 cd  48   0.504288 -1.205712 -0.039181 -0.063169 2.57376E-10
 in  49  -0.425961 -1.185961 -0.019429 -0.043417 3.08688E-11
 sn  50   0.841545 -1.228455 -0.061923 -0.085912 5.90886E-10
 sb  51  -0.399647 -1.409647 -0.243115 -0.267103 3.47800E-11
 te  52   0.546030 -1.633970 -0.467438 -0.491427 3.21626E-10
  i  53   0.382023 -1.167977 -0.001446 -0.025434 2.19265E-10
 xe  54   1.036183 -1.203817 -0.037285 -0.061273 1.02305E-09
 cs  55  -0.085467 -1.165467  0.001064 -0.022924 7.82608E-11
 ba  56   1.013541 -1.166459  0.000073 -0.023916 1.01571E-09
 la  57   0.003284 -1.166716 -0.000184 -0.024172 1.00340E-10
 ce  58   0.411702 -1.168298 -0.001766 -0.025755 2.59215E-10
 pr  59  -0.407008 -1.167008 -0.000477 -0.024465 3.95729E-11
 nd  60   0.258468 -1.191532 -0.025001 -0.048989 1.87510E-10
 pm  61   0.000000 -9.000000  0.000000  0.000000 0.00000E+00
 sm  62  -0.356544 -1.296544 -0.130012 -0.154000 4.74307E-11
 eu  63  -0.658044 -1.168044 -0.001512 -0.025501 2.39424E-11
 gd  64  -0.224195 -1.274195 -0.107664 -0.131652 6.72769E-11
 tb  65  -0.847743 -1.167743 -0.001211 -0.025200 1.61778E-11
 dy  66  -0.037653 -1.167653 -0.001121 -0.025110 1.06825E-10
 ho  67  -0.697726 -1.167726 -0.001195 -0.025183 2.37161E-11
 er  68  -0.254362 -1.174362 -0.007831 -0.031819 6.67572E-11
 tm  69  -1.047215 -1.167215 -0.000684 -0.024672 1.08636E-11
 yb  70  -0.306149 -1.226150 -0.059618 -0.083606 6.13010E-11
 lu  71  -1.077009 -1.167009 -0.000478 -0.024466 1.05055E-11
 hf  72  -0.455470 -1.165470  0.001061 -0.022927 4.48348E-11
 ta  73  -1.286050 -1.166050  0.000482 -0.023507 6.71389E-12
  w  74  -0.515735 -1.165735  0.000797 -0.023191 4.01954E-11
 re  75  -0.922358 -1.182358 -0.015826 -0.039814 1.59628E-11
 os  76   0.183642 -1.166358  0.000174 -0.023814 2.08158E-10
 ir  77   0.151997 -1.168003 -0.001472 -0.025460 1.95551E-10
 pt  78   0.420676 -1.199324 -0.032792 -0.056780 3.68431E-10
 au  79  -0.367091 -1.167091 -0.000560 -0.024548 6.06420E-11
 hg  80  -0.023560 -1.193560 -0.027028 -0.051016 1.36214E-10
 tl  81  -0.394236 -1.164236  0.002296 -0.021692 5.91126E-11
 pb  82   0.873777 -1.166223  0.000309 -0.023679 1.11081E-09
 bi  83  -0.516533 -1.166533 -0.000001 -0.023990 4.56082E-11
 po  84  -4.027857 -9.000000  0.000000  0.000000 1.40527E-14
#[ls/Fe]_Bisterzo =   0.0004, [hs/Fe]_Bisterzo =  -0.0517
#[hs/ls]_Bisterzo =  -0.0522, [Pb/hs]_Bisterzo =   0.0520
#[ls/Fe]_Thiswork =   0.0007, [hs/Fe]_Thiswork =  -0.0006
#[hs/ls]_Thiswork =  -0.0013, [Pb/hs]_Thiswork =   0.0009
# He/H =  9.8006E-02, C/O =  3.6308E+00, c12/c13 = 2.36445E+02
# N/O =  3.2610E-01, n14/n15 = 2.04112E+03
# o16/o17 = 6.34871E+02, o16/o18 = 7.19798E+02
# mg24/mg25 =  8.0413E+00, mg24/mg26 =  7.1322E+00
# al26/al27 =  2.8734E-03, mg+al =  2.2755E-06
#
#  TP   Mass     Mcore    Menv    log L
#  9 1.180460 0.610194 0.570266 3.819750
# El  Z   log e(X)   [X/H]    [X/Fe]     [X/O]      X(i)
  p   1  12.000000  0.000000  0.000000  0.000000 7.20880E-01
 he   2  10.994077  0.064076  1.230608  1.206620 2.82400E-01
 li   3   1.984225 -1.275775 -0.109243 -0.133231 4.78685E-10
 be   4   0.000000 -1.300000  0.000000  0.000000 0.00000E+00
  b   5   0.000000 -2.790000  0.000000  0.000000 3.13668E-25
  c   6   8.323749 -0.146252  1.020280  0.996292 1.81021E-03
  n   7   7.104370 -0.765630  0.400902  0.376914 1.27385E-04
  o   8   7.605045 -1.124955  0.041577  0.000000 4.60829E-04
  f   9   3.534810 -0.885190  0.281342  0.239765 4.65500E-08
 ne  10   6.854741 -1.115259  0.051273  0.009696 1.03292E-04
 na  11   5.180044 -1.059956  0.106576  0.064999 2.48877E-06
 mg  12   6.473988 -1.166012  0.000519 -0.041058 5.17709E-05
 al  13   5.313888 -1.136112  0.030419 -0.011158 3.97524E-06
 si  14   6.384925 -1.165075  0.001457 -0.040120 4.87324E-05
  p  15   4.246231 -1.163769  0.002762 -0.038815 3.90508E-07
  s  16   5.994515 -1.155485  0.011046 -0.030530 2.26437E-05
 cl  17   4.068298 -1.161702  0.004830 -0.036747 2.96724E-07
 ar  18   5.274362 -1.165638  0.000893 -0.040684 5.37352E-06
  k  19   3.915280 -1.164720  0.001812 -0.039765 2.30058E-07
 ca  20   5.124290 -1.165710  0.000822 -0.040755 3.81591E-06
 sc  21   1.890386 -1.159614  0.006917 -0.034660 2.49790E-09
 ti  22   3.744657 -1.165343  0.001188 -0.040389 1.90150E-07
  v  23   2.792240 -1.167760 -0.001228 -0.042805 2.25797E-08
 cr  24   4.455270 -1.184730 -0.018198 -0.059775 1.06082E-06
 mn  25   4.316258 -1.163742  0.002790 -0.038787 8.13830E-07
 fe  26   6.374521 -1.165479  0.000000 -0.040524 9.46036E-05
 co  27   3.718921 -1.151079  0.014400 -0.026124 2.20638E-07
 ni  28   5.034677 -1.165323  0.000156 -0.040368 4.54638E-06
 cu  29   3.091461 -1.158539  0.006940 -0.033584 5.60986E-08
 zn  30   3.464785 -1.165215  0.000264 -0.040261 1.36403E-07
 ga  31   1.918461 -1.161539  0.003940 -0.036584 4.13275E-09
 ge  32   2.382411 -1.197589 -0.032110 -0.072634 1.25311E-08
 as  33   1.134244 -1.165756 -0.000277 -0.040801 7.29887E-10
 se  34   2.132077 -1.207923 -0.042444 -0.082968 7.65397E-09
 br  35   1.374018 -1.165982 -0.000503 -0.041028 1.35204E-09
 kr  36   2.083975 -1.166025 -0.000546 -0.041070 7.27127E-09
 rb  37   1.349200 -1.170800 -0.005321 -0.045845 1.36586E-09
 sr  38   1.716402 -1.163598  0.001881 -0.038643 3.26143E-09
  y  39   1.045188 -1.164812  0.000667 -0.039857 7.05539E-10
 zr  40   1.364999 -1.165001  0.000478 -0.040046 1.51186E-09
 nb  41   0.242585 -1.167415 -0.001936 -0.042460 1.16153E-10
 mo  42   0.653579 -1.286421 -0.120942 -0.161467 3.09016E-10
 tc  43  -3.301336 -9.000000  0.000000  0.000000 3.50181E-14
 ru  44   0.463139 -1.296861 -0.131382 -0.171907 2.09973E-10
 rh  45  -0.107361 -1.167361 -0.001882 -0.042406 5.74754E-11
 pd  46   0.425712 -1.224288 -0.058809 -0.099334 2.02832E-10
 ag  47   0.032635 -1.167365 -0.001886 -0.042411 8.31628E-11
 cd  48   0.505622 -1.204378 -0.038899 -0.079423 2.57533E-10
 in  49  -0.425179 -1.185179 -0.019699 -0.060224 3.08485E-11
 sn  50   0.842790 -1.227210 -0.061731 -0.102256 5.91124E-10
 sb  51  -0.398960 -1.408960 -0.243481 -0.284005 3.47494E-11
 te  52   0.547048 -1.632952 -0.467473 -0.507998 3.21589E-10
  i  53   0.382271 -1.167729 -0.002250 -0.042774 2.18851E-10
 xe  54   1.037222 -1.202778 -0.037299 -0.077823 1.02298E-09
 cs  55  -0.084152 -1.164152  0.001327 -0.039198 7.83053E-11
 ba  56   1.014972 -1.165028  0.000451 -0.040074 1.01655E-09
 la  57   0.004411 -1.165589 -0.000110 -0.040635 1.00354E-10
 ce  58   0.412802 -1.167198 -0.001719 -0.042244 2.59234E-10
 pr  59  -0.406198 -1.166198 -0.000718 -0.041243 3.95494E-11
 nd  60   0.259529 -1.190471 -0.024992 -0.065516 1.87507E-10
 pm  61   0.000000 -9.000000  0.000000  0.000000 0.00000E+00
 sm  62  -0.355611 -1.295611 -0.130132 -0.170656 4.74158E-11
 eu  63  -0.657834 -1.167834 -0.002355 -0.042879 2.38951E-11
 gd  64  -0.223334 -1.273334 -0.107855 -0.148380 6.72447E-11
 tb  65  -0.847300 -1.167300 -0.001820 -0.042345 1.61545E-11
 dy  66  -0.036717 -1.166717 -0.001238 -0.041763 1.06792E-10
 ho  67  -0.697299 -1.167299 -0.001820 -0.042344 2.36812E-11
 er  68  -0.253328 -1.173328 -0.007849 -0.048374 6.67519E-11
 tm  69  -1.046470 -1.166470 -0.000991 -0.041515 1.08555E-11
 yb  70  -0.304366 -1.224366 -0.058887 -0.099411 6.14021E-11
 lu  71  -1.075965 -1.165965 -0.000486 -0.041010 1.05049E-11
 hf  72  -0.453815 -1.163815  0.001665 -0.038860 4.48954E-11
 ta  73  -1.284938 -1.164938  0.000541 -0.039983 6.71457E-12
  w  74  -0.514265 -1.164265  0.001214 -0.039310 4.02325E-11
 re  75  -0.921954 -1.181954 -0.016475 -0.056999 1.59384E-11
 os  76   0.184186 -1.165814 -0.000335 -0.040859 2.07906E-10
 ir  77   0.152243 -1.167757 -0.002278 -0.042803 1.95181E-10
 pt  78   0.421718 -1.198282 -0.032803 -0.073328 3.68407E-10
 au  79  -0.366134 -1.166134 -0.000654 -0.041179 6.06264E-11
 hg  80  -0.020560 -1.190560 -0.025081 -0.065606 1.36820E-10
 tl  81  -0.392575 -1.162575  0.002904 -0.037621 5.91931E-11
 pb  82   0.874949 -1.165051  0.000429 -0.040096 1.11107E-09
 bi  83  -0.515479 -1.165479  0.000000 -0.040524 4.56066E-11
 po  84  -3.889053 -9.000000  0.000000  0.000000 1.92972E-14
#[ls/Fe]_Bisterzo =   0.0006, [hs/Fe]_Bisterzo =  -0.0517
#[hs/ls]_Bisterzo =  -0.0523, [Pb/hs]_Bisterzo =   0.0522
#[ls/Fe]_Thiswork =   0.0010, [hs/Fe]_Thiswork =  -0.0005
#[hs/ls]_Thiswork =  -0.0015, [Pb/hs]_Thiswork =   0.0009
# He/H =  9.8645E-02, C/O =  5.2324E+00, c12/c13 = 3.53957E+02
# N/O =  3.1574E-01, n14/n15 = 2.03204E+03
# o16/o17 = 6.68281E+02, o16/o18 = 7.46661E+02
# mg24/mg25 =  8.0474E+00, mg24/mg26 =  7.1433E+00
# al26/al27 =  3.5705E-03, mg+al =  2.2774E-06
#
#  TP   Mass     Mcore    Menv    log L
# 10 1.174850 0.618095 0.556752 3.853480
# El  Z   log e(X)   [X/H]    [X/Fe]     [X/O]      X(i)
  p   1  12.000000  0.000000  0.000000  0.000000 7.19193E-01
 he   2  10.996802  0.066802  1.232281  1.191757 2.83513E-01
 li   3   2.009633 -1.250367 -0.084888 -0.125412 5.06337E-10
 be   4   0.000000 -1.300000  0.000000  0.000000 0.00000E+00
  b   5   0.000000 -2.790000  0.000000  0.000000 3.07013E-25
  c   6   8.437837 -0.032164  1.133316  1.092791 2.34856E-03
  n   7   7.110198 -0.759802  0.405677  0.365153 1.28804E-04
  o   8   7.619635 -1.110365  0.055114  0.000000 4.75458E-04
  f   9   3.629477 -0.790524  0.374956  0.319841 5.77523E-08
 ne  10   6.879653 -1.090347  0.075132  0.020018 1.09134E-04
 na  11   5.185654 -1.054346  0.111133  0.056019 2.51523E-06
 mg  12   6.474952 -1.165048  0.000432 -0.054683 5.17646E-05
 al  13   5.320540 -1.129460  0.036019 -0.019095 4.02716E-06
 si  14   6.386003 -1.163998  0.001482 -0.053633 4.87391E-05
  p  15   4.247548 -1.162452  0.003027 -0.052087 3.90778E-07
  s  16   5.995518 -1.154482  0.010997 -0.044117 2.26430E-05
 cl  17   4.070282 -1.159719  0.005761 -0.049354 2.97385E-07
 ar  18   5.275327 -1.164673  0.000806 -0.054308 5.37288E-06
  k  19   3.916701 -1.163299  0.002181 -0.052934 2.30272E-07
 ca  20   5.125244 -1.164756  0.000723 -0.054391 3.81535E-06
 sc  21   1.892801 -1.157199  0.008281 -0.046834 2.50596E-09
 ti  22   3.745688 -1.164311  0.001168 -0.053946 1.90156E-07
  v  23   2.792933 -1.167067 -0.001587 -0.056702 2.25629E-08
 cr  24   4.456285 -1.183714 -0.018235 -0.073349 1.06082E-06
 mn  25   4.317978 -1.162022  0.003457 -0.051657 8.15147E-07
 fe  26   6.375525 -1.164475  0.000000 -0.054110 9.46007E-05
 co  27   3.723213 -1.146787  0.017688 -0.036422 2.22309E-07
 ni  28   5.035673 -1.164327  0.000148 -0.053962 4.54616E-06
 cu  29   3.093524 -1.156476  0.007999 -0.046111 5.62338E-08
 zn  30   3.465847 -1.164153  0.000322 -0.053788 1.36417E-07
 ga  31   1.920275 -1.159725  0.004750 -0.049360 4.14033E-09
 ge  32   2.383812 -1.196188 -0.031713 -0.085823 1.25422E-08
 as  33   1.135044 -1.164956 -0.000481 -0.054591 7.29523E-10
 se  34   2.133352 -1.206648 -0.042173 -0.096283 7.65852E-09
 br  35   1.374846 -1.165154 -0.000679 -0.054790 1.35145E-09
 kr  36   2.085214 -1.164786 -0.000311 -0.054421 7.27498E-09
 rb  37   1.350091 -1.169909 -0.005434 -0.059544 1.36546E-09
 sr  38   1.717915 -1.162086  0.002389 -0.051721 3.26515E-09
  y  39   1.046318 -1.163682  0.000793 -0.053317 7.05723E-10
 zr  40   1.366090 -1.163910  0.000565 -0.053545 1.51211E-09
 nb  41   0.242959 -1.167041 -0.002566 -0.056676 1.15981E-10
 mo  42   0.654757 -1.285243 -0.120768 -0.174878 3.09131E-10
 tc  43  -3.209533 -9.000000  0.000000  0.000000 4.31597E-14
 ru  44   0.464005 -1.295995 -0.131521 -0.185631 2.09900E-10
 rh  45  -0.106993 -1.166993 -0.002518 -0.056628 5.73896E-11
 pd  46   0.426907 -1.223093 -0.058618 -0.112728 2.02916E-10
 ag  47   0.033015 -1.166985 -0.002510 -0.056620 8.30410E-11
 cd  48   0.506900 -1.203100 -0.038625 -0.092735 2.57688E-10
 in  49  -0.424443 -1.184443 -0.019968 -0.074078 3.08285E-11
 sn  50   0.843941 -1.226059 -0.061584 -0.115694 5.91307E-10
 sb  51  -0.398323 -1.408323 -0.243848 -0.297958 3.47189E-11
 te  52   0.548010 -1.631990 -0.467515 -0.521625 3.21548E-10
  i  53   0.382510 -1.167490 -0.003015 -0.057125 2.18459E-10
 xe  54   1.038250 -1.201750 -0.037275 -0.091385 1.02300E-09
 cs  55  -0.082860 -1.162860  0.001615 -0.052495 7.83550E-11
 ba  56   1.016266 -1.163734  0.000741 -0.053369 1.01720E-09
 la  57   0.005461 -1.164539 -0.000064 -0.054174 1.00361E-10
 ce  58   0.413838 -1.166162 -0.001687 -0.055797 2.59245E-10
 pr  59  -0.405426 -1.165426 -0.000951 -0.055061 3.95271E-11
 nd  60   0.260545 -1.189455 -0.024980 -0.079090 1.87506E-10
 pm  61   0.000000 -9.000000  0.000000  0.000000 0.00000E+00
 sm  62  -0.354707 -1.294707 -0.130232 -0.184342 4.74035E-11
 eu  63  -0.657613 -1.167613 -0.003138 -0.057248 2.38513E-11
 gd  64  -0.222527 -1.272527 -0.108052 -0.162162 6.72124E-11
 tb  65  -0.846851 -1.166851 -0.002376 -0.056486 1.61334E-11
 dy  66  -0.035777 -1.165777 -0.001302 -0.055412 1.06773E-10
 ho  67  -0.696852 -1.166852 -0.002377 -0.056487 2.36501E-11
 er  68  -0.252295 -1.172296 -0.007821 -0.061931 6.67543E-11
 tm  69  -1.045700 -1.165700 -0.001225 -0.055335 1.08493E-11
 yb  70  -0.302605 -1.222605 -0.058130 -0.112240 6.15073E-11
 lu  71  -1.074974 -1.164974 -0.000499 -0.054609 1.05043E-11
 hf  72  -0.452332 -1.162332  0.002143 -0.051967 4.49436E-11
 ta  73  -1.283943 -1.163943  0.000532 -0.053578 6.71422E-12
  w  74  -0.512981 -1.162981  0.001494 -0.052616 4.02572E-11
 re  75  -0.921583 -1.181583 -0.017108 -0.071218 1.59147E-11
 os  76   0.184675 -1.165325 -0.000850 -0.054960 2.07653E-10
 ir  77   0.152481 -1.167519 -0.003044 -0.057154 1.94831E-10
 pt  78   0.422752 -1.197248 -0.032773 -0.086883 3.68422E-10
 au  79  -0.365101 -1.165101 -0.000626 -0.054736 6.06287E-11
 hg  80  -0.017728 -1.187728 -0.023253 -0.077363 1.37394E-10
 tl  81  -0.391258 -1.161258  0.003217 -0.050893 5.92341E-11
 pb  82   0.876042 -1.163958  0.000517 -0.053593 1.11126E-09
 bi  83  -0.514471 -1.164471  0.000004 -0.054106 4.56056E-11
 po  84  -3.806357 -9.000000  0.000000  0.000000 2.32902E-14
#[ls/Fe]_Bisterzo =   0.0007, [hs/Fe]_Bisterzo =  -0.0518
#[hs/ls]_Bisterzo =  -0.0524, [Pb/hs]_Bisterzo =   0.0523
#[ls/Fe]_Thiswork =   0.0012, [hs/Fe]_Thiswork =  -0.0003
#[hs/ls]_Thiswork =  -0.0016, [Pb/hs]_Thiswork =   0.0009
# He/H =  9.9266E-02, C/O =  6.5796E+00, c12/c13 = 4.57568E+02
# N/O =  3.0943E-01, n14/n15 = 2.03038E+03
# o16/o17 = 6.97638E+02, o16/o18 = 7.70741E+02
# mg24/mg25 =  8.0481E+00, mg24/mg26 =  7.1527E+00
# al26/al27 =  4.1304E-03, mg+al =  2.2790E-06
#
#  TP   Mass     Mcore    Menv    log L
# 11 1.162470 0.625800 0.536668 3.882330
# El  Z   log e(X)   [X/H]    [X/Fe]     [X/O]      X(i)
  p   1  12.000000  0.000000  0.000000  0.000000 7.17294E-01
 he   2  10.999965  0.069964  1.234439  1.180329 2.84831E-01
 li   3   2.036383 -1.223617 -0.059142 -0.113252 5.37083E-10
 be   4   0.000000 -1.300000  0.000000  0.000000 0.00000E+00
  b   5   0.000000 -2.790000  0.000000  0.000000 3.06443E-25
  c   6   8.529345  0.059344  1.223819  1.169709 2.89175E-03
  n   7   7.119161 -0.750839  0.413636  0.359526 1.31142E-04
  o   8   7.633253 -1.096746  0.067729  0.000000 4.89308E-04
  f   9   3.733694 -0.686306  0.478169  0.410440 7.32215E-08
 ne  10   6.910003 -1.059997  0.104478  0.036750 1.16724E-04
 na  11   5.192896 -1.047104  0.117371  0.049643 2.55077E-06
 mg  12   6.476086 -1.163914  0.000561 -0.067168 5.17628E-05
 al  13   5.326947 -1.123053  0.041422 -0.026306 4.07622E-06
 si  14   6.387204 -1.162796  0.001679 -0.066050 4.87451E-05
  p  15   4.248969 -1.161031  0.003444 -0.064284 3.91024E-07
  s  16   5.996652 -1.153348  0.011127 -0.056602 2.26423E-05
 cl  17   4.072443 -1.157557  0.006918 -0.060811 2.98080E-07
 ar  18   5.276423 -1.163578  0.000897 -0.066831 5.37222E-06
  k  19   3.918264 -1.161736  0.002739 -0.064989 2.30492E-07
 ca  20   5.126328 -1.163671  0.000803 -0.066925 3.81480E-06
 sc  21   1.895430 -1.154570  0.009905 -0.057824 2.51451E-09
 ti  22   3.746850 -1.163150  0.001325 -0.066403 1.90162E-07
  v  23   2.793737 -1.166263 -0.001788 -0.069516 2.25450E-08
 cr  24   4.457434 -1.182566 -0.018091 -0.085820 1.06082E-06
 mn  25   4.319941 -1.160059  0.004416 -0.063313 8.16678E-07
 fe  26   6.376660 -1.163340  0.000000 -0.066593 9.45979E-05
 co  27   3.727600 -1.142400  0.020940 -0.045653 2.23973E-07
 ni  28   5.036781 -1.163219  0.000121 -0.066473 4.54573E-06
 cu  29   3.095588 -1.154412  0.008927 -0.057666 5.63524E-08
 zn  30   3.467015 -1.162985  0.000355 -0.066238 1.36424E-07
 ga  31   1.922185 -1.157815  0.005525 -0.061069 4.14761E-09
 ge  32   2.385302 -1.194698 -0.031359 -0.097952 1.25520E-08
 as  33   1.135940 -1.164060 -0.000721 -0.067314 7.29097E-10
 se  34   2.134740 -1.205260 -0.041920 -0.108514 7.66274E-09
 br  35   1.375778 -1.164222 -0.000882 -0.067475 1.35078E-09
 kr  36   2.086573 -1.163427 -0.000088 -0.066681 7.27852E-09
 rb  37   1.351102 -1.168898 -0.005558 -0.072152 1.36503E-09
 sr  38   1.719565 -1.160435  0.002905 -0.063688 3.26893E-09
  y  39   1.047570 -1.162430  0.000910 -0.065683 7.05891E-10
 zr  40   1.367307 -1.162693  0.000646 -0.065947 1.51235E-09
 nb  41   0.243418 -1.166582 -0.003243 -0.069836 1.15797E-10
 mo  42   0.656087 -1.283913 -0.120574 -0.187167 3.09259E-10
 tc  43  -3.130521 -9.000000  0.000000  0.000000 5.16347E-14
 ru  44   0.464993 -1.295007 -0.131667 -0.198260 2.09823E-10
 rh  45  -0.106526 -1.166526 -0.003187 -0.069780 5.72995E-11
 pd  46   0.428243 -1.221757 -0.058418 -0.125011 2.03003E-10
 ag  47   0.033500 -1.166500 -0.003161 -0.069754 8.29142E-11
 cd  48   0.508342 -1.201658 -0.038319 -0.104912 2.57862E-10
 in  49  -0.423587 -1.183587 -0.020247 -0.086840 3.08077E-11
 sn  50   0.845220 -1.224780 -0.061441 -0.128034 5.91485E-10
 sb  51  -0.397584 -1.407584 -0.244244 -0.310838 3.46862E-11
 te  52   0.549090 -1.630910 -0.467570 -0.534163 3.21498E-10
  i  53   0.382837 -1.167163 -0.003823 -0.070416 2.18047E-10
 xe  54   1.039416 -1.200584 -0.037244 -0.103837 1.02304E-09
 cs  55  -0.081306 -1.161307  0.002033 -0.064560 7.84281E-11
 ba  56   1.017684 -1.162316  0.001024 -0.065570 1.01783E-09
 la  57   0.006633 -1.163367 -0.000028 -0.066621 1.00367E-10
 ce  58   0.415003 -1.164997 -0.001658 -0.068251 2.59255E-10
 pr  59  -0.404545 -1.164545 -0.001205 -0.067798 3.95028E-11
 nd  60   0.261694 -1.188306 -0.024966 -0.091560 1.87507E-10
 pm  61   0.000000 -9.000000  0.000000  0.000000 0.00000E+00
 sm  62  -0.353673 -1.293673 -0.130333 -0.196927 4.73910E-11
 eu  63  -0.657291 -1.167291 -0.003952 -0.070545 2.38060E-11
 gd  64  -0.221633 -1.271633 -0.108293 -0.174886 6.71730E-11
 tb  65  -0.846305 -1.166305 -0.002965 -0.069558 1.61111E-11
 dy  66  -0.034711 -1.164711 -0.001371 -0.067964 1.06753E-10
 ho  67  -0.696287 -1.166287 -0.002948 -0.069541 2.36183E-11
 er  68  -0.251109 -1.171109 -0.007770 -0.074363 6.67601E-11
 tm  69  -1.044780 -1.164780 -0.001440 -0.068033 1.08436E-11
 yb  70  -0.300587 -1.220587 -0.057247 -0.123840 6.16306E-11
 lu  71  -1.073802 -1.163802 -0.000462 -0.067056 1.05049E-11
 hf  72  -0.450689 -1.160689  0.002650 -0.063943 4.49947E-11
 ta  73  -1.282823 -1.162823  0.000517 -0.066076 6.71379E-12
  w  74  -0.511586 -1.161586  0.001753 -0.064840 4.02801E-11
 re  75  -0.921107 -1.181107 -0.017768 -0.084361 1.58901E-11
 os  76   0.185238 -1.164762 -0.001423 -0.068016 2.07374E-10
 ir  77   0.152804 -1.167196 -0.003856 -0.070449 1.94461E-10
 pt  78   0.423884 -1.196116 -0.032776 -0.099369 3.68409E-10
 au  79  -0.363899 -1.163899 -0.000560 -0.067153 6.06360E-11
 hg  80  -0.014482 -1.184482 -0.021143 -0.087736 1.38059E-10
 tl  81  -0.389900 -1.159900  0.003439 -0.063154 5.92627E-11
 pb  82   0.877259 -1.162741  0.000599 -0.065994 1.11144E-09
 bi  83  -0.513330 -1.163329  0.000010 -0.066583 4.56049E-11
 po  84  -3.738123 -9.000000  0.000000  0.000000 2.71806E-14
#[ls/Fe]_Bisterzo =   0.0008, [hs/Fe]_Bisterzo =  -0.0518
#[hs/ls]_Bisterzo =  -0.0526, [Pb/hs]_Bisterzo =   0.0524
#[ls/Fe]_Thiswork =   0.0015, [hs/Fe]_Thiswork =  -0.0002
#[hs/ls]_Thiswork =  -0.0017, [Pb/hs]_Thiswork =   0.0008
# He/H =  9.9992E-02, C/O =  7.8721E+00, c12/c13 = 5.59222E+02
# N/O =  3.0613E-01, n14/n15 = 2.04301E+03
# o16/o17 = 7.19800E+02, o16/o18 = 7.94683E+02
# mg24/mg25 =  8.0450E+00, mg24/mg26 =  7.1601E+00
# al26/al27 =  4.6158E-03, mg+al =  2.2808E-06
#
#  TP   Mass     Mcore    Menv    log L
# 12 1.122270 0.633379 0.488894 3.906980
# El  Z   log e(X)   [X/H]    [X/Fe]     [X/O]      X(i)
  p   1  12.000000  0.000000  0.000000  0.000000 7.15686E-01
 he   2  11.002644  0.072643  1.235983  1.169390 2.85951E-01
 li   3   2.060480 -1.199520 -0.036180 -0.102773 5.66453E-10
 be   4   0.000000 -1.300000  0.000000  0.000000 0.00000E+00
  b   5   0.000000 -2.790000  0.000000  0.000000 3.04671E-25
  c   6   8.593563  0.123563  1.286902  1.220309 3.34507E-03
  n   7   7.128482 -0.741518  0.421822  0.355228 1.33687E-04
  o   8   7.643758 -1.086242  0.077098  0.000000 5.00165E-04
  f   9   3.829222 -0.590778  0.572561  0.495463 9.10316E-08
 ne  10   6.940386 -1.029613  0.133726  0.056628 1.24902E-04
 na  11   5.199329 -1.040670  0.122669  0.045571 2.58304E-06
 mg  12   6.477103 -1.162897  0.000443 -0.076655 5.17680E-05
 al  13   5.331949 -1.118051  0.045289 -0.031809 4.11420E-06
 si  14   6.388217 -1.161783  0.001556 -0.075541 4.87494E-05
  p  15   4.250152 -1.159848  0.003491 -0.073606 3.91211E-07
  s  16   5.997614 -1.152386  0.010953 -0.066144 2.26416E-05
 cl  17   4.074318 -1.155682  0.007658 -0.069440 2.98699E-07
 ar  18   5.277352 -1.162648  0.000691 -0.076406 5.37166E-06
  k  19   3.919600 -1.160400  0.002939 -0.074159 2.30684E-07
 ca  20   5.127248 -1.162752  0.000588 -0.076510 3.81431E-06
 sc  21   1.897733 -1.152267  0.011072 -0.066025 2.52222E-09
 ti  22   3.747836 -1.162164  0.001176 -0.075922 1.90167E-07
  v  23   2.794404 -1.165596 -0.002256 -0.079354 2.25290E-08
 cr  24   4.458409 -1.181591 -0.018251 -0.095349 1.06082E-06
 mn  25   4.321691 -1.158309  0.005030 -0.072068 8.18136E-07
 fe  26   6.377624 -1.162376  0.000000 -0.076134 9.45955E-05
 co  27   3.731330 -1.138670  0.023706 -0.052428 2.25398E-07
 ni  28   5.037702 -1.162298  0.000078 -0.076056 4.54518E-06
 cu  29   3.097219 -1.152781  0.009595 -0.066539 5.64377E-08
 zn  30   3.467984 -1.162016  0.000360 -0.075774 1.36422E-07
 ga  31   1.923779 -1.156221  0.006155 -0.069980 4.15352E-09
 ge  32   2.386527 -1.193473 -0.031097 -0.107231 1.25593E-08
 as  33   1.136672 -1.163328 -0.000952 -0.077086 7.28691E-10
 se  34   2.135899 -1.204101 -0.041725 -0.117860 7.66598E-09
 br  35   1.376575 -1.163425 -0.001050 -0.077184 1.35022E-09
 kr  36   2.087713 -1.162287  0.000089 -0.076045 7.28131E-09
 rb  37   1.351953 -1.168047 -0.005672 -0.081806 1.36464E-09
 sr  38   1.720972 -1.159028  0.003348 -0.072786 3.27218E-09
  y  39   1.048624 -1.161376  0.001000 -0.075134 7.06020E-10
 zr  40   1.368335 -1.161665  0.000711 -0.075423 1.51254E-09
 nb  41   0.243788 -1.166212 -0.003836 -0.079970 1.15636E-10
 mo  42   0.657221 -1.282779 -0.120403 -0.196537 3.09373E-10
 tc  43  -3.082812 -9.000000  0.000000  0.000000 5.75011E-14
 ru  44   0.465834 -1.294166 -0.131790 -0.207925 2.09758E-10
 rh  45  -0.106147 -1.166147 -0.003771 -0.079905 5.72210E-11
 pd  46   0.429374 -1.220626 -0.058250 -0.134385 2.03076E-10
 ag  47   0.033899 -1.166101 -0.003725 -0.079859 8.28046E-11
 cd  48   0.509588 -1.200412 -0.038036 -0.114170 2.58023E-10
 in  49  -0.422858 -1.182858 -0.020482 -0.096617 3.07903E-11
 sn  50   0.846305 -1.223695 -0.061319 -0.137453 5.91635E-10
 sb  51  -0.396974 -1.406974 -0.244598 -0.320732 3.46572E-11
 te  52   0.549995 -1.630005 -0.467629 -0.543763 3.21446E-10
  i  53   0.383093 -1.166907 -0.004531 -0.080665 2.17686E-10
 xe  54   1.040406 -1.199594 -0.037218 -0.113352 1.02308E-09
 cs  55  -0.079868 -1.159868  0.002508 -0.073627 7.85118E-11
 ba  56   1.018885 -1.161115  0.001261 -0.074874 1.01836E-09
 la  57   0.007618 -1.162382 -0.000006 -0.076140 1.00369E-10
 ce  58   0.415988 -1.164012 -0.001636 -0.077770 2.59261E-10
 pr  59  -0.403812 -1.163812 -0.001436 -0.077571 3.94807E-11
 nd  60   0.262670 -1.187330 -0.024955 -0.101089 1.87507E-10
 pm  61   0.000000 -9.000000  0.000000  0.000000 0.00000E+00
 sm  62  -0.352797 -1.292797 -0.130421 -0.206555 4.73803E-11
 eu  63  -0.657027 -1.167027 -0.004651 -0.080786 2.37671E-11
 gd  64  -0.220913 -1.270913 -0.108537 -0.184671 6.71335E-11
 tb  65  -0.845859 -1.165859 -0.003483 -0.079617 1.60915E-11
 dy  66  -0.033823 -1.163823 -0.001447 -0.077581 1.06732E-10
 ho  67  -0.695814 -1.165814 -0.003438 -0.079572 2.35911E-11
 er  68  -0.250095 -1.170095 -0.007720 -0.083854 6.67662E-11
 tm  69  -1.043983 -1.163983 -0.001608 -0.077742 1.08392E-11
 yb  70  -0.298775 -1.218775 -0.056399 -0.132533 6.17496E-11
 lu  71  -1.072745 -1.162745 -0.000369 -0.076504 1.05069E-11
 hf  72  -0.449244 -1.159245  0.003131 -0.073003 4.50434E-11
 ta  73  -1.281855 -1.161855  0.000521 -0.075613 6.71370E-12
  w  74  -0.510407 -1.160407  0.001969 -0.074166 4.02991E-11
 re  75  -0.920712 -1.180712 -0.018336 -0.094470 1.58689E-11
 os  76   0.185678 -1.164322 -0.001947 -0.078081 2.07118E-10
 ir  77   0.153053 -1.166947 -0.004571 -0.080705 1.94136E-10
 pt  78   0.424799 -1.195201 -0.032825 -0.108959 3.68358E-10
 au  79  -0.362873 -1.162873 -0.000497 -0.076631 6.06433E-11
 hg  80  -0.011473 -1.181473 -0.019097 -0.095231 1.38707E-10
 tl  81  -0.388808 -1.158808  0.003568 -0.072567 5.92788E-11
 pb  82   0.878285 -1.161715  0.000661 -0.075473 1.11157E-09
 bi  83  -0.512359 -1.162359  0.000017 -0.076117 4.56045E-11
 po  84  -3.688393 -9.000000  0.000000  0.000000 3.04100E-14
#[ls/Fe]_Bisterzo =   0.0009, [hs/Fe]_Bisterzo =  -0.0518
#[hs/ls]_Bisterzo =  -0.0526, [Pb/hs]_Bisterzo =   0.0525
#[ls/Fe]_Thiswork =   0.0017, [hs/Fe]_Thiswork =  -0.0001
#[hs/ls]_Thiswork =  -0.0018, [Pb/hs]_Thiswork =   0.0008
# He/H =  1.0061E-01, C/O =  8.9085E+00, c12/c13 = 6.41115E+02
# N/O =  3.0530E-01, n14/n15 = 2.05722E+03
# o16/o17 = 7.38784E+02, o16/o18 = 8.13657E+02
# mg24/mg25 =  8.0342E+00, mg24/mg26 =  7.1654E+00
# al26/al27 =  4.9632E-03, mg+al =  2.2824E-06
#
#  TP   Mass     Mcore    Menv    log L
# 13 0.788316 0.641316 0.147000 3.921070
# El  Z   log e(X)   [X/H]    [X/Fe]     [X/O]      X(i)
  p   1  12.000000  0.000000  0.000000  0.000000 7.15345E-01
 he   2  11.003344  0.073343  1.235719  1.159585 2.86275E-01
 li   3   2.086000 -1.174000 -0.011624 -0.087758 6.00451E-10
 be   4   0.000000 -1.300000  0.000000  0.000000 0.00000E+00
  b   5   0.000000 -2.790000  0.000000  0.000000 3.03980E-25
  c   6   8.595081  0.125081  1.287457  1.211323 3.35518E-03
  n   7   7.139776 -0.730224  0.432152  0.356018 1.37144E-04
  o   8   7.643964 -1.086036  0.076340  0.000000 5.00163E-04
  f   9   3.832693 -0.587307  0.575069  0.498729 9.17183E-08
 ne  10   6.941710 -1.028290  0.134086  0.057745 1.25223E-04
 na  11   5.201270 -1.038730  0.123646  0.047306 2.59337E-06
 mg  12   6.477290 -1.162710 -0.000334 -0.076674 5.17655E-05
 al  13   5.333113 -1.116887  0.045489 -0.030851 4.12327E-06
 si  14   6.388426 -1.161574  0.000802 -0.075538 4.87497E-05
  p  15   4.250363 -1.159637  0.002739 -0.073601 3.91215E-07
  s  16   5.997821 -1.152179  0.010197 -0.066144 2.26416E-05
 cl  17   4.074539 -1.155461  0.006915 -0.069426 2.98708E-07
 ar  18   5.277558 -1.162442 -0.000066 -0.076406 5.37166E-06
  k  19   3.919889 -1.160110  0.002265 -0.074075 2.30727E-07
 ca  20   5.127449 -1.162551 -0.000175 -0.076515 3.81426E-06
 sc  21   1.897981 -1.152019  0.010357 -0.065984 2.52245E-09
 ti  22   3.748043 -1.161957  0.000419 -0.075921 1.90167E-07
  v  23   2.794601 -1.165399 -0.003023 -0.079363 2.25285E-08
 cr  24   4.458616 -1.181384 -0.019008 -0.095348 1.06082E-06
 mn  25   4.321923 -1.158077  0.004299 -0.072041 8.18185E-07
 fe  26   6.377831 -1.162169  0.000000 -0.076134 9.45954E-05
 co  27   3.732022 -1.137978  0.024192 -0.051942 2.25650E-07
 ni  28   5.037888 -1.162112  0.000057 -0.076077 4.54495E-06
 cu  29   3.097438 -1.152562  0.009607 -0.066526 5.64393E-08
 zn  30   3.468190 -1.161810  0.000360 -0.075774 1.36422E-07
 ga  31   1.924002 -1.155998  0.006171 -0.069963 4.15368E-09
 ge  32   2.386740 -1.193260 -0.031091 -0.107224 1.25595E-08
 as  33   1.136870 -1.163130 -0.000960 -0.077094 7.28677E-10
 se  34   2.136079 -1.203921 -0.041752 -0.117885 7.66551E-09
 br  35   1.376987 -1.163013 -0.000844 -0.076978 1.35086E-09
 kr  36   2.087918 -1.162082  0.000088 -0.076046 7.28127E-09
 rb  37   1.352156 -1.167844 -0.005675 -0.081809 1.36463E-09
 sr  38   1.721192 -1.158808  0.003362 -0.072772 3.27228E-09
  y  39   1.048833 -1.161167  0.001002 -0.075131 7.06023E-10
 zr  40   1.368536 -1.161464  0.000705 -0.075428 1.51252E-09
 nb  41   0.244061 -1.165939 -0.003770 -0.079904 1.15654E-10
 mo  42   0.657434 -1.282567 -0.120397 -0.196531 3.09377E-10
 tc  43  -3.204437 -9.000000  0.000000  0.000000 4.34354E-14
 ru  44   0.466067 -1.293933 -0.131763 -0.207897 2.09771E-10
 rh  45  -0.105958 -1.165958 -0.003788 -0.079922 5.72186E-11
 pd  46   0.429583 -1.220417 -0.058248 -0.134382 2.03077E-10
 ag  47   0.034097 -1.165903 -0.003734 -0.079868 8.28028E-11
 cd  48   0.509804 -1.200196 -0.038027 -0.114161 2.58029E-10
 in  49  -0.422658 -1.182658 -0.020489 -0.096622 3.07898E-11
 sn  50   0.846515 -1.223485 -0.061316 -0.137450 5.91639E-10
 sb  51  -0.396778 -1.406778 -0.244609 -0.320742 3.46562E-11
 te  52   0.550200 -1.629800 -0.467630 -0.543764 3.21444E-10
  i  53   0.383278 -1.166722 -0.004553 -0.080686 2.17675E-10
 xe  54   1.040614 -1.199386 -0.037216 -0.113350 1.02308E-09
 cs  55  -0.079746 -1.159746  0.002423 -0.073711 7.84965E-11
 ba  56   1.019106 -1.160894  0.001275 -0.074858 1.01840E-09
 la  57   0.007825 -1.162175 -0.000006 -0.076139 1.00369E-10
 ce  58   0.416195 -1.163805 -0.001636 -0.077769 2.59261E-10
 pr  59  -0.403613 -1.163613 -0.001444 -0.077577 3.94801E-11
 nd  60   0.262877 -1.187124 -0.024954 -0.101088 1.87507E-10
 pm  61   0.000000 -9.000000  0.000000  0.000000 0.00000E+00
 sm  62  -0.352592 -1.292593 -0.130423 -0.206557 4.73800E-11
 eu  63  -0.656842 -1.166842 -0.004673 -0.080806 2.37659E-11
 gd  64  -0.220715 -1.270715 -0.108545 -0.184679 6.71322E-11
 tb  65  -0.845668 -1.165668 -0.003498 -0.079632 1.60909E-11
 dy  66  -0.033619 -1.163619 -0.001449 -0.077583 1.06731E-10
 ho  67  -0.695622 -1.165622 -0.003453 -0.079587 2.35903E-11
 er  68  -0.249887 -1.169887 -0.007717 -0.083851 6.67665E-11
 tm  69  -1.043780 -1.163780 -0.001611 -0.077745 1.08391E-11
 yb  70  -0.298540 -1.218540 -0.056371 -0.132504 6.17535E-11
 lu  71  -1.072534 -1.162534 -0.000364 -0.076498 1.05070E-11
 hf  72  -0.449022 -1.159022  0.003147 -0.072987 4.50450E-11
 ta  73  -1.281647 -1.161647  0.000523 -0.075611 6.71370E-12
  w  74  -0.510194 -1.160194  0.001976 -0.074158 4.02996E-11
 re  75  -0.920522 -1.180522 -0.018352 -0.094486 1.58683E-11
 os  76   0.185867 -1.164133 -0.001963 -0.078097 2.07110E-10
 ir  77   0.153237 -1.166763 -0.004593 -0.080727 1.94126E-10
 pt  78   0.425003 -1.194997 -0.032827 -0.108961 3.68355E-10
 au  79  -0.362664 -1.162664 -0.000495 -0.076628 6.06435E-11
 hg  80  -0.011198 -1.181198 -0.019029 -0.095162 1.38729E-10
 tl  81  -0.388597 -1.158597  0.003573 -0.072561 5.92794E-11
 pb  82   0.878493 -1.161507  0.000663 -0.075471 1.11157E-09
 bi  83  -0.512152 -1.162152  0.000018 -0.076116 4.56045E-11
 po  84  -3.686946 -9.000000  0.000000  0.000000 3.04969E-14
#[ls/Fe]_Bisterzo =   0.0009, [hs/Fe]_Bisterzo =  -0.0518
#[hs/ls]_Bisterzo =  -0.0526, [Pb/hs]_Bisterzo =   0.0525
#[ls/Fe]_Thiswork =   0.0017, [hs/Fe]_Thiswork =  -0.0001
#[hs/ls]_Thiswork =  -0.0018, [Pb/hs]_Thiswork =   0.0008
# He/H =  1.0077E-01, C/O =  8.9355E+00, c12/c13 = 6.34486E+02
# N/O =  3.1319E-01, n14/n15 = 2.10878E+03
# o16/o17 = 7.39664E+02, o16/o18 = 8.14240E+02
# mg24/mg25 =  8.0371E+00, mg24/mg26 =  7.1667E+00
# al26/al27 =  5.2524E-03, mg+al =  2.2826E-06
#
# Final abundances
# El  Z   log e(X)   [X/H]    [X/Fe]     [X/O]      X(i)
  p   1  12.000000  0.000000  0.000000  0.000000 7.15177E-01
 he   2  11.003744  0.073744  1.235810  1.162276 2.86472E-01
 li   3   2.293981 -0.966019  0.196047  0.122513 9.69072E-10
 be   4   2.095021  0.795021  1.957087  1.883554 7.95785E-10
  b   5   0.000000 -2.790000  0.000000  0.000000 2.94528E-25
  c   6   8.585630  0.115630  1.277696  1.204163 3.28219E-03
  n   7   7.262936 -0.607064  0.555002  0.481468 1.82068E-04
  o   8   7.641467 -1.088532  0.073534  0.000000 4.97179E-04
  f   9   3.825630 -0.594370  0.567696  0.494163 9.02176E-08
 ne  10   6.940021 -1.029979  0.132087  0.058554 1.24708E-04
 na  11   5.224007 -1.015993  0.146073  0.072540 2.73211E-06
 mg  12   6.477233 -1.162766 -0.000700 -0.074234 5.17466E-05
 al  13   5.335494 -1.114506  0.047560 -0.025973 4.14497E-06
 si  14   6.388524 -1.161476  0.000590 -0.072944 4.87492E-05
  p  15   4.250439 -1.159561  0.002505 -0.071028 3.91192E-07
  s  16   5.997924 -1.152076  0.009990 -0.063544 2.26417E-05
 cl  17   4.074558 -1.155442  0.006624 -0.066910 2.98651E-07
 ar  18   5.277665 -1.162335 -0.000269 -0.073802 5.37172E-06
  k  19   3.920003 -1.159997  0.002069 -0.071465 2.30733E-07
 ca  20   5.127554 -1.162446 -0.000380 -0.073914 3.81428E-06
 sc  21   1.897973 -1.152027  0.010039 -0.063494 2.52182E-09
 ti  22   3.748144 -1.161856  0.000210 -0.073323 1.90166E-07
  v  23   2.794728 -1.165272 -0.003206 -0.076739 2.25298E-08
 cr  24   4.458718 -1.181282 -0.019216 -0.092749 1.06082E-06
 mn  25   4.321980 -1.158020  0.004046 -0.069487 8.18100E-07
 fe  26   6.377934 -1.162066  0.000000 -0.073534 9.45956E-05
 co  27   3.732058 -1.137942  0.024124 -0.049410 2.25616E-07
 ni  28   5.037982 -1.162018  0.000048 -0.073485 4.54487E-06
 cu  29   3.097440 -1.152560  0.009506 -0.064028 5.64263E-08
 zn  30   3.468290 -1.161710  0.000356 -0.073177 1.36421E-07
 ga  31   1.924038 -1.155962  0.006104 -0.067430 4.15305E-09
 ge  32   2.386807 -1.193192 -0.031126 -0.104660 1.25585E-08
 as  33   1.136985 -1.163015 -0.000949 -0.074483 7.28698E-10
 se  34   2.136134 -1.203866 -0.041800 -0.115333 7.66468E-09
 br  35   1.377268 -1.162732 -0.000666 -0.074200 1.35142E-09
 kr  36   2.087998 -1.162002  0.000064 -0.073469 7.28090E-09
 rb  37   1.352261 -1.167739 -0.005673 -0.079207 1.36464E-09
 sr  38   1.721258 -1.158742  0.003324 -0.070210 3.27201E-09
  y  39   1.048925 -1.161075  0.000991 -0.072542 7.06007E-10
 zr  40   1.368626 -1.161374  0.000692 -0.072842 1.51247E-09
 nb  41   0.244287 -1.165712 -0.003646 -0.077180 1.15687E-10
 mo  42   0.657528 -1.282472 -0.120406 -0.193940 3.09372E-10
 tc  43  -3.332627 -9.000000  0.000000  0.000000 3.23260E-14
 ru  44   0.466202 -1.293798 -0.131732 -0.205266 2.09786E-10
 rh  45  -0.105813 -1.165813 -0.003747 -0.077281 5.72244E-11
 pd  46   0.429671 -1.220329 -0.058263 -0.131796 2.03071E-10
 ag  47   0.034250 -1.165750 -0.003684 -0.077217 8.28125E-11
 cd  48   0.509889 -1.200111 -0.038045 -0.111579 2.58018E-10
 in  49  -0.422539 -1.182539 -0.020473 -0.094006 3.07910E-11
 sn  50   0.846605 -1.223395 -0.061329 -0.134862 5.91624E-10
 sb  51  -0.396651 -1.406651 -0.244585 -0.318119 3.46582E-11
 te  52   0.550306 -1.629694 -0.467628 -0.541161 3.21447E-10
  i  53   0.383432 -1.166568 -0.004502 -0.078035 2.17701E-10
 xe  54   1.040719 -1.199281 -0.037215 -0.110749 1.02309E-09
 cs  55  -0.079770 -1.159770  0.002296 -0.071238 7.84738E-11
 ba  56   1.019194 -1.160806  0.001260 -0.072274 1.01836E-09
 la  57   0.007924 -1.162076 -0.000010 -0.073543 1.00369E-10
 ce  58   0.416295 -1.163705 -0.001639 -0.075173 2.59260E-10
 pr  59  -0.403494 -1.163494 -0.001428 -0.074961 3.94816E-11
 nd  60   0.262980 -1.187021 -0.024955 -0.098488 1.87507E-10
 pm  61   0.000000 -9.000000  0.000000  0.000000 0.00000E+00
 sm  62  -0.352482 -1.292482 -0.130416 -0.203949 4.73809E-11
 eu  63  -0.656687 -1.166687 -0.004621 -0.078154 2.37688E-11
 gd  64  -0.220595 -1.270595 -0.108529 -0.182063 6.71349E-11
 tb  65  -0.845526 -1.165526 -0.003460 -0.076993 1.60924E-11
 dy  66  -0.033506 -1.163506 -0.001440 -0.074974 1.06733E-10
 ho  67  -0.695480 -1.165480 -0.003414 -0.076948 2.35924E-11
 er  68  -0.249783 -1.169783 -0.007717 -0.081250 6.67667E-11
 tm  69  -1.043659 -1.163659 -0.001593 -0.075127 1.08395E-11
 yb  70  -0.298490 -1.218490 -0.056424 -0.129957 6.17462E-11
 lu  71  -1.072434 -1.162434 -0.000368 -0.073902 1.05069E-11
 hf  72  -0.448959 -1.158959  0.003107 -0.070427 4.50410E-11
 ta  73  -1.281549 -1.161549  0.000517 -0.073017 6.71363E-12
  w  74  -0.510118 -1.160118  0.001948 -0.071585 4.02972E-11
 re  75  -0.920380 -1.180380 -0.018314 -0.091847 1.58697E-11
 os  76   0.186006 -1.163994 -0.001928 -0.075462 2.07127E-10
 ir  77   0.153393 -1.166607 -0.004541 -0.078075 1.94150E-10
 pt  78   0.425112 -1.194888 -0.032822 -0.106356 3.68361E-10
 au  79  -0.362556 -1.162556 -0.000490 -0.074024 6.06443E-11
 hg  80  -0.011233 -1.181233 -0.019167 -0.092701 1.38685E-10
 tl  81  -0.388526 -1.158526  0.003540 -0.069993 5.92750E-11
 pb  82   0.878590 -1.161410  0.000656 -0.072878 1.11156E-09
 bi  83  -0.512049 -1.162049  0.000017 -0.073516 4.56046E-11
 po  84  -3.691581 -9.000000  0.000000  0.000000 3.01661E-14
#[ls/Fe]_Bisterzo =   0.0008, [hs/Fe]_Bisterzo =  -0.0518
#[hs/ls]_Bisterzo =  -0.0526, [Pb/hs]_Bisterzo =   0.0524
#[ls/Fe]_Thiswork =   0.0017, [hs/Fe]_Thiswork =  -0.0001
#[hs/ls]_Thiswork =  -0.0018, [Pb/hs]_Thiswork =   0.0008
# He/H =  1.0087E-01, C/O =  8.7935E+00, c12/c13 = 4.65256E+02
# N/O =  4.1828E-01, n14/n15 = 2.80696E+03
# o16/o17 = 7.42304E+02, o16/o18 = 8.18327E+02
# mg24/mg25 =  8.0613E+00, mg24/mg26 =  7.1757E+00
# al26/al27 =  8.0474E-03, mg+al =  2.2827E-06
