# Initial mass = 0.900, Z =  0.0002, Y =  0.250, M_mix = 2.00E-03
# Final mass = 0.731, Mass expelled =   0.1690
# El  Z   log e(X)   [X/H]    [X/Fe]     X(i)     Net M(i) Mass(i) 
  p   1  12.000000  0.000000  0.000000  7.25246E-01 -5.15972E-03  1.22573E-01
 he   2  10.987064  0.057064  1.863837  2.79560E-01  4.96430E-03  4.72480E-02
  c   6   8.024382 -0.445619  1.361155  9.14083E-04  1.47753E-04  1.54488E-04
  n   7   6.688660 -1.181340  0.625433  4.92073E-05  6.34359E-06  8.31646E-06
  o   8   7.059588 -1.670411  0.136362  1.32040E-04  6.21067E-06  2.23159E-05
  f   9   3.762792 -0.697208  1.109565  7.91635E-08  1.23383E-08  1.33793E-08
 ne  10   6.709750 -1.260250  0.546524  7.44212E-05  8.99958E-06  1.25778E-05
 na  11   4.993926 -1.316074  0.490699  1.63114E-06  1.86489E-07  2.75676E-07
 mg  12   5.857394 -1.782606  0.024167  1.25926E-05  1.12481E-07  2.12825E-06
 al  13   4.758666 -1.711334  0.095439  1.11369E-06  3.69278E-08  1.88223E-07
 si  14   5.747219 -1.802782  0.003992  1.12910E-05  1.48806E-08  1.90828E-06
  p  15   3.693811 -1.776188  0.030585  1.10112E-07  1.24190E-09  1.86099E-08
  s  16   5.353652 -1.806348  0.000425  5.20844E-06 -3.34580E-10  8.80271E-07
 cl  17   3.428255 -1.801745  0.005028  6.83807E-08  1.17545E-10  1.15569E-08
 ar  18   4.633383 -1.806617  0.000156  1.23567E-06 -2.05603E-10  2.08839E-07
  k  19   3.274901 -1.805099  0.001675  5.29762E-08  3.41212E-11  8.95343E-09
 ca  20   4.483175 -1.806825 -0.000051  8.77216E-07 -2.13973E-10  1.48257E-07
 sc  21   1.258495 -1.791505  0.015269  5.86554E-10  3.29471E-12  9.91326E-11
 ti  22   3.105927 -1.804073  0.002700  4.39530E-08  3.59996E-11  7.42843E-09
  v  23   2.152319 -1.807681 -0.000908  5.20500E-09 -8.29836E-13  8.79689E-10
 cr  24   3.814156 -1.825844 -0.019071  2.43866E-07 -3.51008E-11  4.12154E-08
 mn  25   3.673777 -1.806223  0.000550  1.86498E-07 -3.29337E-12  3.15198E-08
 fe  26   5.733227 -1.806773  0.000000  2.17388E-05 -4.98630E-09  3.67405E-06
 co  27   3.085391 -1.784609  0.022164  5.16149E-08  4.22809E-10  8.72335E-09
 ni  28   4.397431 -1.802568  0.004205  1.05449E-06  1.47608E-09  1.78218E-07
 cu  29   2.535204 -1.714796  0.091977  1.56790E-08  5.02846E-10  2.64988E-09
 zn  30   2.874018 -1.755982  0.050791  3.52112E-08  6.49560E-10  5.95099E-09
 ga  31   1.497243 -1.582757  0.224016  1.57632E-09  1.07144E-10  2.66412E-10
 ge  32   1.971311 -1.608689  0.198084  4.89229E-09  3.42052E-10  8.26839E-10
 as  33   0.642867 -1.657133  0.149640  2.36865E-10  1.16298E-11  4.00323E-11
 se  34   1.797314 -1.542686  0.264087  3.56243E-09  3.05441E-10  6.02081E-10
 br  35   0.991034 -1.548966  0.257807  5.63154E-10  4.25365E-11  9.51778E-11
 kr  36   1.914032 -1.335968  0.470805  4.94643E-09  5.53883E-10  8.35988E-10
 rb  37   1.109138 -1.250861  0.555912  7.90618E-10  9.64193E-11  1.33621E-10
 sr  38   1.678501 -1.201499  0.605274  3.00698E-09  3.82624E-10  5.08205E-10
  y  39   0.981801 -1.188199  0.618574  6.13419E-10  7.86868E-11  1.03673E-10
 zr  40   1.269242 -1.260758  0.546016  1.22005E-09  1.47468E-10  2.06198E-10
 nb  41   0.093911 -1.316089  0.490684  8.29814E-11  9.48719E-12  1.40246E-11
 mo  42   0.470370 -1.469630  0.337143  2.03890E-10  2.24484E-11  3.44591E-11
 ru  44   0.196229 -1.563771  0.243002  1.14255E-10  1.11363E-11  1.93102E-11
 rh  45  -0.599069 -1.659069  0.147705  1.86379E-11  9.05094E-13  3.14997E-12
 pd  46   0.180268 -1.469732  0.337041  1.15962E-10  1.17175E-11  1.95986E-11
 ag  47  -0.415468 -1.615468  0.191305  2.98161E-11  1.79098E-12  5.03917E-12
 cd  48   0.314447 -1.395553  0.411221  1.66833E-10  1.81999E-11  2.81962E-11
 in  49  -0.744522 -1.504522  0.302251  1.48769E-11  1.31284E-12  2.51433E-12
 sn  50   0.703841 -1.366159  0.440614  4.31871E-10  5.00388E-11  7.29899E-11
 sb  51  -0.717681 -1.727681  0.079092  1.67822E-11  1.48201E-12  2.83634E-12
 te  52   0.317802 -1.862198 -0.055424  1.90844E-10  1.97451E-11  3.22543E-11
  i  53  -0.199624 -1.749624  0.057149  5.76603E-11  1.19008E-12  9.74509E-12
 xe  54   0.608523 -1.631477  0.175297  3.83522E-10  2.50161E-11  6.48185E-11
 cs  55  -0.543541 -1.623541  0.183232  2.73543E-11  1.58718E-12  4.62311E-12
 ba  56   1.097634 -1.082366  0.724407  1.23713E-09  1.69676E-10  2.09086E-10
 la  57   0.087985 -1.082015  0.724758  1.22386E-10  1.67842E-11  2.06843E-11
 ce  58   0.563153 -1.016847  0.789926  3.68694E-10  5.22353E-11  6.23125E-11
 pr  59  -0.427909 -1.187909  0.618864  3.78489E-11  4.85619E-12  6.39678E-12
 nd  60   0.334037 -1.115963  0.690810  2.23949E-10  3.05575E-11  3.78492E-11
 sm  62  -0.435309 -1.375309  0.431464  3.97053E-11  4.86479E-12  6.71054E-12
 eu  63  -1.141715 -1.651715  0.155058  7.88954E-12  3.99084E-13  1.33340E-12
 gd  64  -0.444380 -1.494380  0.312393  4.06665E-11  3.52069E-12  6.87298E-12
 tb  65  -1.293777 -1.613776  0.192997  5.81355E-12  3.51658E-13  9.82540E-13
 dy  66  -0.340988 -1.470988  0.335785  5.33201E-11  4.85292E-12  9.01155E-12
 ho  67  -1.158528 -1.628528  0.178245  8.23753E-12  4.67406E-13  1.39221E-12
 er  68  -0.510809 -1.430809  0.375964  3.71198E-11  3.67630E-12  6.27357E-12
 tm  69  -1.386705 -1.506705  0.300068  4.98927E-12  4.20105E-13  8.43229E-13
 yb  70  -0.303926 -1.223926  0.582848  6.18368E-11  8.07482E-12  1.04509E-11
 lu  71  -1.213836 -1.303836  0.502937  7.69389E-12  8.91349E-13  1.30033E-12
 hf  72  -0.340105 -1.050105  0.756668  5.86860E-11  8.18202E-12  9.91844E-12
 ta  73  -1.234384 -1.114384  0.692390  7.58920E-12  1.02187E-12  1.28264E-12
  w  74  -0.398807 -1.048807  0.757967  5.28031E-11  7.36582E-12  8.92418E-12
 re  75  -1.164355 -1.424355  0.382418  9.17628E-12  9.07078E-13  1.55087E-12
 os  76  -0.181055 -1.531055  0.275718  9.02089E-11  7.15614E-12  1.52461E-11
 ir  77  -0.431941 -1.751941  0.054832  5.11537E-11  1.01505E-12  8.64541E-12
 pt  78  -0.054998 -1.674998  0.131775  1.23662E-10  6.55756E-12  2.08999E-11
 au  79  -0.840898 -1.640898  0.165876  2.04419E-11  1.09358E-12  3.45486E-12
 hg  80   0.076061 -1.093939  0.712834  1.71948E-10  2.38193E-11  2.90606E-11
 tl  81  -0.197183 -0.967183  0.839591  9.33873E-11  1.34966E-11  1.57833E-11
 pb  82   1.991405 -0.048595  1.758178  1.46157E-08  2.42701E-09  2.47018E-09
 bi  83   0.197799 -0.452201  1.354572  2.37098E-10  3.82981E-11  4.00717E-11
#  [Rb/Zr]  [ls/Fe]  [hs/Fe]  [hs/ls]  [Pb/hs]
    0.0099   0.5900   0.7464   0.1564   1.0118
