# Initial mass = 6.500, Z =  0.0002, Y =  0.250, M_mix = 0.00E+00
# Final mass = 1.079, Mass expelled =   5.4213
# El  Z   log e(X)   [X/H]    [X/Fe]     X(i)     Net M(i) Mass(i) 
  p   1  12.000000  0.000000  0.000000  6.48753E-01 -5.80202E-01  3.51708E+00
 he   2  11.139969  0.209969  1.968305  3.55609E-01  5.71527E-01  1.92786E+00
  c   6   7.060917 -1.409083  0.349253  8.89437E-05  2.66159E-04  4.82189E-04
  n   7   7.955756  0.085756  1.844092  8.14179E-04  4.35061E-03  4.41390E-03
  o   8   6.118648 -2.611352 -0.853015  1.35319E-05 -4.43249E-04  7.33604E-05
  f   9   1.454593 -3.005407 -1.247071  3.48273E-10 -3.15041E-08  1.88809E-09
 ne  10   6.251893 -1.718107  0.040229  2.31970E-05  1.09787E-05  1.25758E-04
 na  11   3.917373 -2.392627 -0.634291  1.22329E-07 -2.19767E-06  6.63183E-07
 mg  12   5.674577 -1.965423 -0.207086  7.39420E-06 -2.45739E-05  4.00861E-05
 al  13   5.343173 -1.126827  0.631509  3.82706E-06  1.58945E-05  2.07476E-05
 si  14   5.906892 -1.643108  0.115229  1.45882E-05  1.83521E-05  7.90867E-05
  p  15   3.712567 -1.757432  0.000904  1.02845E-07  4.40821E-10  5.57553E-07
  s  16   5.401954 -1.758046  0.000290  5.20720E-06 -1.74950E-08  2.82297E-05
 cl  17   3.501073 -1.728927  0.029409  7.23345E-08  2.52053E-08  3.92146E-07
 ar  18   4.681634 -1.758366 -0.000029  1.23523E-06 -8.98308E-09  6.69655E-06
  k  19   3.326536 -1.753464  0.004873  5.33714E-08  3.23737E-09  2.89342E-07
 ca  20   4.531554 -1.758446 -0.000109  8.77161E-07 -7.16591E-09  4.75534E-06
 sc  21   1.311792 -1.738208  0.020129  5.93197E-10  1.41698E-10  3.21589E-09
 ti  22   3.152522 -1.757478  0.000859  4.37700E-08  1.62913E-10  2.37290E-07
  v  23   2.197931 -1.762069 -0.003732  5.17162E-09 -2.07555E-10  2.80369E-08
 cr  24   3.862661 -1.777339 -0.019002  2.43922E-07 -8.24230E-10  1.32237E-06
 mn  25   3.729397 -1.750603  0.007733  1.89622E-07  1.68294E-08  1.02800E-06
 fe  26   5.781663 -1.758337  0.000000  2.17404E-05 -1.51667E-07  1.17861E-04
 co  27   3.150041 -1.719959  0.038377  5.35819E-08  2.42262E-08  2.90483E-07
 ni  28   4.447785 -1.752214  0.006122  1.05923E-06  7.30442E-08  5.74240E-06
 cu  29   2.590457 -1.659543  0.098794  1.59281E-08  1.74806E-08  8.63510E-08
 zn  30   2.896616 -1.733384  0.024952  3.31797E-08  9.82264E-09  1.79877E-07
 ga  31   1.431583 -1.648417  0.109920  1.21221E-09  1.46294E-09  6.57176E-09
 ge  32   1.889538 -1.690462  0.067874  3.62521E-09  4.10279E-09  1.96533E-08
 as  33   0.595047 -1.704953  0.053384  1.89791E-10  1.17845E-10  1.02891E-09
 se  34   1.665194 -1.674806  0.083530  2.35082E-09  3.22915E-09  1.27445E-08
 br  35   0.880559 -1.659441  0.098896  3.90613E-10  4.29046E-10  2.11762E-09
 kr  36   1.689768 -1.560232  0.198104  2.64010E-09  5.26367E-09  1.43128E-08
 rb  37   0.914664 -1.445336  0.313001  4.51946E-10  1.25680E-09  2.45013E-09
 sr  38   1.281968 -1.598032  0.160305  1.07942E-09  1.82360E-09  5.85184E-09
  y  39   0.571374 -1.598626  0.159710  2.13267E-10  3.54699E-10  1.15618E-09
 zr  40   0.898665 -1.631335  0.127002  4.64936E-10  6.36670E-10  2.52056E-09
 nb  41  -0.249000 -1.659000  0.099337  3.37026E-11  3.71665E-11  1.82712E-10
 mo  42   0.172698 -1.767302 -0.008965  9.19003E-11  1.12951E-10  4.98218E-10
 ru  44  -0.062967 -1.822967 -0.064631  5.62696E-11  4.28620E-11  3.05054E-10
 rh  45  -0.690734 -1.750734  0.007603  1.34998E-11  1.17724E-12  7.31861E-11
 pd  46  -0.110518 -1.760518 -0.002182  5.31037E-11  3.50867E-11  2.87890E-10
 ag  47  -0.545696 -1.745696  0.012640  1.97613E-11  2.93925E-12  1.07132E-10
 cd  48  -0.032054 -1.742054  0.016283  6.72008E-11  4.36644E-11  3.64315E-10
 in  49  -0.993536 -1.753536  0.004801  7.50055E-12  2.12255E-12  4.06627E-11
 sn  50   0.296785 -1.773215 -0.014878  1.51318E-10  8.41368E-11  8.20341E-10
 sb  51  -0.974027 -1.984027 -0.225690  8.31950E-12  1.65966E-12  4.51024E-11
 te  52  -0.018018 -2.198018 -0.439681  7.87866E-11  2.58682E-11  4.27125E-10
  i  53  -0.220325 -1.770324 -0.011988  4.91779E-11 -7.81117E-12  2.66608E-10
 xe  54   0.459324 -1.780676 -0.022340  2.43324E-10  4.23852E-11  1.31913E-09
 cs  55  -0.676625 -1.756625  0.001711  1.80109E-11  2.58592E-13  9.76422E-11
 ba  56   0.459252 -1.720748  0.037589  2.54465E-10  1.15369E-10  1.37953E-09
 la  57  -0.569364 -1.739364  0.018973  2.40978E-11  5.53614E-12  1.30641E-10
 ce  58  -0.163896 -1.743896  0.014441  6.18317E-11  1.19634E-11  3.35208E-10
 pr  59  -0.991931 -1.751931  0.006406  9.23898E-12  6.69697E-13  5.00872E-11
 nd  60  -0.324704 -1.774704 -0.016368  4.39543E-11  4.39054E-12  2.38289E-10
 sm  62  -0.942797 -1.882797 -0.124460  1.10396E-11  6.42660E-13  5.98490E-11
 eu  63  -1.270309 -1.780309 -0.021973  5.24868E-12 -1.51544E-12  2.84546E-11
 gd  64  -0.703456 -1.753456  0.004881  2.00333E-11  1.07478E-12  1.08606E-10
 tb  65  -1.453057 -1.773057 -0.014721  3.60375E-12 -6.99843E-13  1.95370E-11
 dy  66  -0.623509 -1.753509  0.004827  2.48864E-11  1.52013E-12  1.34917E-10
 ho  67  -1.302714 -1.772714 -0.014378  5.28694E-12 -1.00301E-12  2.86621E-11
 er  68  -0.838501 -1.758501 -0.000165  1.56138E-11  1.33400E-12  8.46468E-11
 tm  69  -1.646294 -1.766294 -0.007957  2.45495E-12 -2.63541E-13  1.33090E-11
 yb  70  -0.887136 -1.807136 -0.048799  1.44421E-11  2.07572E-12  7.82947E-11
 lu  71  -1.671084 -1.761084 -0.002748  2.40155E-12 -9.95263E-14  1.30195E-11
 hf  72  -1.037484 -1.747484  0.010852  1.05378E-11  1.42913E-12  5.71283E-11
 ta  73  -1.881426 -1.761426 -0.003089  1.53020E-12 -6.89544E-14  8.29565E-12
  w  74  -1.101226 -1.751226  0.007111  9.37202E-12  8.20715E-13  5.08084E-11
 re  75  -1.512075 -1.772075 -0.013739  3.68587E-12 -6.68736E-13  1.99822E-11
 os  76  -0.411098 -1.761099 -0.002762  4.75117E-11 -1.92649E-12  2.57575E-10
 ir  77  -0.455849 -1.775849 -0.017512  4.33075E-11 -9.97677E-12  2.34782E-10
 pt  78  -0.160666 -1.780666 -0.022329  8.67286E-11  1.01212E-11  4.70181E-10
 au  79  -0.963436 -1.763436 -0.005100  1.37904E-11 -9.81118E-13  7.47616E-11
 hg  80  -0.604296 -1.774296 -0.015959  3.21094E-11  5.94698E-12  1.74074E-10
 tl  81  -0.979386 -1.749386  0.008950  1.37936E-11  1.43061E-12  7.47790E-11
 pb  82   0.285525 -1.754475  0.003862  2.57356E-10  1.05791E-11  1.39520E-09
 bi  83  -1.106222 -1.756222  0.002114  1.05318E-11  2.03546E-13  5.70958E-11
#  [Rb/Zr]  [ls/Fe]  [hs/Fe]  [hs/ls]  [Pb/hs]
    0.1860   0.1490   0.0237  -0.1253  -0.0198
