# Initial abundances
# El  Z   log e(X)   [X/H]    [X/Fe]     [X/O]      X(i)
  p   1  12.000000  0.000000  0.000000  0.000000 6.04196E-01
 he   2  11.222301  0.292300  1.602890  1.602884 4.00317E-01
 li   3   2.515132 -0.744868  0.565722  0.565716 1.36230E-09
 be   4   0.000000 -1.300000  0.000000  0.000000 0.00000E+00
  b   5   0.000000 -2.790000  0.000000  0.000000 0.00000E+00
  c   6   7.159606 -1.310395  0.000195  0.000189 1.03969E-04
  n   7   6.559391 -1.310609 -0.000019 -0.000025 3.04406E-05
  o   8   7.419416 -1.310584  0.000006  0.000000 2.51899E-04
  f   9   3.109427 -1.310573  0.000017  0.000011 1.46505E-08
 ne  10   6.659418 -1.310582  0.000008  0.000002 5.52150E-05
 na  11   4.929410 -1.310590  0.000000 -0.000007 1.17129E-06
 mg  12   6.329411 -1.310589  0.000001 -0.000005 3.11046E-05
 al  13   5.139410 -1.310590  0.000000 -0.000006 2.22947E-06
 si  14   6.239412 -1.310588  0.000001 -0.000005 2.92159E-05
  p  15   4.099423 -1.310576  0.000013  0.000007 2.33420E-07
  s  16   5.849408 -1.300592  0.009998  0.009992 1.35880E-05
 cl  17   3.919417 -1.310583  0.000007  0.000001 1.76518E-07
 ar  18   5.129411 -1.310589  0.000001 -0.000005 3.22570E-06
  k  19   3.768843 -1.311157 -0.000567 -0.000574 1.37630E-07
 ca  20   4.979411 -1.310589  0.000000 -0.000006 2.29105E-06
 sc  21   1.739415 -1.310585  0.000005 -0.000001 1.47884E-09
 ti  22   3.599420 -1.310580  0.000010  0.000003 1.14070E-07
  v  23   2.648332 -1.311668 -0.001079 -0.001085 1.35870E-08
 cr  24   4.310127 -1.329873 -0.019283 -0.019289 6.36524E-07
 mn  25   4.169422 -1.310578  0.000012  0.000006 4.86421E-07
 fe  26   6.229410 -1.310590  0.000000 -0.000006 5.67691E-05
 co  27   3.559414 -1.310586  0.000004 -0.000002 1.28083E-07
 ni  28   4.889416 -1.310584  0.000006  0.000000 2.72721E-06
 cu  29   2.939421 -1.310579  0.000010  0.000004 3.31303E-08
 zn  30   3.319421 -1.310579  0.000010  0.000004 8.18043E-08
 ga  31   1.769417 -1.310583  0.000007  0.000000 2.45760E-09
 ge  32   2.235045 -1.344954 -0.034365 -0.034371 7.48064E-09
 as  33   0.989408 -1.310591 -0.000002 -0.000008 4.38264E-10
 se  34   1.985492 -1.354508 -0.043918 -0.043925 4.57737E-09
 br  35   1.229416 -1.310584  0.000006  0.000000 8.12272E-10
 kr  36   1.937843 -1.312157 -0.001567 -0.001573 4.35306E-09
 rb  37   1.209415 -1.310585  0.000005 -0.000001 8.29730E-10
 sr  38   1.566987 -1.313013 -0.002423 -0.002429 1.93779E-09
  y  39   0.899415 -1.310585  0.000005 -0.000001 4.22730E-10
 zr  40   1.219419 -1.310581  0.000008  0.000002 9.06245E-10
 nb  41   0.099423 -1.310577  0.000013  0.000007 7.00139E-11
 mo  42   0.508241 -1.431759 -0.121170 -0.121176 1.85335E-10
 tc  43   0.000000 -9.000000  0.000000  0.000000 0.00000E+00
 ru  44   0.318477 -1.441523 -0.130934 -0.130940 1.26129E-10
 rh  45  -0.250583 -1.310583  0.000007  0.000001 3.46398E-11
 pd  46   0.280233 -1.369767 -0.059177 -0.059183 1.21611E-10
 ag  47  -0.110582 -1.310582  0.000007  0.000001 5.01219E-11
 cd  48   0.359700 -1.350300 -0.039710 -0.039716 1.54251E-10
 in  49  -0.569620 -1.329620 -0.019030 -0.019037 1.85399E-11
 sn  50   0.696987 -1.373013 -0.062423 -0.062429 3.54154E-10
 sb  51  -0.543109 -1.553109 -0.242519 -0.242525 2.08984E-11
 te  52   0.402040 -1.777961 -0.467371 -0.467377 1.93022E-10
  i  53   0.239416 -1.310584  0.000006  0.000000 1.32011E-10
 xe  54   0.892334 -1.347666 -0.037076 -0.037082 6.14176E-10
 cs  55  -0.230583 -1.310583  0.000007  0.000000 4.68463E-11
 ba  56   0.868514 -1.311486 -0.000896 -0.000902 6.08118E-10
 la  57  -0.140989 -1.310989 -0.000399 -0.000406 6.01796E-11
 ce  58   0.267511 -1.312489 -0.001899 -0.001905 1.55495E-10
 pr  59  -0.550582 -1.310582  0.000008  0.000002 2.37723E-11
 nd  60   0.114413 -1.335587 -0.024997 -0.025003 1.12516E-10
 pm  61   0.000000 -9.000000  0.000000  0.000000 0.00000E+00
 sm  62  -0.500300 -1.440300 -0.129711 -0.129717 2.84806E-11
 eu  63  -0.800598 -1.310598 -0.000008 -0.000015 1.44165E-11
 gd  64  -0.367715 -1.417715 -0.107125 -0.107131 4.04197E-11
 tb  65  -0.990597 -1.310597 -0.000007 -0.000013 9.73447E-12
 dy  66  -0.181240 -1.311240 -0.000650 -0.000656 6.41697E-11
 ho  67  -0.840581 -1.310581  0.000009  0.000003 1.42704E-11
 er  68  -0.398203 -1.318203 -0.007613 -0.007619 4.00778E-11
 tm  69  -1.190581 -1.310581  0.000008  0.000002 6.52910E-12
 yb  70  -0.451612 -1.371613 -0.061023 -0.061029 3.66650E-11
 lu  71  -1.220584 -1.310584  0.000006  0.000000 6.31087E-12
 hf  72  -0.601290 -1.311290 -0.000700 -0.000706 2.67943E-11
 ta  73  -1.430637 -1.310637 -0.000048 -0.000054 4.02378E-12
  w  74  -0.661111 -1.311111 -0.000521 -0.000527 2.40462E-11
 re  75  -1.050583 -1.310583  0.000007  0.000001 9.93414E-12
 os  76   0.039333 -1.310667 -0.000077 -0.000083 1.24833E-10
 ir  77   0.009417 -1.310583  0.000006  0.000000 1.17741E-10
 pt  78   0.277072 -1.342928 -0.032338 -0.032344 2.21308E-10
 au  79  -0.510583 -1.310583  0.000007  0.000001 3.64357E-11
 hg  80  -0.172189 -1.342189 -0.031599 -0.031605 8.08795E-11
 tl  81  -0.540586 -1.310586  0.000003 -0.000003 3.52839E-11
 pb  82   0.729420 -1.310580  0.000010  0.000003 6.66081E-10
 bi  83  -0.660579 -1.310579  0.000011  0.000005 2.73680E-11
 po  84   0.000000 -9.000000  0.000000  0.000000 0.00000E+00
#[ls/Fe]_Bisterzo =   0.0000, [hs/Fe]_Bisterzo =  -0.0517
#[hs/ls]_Bisterzo =  -0.0517, [Pb/hs]_Bisterzo =   0.0517
#[ls/Fe]_Thiswork =  -0.0008, [hs/Fe]_Thiswork =  -0.0011
#[hs/ls]_Thiswork =  -0.0003, [Pb/hs]_Thiswork =   0.0011
# C/O = 5.4978E-01, c12/c13 = 8.94392E+01, n14/n15 = 4.47610E+02
# o16/o17 = 2.63226E+03, o16/o18 = 4.98812E+02
# mg24/mg25 = 1.2660E-01, mg24/mg26 = 1.3939E-01
# al26/al27 = 0.0000E+00, mg/al = 0.0000E+00
#
# During TP-AGB
#  TP   Mass     Mcore    Menv    log L
#  1 1.699960 0.728225 0.971733 4.026660
# El  Z   log e(X)   [X/H]    [X/Fe]     [X/O]      X(i)
  p   1  12.000000  0.000000  0.000000  0.000000 5.94379E-01
 he   2  11.239890  0.309890  1.620480  1.620473 4.10090E-01
 li   3   1.764663 -1.495337 -0.184747 -0.184754 2.38061E-10
 be   4   0.000000 -1.300000  0.000000  0.000000 1.11814E-21
  b   5   0.000000 -2.790000  0.000000  0.000000 5.16642E-28
  c   6   6.863552 -1.606448 -0.295858 -0.295865 5.17290E-05
  n   7   7.076221 -0.793778  0.516811  0.516805 9.84396E-05
  o   8   7.412365 -1.317634 -0.007044  0.000000 2.43816E-04
  f   9   3.073168 -1.346832 -0.036242 -0.029198 1.32580E-08
 ne  10   6.660813 -1.309187  0.001403  0.008447 5.44926E-05
 na  11   5.167655 -1.072344  0.238245  0.245290 1.99433E-06
 mg  12   6.336442 -1.303558  0.007031  0.014076 3.10986E-05
 al  13   5.147830 -1.302170  0.008420  0.015464 2.23618E-06
 si  14   6.246528 -1.303473  0.007117  0.014162 2.92160E-05
  p  15   4.106540 -1.303460  0.007130  0.014174 2.33421E-07
  s  16   5.856523 -1.293478  0.017112  0.024157 1.35881E-05
 cl  17   3.926533 -1.303467  0.007123  0.014167 1.76518E-07
 ar  18   5.136526 -1.303474  0.007116  0.014160 3.22570E-06
  k  19   3.775940 -1.304060  0.006530  0.013574 1.37625E-07
 ca  20   4.986526 -1.303474  0.007116  0.014160 2.29105E-06
 sc  21   1.746530 -1.303470  0.007119  0.014164 1.47884E-09
 ti  22   3.606534 -1.303466  0.007124  0.014168 1.14071E-07
  v  23   2.655446 -1.304554  0.006036  0.013080 1.35871E-08
 cr  24   4.317242 -1.322758 -0.012168 -0.005124 6.36525E-07
 mn  25   4.176537 -1.303463  0.007126  0.014171 4.86422E-07
 fe  26   6.236525 -1.303475  0.000000  0.014159 5.67692E-05
 co  27   3.566529 -1.303471  0.000004  0.014163 1.28083E-07
 ni  28   4.896530 -1.303470  0.000005  0.014164 2.72722E-06
 cu  29   2.946535 -1.303465  0.000010  0.014169 3.31304E-08
 zn  30   3.326536 -1.303464  0.000011  0.014170 8.18044E-08
 ga  31   1.776531 -1.303469  0.000006  0.014165 2.45760E-09
 ge  32   2.242160 -1.337840 -0.034365 -0.020206 7.48065E-09
 as  33   0.996524 -1.303476 -0.000001  0.014158 4.38264E-10
 se  34   1.992606 -1.347394 -0.043919 -0.029760 4.57738E-09
 br  35   1.236530 -1.303470  0.000005  0.014164 8.12273E-10
 kr  36   1.944959 -1.305041 -0.001566  0.012593 4.35307E-09
 rb  37   1.215539 -1.304461 -0.000986  0.013173 8.27840E-10
 sr  38   1.574535 -1.305465 -0.001990  0.012169 1.93973E-09
  y  39   0.906529 -1.303471  0.000004  0.014163 4.22731E-10
 zr  40   1.226534 -1.303466  0.000009  0.014168 9.06246E-10
 nb  41   0.106538 -1.303462  0.000013  0.014172 7.00140E-11
 mo  42   0.515356 -1.424644 -0.121169 -0.107010 1.85336E-10
 tc  43   0.000000 -9.000000  0.000000  0.000000 6.28777E-23
 ru  44   0.325591 -1.434409 -0.130934 -0.116775 1.26129E-10
 rh  45  -0.243468 -1.303468  0.000007  0.014166 3.46398E-11
 pd  46   0.287348 -1.362652 -0.059177 -0.045018 1.21611E-10
 ag  47  -0.103467 -1.303467  0.000008  0.014167 5.01220E-11
 cd  48   0.366816 -1.343184 -0.039710 -0.025550 1.54251E-10
 in  49  -0.562506 -1.322506 -0.019031 -0.004872 1.85399E-11
 sn  50   0.704102 -1.365898 -0.062423 -0.048264 3.54154E-10
 sb  51  -0.535995 -1.545995 -0.242520 -0.228360 2.08984E-11
 te  52   0.409154 -1.770846 -0.467371 -0.453212 1.93022E-10
  i  53   0.246531 -1.303469  0.000005  0.014165 1.32011E-10
 xe  54   0.899449 -1.340551 -0.037076 -0.022917 6.14177E-10
 cs  55  -0.223469 -1.303469  0.000006  0.014165 4.68464E-11
 ba  56   0.875629 -1.304371 -0.000896  0.013263 6.08119E-10
 la  57  -0.133874 -1.303874 -0.000399  0.013760 6.01797E-11
 ce  58   0.274627 -1.305373 -0.001898  0.012261 1.55495E-10
 pr  59  -0.543468 -1.303468  0.000007  0.014167 2.37723E-11
 nd  60   0.121528 -1.328472 -0.024997 -0.010838 1.12517E-10
 pm  61   0.000000 -9.000000  0.000000  0.000000 0.00000E+00
 sm  62  -0.493186 -1.433186 -0.129711 -0.115552 2.84806E-11
 eu  63  -0.793483 -1.303483 -0.000008  0.014151 1.44165E-11
 gd  64  -0.360600 -1.410600 -0.107126 -0.092966 4.04198E-11
 tb  65  -0.983482 -1.303482 -0.000007  0.014152 9.73448E-12
 dy  66  -0.174126 -1.304126 -0.000651  0.013508 6.41698E-11
 ho  67  -0.833467 -1.303467  0.000008  0.014168 1.42704E-11
 er  68  -0.391088 -1.311089 -0.007614  0.006546 4.00778E-11
 tm  69  -1.183467 -1.303467  0.000008  0.014167 6.52910E-12
 yb  70  -0.444498 -1.364498 -0.061023 -0.046864 3.66650E-11
 lu  71  -1.213596 -1.303596 -0.000121  0.014038 6.30904E-12
 hf  72  -0.594144 -1.304144 -0.000669  0.013490 2.67962E-11
 ta  73  -1.423523 -1.303523 -0.000048  0.014111 4.02378E-12
  w  74  -0.653996 -1.303996 -0.000522  0.013638 2.40462E-11
 re  75  -1.046110 -1.306110 -0.002635  0.011524 9.87392E-12
 os  76   0.046662 -1.303338  0.000137  0.014296 1.24895E-10
 ir  77   0.016532 -1.303468  0.000007  0.014166 1.17741E-10
 pt  78   0.284187 -1.335813 -0.032338 -0.018179 2.21309E-10
 au  79  -0.503469 -1.303468  0.000006  0.014166 3.64358E-11
 hg  80  -0.165073 -1.335073 -0.031598 -0.017439 8.08796E-11
 tl  81  -0.533471 -1.303471  0.000004  0.014163 3.52839E-11
 pb  82   0.736534 -1.303466  0.000009  0.014168 6.66082E-10
 bi  83  -0.653464 -1.303464  0.000011  0.014170 2.73681E-11
 po  84   0.000000 -9.000000  0.000000  0.000000 0.00000E+00
#[ls/Fe]_Bisterzo =   0.0000, [hs/Fe]_Bisterzo =  -0.0517
#[hs/ls]_Bisterzo =  -0.0517, [Pb/hs]_Bisterzo =   0.0517
#[ls/Fe]_Thiswork =  -0.0007, [hs/Fe]_Thiswork =  -0.0011
#[hs/ls]_Thiswork =  -0.0004, [Pb/hs]_Thiswork =   0.0011
# C/O = 2.8261E-01, c12/c13 = 1.68110E+01, n14/n15 = 3.98377E+03
# o16/o17 = 9.38046E+01, o16/o18 = 8.56049E+02
# mg24/mg25 = 1.2467E-01, mg24/mg26 = 1.4106E-01
# al26/al27 = 0.0000E+00, mg/al = 0.0000E+00
#
#  TP   Mass     Mcore    Menv    log L
#  2 1.699950 0.731093 0.968855 4.051230
# El  Z   log e(X)   [X/H]    [X/Fe]     [X/O]      X(i)
  p   1  12.000000  0.000000  0.000000  0.000000 5.94393E-01
 he   2  11.239866  0.309866  1.613341  1.627500 4.10076E-01
 li   3   1.846114 -1.413886 -0.110411 -0.096252 2.87177E-10
 be   4   0.000000 -1.300000  0.000000  0.000000 8.94314E-23
  b   5   0.000000 -2.790000  0.000000  0.000000 1.24778E-27
  c   6   6.864024 -1.605976 -0.302501 -0.288342 5.17865E-05
  n   7   7.075889 -0.794111  0.509364  0.523523 9.83664E-05
  o   8   7.412368 -1.317631 -0.014156  0.000000 2.43823E-04
  f   9   3.073174 -1.346827 -0.043352 -0.029195 1.32585E-08
 ne  10   6.660810 -1.309189 -0.005714  0.008442 5.44935E-05
 na  11   5.167422 -1.072577  0.230897  0.245054 1.99331E-06
 mg  12   6.336432 -1.303568 -0.000093  0.014063 3.10986E-05
 al  13   5.147820 -1.302180  0.001295  0.015451 2.23618E-06
 si  14   6.246518 -1.303482 -0.000007  0.014149 2.92160E-05
  p  15   4.106531 -1.303469  0.000006  0.014162 2.33421E-07
  s  16   5.856513 -1.293487  0.009988  0.024144 1.35881E-05
 cl  17   3.926523 -1.303477 -0.000002  0.014154 1.76518E-07
 ar  18   5.136517 -1.303483 -0.000009  0.014148 3.22570E-06
  k  19   3.775930 -1.304070 -0.000595  0.013562 1.37625E-07
 ca  20   4.986516 -1.303483 -0.000009  0.014148 2.29105E-06
 sc  21   1.746520 -1.303480 -0.000005  0.014151 1.47884E-09
 ti  22   3.606524 -1.303475  0.000000  0.014156 1.14071E-07
  v  23   2.655437 -1.304564 -0.001089  0.013068 1.35871E-08
 cr  24   4.317233 -1.322767 -0.019292 -0.005136 6.36525E-07
 mn  25   4.176527 -1.303473  0.000002  0.014158 4.86422E-07
 fe  26   6.236516 -1.303484  0.000000  0.014147 5.67692E-05
 co  27   3.566520 -1.303480  0.000004  0.014151 1.28083E-07
 ni  28   4.896521 -1.303479  0.000005  0.014152 2.72722E-06
 cu  29   2.946526 -1.303474  0.000010  0.014157 3.31304E-08
 zn  30   3.326527 -1.303473  0.000011  0.014158 8.18044E-08
 ga  31   1.776523 -1.303477  0.000007  0.014154 2.45760E-09
 ge  32   2.242150 -1.337850 -0.034365 -0.020218 7.48065E-09
 as  33   0.996514 -1.303486 -0.000001  0.014146 4.38264E-10
 se  34   1.992597 -1.347403 -0.043919 -0.029772 4.57738E-09
 br  35   1.236521 -1.303479  0.000005  0.014152 8.12273E-10
 kr  36   1.944949 -1.305051 -0.001566  0.012580 4.35307E-09
 rb  37   1.215529 -1.304471 -0.000986  0.013161 8.27840E-10
 sr  38   1.574527 -1.305473 -0.001989  0.012158 1.93974E-09
  y  39   0.906520 -1.303480  0.000004  0.014151 4.22731E-10
 zr  40   1.226524 -1.303476  0.000009  0.014156 9.06246E-10
 nb  41   0.106528 -1.303472  0.000013  0.014160 7.00140E-11
 mo  42   0.515347 -1.424654 -0.121169 -0.107022 1.85336E-10
 tc  43   0.000000 -9.000000  0.000000  0.000000 7.65310E-23
 ru  44   0.325582 -1.434418 -0.130934 -0.116787 1.26129E-10
 rh  45  -0.243478 -1.303478  0.000007  0.014153 3.46398E-11
 pd  46   0.287338 -1.362662 -0.059177 -0.045030 1.21611E-10
 ag  47  -0.103477 -1.303478  0.000007  0.014154 5.01220E-11
 cd  48   0.366806 -1.343194 -0.039710 -0.025563 1.54251E-10
 in  49  -0.562515 -1.322515 -0.019031 -0.004884 1.85399E-11
 sn  50   0.704092 -1.365908 -0.062423 -0.048277 3.54154E-10
 sb  51  -0.536004 -1.546004 -0.242520 -0.228373 2.08984E-11
 te  52   0.409144 -1.770856 -0.467371 -0.453224 1.93022E-10
  i  53   0.246521 -1.303479  0.000005  0.014152 1.32011E-10
 xe  54   0.899440 -1.340560 -0.037076 -0.022929 6.14177E-10
 cs  55  -0.223478 -1.303478  0.000006  0.014153 4.68464E-11
 ba  56   0.875620 -1.304380 -0.000896  0.013251 6.08119E-10
 la  57  -0.133883 -1.303883 -0.000399  0.013748 6.01797E-11
 ce  58   0.274617 -1.305383 -0.001898  0.012248 1.55495E-10
 pr  59  -0.543477 -1.303477  0.000007  0.014154 2.37723E-11
 nd  60   0.121518 -1.328482 -0.024997 -0.010851 1.12517E-10
 pm  61   0.000000 -9.000000  0.000000  0.000000 0.00000E+00
 sm  62  -0.493196 -1.433196 -0.129711 -0.115564 2.84806E-11
 eu  63  -0.793492 -1.303492 -0.000008  0.014139 1.44165E-11
 gd  64  -0.360610 -1.410610 -0.107126 -0.092979 4.04198E-11
 tb  65  -0.983492 -1.303492 -0.000007  0.014139 9.73448E-12
 dy  66  -0.174135 -1.304135 -0.000651  0.013496 6.41698E-11
 ho  67  -0.833476 -1.303476  0.000008  0.014155 1.42704E-11
 er  68  -0.391098 -1.311098 -0.007614  0.006533 4.00778E-11
 tm  69  -1.183476 -1.303476  0.000008  0.014155 6.52910E-12
 yb  70  -0.444508 -1.364508 -0.061023 -0.046876 3.66650E-11
 lu  71  -1.213606 -1.303606 -0.000121  0.014025 6.30904E-12
 hf  72  -0.594153 -1.304153 -0.000669  0.013478 2.67962E-11
 ta  73  -1.423532 -1.303532 -0.000048  0.014099 4.02378E-12
  w  74  -0.654006 -1.304006 -0.000522  0.013625 2.40462E-11
 re  75  -1.046120 -1.306120 -0.002635  0.011512 9.87392E-12
 os  76   0.046653 -1.303347  0.000137  0.014284 1.24895E-10
 ir  77   0.016522 -1.303478  0.000007  0.014154 1.17741E-10
 pt  78   0.284178 -1.335822 -0.032338 -0.018191 2.21309E-10
 au  79  -0.503478 -1.303478  0.000006  0.014153 3.64358E-11
 hg  80  -0.165083 -1.335083 -0.031598 -0.017452 8.08796E-11
 tl  81  -0.533481 -1.303481  0.000004  0.014151 3.52839E-11
 pb  82   0.736525 -1.303475  0.000009  0.014156 6.66082E-10
 bi  83  -0.653474 -1.303474  0.000011  0.014157 2.73681E-11
 po  84   0.000000 -9.000000  0.000000  0.000000 0.00000E+00
#[ls/Fe]_Bisterzo =   0.0000, [hs/Fe]_Bisterzo =  -0.0517
#[hs/ls]_Bisterzo =  -0.0517, [Pb/hs]_Bisterzo =   0.0517
#[ls/Fe]_Thiswork =  -0.0007, [hs/Fe]_Thiswork =  -0.0011
#[hs/ls]_Thiswork =  -0.0004, [Pb/hs]_Thiswork =   0.0011
# C/O = 2.8291E-01, c12/c13 = 1.68437E+01, n14/n15 = 3.97342E+03
# o16/o17 = 9.39466E+01, o16/o18 = 8.55416E+02
# mg24/mg25 = 1.2468E-01, mg24/mg26 = 1.4106E-01
# al26/al27 = 0.0000E+00, mg/al = 0.0000E+00
#
#  TP   Mass     Mcore    Menv    log L
#  3 1.699930 0.734265 0.965666 4.072020
# El  Z   log e(X)   [X/H]    [X/Fe]     [X/O]      X(i)
  p   1  12.000000  0.000000  0.000000  0.000000 5.94465E-01
 he   2  11.239738  0.309737  1.613222  1.627368 4.10005E-01
 li   3   1.901937 -1.358063 -0.054579 -0.040432 3.26606E-10
 be   4   0.000000 -1.300000  0.000000  0.000000 2.44418E-23
  b   5   0.000000 -2.790000  0.000000  0.000000 8.54248E-28
  c   6   6.867101 -1.602900 -0.299415 -0.285268 5.21609E-05
  n   7   7.073806 -0.796194  0.507291  0.521438 9.79077E-05
  o   8   7.412360 -1.317639 -0.014155  0.000000 2.43848E-04
  f   9   3.073355 -1.346645 -0.043161 -0.029006 1.32656E-08
 ne  10   6.660797 -1.309203 -0.005718  0.008437 5.44984E-05
 na  11   5.166127 -1.073873  0.229612  0.243767 1.98761E-06
 mg  12   6.336372 -1.303627 -0.000143  0.014012 3.10981E-05
 al  13   5.147885 -1.302114  0.001370  0.015525 2.23679E-06
 si  14   6.246465 -1.303535 -0.000051  0.014104 2.92160E-05
  p  15   4.106478 -1.303522 -0.000038  0.014117 2.33421E-07
  s  16   5.856461 -1.293540  0.009945  0.024100 1.35881E-05
 cl  17   3.926470 -1.303530 -0.000046  0.014109 1.76518E-07
 ar  18   5.136464 -1.303536 -0.000051  0.014103 3.22570E-06
  k  19   3.775877 -1.304123 -0.000638  0.013516 1.37625E-07
 ca  20   4.986464 -1.303536 -0.000051  0.014103 2.29105E-06
 sc  21   1.746468 -1.303532 -0.000048  0.014107 1.47884E-09
 ti  22   3.606472 -1.303528 -0.000043  0.014112 1.14071E-07
  v  23   2.655384 -1.304616 -0.001132  0.013023 1.35871E-08
 cr  24   4.317180 -1.322820 -0.019336 -0.005181 6.36525E-07
 mn  25   4.176475 -1.303525 -0.000041  0.014114 4.86422E-07
 fe  26   6.236463 -1.303537  0.000000  0.014102 5.67692E-05
 co  27   3.566466 -1.303534  0.000004  0.014106 1.28083E-07
 ni  28   4.896468 -1.303532  0.000006  0.014108 2.72722E-06
 cu  29   2.946472 -1.303528  0.000010  0.014112 3.31304E-08
 zn  30   3.326473 -1.303527  0.000010  0.014112 8.18044E-08
 ga  31   1.776469 -1.303531  0.000007  0.014109 2.45760E-09
 ge  32   2.242098 -1.337902 -0.034365 -0.020263 7.48065E-09
 as  33   0.996461 -1.303539 -0.000002  0.014100 4.38264E-10
 se  34   1.992544 -1.347456 -0.043918 -0.029816 4.57738E-09
 br  35   1.236468 -1.303532  0.000006  0.014108 8.12273E-10
 kr  36   1.944896 -1.305104 -0.001567  0.012535 4.35307E-09
 rb  37   1.215477 -1.304523 -0.000986  0.013116 8.27839E-10
 sr  38   1.574473 -1.305527 -0.001989  0.012113 1.93974E-09
  y  39   0.906467 -1.303533  0.000005  0.014107 4.22731E-10
 zr  40   1.226471 -1.303529  0.000008  0.014110 9.06246E-10
 nb  41   0.106476 -1.303524  0.000013  0.014115 7.00140E-11
 mo  42   0.515293 -1.424707 -0.121170 -0.107068 1.85336E-10
 tc  43   0.000000 -9.000000  0.000000  0.000000 3.86229E-19
 ru  44   0.325529 -1.434471 -0.130934 -0.116832 1.26129E-10
 rh  45  -0.243530 -1.303530  0.000007  0.014109 3.46398E-11
 pd  46   0.287286 -1.362714 -0.059177 -0.045075 1.21611E-10
 ag  47  -0.103530 -1.303530  0.000007  0.014109 5.01220E-11
 cd  48   0.366753 -1.343247 -0.039710 -0.025608 1.54251E-10
 in  49  -0.562568 -1.322568 -0.019030 -0.004928 1.85399E-11
 sn  50   0.704040 -1.365960 -0.062423 -0.048321 3.54154E-10
 sb  51  -0.536057 -1.546057 -0.242519 -0.228417 2.08984E-11
 te  52   0.409092 -1.770908 -0.467371 -0.453269 1.93022E-10
  i  53   0.246469 -1.303531  0.000006  0.014108 1.32011E-10
 xe  54   0.899386 -1.340614 -0.037076 -0.022974 6.14177E-10
 cs  55  -0.223531 -1.303531  0.000007  0.014109 4.68464E-11
 ba  56   0.875566 -1.304434 -0.000896  0.013206 6.08119E-10
 la  57  -0.133937 -1.303937 -0.000399  0.013703 6.01797E-11
 ce  58   0.274564 -1.305436 -0.001899  0.012203 1.55495E-10
 pr  59  -0.543530 -1.303530  0.000008  0.014110 2.37723E-11
 nd  60   0.121465 -1.328535 -0.024998 -0.010896 1.12517E-10
 pm  61   0.000000 -9.000000  0.000000  0.000000 0.00000E+00
 sm  62  -0.493248 -1.433248 -0.129711 -0.115609 2.84806E-11
 eu  63  -0.793546 -1.303546 -0.000008  0.014094 1.44165E-11
 gd  64  -0.360662 -1.410662 -0.107125 -0.093023 4.04198E-11
 tb  65  -0.983545 -1.303545 -0.000008  0.014094 9.73448E-12
 dy  66  -0.174188 -1.304188 -0.000650  0.013452 6.41698E-11
 ho  67  -0.833529 -1.303529  0.000009  0.014111 1.42704E-11
 er  68  -0.391150 -1.311151 -0.007613  0.006489 4.00778E-11
 tm  69  -1.183529 -1.303529  0.000008  0.014110 6.52910E-12
 yb  70  -0.444560 -1.364560 -0.061023 -0.046921 3.66650E-11
 lu  71  -1.213658 -1.303658 -0.000121  0.013981 6.30904E-12
 hf  72  -0.594207 -1.304207 -0.000669  0.013433 2.67962E-11
 ta  73  -1.423585 -1.303585 -0.000048  0.014054 4.02378E-12
  w  74  -0.654058 -1.304058 -0.000521  0.013581 2.40462E-11
 re  75  -1.046172 -1.306172 -0.002635  0.011467 9.87391E-12
 os  76   0.046600 -1.303400  0.000138  0.014240 1.24895E-10
 ir  77   0.016469 -1.303531  0.000006  0.014108 1.17741E-10
 pt  78   0.284124 -1.335876 -0.032338 -0.018236 2.21309E-10
 au  79  -0.503531 -1.303530  0.000007  0.014109 3.64358E-11
 hg  80  -0.165136 -1.335136 -0.031599 -0.017497 8.08796E-11
 tl  81  -0.533534 -1.303534  0.000003  0.014105 3.52839E-11
 pb  82   0.736472 -1.303528  0.000010  0.014112 6.66082E-10
 bi  83  -0.653526 -1.303526  0.000011  0.014113 2.73681E-11
 po  84   0.000000 -9.000000  0.000000  0.000000 0.00000E+00
#[ls/Fe]_Bisterzo =   0.0000, [hs/Fe]_Bisterzo =  -0.0517
#[hs/ls]_Bisterzo =  -0.0517, [Pb/hs]_Bisterzo =   0.0517
#[ls/Fe]_Thiswork =  -0.0007, [hs/Fe]_Thiswork =  -0.0011
#[hs/ls]_Thiswork =  -0.0004, [Pb/hs]_Thiswork =   0.0011
# C/O = 2.8493E-01, c12/c13 = 1.70557E+01, n14/n15 = 3.90560E+03
# o16/o17 = 9.46792E+01, o16/o18 = 8.50854E+02
# mg24/mg25 = 1.2468E-01, mg24/mg26 = 1.4104E-01
# al26/al27 = 0.0000E+00, mg/al = 0.0000E+00
#
#  TP   Mass     Mcore    Menv    log L
#  4 1.699910 0.737616 0.962290 4.089750
# El  Z   log e(X)   [X/H]    [X/Fe]     [X/O]      X(i)
  p   1  12.000000  0.000000  0.000000  0.000000 5.94449E-01
 he   2  11.239766  0.309766  1.613303  1.627405 4.10021E-01
 li   3   1.931844 -1.328156 -0.024619 -0.010517 3.49880E-10
 be   4   0.000000 -1.300000  0.000000  0.000000 1.30952E-23
  b   5   0.000000 -2.790000  0.000000  0.000000 3.93400E-28
  c   6   6.867337 -1.602664 -0.299126 -0.285024 5.21879E-05
  n   7   7.073883 -0.796117  0.507420  0.521522 9.79223E-05
  o   8   7.412278 -1.317721 -0.014184  0.000000 2.43795E-04
  f   9   3.073260 -1.346740 -0.043202 -0.029018 1.32624E-08
 ne  10   6.660799 -1.309201 -0.005663  0.008521 5.44972E-05
 na  11   5.166066 -1.073934  0.229604  0.243788 1.98728E-06
 mg  12   6.336336 -1.303664 -0.000126  0.014058 3.10946E-05
 al  13   5.148658 -1.301342  0.002196  0.016380 2.24071E-06
 si  14   6.246506 -1.303494  0.000043  0.014227 2.92179E-05
  p  15   4.106489 -1.303511  0.000026  0.014210 2.33421E-07
  s  16   5.856472 -1.293528  0.010009  0.024193 1.35881E-05
 cl  17   3.926488 -1.303512  0.000025  0.014209 1.76520E-07
 ar  18   5.136476 -1.303524  0.000013  0.014197 3.22570E-06
  k  19   3.775889 -1.304111 -0.000573  0.013611 1.37625E-07
 ca  20   4.986475 -1.303524  0.000013  0.014197 2.29105E-06
 sc  21   1.746479 -1.303521  0.000016  0.014200 1.47884E-09
 ti  22   3.606483 -1.303516  0.000021  0.014205 1.14071E-07
  v  23   2.655396 -1.304605 -0.001067  0.013117 1.35871E-08
 cr  24   4.317191 -1.322809 -0.019271 -0.005087 6.36525E-07
 mn  25   4.176486 -1.303514  0.000023  0.014207 4.86422E-07
 fe  26   6.236474 -1.303526  0.000000  0.014195 5.67692E-05
 co  27   3.566478 -1.303522  0.000004  0.014199 1.28083E-07
 ni  28   4.896480 -1.303520  0.000006  0.014201 2.72722E-06
 cu  29   2.946485 -1.303515  0.000010  0.014206 3.31304E-08
 zn  30   3.326485 -1.303515  0.000010  0.014206 8.18044E-08
 ga  31   1.776481 -1.303519  0.000007  0.014202 2.45760E-09
 ge  32   2.242109 -1.337891 -0.034365 -0.020169 7.48065E-09
 as  33   0.996472 -1.303528 -0.000002  0.014194 4.38264E-10
 se  34   1.992556 -1.347444 -0.043918 -0.029723 4.57738E-09
 br  35   1.236480 -1.303520  0.000006  0.014201 8.12273E-10
 kr  36   1.944907 -1.305093 -0.001567  0.012629 4.35307E-09
 rb  37   1.215488 -1.304512 -0.000986  0.013210 8.27839E-10
 sr  38   1.574485 -1.305515 -0.001989  0.012206 1.93974E-09
  y  39   0.906479 -1.303521  0.000005  0.014200 4.22731E-10
 zr  40   1.226483 -1.303517  0.000009  0.014205 9.06246E-10
 nb  41   0.106487 -1.303513  0.000013  0.014209 7.00140E-11
 mo  42   0.515305 -1.424695 -0.121170 -0.106974 1.85336E-10
 tc  43   0.000000 -9.000000  0.000000  0.000000 4.78800E-19
 ru  44   0.325541 -1.434459 -0.130934 -0.116738 1.26129E-10
 rh  45  -0.243519 -1.303519  0.000007  0.014203 3.46398E-11
 pd  46   0.287297 -1.362703 -0.059177 -0.044981 1.21611E-10
 ag  47  -0.103518 -1.303519  0.000007  0.014203 5.01220E-11
 cd  48   0.366765 -1.343235 -0.039709 -0.025514 1.54251E-10
 in  49  -0.562556 -1.322556 -0.019030 -0.004835 1.85399E-11
 sn  50   0.704051 -1.365949 -0.062423 -0.048228 3.54154E-10
 sb  51  -0.536045 -1.546045 -0.242519 -0.228324 2.08984E-11
 te  52   0.409103 -1.770897 -0.467371 -0.453175 1.93022E-10
  i  53   0.246480 -1.303520  0.000006  0.014201 1.32011E-10
 xe  54   0.899398 -1.340602 -0.037076 -0.022881 6.14177E-10
 cs  55  -0.223519 -1.303519  0.000007  0.014202 4.68464E-11
 ba  56   0.875578 -1.304422 -0.000896  0.013299 6.08119E-10
 la  57  -0.133924 -1.303924 -0.000399  0.013797 6.01797E-11
 ce  58   0.274575 -1.305425 -0.001899  0.012297 1.55495E-10
 pr  59  -0.543518 -1.303518  0.000008  0.014203 2.37723E-11
 nd  60   0.121477 -1.328523 -0.024997 -0.010802 1.12517E-10
 pm  61   0.000000 -9.000000  0.000000  0.000000 0.00000E+00
 sm  62  -0.493237 -1.433237 -0.129711 -0.115515 2.84806E-11
 eu  63  -0.793534 -1.303534 -0.000008  0.014187 1.44165E-11
 gd  64  -0.360651 -1.410651 -0.107125 -0.092930 4.04198E-11
 tb  65  -0.983533 -1.303533 -0.000007  0.014189 9.73448E-12
 dy  66  -0.174176 -1.304176 -0.000650  0.013545 6.41698E-11
 ho  67  -0.833517 -1.303517  0.000009  0.014204 1.42704E-11
 er  68  -0.391139 -1.311139 -0.007613  0.006582 4.00778E-11
 tm  69  -1.183517 -1.303517  0.000008  0.014204 6.52910E-12
 yb  70  -0.444549 -1.364549 -0.061023 -0.046827 3.66650E-11
 lu  71  -1.213647 -1.303647 -0.000121  0.014074 6.30904E-12
 hf  72  -0.594195 -1.304195 -0.000669  0.013526 2.67962E-11
 ta  73  -1.423573 -1.303573 -0.000048  0.014148 4.02378E-12
  w  74  -0.654047 -1.304047 -0.000521  0.013674 2.40462E-11
 re  75  -1.046161 -1.306161 -0.002635  0.011561 9.87391E-12
 os  76   0.046612 -1.303388  0.000138  0.014333 1.24895E-10
 ir  77   0.016480 -1.303520  0.000006  0.014202 1.17741E-10
 pt  78   0.284137 -1.335863 -0.032337 -0.018142 2.21309E-10
 au  79  -0.503519 -1.303519  0.000007  0.014202 3.64358E-11
 hg  80  -0.165124 -1.335124 -0.031598 -0.017403 8.08796E-11
 tl  81  -0.533523 -1.303523  0.000003  0.014199 3.52839E-11
 pb  82   0.736484 -1.303516  0.000010  0.014205 6.66082E-10
 bi  83  -0.653515 -1.303515  0.000011  0.014207 2.73681E-11
 po  84   0.000000 -9.000000  0.000000  0.000000 0.00000E+00
#[ls/Fe]_Bisterzo =   0.0000, [hs/Fe]_Bisterzo =  -0.0517
#[hs/ls]_Bisterzo =  -0.0517, [Pb/hs]_Bisterzo =   0.0517
#[ls/Fe]_Thiswork =  -0.0007, [hs/Fe]_Thiswork =  -0.0011
#[hs/ls]_Thiswork =  -0.0004, [Pb/hs]_Thiswork =   0.0011
# C/O = 2.8514E-01, c12/c13 = 1.70775E+01, n14/n15 = 3.90188E+03
# o16/o17 = 9.47836E+01, o16/o18 = 8.50452E+02
# mg24/mg25 = 1.2467E-01, mg24/mg26 = 1.4103E-01
# al26/al27 = 0.0000E+00, mg/al = 0.0000E+00
#
#  TP   Mass     Mcore    Menv    log L
#  5 1.699870 0.740867 0.959006 4.106030
# El  Z   log e(X)   [X/H]    [X/Fe]     [X/O]      X(i)
  p   1  12.000000  0.000000  0.000000  0.000000 5.94260E-01
 he   2  11.240087  0.310086  1.613612  1.627808 4.10193E-01
 li   3   1.946978 -1.313022 -0.009496  0.004699 3.62173E-10
 be   4   0.000000 -1.300000  0.000000  0.000000 1.15069E-23
  b   5   0.000000 -2.790000  0.000000  0.000000 2.33985E-28
  c   6   6.973669 -1.496331 -0.192805 -0.178610 6.66445E-05
  n   7   7.074266 -0.795733  0.507792  0.521988 9.79779E-05
  o   8   7.412743 -1.317256 -0.013731  0.000000 2.43979E-04
  f   9   3.073921 -1.346079 -0.042553 -0.028822 1.32784E-08
 ne  10   6.661123 -1.308877 -0.005351  0.008379 5.45206E-05
 na  11   5.165993 -1.074007  0.229519  0.243249 1.98631E-06
 mg  12   6.336301 -1.303699 -0.000173  0.013558 3.10823E-05
 al  13   5.150111 -1.299889  0.003637  0.017368 2.24751E-06
 si  14   6.246974 -1.303026  0.000500  0.014231 2.92402E-05
  p  15   4.106625 -1.303375  0.000151  0.013882 2.33420E-07
  s  16   5.856609 -1.293391  0.010135  0.023865 1.35880E-05
 cl  17   3.926706 -1.303294  0.000232  0.013963 1.76553E-07
 ar  18   5.136612 -1.303388  0.000138  0.013869 3.22570E-06
  k  19   3.776035 -1.303965 -0.000439  0.013292 1.37628E-07
 ca  20   4.986612 -1.303388  0.000138  0.013869 2.29105E-06
 sc  21   1.746640 -1.303360  0.000166  0.013897 1.47892E-09
 ti  22   3.606623 -1.303377  0.000149  0.013879 1.14071E-07
  v  23   2.655528 -1.304472 -0.000946  0.012784 1.35869E-08
 cr  24   4.317329 -1.322671 -0.019145 -0.005414 6.36525E-07
 mn  25   4.176641 -1.303359  0.000167  0.013897 4.86441E-07
 fe  26   6.236612 -1.303388  0.000000  0.013868 5.67691E-05
 co  27   3.566655 -1.303345  0.000043  0.013912 1.28094E-07
 ni  28   4.896616 -1.303384  0.000004  0.013872 2.72721E-06
 cu  29   2.946628 -1.303372  0.000016  0.013884 3.31308E-08
 zn  30   3.326623 -1.303377  0.000011  0.013879 8.18044E-08
 ga  31   1.776639 -1.303361  0.000027  0.013896 2.45772E-09
 ge  32   2.242265 -1.337735 -0.034347 -0.020479 7.48095E-09
 as  33   0.996613 -1.303387  0.000001  0.013869 4.38266E-10
 se  34   1.992732 -1.347268 -0.043880 -0.030011 4.57779E-09
 br  35   1.236642 -1.303358  0.000030  0.013898 8.12319E-10
 kr  36   1.945210 -1.304790 -0.001402  0.012466 4.35472E-09
 rb  37   1.215668 -1.304332 -0.000944  0.012924 8.27918E-10
 sr  38   1.575416 -1.304585 -0.001196  0.012672 1.94328E-09
  y  39   0.907635 -1.302365  0.001023  0.014891 4.23723E-10
 zr  40   1.228249 -1.301751  0.001637  0.015505 9.09649E-10
 nb  41   0.107998 -1.302002  0.001386  0.015254 7.02357E-11
 mo  42   0.516970 -1.423030 -0.119642 -0.105774 1.85988E-10
 tc  43  -3.219019 -9.000000  0.000000  0.000000 3.48918E-14
 ru  44   0.326937 -1.433063 -0.129675 -0.115807 1.26495E-10
 rh  45  -0.242974 -1.302974  0.000414  0.014282 3.46723E-11
 pd  46   0.288965 -1.361035 -0.057647 -0.043778 1.22041E-10
 ag  47  -0.102799 -1.302799  0.000589  0.014457 5.01891E-11
 cd  48   0.368774 -1.341226 -0.037838 -0.023969 1.54917E-10
 in  49  -0.561240 -1.321240 -0.017852 -0.003984 1.85903E-11
 sn  50   0.706656 -1.363344 -0.059956 -0.046088 3.56171E-10
 sb  51  -0.534451 -1.544451 -0.241063 -0.227195 2.09686E-11
 te  52   0.411302 -1.768698 -0.465310 -0.451442 1.93940E-10
  i  53   0.246785 -1.303215  0.000173  0.014042 1.32062E-10
 xe  54   0.900373 -1.339628 -0.036239 -0.022371 6.15362E-10
 cs  55  -0.222705 -1.302705  0.000683  0.014552 4.69194E-11
 ba  56   0.879928 -1.300072  0.003316  0.017184 6.14044E-10
 la  57  -0.130106 -1.300106  0.003282  0.017151 6.06919E-11
 ce  58   0.278036 -1.301964  0.001424  0.015293 1.56690E-10
 pr  59  -0.541723 -1.301723  0.001665  0.015533 2.38632E-11
 nd  60   0.123902 -1.326098 -0.022710 -0.008841 1.13111E-10
 pm  61   0.000000 -9.000000  0.000000  0.000000 0.00000E+00
 sm  62  -0.491700 -1.431700 -0.128312 -0.114444 2.85725E-11
 eu  63  -0.793227 -1.303227  0.000161  0.014029 1.44221E-11
 gd  64  -0.359859 -1.409858 -0.106470 -0.092602 4.04807E-11
 tb  65  -0.983143 -1.303143  0.000245  0.014114 9.74014E-12
 dy  66  -0.173474 -1.303474 -0.000086  0.013782 6.42532E-11
 ho  67  -0.833171 -1.303171  0.000217  0.014086 1.42773E-11
 er  68  -0.390461 -1.310461 -0.007073  0.006795 4.01278E-11
 tm  69  -1.182967 -1.302967  0.000421  0.014289 6.53531E-12
 yb  70  -0.443050 -1.363050 -0.059662 -0.045794 3.67801E-11
 lu  71  -1.212669 -1.302669  0.000719  0.014587 6.32124E-12
 hf  72  -0.592526 -1.302526  0.000862  0.014730 2.68908E-11
 ta  73  -1.422366 -1.302366  0.001022  0.014890 4.03370E-12
  w  74  -0.652369 -1.302369  0.001020  0.014888 2.41317E-11
 re  75  -1.045733 -1.305733 -0.002345  0.011523 9.88051E-12
 os  76   0.046970 -1.303030  0.000358  0.014227 1.24959E-10
 ir  77   0.016641 -1.303359  0.000029  0.013897 1.17747E-10
 pt  78   0.284433 -1.335567 -0.032179 -0.018310 2.21390E-10
 au  79  -0.503252 -1.303252  0.000136  0.014004 3.64466E-11
 hg  80  -0.163861 -1.333861 -0.030473 -0.016605 8.10895E-11
 tl  81  -0.532607 -1.302607  0.000781  0.014649 3.53471E-11
 pb  82   0.736919 -1.303081  0.000308  0.014176 6.66538E-10
 bi  83  -0.653373 -1.303373  0.000015  0.013884 2.73683E-11
 po  84   0.000000 -9.000000  0.000000  0.000000 0.00000E+00
#[ls/Fe]_Bisterzo =   0.0013, [hs/Fe]_Bisterzo =  -0.0492
#[hs/ls]_Bisterzo =  -0.0506, [Pb/hs]_Bisterzo =   0.0496
#[ls/Fe]_Thiswork =   0.0005, [hs/Fe]_Thiswork =   0.0027
#[hs/ls]_Thiswork =   0.0022, [Pb/hs]_Thiswork =  -0.0024
# C/O = 3.6385E-01, c12/c13 = 2.21059E+01, n14/n15 = 3.89926E+03
# o16/o17 = 9.50187E+01, o16/o18 = 8.50927E+02
# mg24/mg25 = 1.2466E-01, mg24/mg26 = 1.4102E-01
# al26/al27 = 0.0000E+00, mg/al = 0.0000E+00
#
#  TP   Mass     Mcore    Menv    log L
#  6 1.699820 0.743886 0.955932 4.129220
# El  Z   log e(X)   [X/H]    [X/Fe]     [X/O]      X(i)
  p   1  12.000000  0.000000  0.000000  0.000000 5.93830E-01
 he   2  11.240685  0.310685  1.614073  1.627942 4.10461E-01
 li   3   1.939323 -1.320677 -0.017288 -0.003420 3.55588E-10
 be   4   0.000000 -1.300000  0.000000  0.000000 1.86860E-23
  b   5   0.000000 -2.790000  0.000000  0.000000 1.51797E-28
  c   6   7.479572 -0.990428  0.312960  0.326828 2.13478E-04
  n   7   7.073751 -0.796248  0.507140  0.521008 9.77909E-05
  o   8   7.422997 -1.307002 -0.003614  0.000000 2.49627E-04
  f   9   3.352507 -1.067493  0.235895  0.239509 2.52009E-08
 ne  10   6.702619 -1.267381  0.036007  0.039621 5.99435E-05
 na  11   5.169104 -1.070896  0.232492  0.236106 1.99915E-06
 mg  12   6.336516 -1.303484 -0.000096  0.003518 3.10752E-05
 al  13   5.152370 -1.297630  0.005758  0.009372 2.25759E-06
 si  14   6.248102 -1.301898  0.001490  0.005104 2.92950E-05
  p  15   4.113597 -1.296403  0.006985  0.010599 2.37026E-07
  s  16   5.856946 -1.293055  0.010334  0.013947 1.35887E-05
 cl  17   3.927722 -1.302278  0.001110  0.004724 1.76838E-07
 ar  18   5.136858 -1.303143  0.000246  0.003860 3.22518E-06
  k  19   3.776561 -1.303439 -0.000051  0.003563 1.37695E-07
 ca  20   4.986821 -1.303179  0.000209  0.003823 2.29049E-06
 sc  21   1.749861 -1.300139  0.003249  0.006863 1.48885E-09
 ti  22   3.607447 -1.302553  0.000835  0.004449 1.14205E-07
  v  23   2.655867 -1.304133 -0.000745  0.002869 1.35877E-08
 cr  24   4.317620 -1.322380 -0.018991 -0.015378 6.36490E-07
 mn  25   4.176850 -1.303150  0.000238  0.003852 4.86323E-07
 fe  26   6.236858 -1.303142  0.000000  0.003860 5.67603E-05
 co  27   3.572162 -1.297838  0.005303  0.009164 1.29635E-07
 ni  28   4.897125 -1.302875  0.000267  0.004127 2.72843E-06
 cu  29   2.950349 -1.299651  0.003490  0.007351 3.33917E-08
 zn  30   3.327539 -1.302461  0.000681  0.004541 8.19179E-08
 ga  31   1.781806 -1.298194  0.004948  0.008808 2.48533E-09
 ge  32   2.247945 -1.332055 -0.028913 -0.025053 7.57395E-09
 as  33   1.000279 -1.299721  0.003421  0.007282 4.41662E-10
 se  34   2.004102 -1.335898 -0.032757 -0.028896 4.69581E-09
 br  35   1.245975 -1.294024  0.009117  0.012978 8.29366E-10
 kr  36   1.999013 -1.250987  0.052155  0.056015 4.92548E-09
 rb  37   1.260868 -1.259132  0.044010  0.047870 9.18065E-10
 sr  38   1.707427 -1.172573  0.130569  0.134429 2.63167E-09
  y  39   1.101533 -1.108467  0.194674  0.198535 6.61707E-10
 zr  40   1.506974 -1.023026  0.280116  0.283976 1.72697E-09
 nb  41   0.358557 -1.051443  0.251698  0.255559 1.24969E-10
 mo  42   0.754104 -1.185896  0.117245  0.121106 3.20852E-10
 tc  43  -0.989615 -9.000000  0.000000  0.000000 5.91306E-12
 ru  44   0.483277 -1.276723  0.026419  0.030279 1.81176E-10
 rh  45  -0.189286 -1.249286  0.053855  0.057716 3.92063E-11
 pd  46   0.451797 -1.198202  0.104939  0.108800 1.77428E-10
 ag  47  -0.035073 -1.235073  0.068068  0.071929 5.86167E-11
 cd  48   0.585505 -1.124495  0.178647  0.182508 2.54986E-10
 in  49  -0.402140 -1.162140  0.141002  0.144862 2.67961E-11
 sn  50   1.052760 -1.017240  0.285902  0.289762 7.89676E-10
 sb  51  -0.308169 -1.318169 -0.015028 -0.011167 3.52807E-11
 te  52   0.710550 -1.469450 -0.166308 -0.162448 3.86014E-10
  i  53   0.284125 -1.265875  0.037267  0.041127 1.43815E-10
 xe  54   1.052564 -1.187436  0.115705  0.119566 8.72986E-10
 cs  55  -0.097693 -1.177693  0.125448  0.129309 6.25243E-11
 ba  56   1.445236 -0.734764  0.568378  0.572238 2.25524E-09
 la  57   0.423120 -0.746879  0.556262  0.560123 2.16792E-10
 ce  58   0.867542 -0.712458  0.590684  0.594544 6.08460E-10
 pr  59  -0.108024 -0.868024  0.435118  0.438978 6.47312E-11
 nd  60   0.618689 -0.831311  0.471830  0.475691 3.53164E-10
 pm  61   0.000000 -9.000000  0.000000  0.000000 0.00000E+00
 sm  62  -0.124425 -1.064425  0.238717  0.242577 6.65133E-11
 eu  63  -0.709558 -1.219558  0.083584  0.087445 1.74737E-11
 gd  64  -0.139316 -1.189316  0.113826  0.117687 6.72167E-11
 tb  65  -0.870193 -1.190192  0.112949  0.116810 1.26241E-11
 dy  66   0.034287 -1.095713  0.207429  0.211290 1.03596E-10
 ho  67  -0.737068 -1.207068  0.096073  0.099934 1.78005E-11
 er  68  -0.167193 -1.087193  0.215948  0.219809 6.70498E-11
 tm  69  -1.009572 -1.129572  0.173570  0.177430 9.73524E-12
 yb  70  -0.018004 -0.938004  0.365137  0.368998 9.78011E-11
 lu  71  -0.885549 -0.975549  0.327593  0.331453 1.34156E-11
 hf  72  -0.107145 -0.817145  0.485996  0.489857 8.21619E-11
 ta  73  -1.019790 -0.899790  0.403352  0.407212 1.01851E-11
  w  74  -0.133291 -0.783291  0.519850  0.523711 7.96802E-11
 re  75  -0.812165 -1.072165  0.230976  0.234837 1.69057E-11
 os  76   0.181456 -1.168544  0.134597  0.138458 1.70191E-10
 ir  77   0.046570 -1.273430  0.029711  0.033572 1.26056E-10
 pt  78   0.375702 -1.244298  0.058843  0.062704 2.72968E-10
 au  79  -0.410131 -1.210130  0.093011  0.096872 4.51299E-11
 hg  80   0.340104 -0.829896  0.473246  0.477106 2.58592E-10
 tl  81   0.080637 -0.689363  0.613779  0.617639 1.44972E-10
 pb  82   1.971793 -0.068207  1.234935  1.238795 1.14389E-08
 bi  83   0.223102 -0.426898  0.876243  0.880104 2.05782E-10
 po  84   0.000000 -9.000000  0.000000  0.000000 0.00000E+00
#[ls/Fe]_Bisterzo =   0.2374, [hs/Fe]_Bisterzo =   0.4223
#[hs/ls]_Bisterzo =   0.1849, [Pb/hs]_Bisterzo =   0.8127
#[ls/Fe]_Thiswork =   0.2018, [hs/Fe]_Thiswork =   0.5718
#[hs/ls]_Thiswork =   0.3700, [Pb/hs]_Thiswork =   0.6632
# C/O = 1.1390E+00, c12/c13 = 7.34248E+01, n14/n15 = 3.72566E+03
# o16/o17 = 9.78978E+01, o16/o18 = 8.64078E+02
# mg24/mg25 = 1.2493E-01, mg24/mg26 = 1.4124E-01
# al26/al27 = 0.0000E+00, mg/al = 0.0000E+00
#
#  TP   Mass     Mcore    Menv    log L
#  7 1.699700 0.746646 0.953053 4.152960
# El  Z   log e(X)   [X/H]    [X/Fe]     [X/O]      X(i)
  p   1  12.000000  0.000000  0.000000  0.000000 5.93095E-01
 he   2  11.241671  0.311670  1.614812  1.618672 4.10884E-01
 li   3   1.898574 -1.361426 -0.058285 -0.054424 3.23340E-10
 be   4   0.000000 -1.300000  0.000000  0.000000 2.94686E-23
  b   5   0.000000 -2.790000  0.000000  0.000000 1.64153E-28
  c   6   7.839707 -0.630293  0.672849  0.676709 4.88596E-04
  n   7   7.074844 -0.795156  0.507986  0.511846 9.79158E-05
  o   8   7.445708 -1.284291  0.018850  0.000000 2.62703E-04
  f   9   3.675179 -0.744822  0.558320  0.539470 5.29115E-08
 ne  10   6.809719 -1.160281  0.142861  0.124011 7.66132E-05
 na  11   5.189094 -1.050906  0.252235  0.233385 2.09072E-06
 mg  12   6.340465 -1.299535  0.003606 -0.015244 3.13202E-05
 al  13   5.155740 -1.294260  0.008882 -0.009968 2.27236E-06
 si  14   6.249888 -1.300112  0.003030 -0.015821 2.93793E-05
  p  15   4.133674 -1.276326  0.026816  0.007966 2.47933E-07
  s  16   5.857571 -1.292429  0.010712 -0.008138 1.35914E-05
 cl  17   3.929568 -1.300432  0.002710 -0.016140 1.77372E-07
 ar  18   5.137241 -1.302759  0.000383 -0.018467 3.22404E-06
  k  19   3.777577 -1.302423  0.000719 -0.018131 1.37846E-07
 ca  20   4.987132 -1.302868  0.000274 -0.018577 2.28929E-06
 sc  21   1.756289 -1.293710  0.009431 -0.009419 1.50918E-09
 ti  22   3.609119 -1.300880  0.002261 -0.016589 1.14504E-07
  v  23   2.656538 -1.303462 -0.000320 -0.019171 1.35918E-08
 cr  24   4.318083 -1.321917 -0.018775 -0.037625 6.36380E-07
 mn  25   4.177198 -1.302802  0.000340 -0.018510 4.86110E-07
 fe  26   6.237215 -1.302785  0.000000 -0.018494 5.67365E-05
 co  27   3.582003 -1.287997  0.014788 -0.003706 1.32442E-07
 ni  28   4.898341 -1.301659  0.001126 -0.017367 2.73269E-06
 cu  29   2.962721 -1.287279  0.015506 -0.002988 3.43141E-08
 zn  30   3.331931 -1.298069  0.004716 -0.013778 8.26480E-08
 ga  31   1.804601 -1.275399  0.027386  0.008892 2.61601E-09
 ge  32   2.274285 -1.305715 -0.002930 -0.021423 8.03757E-09
 as  33   1.018127 -1.281873  0.020912  0.002419 4.59622E-10
 se  34   2.054986 -1.285014  0.017771 -0.000723 5.27298E-09
 br  35   1.287946 -1.252054  0.050731  0.032237 9.12384E-10
 kr  36   2.127515 -1.122485  0.180300  0.161806 6.61320E-09
 rb  37   1.383361 -1.136639  0.166146  0.147652 1.21570E-09
 sr  38   1.974638 -0.905362  0.397423  0.378929 4.86301E-09
  y  39   1.410227 -0.799773  0.503012  0.484518 1.34531E-09
 zr  40   1.840594 -0.689406  0.613379  0.594886 3.71849E-09
 nb  41   0.668638 -0.741362  0.561423  0.542930 2.54886E-10
 mo  42   1.042574 -0.897426  0.405359  0.386865 6.22641E-10
 tc  43  -0.502413 -9.000000  0.000000  0.000000 1.81333E-11
 ru  44   0.710365 -1.049635  0.253150  0.234657 3.05247E-10
 rh  45  -0.083268 -1.143268  0.159517  0.141023 4.99846E-11
 pd  46   0.713801 -0.936199  0.366586  0.348093 3.23958E-10
 ag  47   0.110004 -1.089996  0.212789  0.194296 8.17636E-11
 cd  48   0.895559 -0.814441  0.488344  0.469851 5.20033E-10
 in  49  -0.158679 -0.918679  0.384106  0.365612 4.68808E-11
 sn  50   1.369106 -0.700894  0.601891  0.583398 1.63402E-09
 sb  51  -0.063284 -1.073284  0.229501  0.211007 6.19276E-11
 te  52   0.999018 -1.180982  0.121803  0.103309 7.49086E-10
  i  53   0.347826 -1.202174  0.100611  0.082117 1.66328E-10
 xe  54   1.247612 -0.992388  0.310397  0.291903 1.36621E-09
 cs  55   0.073532 -1.006468  0.296317  0.277823 9.26269E-11
 ba  56   1.832491 -0.347509  0.955276  0.936782 5.49427E-09
 la  57   0.814782 -0.355218  0.947567  0.929073 5.33539E-10
 ce  58   1.272891 -0.307109  0.995676  0.977182 1.54541E-09
 pr  59   0.260099 -0.499901  0.802884  0.784391 1.50903E-10
 nd  60   1.010849 -0.439151  0.863634  0.845140 8.70158E-10
 pm  61   0.000000 -9.000000  0.000000  0.000000 0.00000E+00
 sm  62   0.233212 -0.706788  0.595997  0.577504 1.51359E-10
 eu  63  -0.568330 -1.078330  0.224455  0.205961 2.41588E-11
 gd  64   0.136852 -0.913148  0.389637  0.371144 1.26796E-10
 tb  65  -0.690228 -1.010228  0.292557  0.274063 1.90821E-11
 dy  66   0.300363 -0.829637  0.473148  0.454654 1.90932E-10
 ho  67  -0.578785 -1.048785  0.254000  0.235506 2.55964E-11
 er  68   0.107872 -0.812128  0.490657  0.472163 1.26161E-10
 tm  69  -0.778688 -0.898688  0.404096  0.385603 1.65460E-11
 yb  70   0.367351 -0.552649  0.750135  0.731642 2.37225E-10
 lu  71  -0.541438 -0.631438  0.671347  0.652853 2.95925E-11
 hf  72   0.289515 -0.420484  0.882300  0.863807 2.04547E-10
 ta  73  -0.654042 -0.534042  0.768743  0.750249 2.36143E-11
  w  74   0.262056 -0.387944  0.914841  0.896348 1.97770E-10
 re  75  -0.552881 -0.812881  0.489904  0.471410 3.06746E-11
 os  76   0.389903 -0.960097  0.342688  0.324194 2.74692E-10
 ir  77   0.107528 -1.212472  0.090313  0.071819 1.44871E-10
 pt  78   0.539767 -1.080233  0.222552  0.204059 3.97777E-10
 au  79  -0.246694 -1.046694  0.256091  0.237598 6.56694E-11
 hg  80   0.746431 -0.423569  0.879216  0.860723 6.58271E-10
 tl  81   0.523579 -0.246421  1.056364  1.037870 4.01502E-10
 pb  82   2.514688  0.474689  1.777473  1.758980 3.98787E-08
 bi  83   0.761560  0.111560  1.414345  1.395852 7.10116E-10
 po  84   0.000000 -9.000000  0.000000  0.000000 0.00000E+00
#[ls/Fe]_Bisterzo =   0.5582, [hs/Fe]_Bisterzo =   0.8024
#[hs/ls]_Bisterzo =   0.2442, [Pb/hs]_Bisterzo =   0.9751
#[ls/Fe]_Thiswork =   0.5046, [hs/Fe]_Thiswork =   0.9662
#[hs/ls]_Thiswork =   0.4616, [Pb/hs]_Thiswork =   0.8113
# C/O = 2.4772E+00, c12/c13 = 1.70127E+02, n14/n15 = 3.62992E+03
# o16/o17 = 1.03722E+02, o16/o18 = 9.03022E+02
# mg24/mg25 = 1.2637E-01, mg24/mg26 = 1.4366E-01
# al26/al27 = 0.0000E+00, mg/al = 0.0000E+00
#
#  TP   Mass     Mcore    Menv    log L
#  8 1.699320 0.749191 0.950132 4.172920
# El  Z   log e(X)   [X/H]    [X/Fe]     [X/O]      X(i)
  p   1  12.000000  0.000000  0.000000  0.000000 5.92037E-01
 he   2  11.243093  0.313092  1.615877  1.597383 4.11496E-01
 li   3   1.822835 -1.437165 -0.134380 -0.152874 2.71110E-10
 be   4   0.000000 -1.300000  0.000000  0.000000 3.05316E-23
  b   5   0.000000 -2.790000  0.000000  0.000000 1.08312E-28
  c   6   8.092824 -0.377176  0.925609  0.907115 8.73556E-04
  n   7   7.078669 -0.791331  0.511454  0.492960 9.86058E-05
  o   8   7.477806 -1.252193  0.050591  0.000000 2.82349E-04
  f   9   3.932089 -0.487911  0.814874  0.764282 9.54299E-08
 ne  10   6.950296 -1.019703  0.283082  0.232490 1.05708E-04
 na  11   5.230439 -1.009561  0.293224  0.242632 2.29544E-06
 mg  12   6.350723 -1.289277  0.013508 -0.037083 3.20116E-05
 al  13   5.161906 -1.288094  0.014691 -0.035901 2.30074E-06
 si  14   6.252184 -1.297816  0.004969 -0.045623 2.94823E-05
  p  15   4.163861 -1.246139  0.056646  0.006055 2.65306E-07
  s  16   5.858494 -1.291506  0.011279 -0.039312 1.35961E-05
 cl  17   3.932040 -1.297960  0.004825 -0.045766 1.78066E-07
 ar  18   5.137799 -1.302201  0.000584 -0.050008 3.22242E-06
  k  19   3.779011 -1.300989  0.001796 -0.048796 1.38055E-07
 ca  20   4.987594 -1.302406  0.000379 -0.050213 2.28764E-06
 sc  21   1.764951 -1.285049  0.017736 -0.032856 1.53683E-09
 ti  22   3.611499 -1.298501  0.004284 -0.046308 1.14927E-07
  v  23   2.657496 -1.302504  0.000281 -0.050310 1.35975E-08
 cr  24   4.318745 -1.321255 -0.018470 -0.069061 6.36214E-07
 mn  25   4.177827 -1.302173  0.000612 -0.049980 4.85946E-07
 fe  26   6.237727 -1.302273  0.000000 -0.050079 5.67021E-05
 co  27   3.592992 -1.277008  0.025265 -0.024815 1.35593E-07
 ni  28   4.899960 -1.300040  0.002233 -0.047847 2.73800E-06
 cu  29   2.979845 -1.270155  0.032118 -0.017962 3.56305E-08
 zn  30   3.340511 -1.289489  0.012784 -0.037295 8.41466E-08
 ga  31   1.846751 -1.233249  0.069024  0.018945 2.87750E-09
 ge  32   2.323012 -1.256988  0.045285 -0.004794 8.97586E-09
 as  33   1.051809 -1.248191  0.054082  0.004003 4.95800E-10
 se  34   2.139888 -1.200112  0.102161  0.052081 6.40004E-09
 br  35   1.359652 -1.180348  0.121924  0.071845 1.07426E-09
 kr  36   2.279978 -0.970022  0.332251  0.282171 9.37777E-09
 rb  37   1.533377 -0.986623  0.315650  0.265570 1.71423E-09
 sr  38   2.207939 -0.672061  0.630212  0.580132 8.30674E-09
  y  39   1.649278 -0.560722  0.741550  0.691471 2.32861E-09
 zr  40   2.075674 -0.454326  0.847947  0.797868 6.37780E-09
 nb  41   0.893313 -0.516687  0.785586  0.735507 4.26821E-10
 mo  42   1.252790 -0.687210  0.615063  0.564984 1.00851E-09
 tc  43  -0.244214 -9.000000  0.000000  0.000000 3.28020E-11
 ru  44   0.898272 -0.861728  0.440544  0.390465 4.69658E-10
 rh  45   0.028852 -1.031148  0.271124  0.221045 6.45922E-11
 pd  46   0.923317 -0.726683  0.575590  0.525510 5.23875E-10
 ag  47   0.251602 -0.948398  0.353875  0.303796 1.13079E-10
 cd  48   1.114771 -0.595229  0.707044  0.656964 8.59939E-10
 in  49   0.029799 -0.730201  0.572072  0.521993 7.22266E-11
 sn  50   1.592210 -0.477790  0.824483  0.774403 2.72637E-09
 sb  51   0.128069 -0.881931  0.420342  0.370262 9.60421E-11
 te  52   1.207241 -0.972759  0.329514  0.279434 1.20776E-09
  i  53   0.416736 -1.133264  0.169008  0.118929 1.94580E-10
 xe  54   1.410148 -0.829852  0.472420  0.422341 1.98279E-09
 cs  55   0.223378 -0.856622  0.445651  0.395572 1.30559E-10
 ba  56   2.087201 -0.092799  1.209474  1.159395 9.85927E-09
 la  57   1.076115 -0.093885  1.208387  1.158308 9.72129E-10
 ce  58   1.544801 -0.035199  1.267074  1.216994 2.88521E-09
 pr  59   0.522610 -0.237390  1.064883  1.014803 2.75698E-10
 nd  60   1.282158 -0.167842  1.134431  1.084351 1.62230E-09
 pm  61   0.000000 -9.000000  0.000000  0.000000 0.00000E+00
 sm  62   0.493472 -0.446528  0.855745  0.805666 2.75101E-10
 eu  63  -0.419873 -0.929873  0.372400  0.322320 3.39435E-11
 gd  64   0.365504 -0.684496  0.617777  0.567698 2.14280E-10
 tb  65  -0.514449 -0.834449  0.467824  0.417744 2.85517E-11
 dy  66   0.523550 -0.606450  0.695823  0.645743 3.18634E-10
 ho  67  -0.417659 -0.887659  0.414614  0.364535 3.70279E-11
 er  68   0.338579 -0.581421  0.720852  0.670773 2.14218E-10
 tm  69  -0.572431 -0.692431  0.609842  0.559763 2.65567E-11
 yb  70   0.642951 -0.277049  1.025224  0.975144 4.46669E-10
 lu  71  -0.282348 -0.372348  0.929925  0.879846 5.36410E-11
 hf  72   0.563490 -0.146510  1.155763  1.105683 3.83700E-10
 ta  73  -0.390369 -0.270369  1.031903  0.981824 4.32586E-11
  w  74   0.540482 -0.109518  1.192754  1.142675 3.74809E-10
 re  75  -0.328047 -0.588047  0.714226  0.664147 5.13851E-11
 os  76   0.593599 -0.756401  0.545872  0.495793 4.38295E-10
 ir  77   0.187747 -1.132253  0.170020  0.119940 1.73951E-10
 pt  78   0.709158 -0.910842  0.391431  0.341351 5.86481E-10
 au  79  -0.082894 -0.882894  0.419378  0.369299 9.55845E-11
 hg  80   1.026755 -0.143245  1.159028  1.108949 1.25300E-09
 tl  81   0.815016  0.045016  1.347289  1.297209 7.84058E-10
 pb  82   2.837045  0.797045  2.099318  2.049238 8.36224E-08
 bi  83   1.087433  0.437433  1.739706  1.689626 1.50116E-09
 po  84   0.000000 -9.000000  0.000000  0.000000 0.00000E+00
#[ls/Fe]_Bisterzo =   0.7947, [hs/Fe]_Bisterzo =   1.0662
#[hs/ls]_Bisterzo =   0.2714, [Pb/hs]_Bisterzo =   1.0331
#[ls/Fe]_Thiswork =   0.7399, [hs/Fe]_Thiswork =   1.2283
#[hs/ls]_Thiswork =   0.4884, [Pb/hs]_Thiswork =   0.8710
# C/O = 4.1209E+00, c12/c13 = 3.05178E+02, n14/n15 = 3.60817E+03
# o16/o17 = 1.11712E+02, o16/o18 = 9.67394E+02
# mg24/mg25 = 1.3000E-01, mg24/mg26 = 1.4930E-01
# al26/al27 = 0.0000E+00, mg/al = 0.0000E+00
#
#  TP   Mass     Mcore    Menv    log L
#  9 1.698320 0.751571 0.946746 4.189480
# El  Z   log e(X)   [X/H]    [X/Fe]     [X/O]      X(i)
  p   1  12.000000  0.000000  0.000000  0.000000 5.90794E-01
 he   2  11.244765  0.314765  1.617038  1.566958 4.12218E-01
 li   3   1.769134 -1.490866 -0.188594 -0.238673 2.39074E-10
 be   4   0.000000 -1.300000  0.000000  0.000000 4.47697E-23
  b   5   0.000000 -2.790000  0.000000  0.000000 1.02759E-28
  c   6   8.272717 -0.197284  1.104989  1.054910 1.31908E-03
  n   7   7.083331 -0.786669  0.515604  0.465525 9.94608E-05
  o   8   7.512727 -1.217272  0.085001  0.000000 3.05348E-04
  f   9   4.124540 -0.295460  1.006813  0.921813 1.48328E-07
 ne  10   7.083953 -0.886046  0.416226  0.331226 1.43500E-04
 na  11   5.284439 -0.955561  0.346712  0.261711 2.59390E-06
 mg  12   6.366885 -1.273115  0.029158 -0.055842 3.31556E-05
 al  13   5.171927 -1.278072  0.024200 -0.060800 2.34951E-06
 si  14   6.254693 -1.295307  0.006966 -0.078035 2.95909E-05
  p  15   4.197781 -1.212219  0.090054  0.005053 2.86255E-07
  s  16   5.859591 -1.290410  0.011863 -0.073137 1.36018E-05
 cl  17   3.934872 -1.295128  0.007144 -0.077856 1.78855E-07
 ar  18   5.138460 -1.301540  0.000733 -0.084268 3.22056E-06
  k  19   3.780680 -1.299320  0.002953 -0.082048 1.38296E-07
 ca  20   4.988144 -1.301856  0.000417 -0.084583 2.28574E-06
 sc  21   1.774762 -1.275238  0.027035 -0.057966 1.56865E-09
 ti  22   3.614187 -1.295813  0.006460 -0.078540 1.15398E-07
  v  23   2.658575 -1.301425  0.000848 -0.084153 1.36028E-08
 cr  24   4.319523 -1.320477 -0.018204 -0.103205 6.36017E-07
 mn  25   4.178635 -1.301365  0.000908 -0.084093 4.85829E-07
 fe  26   6.238340 -1.301660  0.000000 -0.084388 5.66630E-05
 co  27   3.604421 -1.265579  0.036081 -0.048307 1.38917E-07
 ni  28   4.901731 -1.298268  0.003392 -0.080996 2.74343E-06
 cu  29   2.998634 -1.251366  0.050294 -0.034093 3.71277E-08
 zn  30   3.351989 -1.278011  0.023649 -0.060739 8.62188E-08
 ga  31   1.898358 -1.181642  0.120018  0.035631 3.23378E-09
 ge  32   2.380963 -1.199037  0.102623  0.018236 1.02356E-08
 as  33   1.092955 -1.207045  0.094615  0.010227 5.43926E-10
 se  34   2.229862 -1.110138  0.191522  0.107135 7.85679E-09
 br  35   1.437577 -1.102423  0.199237  0.114850 1.28269E-09
 kr  36   2.413047 -0.836953  0.464707  0.380319 1.27132E-08
 rb  37   1.667282 -0.852718  0.448942  0.364554 2.32842E-09
 sr  38   2.377814 -0.502186  0.799474  0.715086 1.22573E-08
  y  39   1.818465 -0.391535  0.910125  0.825737 3.43062E-09
 zr  40   2.239358 -0.290642  1.011018  0.926630 9.27776E-09
 nb  41   1.052313 -0.357687  0.943973  0.859585 6.14232E-10
 mo  42   1.401910 -0.538090  0.763570  0.679182 1.41868E-09
 tc  43  -0.085666 -9.000000  0.000000  0.000000 4.71560E-11
 ru  44   1.034623 -0.725377  0.576283  0.491895 6.41536E-10
 rh  45   0.121977 -0.938023  0.363637  0.279249 7.98717E-11
 pd  46   1.071668 -0.578332  0.723328  0.638940 7.35643E-10
 ag  47   0.364470 -0.835530  0.466130  0.381743 1.46332E-10
 cd  48   1.269866 -0.440134  0.861526  0.777138 1.22645E-09
 in  49   0.170946 -0.589054  0.712606  0.628218 9.97544E-11
 sn  50   1.748557 -0.321443  0.980217  0.895829 3.89960E-09
 sb  51   0.268233 -0.741767  0.559893  0.475506 1.32347E-10
 te  52   1.355304 -0.824696  0.476964  0.392576 1.69485E-09
  i  53   0.479795 -1.070204  0.231456  0.147068 2.24516E-10
 xe  54   1.534402 -0.705598  0.596062  0.511674 2.63402E-09
 cs  55   0.339805 -0.740195  0.561465  0.477077 1.70342E-10
 ba  56   2.252698  0.072698  1.374358  1.289970 1.44022E-08
 la  57   1.244604  0.074604  1.376264  1.291876 1.42988E-09
 ce  58   1.719319  0.139319  1.440979  1.356592 4.30311E-09
 pr  59   0.694254 -0.065746  1.235914  1.151526 4.08475E-10
 nd  60   1.455987  0.005987  1.307647  1.223259 2.41573E-09
 pm  61   0.000000 -9.000000  0.000000  0.000000 0.00000E+00
 sm  62   0.664135 -0.275865  1.025795  0.941407 4.06671E-10
 eu  63  -0.302333 -0.812333  0.489327  0.404939 4.44000E-11
 gd  64   0.523944 -0.526056  0.775604  0.691216 3.07971E-10
 tb  65  -0.381610 -0.701610  0.600050  0.515662 3.86864E-11
 dy  66   0.678643 -0.451357  0.850303  0.765916 4.54435E-10
 ho  67  -0.293704 -0.763704  0.537956  0.453568 4.91555E-11
 er  68   0.497122 -0.422878  0.878782  0.794394 3.07955E-10
 tm  69  -0.426157 -0.546157  0.755503  0.671115 3.71138E-11
 yb  70   0.820971 -0.099029  1.202631  1.118244 6.71574E-10
 lu  71  -0.110681 -0.200681  1.100979  1.016592 7.94788E-11
 hf  72   0.739999  0.029999  1.331659  1.247271 5.74895E-10
 ta  73  -0.217965 -0.097965  1.203695  1.119307 6.42044E-11
  w  74   0.718758  0.068758  1.370418  1.286030 5.63863E-10
 re  75  -0.171982 -0.431982  0.869678  0.785290 7.34496E-11
 os  76   0.741721 -0.608279  0.693381  0.608993 6.15143E-10
 ir  77   0.260670 -1.059330  0.242330  0.157942 2.05323E-10
 pt  78   0.839610 -0.780390  0.521270  0.436882 7.90305E-10
 au  79   0.044097 -0.755903  0.545757  0.461369 1.27781E-10
 hg  80   1.207688  0.037688  1.339348  1.254961 1.89659E-09
 tl  81   1.000979  0.230979  1.532640  1.448252 1.20060E-09
 pb  82   3.045890  1.005890  2.307550  2.223162 1.34976E-07
 bi  83   1.302059  0.652059  1.953719  1.869331 2.45550E-09
 po  84   0.000000 -9.000000  0.000000  0.000000 0.00000E+00
#[ls/Fe]_Bisterzo =   0.9606, [hs/Fe]_Bisterzo =   1.2366
#[hs/ls]_Bisterzo =   0.2760, [Pb/hs]_Bisterzo =   1.0710
#[ls/Fe]_Thiswork =   0.9069, [hs/Fe]_Thiswork =   1.3972
#[hs/ls]_Thiswork =   0.4903, [Pb/hs]_Thiswork =   0.9103
# C/O = 5.7540E+00, c12/c13 = 4.61269E+02, n14/n15 = 3.61623E+03
# o16/o17 = 1.21127E+02, o16/o18 = 1.04291E+03
# mg24/mg25 = 1.3623E-01, mg24/mg26 = 1.5818E-01
# al26/al27 = 0.0000E+00, mg/al = 0.0000E+00
#
#  TP   Mass     Mcore    Menv    log L
# 10 1.695280 0.753791 0.941485 4.203570
# El  Z   log e(X)   [X/H]    [X/Fe]     [X/O]      X(i)
  p   1  12.000000  0.000000  0.000000  0.000000 5.89363E-01
 he   2  11.246692  0.316691  1.618351  1.533964 4.13047E-01
 li   3   1.720401 -1.539599 -0.237939 -0.322327 2.13179E-10
 be   4   0.000000 -1.300000  0.000000  0.000000 6.20041E-23
  b   5   0.000000 -2.790000  0.000000  0.000000 1.25033E-28
  c   6   8.416180 -0.053821  1.247839  1.163452 1.83097E-03
  n   7   7.088699 -0.781301  0.520360  0.435972 1.00454E-04
  o   8   7.548544 -1.181456  0.120204  0.000000 3.30795E-04
  f   9   4.281845 -0.138155  1.163505  1.043300 2.12557E-07
 ne  10   7.206684 -0.763316  0.538344  0.418140 1.89901E-04
 na  11   5.345145 -0.894855  0.406805  0.286601 2.97581E-06
 mg  12   6.387870 -1.252130  0.049531 -0.070674 3.47127E-05
 al  13   5.186291 -1.263709  0.037951 -0.082253 2.42263E-06
 si  14   6.257393 -1.292607  0.009053 -0.111151 2.97034E-05
  p  15   4.232466 -1.177534  0.124126  0.003922 3.09304E-07
  s  16   5.860835 -1.289165  0.012495 -0.107710 1.36078E-05
 cl  17   3.938062 -1.291938  0.009722 -0.110483 1.79737E-07
 ar  18   5.139232 -1.300768  0.000892 -0.119312 3.21847E-06
  k  19   3.782593 -1.297407  0.004253 -0.115952 1.38570E-07
 ca  20   4.988788 -1.301212  0.000448 -0.119756 2.28358E-06
 sc  21   1.785611 -1.264389  0.037271 -0.082933 1.60443E-09
 ti  22   3.617218 -1.292782  0.008878 -0.111326 1.15925E-07
  v  23   2.659791 -1.300209  0.001451 -0.118753 1.36078E-08
 cr  24   4.320426 -1.319574 -0.017914 -0.138119 6.35796E-07
 mn  25   4.179627 -1.300373  0.001287 -0.118917 4.85760E-07
 fe  26   6.239059 -1.300941  0.000000 -0.119485 5.66195E-05
 co  27   3.616912 -1.253088  0.047853 -0.071632 1.42624E-07
 ni  28   4.903671 -1.296329  0.004612 -0.114873 2.74903E-06
 cu  29   3.018376 -1.231624  0.069317 -0.050168 3.87603E-08
 zn  30   3.365647 -1.264353  0.036588 -0.082897 8.87578E-08
 ga  31   1.954714 -1.125286  0.175654  0.056170 3.67292E-09
 ge  32   2.442966 -1.137033  0.163907  0.044422 1.17778E-08
 as  33   1.138368 -1.161632  0.139308  0.019823 6.02420E-10
 se  34   2.317277 -1.022723  0.278218  0.158733 9.58532E-09
 br  35   1.514956 -1.025044  0.275896  0.156411 1.52914E-09
 kr  36   2.530505 -0.719495  0.581446  0.461961 1.66212E-08
 rb  37   1.782795 -0.737205  0.563735  0.444251 3.03055E-09
 sr  38   2.508052 -0.371948  0.928992  0.809507 1.65035E-08
  y  39   1.947225 -0.262775  1.038165  0.918680 4.60339E-09
 zr  40   2.366262 -0.163738  1.137203  1.017718 1.23963E-08
 nb  41   1.177053 -0.232947  1.067994  0.948509 8.16619E-10
 mo  42   1.521962 -0.418038  0.882903  0.763418 1.86588E-09
 tc  43   0.034842 -9.000000  0.000000  0.000000 6.20854E-11
 ru  44   1.147609 -0.612391  0.688549  0.569064 8.30144E-10
 rh  45   0.205815 -0.854185  0.446756  0.327271 9.66448E-11
 pd  46   1.192569 -0.457431  0.843509  0.724024 9.69426E-10
 ag  47   0.462780 -0.737220  0.563720  0.444236 1.83060E-10
 cd  48   1.395843 -0.314157  0.986783  0.867298 1.63521E-09
 in  49   0.289125 -0.470875  0.830066  0.710581 1.30634E-10
 sn  50   1.877458 -0.192542  1.108398  0.988913 5.23440E-09
 sb  51   0.387702 -0.622298  0.678643  0.559158 1.73832E-10
 te  52   1.480176 -0.699824  0.601116  0.481632 2.25398E-09
  i  53   0.542882 -1.007118  0.293823  0.174338 2.58988E-10
 xe  54   1.645020 -0.594980  0.705961  0.586476 3.38988E-09
 cs  55   0.445309 -0.634691  0.666249  0.546764 2.16657E-10
 ba  56   2.388605  0.208605  1.509546  1.390061 1.96464E-08
 la  57   1.381801  0.211801  1.512741  1.393256 1.95634E-09
 ce  58   1.859553  0.279553  1.580494  1.461009 5.92876E-09
 pr  59   0.833190  0.073190  1.374130  1.254646 5.61109E-10
 nd  60   1.594841  0.144841  1.445781  1.326297 3.31779E-09
 pm  61   0.000000 -9.000000  0.000000  0.000000 0.00000E+00
 sm  62   0.801269 -0.138731  1.162209  1.042724 5.56318E-10
 eu  63  -0.198091 -0.708091  0.592850  0.473365 5.63083E-11
 gd  64   0.654132 -0.395868  0.905072  0.785588 4.14615E-10
 tb  65  -0.267196 -0.587196  0.713745  0.594260 5.02249E-11
 dy  66   0.806547 -0.323453  0.977488  0.858003 6.08587E-10
 ho  67  -0.185520 -0.655520  0.645420  0.525935 6.29074E-11
 er  68   0.626985 -0.293015  1.007925  0.888440 4.14283E-10
 tm  69  -0.303770 -0.423770  0.877170  0.757686 4.90760E-11
 yb  70   0.962083  0.042083  1.343023  1.223538 9.27154E-10
 lu  71   0.027000 -0.063000  1.237941  1.118456 1.08863E-10
 hf  72   0.879749  0.169749  1.470690  1.351205 7.91199E-10
 ta  73  -0.080587  0.039413  1.340353  1.220868 8.78797E-11
  w  74   0.859188  0.209188  1.510129  1.390644 7.77232E-10
 re  75  -0.044464 -0.304464  0.996476  0.876992 9.82775E-11
 os  76   0.865249 -0.484751  0.816189  0.696704 8.15549E-10
 ir  77   0.330737 -0.989263  0.311678  0.192193 2.40686E-10
 pt  78   0.951452 -0.668548  0.632393  0.512908 1.01996E-09
 au  79   0.153420 -0.646580  0.654361  0.534876 1.63959E-10
 hg  80   1.348663  0.178663  1.479604  1.360119 2.61755E-09
 tl  81   1.144084  0.374084  1.675025  1.555540 1.66514E-09
 pb  82   3.197991  1.157991  2.458932  2.339447 1.91119E-07
 bi  83   1.459637  0.809637  2.110577  1.991092 3.52098E-09
 po  84   0.000000 -9.000000  0.000000  0.000000 0.00000E+00
#[ls/Fe]_Bisterzo =   1.0877, [hs/Fe]_Bisterzo =   1.3736
#[hs/ls]_Bisterzo =   0.2859, [Pb/hs]_Bisterzo =   1.0854
#[ls/Fe]_Thiswork =   1.0348, [hs/Fe]_Thiswork =   1.5343
#[hs/ls]_Thiswork =   0.4995, [Pb/hs]_Thiswork =   0.9247
# C/O = 7.3726E+00, c12/c13 = 6.40073E+02, n14/n15 = 3.64120E+03
# o16/o17 = 1.31585E+02, o16/o18 = 1.12646E+03
# mg24/mg25 = 1.4553E-01, mg24/mg26 = 1.6958E-01
# al26/al27 = 0.0000E+00, mg/al = 0.0000E+00
#
#  TP   Mass     Mcore    Menv    log L
# 11 1.685220 0.755899 0.929321 4.215260
# El  Z   log e(X)   [X/H]    [X/Fe]     [X/O]      X(i)
  p   1  12.000000  0.000000  0.000000  0.000000 5.87815E-01
 he   2  11.248789  0.318789  1.619729  1.500244 4.13956E-01
 li   3   1.689047 -1.570953 -0.270013 -0.389498 1.97810E-10
 be   4   0.000000 -1.300000  0.000000  0.000000 9.63244E-23
  b   5   0.000000 -2.790000  0.000000  0.000000 1.18197E-28
  c   6   8.529982  0.059981  1.360922  1.241437 2.37324E-03
  n   7   7.094765 -0.775235  0.525706  0.406221 1.01599E-04
  o   8   7.582520 -1.147480  0.153461  0.000000 3.56774E-04
  f   9   4.417153 -0.002847  1.298093  1.144632 2.89495E-07
 ne  10   7.310821 -0.659179  0.641761  0.488300 2.40726E-04
 na  11   5.404417 -0.835583  0.465358  0.311897 3.40202E-06
 mg  12   6.411602 -1.228398  0.072542 -0.080919 3.65660E-05
 al  13   5.204306 -1.245694  0.055246 -0.098215 2.51861E-06
 si  14   6.260202 -1.289798  0.011143 -0.142318 2.98176E-05
  p  15   4.266088 -1.143912  0.157028  0.003567 3.33323E-07
  s  16   5.862167 -1.287833  0.013108 -0.140353 1.36138E-05
 cl  17   3.941442 -1.288558  0.012382 -0.141079 1.80665E-07
 ar  18   5.140078 -1.299922  0.001018 -0.152443 3.21627E-06
  k  19   3.784654 -1.295346  0.005594 -0.147867 1.38864E-07
 ca  20   4.989492 -1.300508  0.000432 -0.153028 2.28128E-06
 sc  21   1.797043 -1.252957  0.047983 -0.105478 1.64290E-09
 ti  22   3.620401 -1.289598  0.011342 -0.142119 1.16471E-07
  v  23   2.661078 -1.298922  0.002019 -0.151442 1.36124E-08
 cr  24   4.321410 -1.318590 -0.017649 -0.171110 6.35566E-07
 mn  25   4.180724 -1.299276  0.001664 -0.151797 4.85710E-07
 fe  26   6.239852 -1.300148  0.000000 -0.152668 5.65740E-05
 co  27   3.630149 -1.239851  0.060297 -0.092371 1.46652E-07
 ni  28   4.905738 -1.294261  0.005886 -0.146782 2.75490E-06
 cu  29   3.038523 -1.211477  0.088670 -0.063998 4.04941E-08
 zn  30   3.380303 -1.249697  0.050451 -0.102217 9.15632E-08
 ga  31   2.009514 -1.070486  0.229661  0.076993 4.15595E-09
 ge  32   2.502478 -1.077522  0.222625  0.069957 1.34721E-08
 as  33   1.183592 -1.116408  0.183739  0.031071 6.66778E-10
 se  34   2.396412 -0.943588  0.356560  0.203892 1.14709E-08
 br  35   1.586343 -0.953657  0.346490  0.193822 1.79760E-09
 kr  36   2.631445 -0.618555  0.681592  0.528924 2.09151E-08
 rb  37   1.882507 -0.637493  0.662655  0.509987 3.80270E-09
 sr  38   2.611450 -0.268550  1.031598  0.878930 2.08850E-08
  y  39   2.048792 -0.161208  1.138939  0.986271 5.80101E-09
 zr  40   2.465270 -0.064730  1.235418  1.082750 1.55296E-08
 nb  41   1.274820 -0.135180  1.164968  1.012300 1.02010E-09
 mo  42   1.614960 -0.325040  0.975107  0.822439 2.30537E-09
 tc  43   0.120914 -9.000000  0.000000  0.000000 7.54955E-11
 ru  44   1.234535 -0.525465  0.774683  0.622015 1.01143E-09
 rh  45   0.273712 -0.786288  0.513860  0.361192 1.12702E-10
 pd  46   1.284821 -0.365179  0.934968  0.782300 1.19571E-09
 ag  47   0.541248 -0.658752  0.641396  0.488728 2.18737E-10
 cd  48   1.492052 -0.217948  1.082200  0.929532 2.03536E-09
 in  49   0.380704 -0.379296  0.920851  0.768183 1.60877E-10
 sn  50   1.975018 -0.094982  1.205165  1.052497 6.53560E-09
 sb  51   0.479372 -0.530628  0.769520  0.616852 2.14120E-10
 te  52   1.574800 -0.605201  0.694947  0.542279 2.79531E-09
  i  53   0.596510 -0.953490  0.346658  0.193990 2.92258E-10
 xe  54   1.731206 -0.508794  0.791353  0.638685 4.12314E-09
 cs  55   0.527476 -0.552524  0.747624  0.594956 2.61095E-10
 ba  56   2.489025  0.309025  1.609173  1.456505 2.46923E-08
 la  57   1.483338  0.313338  1.613486  1.460818 2.46513E-09
 ce  58   1.964516  0.384516  1.684663  1.531995 7.52980E-09
 pr  59   0.937750  0.177750  1.477897  1.325229 7.11977E-10
 nd  60   1.698801  0.248801  1.548949  1.396281 4.20404E-09
 pm  61   0.000000 -9.000000  0.000000  0.000000 0.00000E+00
 sm  62   0.905046 -0.034954  1.265193  1.112525 7.04625E-10
 eu  63  -0.113523 -0.623523  0.676624  0.523956 6.82335E-11
 gd  64   0.755109 -0.294891  1.005256  0.852588 5.21771E-10
 tb  65  -0.175958 -0.495958  0.804190  0.651522 6.18038E-11
 dy  66   0.905518 -0.224482  1.075665  0.922997 7.62345E-10
 ho  67  -0.099025 -0.569025  0.731123  0.578455 7.65695E-11
 er  68   0.727121 -0.192879  1.107269  0.954601 5.20345E-10
 tm  69  -0.208860 -0.328860  0.971287  0.818619 6.09028E-11
 yb  70   1.069250  0.149250  1.449398  1.296730 1.18352E-09
 lu  71   0.132549  0.042549  1.342697  1.190029 1.38448E-10
 hf  72   0.986423  0.276424  1.576571  1.423903 1.00883E-09
 ta  73   0.024507  0.144507  1.444654  1.291986 1.11645E-10
  w  74   0.965879  0.315879  1.616027  1.463359 9.91059E-10
 re  75   0.055035 -0.204965  1.095182  0.942514 1.23257E-10
 os  76   0.962291 -0.387709  0.912438  0.759770 1.01707E-09
 ir  77   0.392016 -0.927984  0.372164  0.219496 2.76432E-10
 pt  78   1.042254 -0.577746  0.722402  0.569734 1.25384E-09
 au  79   0.242899 -0.557101  0.743046  0.590378 2.00943E-10
 hg  80   1.457093  0.287093  1.587241  1.434573 3.35106E-09
 tl  81   1.255177  0.485177  1.785324  1.632656 2.14488E-09
 pb  82   3.314610  1.274611  2.574758  2.422090 2.49333E-07
 bi  83   1.580137  0.930137  2.230285  2.077617 4.63471E-09
 po  84   0.000000 -9.000000  0.000000  0.000000 0.00000E+00
#[ls/Fe]_Bisterzo =   1.1872, [hs/Fe]_Bisterzo =   1.4759
#[hs/ls]_Bisterzo =   0.2887, [Pb/hs]_Bisterzo =   1.0989
#[ls/Fe]_Thiswork =   1.1353, [hs/Fe]_Thiswork =   1.6358
#[hs/ls]_Thiswork =   0.5005, [Pb/hs]_Thiswork =   0.9390
# C/O = 8.8603E+00, c12/c13 = 8.28349E+02, n14/n15 = 3.67852E+03
# o16/o17 = 1.42297E+02, o16/o18 = 1.21126E+03
# mg24/mg25 = 1.5688E-01, mg24/mg26 = 1.8297E-01
# al26/al27 = 0.0000E+00, mg/al = 0.0000E+00
#
#  TP   Mass     Mcore    Menv    log L
# 12 1.637390 0.757931 0.879462 4.224890
# El  Z   log e(X)   [X/H]    [X/Fe]     [X/O]      X(i)
  p   1  12.000000  0.000000  0.000000  0.000000 5.86131E-01
 he   2  11.251081  0.321080  1.621228  1.468560 4.14954E-01
 li   3   1.662640 -1.597360 -0.297213 -0.449881 1.85608E-10
 be   4   0.000000 -1.300000  0.000000  0.000000 1.45608E-22
  b   5   0.000000 -2.790000  0.000000  0.000000 1.19071E-28
  c   6   8.626390  0.156389  1.456537  1.303869 2.95463E-03
  n   7   7.101403 -0.768597  0.531550  0.378882 1.02868E-04
  o   8   7.614773 -1.115226  0.184921  0.000000 3.83178E-04
  f   9   4.534919  0.114919  1.415067  1.230145 3.78583E-07
 ne  10   7.404310 -0.565690  0.734458  0.549537 2.97691E-04
 na  11   5.463245 -0.776754  0.523393  0.338472 3.88435E-06
 mg  12   6.437373 -1.202627  0.097520 -0.087401 3.86903E-05
 al  13   5.225462 -1.224537  0.075610 -0.109311 2.63676E-06
 si  14   6.263193 -1.286807  0.013340 -0.171581 2.99376E-05
  p  15   4.298802 -1.111197  0.188950  0.004029 3.58372E-07
  s  16   5.863599 -1.286401  0.013746 -0.171175 1.36196E-05
 cl  17   3.945100 -1.284900  0.015247 -0.169674 1.81672E-07
 ar  18   5.141003 -1.298997  0.001151 -0.183771 3.21390E-06
  k  19   3.786905 -1.293095  0.007053 -0.177868 1.39185E-07
 ca  20   4.990259 -1.299741  0.000406 -0.184515 2.27876E-06
 sc  21   1.809272 -1.240728  0.059419 -0.125502 1.68498E-09
 ti  22   3.623793 -1.286207  0.013940 -0.170981 1.17048E-07
  v  23   2.662463 -1.297537  0.002611 -0.182311 1.36167E-08
 cr  24   4.322487 -1.317513 -0.017365 -0.202287 6.35318E-07
 mn  25   4.181903 -1.298097  0.002050 -0.182871 4.85635E-07
 fe  26   6.240723 -1.299277  0.000000 -0.184051 5.65252E-05
 co  27   3.644752 -1.225248  0.074028 -0.110022 1.51232E-07
 ni  28   4.908024 -1.291975  0.007301 -0.176749 2.76150E-06
 cu  29   3.059927 -1.190073  0.109204 -0.074847 4.24179E-08
 zn  30   3.395936 -1.234064  0.065213 -0.118838 9.46473E-08
 ga  31   2.062825 -1.017175  0.282102  0.098052 4.68528E-09
 ge  32   2.559434 -1.020566  0.278711  0.094660 1.53160E-08
 as  33   1.228245 -1.071755  0.227522  0.043471 7.36865E-10
 se  34   2.469007 -0.870993  0.428283  0.244233 1.35191E-08
 br  35   1.652836 -0.887164  0.412113  0.228062 2.08900E-09
 kr  36   2.723349 -0.526651  0.772625  0.588575 2.57701E-08
 rb  37   1.972326 -0.547674  0.751603  0.567553 4.66298E-09
 sr  38   2.698586 -0.181414  1.117863  0.933813 2.54521E-08
  y  39   2.134579 -0.075421  1.223855  1.039805 7.04764E-09
 zr  40   2.549416  0.019416  1.318692  1.134642 1.87957E-08
 nb  41   1.358396 -0.051604  1.247672  1.063622 1.23303E-09
 mo  42   1.695136 -0.244864  1.054413  0.870362 2.76484E-09
 tc  43   0.193071 -9.000000  0.000000  0.000000 8.88856E-11
 ru  44   1.308785 -0.451215  0.848062  0.664012 1.19658E-09
 rh  45   0.333373 -0.726627  0.572650  0.388599 1.28928E-10
 pd  46   1.362720 -0.287279  1.011997  0.827947 1.42652E-09
 ag  47   0.609651 -0.590349  0.708927  0.524877 2.55316E-10
 cd  48   1.574553 -0.135447  1.163830  0.979780 2.45412E-09
 in  49   0.460356 -0.299644  0.999633  0.815582 1.92708E-10
 sn  50   2.059275 -0.010725  1.288552  1.104501 7.91218E-09
 sb  51   0.559518 -0.450482  0.848795  0.664744 2.56777E-10
 te  52   1.657129 -0.522871  0.776406  0.592355 3.36910E-09
  i  53   0.647258 -0.902742  0.396535  0.212484 3.27543E-10
 xe  54   1.808254 -0.431746  0.867531  0.683481 4.90942E-09
 cs  55   0.601339 -0.478661  0.820616  0.636566 3.08613E-10
 ba  56   2.576557  0.396557  1.695834  1.511783 3.01195E-08
 la  57   1.571715  0.401715  1.700992  1.516942 3.01280E-09
 ce  58   2.055395  0.475395  1.774672  1.590621 9.25587E-09
 pr  59   1.028332  0.268332  1.567609  1.383558 8.74583E-10
 nd  60   1.788154  0.338154  1.637430  1.453380 5.14960E-09
 pm  61   0.000000 -9.000000  0.000000  0.000000 0.00000E+00
 sm  62   0.994455  0.054455  1.353732  1.169682 8.63222E-10
 eu  63  -0.037685 -0.547685  0.751591  0.567541 8.10195E-11
 gd  64   0.842872 -0.207128  1.092149  0.908098 6.36790E-10
 tb  65  -0.094985 -0.414985  0.884292  0.700241 7.42577E-11
 dy  66   0.991937 -0.138063  1.161214  0.977163 9.27523E-10
 ho  67  -0.021755 -0.491755  0.807522  0.623471 9.12176E-11
 er  68   0.813769 -0.106231  1.193046  1.008996 6.33423E-10
 tm  69  -0.125689 -0.245689  1.053588  0.869538 7.35466E-11
 yb  70   1.160610  0.240610  1.539887  1.355836 1.45644E-09
 lu  71   0.223460  0.133460  1.432737  1.248686 1.70197E-10
 hf  72   1.078426  0.368426  1.667703  1.483653 1.24330E-09
 ta  73   0.115283  0.235283  1.534560  1.350509 1.37205E-10
  w  74   1.056549  0.406549  1.705826  1.521775 1.21765E-09
 re  75   0.140438 -0.119562  1.179715  0.995664 1.49613E-10
 os  76   1.045587 -0.304413  0.994863  0.810813 1.22857E-09
 ir  77   0.448730 -0.871271  0.428006  0.243956 3.14091E-10
 pt  78   1.122329 -0.497671  0.801606  0.617555 1.50339E-09
 au  79   0.322786 -0.477214  0.822063  0.638013 2.40832E-10
 hg  80   1.548635  0.378635  1.677911  1.493861 4.12551E-09
 tl  81   1.348627  0.578627  1.877904  1.693853 2.65220E-09
 pb  82   3.409334  1.369334  2.668611  2.484560 3.09213E-07
 bi  83   1.679929  1.029929  2.329206  2.145155 5.81525E-09
 po  84   0.000000 -9.000000  0.000000  0.000000 0.00000E+00
#[ls/Fe]_Bisterzo =   1.2713, [hs/Fe]_Bisterzo =   1.5641
#[hs/ls]_Bisterzo =   0.2928, [Pb/hs]_Bisterzo =   1.1046
#[ls/Fe]_Thiswork =   1.2201, [hs/Fe]_Thiswork =   1.7238
#[hs/ls]_Thiswork =   0.5037, [Pb/hs]_Thiswork =   0.9448
# C/O = 1.0271E+01, c12/c13 = 1.02871E+03, n14/n15 = 3.72649E+03
# o16/o17 = 1.53230E+02, o16/o18 = 1.29728E+03
# mg24/mg25 = 1.7082E-01, mg24/mg26 = 1.9797E-01
# al26/al27 = 0.0000E+00, mg/al = 0.0000E+00
#
#  TP   Mass     Mcore    Menv    log L
# 13 1.321990 0.759946 0.562044 4.229520
# El  Z   log e(X)   [X/H]    [X/Fe]     [X/O]      X(i)
  p   1  12.000000  0.000000  0.000000  0.000000 5.84358E-01
 he   2  11.253501  0.323501  1.622777  1.438727 4.16011E-01
 li   3   1.641168 -1.618832 -0.319556 -0.503606 1.76120E-10
 be   4   0.000000 -1.300000  0.000000  0.000000 2.21230E-22
  b   5   0.000000 -2.790000  0.000000  0.000000 1.14866E-28
  c   6   8.708813  0.238812  1.538089  1.354039 3.56132E-03
  n   7   7.108672 -0.761328  0.537949  0.353899 1.04288E-04
  o   8   7.645054 -1.084945  0.214332  0.000000 4.09606E-04
  f   9   4.637583  0.217583  1.516860  1.302528 4.78090E-07
 ne  10   7.484780 -0.485219  0.814057  0.599726 3.57207E-04
 na  11   5.517016 -0.722984  0.576293  0.361961 4.38302E-06
 mg  12   6.463772 -1.176228  0.123049 -0.091282 4.09908E-05
 al  13   5.248514 -1.201486  0.097791 -0.116540 2.77209E-06
 si  14   6.266296 -1.283704  0.015573 -0.198759 3.00611E-05
  p  15   4.330103 -1.079897  0.219380  0.005048 3.83989E-07
  s  16   5.865092 -1.284908  0.014369 -0.199963 1.36252E-05
 cl  17   3.948890 -1.281110  0.018167 -0.196165 1.82710E-07
 ar  18   5.141985 -1.298015  0.001262 -0.213070 3.21143E-06
  k  19   3.789277 -1.290723  0.008554 -0.205778 1.39524E-07
 ca  20   4.991070 -1.298930  0.000347 -0.213984 2.27612E-06
 sc  21   1.821936 -1.228064  0.071213 -0.143119 1.72959E-09
 ti  22   3.627315 -1.282685  0.016592 -0.197740 1.17644E-07
  v  23   2.663914 -1.296086  0.003191 -0.211141 1.36210E-08
 cr  24   4.323626 -1.316374 -0.017097 -0.231429 6.35060E-07
 mn  25   4.183152 -1.296848  0.002429 -0.211903 4.85561E-07
 fe  26   6.241647 -1.298353  0.000000 -0.213408 5.64742E-05
 co  27   3.659907 -1.210093  0.088260 -0.125147 1.56129E-07
 ni  28   4.910459 -1.289541  0.008812 -0.204596 2.76863E-06
 cu  29   3.081848 -1.168152  0.130201 -0.083207 4.44790E-08
 zn  30   3.412186 -1.217814  0.080538 -0.132869 9.79585E-08
 ga  31   2.113404 -0.966596  0.331757  0.118350 5.24806E-09
 ge  32   2.612941 -0.967059  0.331294  0.117886 1.72717E-08
 as  33   1.271261 -1.028739  0.269614  0.056206 8.11128E-10
 se  34   2.534488 -0.805512  0.492841  0.279433 1.56716E-08
 br  35   1.713485 -0.826515  0.471838  0.258430 2.39482E-09
 kr  36   2.806369 -0.443631  0.854722  0.641314 3.11043E-08
 rb  37   2.052253 -0.467747  0.830606  0.617198 5.58823E-09
 sr  38   2.773236 -0.106764  1.191589  0.978181 3.01341E-08
  y  39   2.208458 -0.001542  1.296811  1.083403 8.32928E-09
 zr  40   2.622650  0.092650  1.391003  1.177595 2.21808E-08
 nb  41   1.431421  0.021421  1.319774  1.106367 1.45440E-09
 mo  42   1.765236 -0.174764  1.123589  0.910181 3.23932E-09
 tc  43   0.253841 -9.000000  0.000000  0.000000 1.01926E-10
 ru  44   1.373866 -0.386134  0.912219  0.698811 1.38582E-09
 rh  45   0.387191 -0.672809  0.625544  0.412136 1.45496E-10
 pd  46   1.430925 -0.219075  1.079278  0.865871 1.66405E-09
 ag  47   0.670834 -0.529166  0.769186  0.555779 2.93052E-10
 cd  48   1.646677 -0.063323  1.235030  1.021622 2.88871E-09
 in  49   0.530396 -0.229604  1.068749  0.855342 2.25749E-10
 sn  50   2.132335  0.062335  1.360687  1.147280 9.33343E-09
 sb  51   0.629313 -0.380687  0.917666  0.704259 3.00633E-10
 te  52   1.728326 -0.451674  0.846678  0.633271 3.95727E-09
  i  53   0.693968 -0.856032  0.442321  0.228913 3.63632E-10
 xe  54   1.875639 -0.364361  0.933992  0.720584 5.71609E-09
 cs  55   0.665852 -0.414148  0.884204  0.670797 3.56954E-10
 ba  56   2.649498  0.469498  1.767851  1.554443 3.55200E-08
 la  57   1.644957  0.474957  1.773309  1.559902 3.55546E-09
 ce  58   2.130797  0.550797  1.849150  1.635743 1.09775E-08
 pr  59   1.103661  0.343661  1.642013  1.428606 1.03709E-09
 nd  60   1.862178  0.412178  1.710531  1.497123 6.08811E-09
 pm  61   0.000000 -9.000000  0.000000  0.000000 0.00000E+00
 sm  62   1.068810  0.128810  1.427162  1.213755 1.02132E-09
 eu  63   0.027454 -0.482546  0.815807  0.602400 9.38456E-11
 gd  64   0.916706 -0.133294  1.165059  0.951651 7.52515E-10
 tb  65  -0.025959 -0.345959  0.952394  0.738986 8.67864E-11
 dy  66   1.064615 -0.065385  1.232968  1.019560 1.09317E-09
 ho  67   0.044293 -0.425707  0.872646  0.659239 1.05879E-10
 er  68   0.886761 -0.033239  1.265113  1.051706 7.47084E-10
 tm  69  -0.055575 -0.175575  1.122777  0.909370 8.61710E-11
 yb  70   1.236883  0.316883  1.615236  1.401828 1.73081E-09
 lu  71   0.299396  0.209396  1.507748  1.294341 2.02102E-10
 hf  72   1.155201  0.445201  1.743554  1.530146 1.47922E-09
 ta  73   0.191243  0.311243  1.609596  1.396188 1.62936E-10
  w  74   1.132419  0.482419  1.780771  1.567364 1.44570E-09
 re  75   0.212953 -0.047047  1.251305  1.037898 1.76266E-10
 os  76   1.116421 -0.233579  1.064773  0.851366 1.44184E-09
 ir  77   0.499775 -0.820225  0.478128  0.264720 3.52197E-10
 pt  78   1.191179 -0.428821  0.869532  0.656124 1.75633E-09
 au  79   0.391620 -0.408380  0.889972  0.676565 2.81341E-10
 hg  80   1.625743  0.455743  1.754096  1.540688 4.91214E-09
 tl  81   1.427899  0.657899  1.956252  1.742845 3.17368E-09
 pb  82   3.488269  1.448269  2.746622  2.533214 3.69723E-07
 bi  83   1.762834  1.112834  2.411186  2.197779 7.01709E-09
 po  84   0.000000 -9.000000  0.000000  0.000000 0.00000E+00
#[ls/Fe]_Bisterzo =   1.3439, [hs/Fe]_Bisterzo =   1.6370
#[hs/ls]_Bisterzo =   0.2931, [Pb/hs]_Bisterzo =   1.1096
#[ls/Fe]_Thiswork =   1.2931, [hs/Fe]_Thiswork =   1.7968
#[hs/ls]_Thiswork =   0.5036, [Pb/hs]_Thiswork =   0.9499
# C/O = 1.1581E+01, c12/c13 = 1.23564E+03, n14/n15 = 3.78088E+03
# o16/o17 = 1.64246E+02, o16/o18 = 1.38266E+03
# mg24/mg25 = 1.8600E-01, mg24/mg26 = 2.1384E-01
# al26/al27 = 0.0000E+00, mg/al = 0.0000E+00
#
# Final abundances
# El  Z   log e(X)   [X/H]    [X/Fe]     [X/O]      X(i)
  p   1  12.000000  0.000000  0.000000  0.000000 5.83931E-01
 he   2  11.254129  0.324129  1.622237  1.403942 4.16309E-01
 li   3   1.689674 -1.570326 -0.272218 -0.490513 1.96787E-10
 be   4   0.982316 -0.317684  0.980424  0.762129 5.01231E-11
  b   5   0.000000 -2.790000  0.000000  0.000000 4.32145E-28
  c   6   8.721840  0.251840  1.549948  1.331652 3.66708E-03
  n   7   7.121834 -0.748166  0.549942  0.331646 1.07419E-04
  o   8   7.650187 -1.079813  0.218296  0.000000 4.14172E-04
  f   9   4.657223  0.237223  1.535331  1.317035 4.99841E-07
 ne  10   7.498971 -0.471029  0.827079  0.608784 3.68802E-04
 na  11   5.528553 -0.711447  0.586661  0.368365 4.49772E-06
 mg  12   6.468733 -1.171267  0.126842 -0.091454 4.14314E-05
 al  13   5.255213 -1.194787  0.103322 -0.114974 2.81312E-06
 si  14   6.266964 -1.283036  0.015072 -0.203224 3.00853E-05
  p  15   4.336053 -1.073947  0.224161  0.005866 3.89002E-07
  s  16   5.865448 -1.284552  0.013556 -0.204740 1.36264E-05
 cl  17   3.949633 -1.280367  0.017741 -0.200555 1.82889E-07
 ar  18   5.142241 -1.297759  0.000349 -0.217947 3.21098E-06
  k  19   3.789790 -1.290210  0.007898 -0.210397 1.39587E-07
 ca  20   4.991294 -1.298706 -0.000597 -0.218893 2.27563E-06
 sc  21   1.824534 -1.225466  0.072643 -0.145653 1.73869E-09
 ti  22   3.628036 -1.281964  0.016144 -0.202152 1.17753E-07
  v  23   2.664255 -1.295745  0.002363 -0.215932 1.36217E-08
 cr  24   4.323911 -1.316089 -0.017981 -0.236277 6.35011E-07
 mn  25   4.183464 -1.296536  0.001572 -0.216724 4.85554E-07
 fe  26   6.241892 -1.298108  0.000000 -0.218296 5.64647E-05
 co  27   3.662716 -1.207284  0.090824 -0.127471 1.57027E-07
 ni  28   4.910978 -1.289022  0.009086 -0.209209 2.76991E-06
 cu  29   3.085859 -1.164141  0.133967 -0.084328 4.48589E-08
 zn  30   3.415320 -1.214680  0.083428 -0.134867 9.85959E-08
 ga  31   2.122229 -0.957771  0.340337  0.122041 5.35187E-09
 ge  32   2.622636 -0.957364  0.340744  0.122448 1.76487E-08
 as  33   1.279174 -1.020826  0.277282  0.058986 8.25438E-10
 se  34   2.546012 -0.793988  0.504120  0.285825 1.60812E-08
 br  35   1.724249 -0.815751  0.482357  0.264061 2.45312E-09
 kr  36   2.821211 -0.428789  0.869319  0.651023 3.21622E-08
 rb  37   2.066692 -0.453308  0.844800  0.626505 5.77294E-09
 sr  38   2.785768 -0.094233  1.203876  0.985580 3.09936E-08
  y  39   2.220838  0.010838  1.308946  1.090650 8.56387E-09
 zr  40   2.635044  0.105044  1.403152  1.184857 2.28062E-08
 nb  41   1.443713  0.033713  1.331821  1.113526 1.49506E-09
 mo  42   1.776427 -0.163573  1.134535  0.916240 3.32145E-09
 tc  43   0.244369 -9.000000  0.000000  0.000000 9.96542E-11
 ru  44   1.386221 -0.373779  0.924329  0.706033 1.42477E-09
 rh  45   0.396575 -0.663425  0.634683  0.416388 1.48565E-10
 pd  46   1.442795 -0.207205  1.090903  0.872607 1.70891E-09
 ag  47   0.681473 -0.518527  0.779581  0.561285 3.00100E-10
 cd  48   1.659064 -0.050936  1.247172  1.028877 2.97012E-09
 in  49   0.542365 -0.217635  1.080473  0.862178 2.31887E-10
 sn  50   2.144877  0.074878  1.372986  1.154690 9.59989E-09
 sb  51   0.641358 -0.368642  0.929466  0.711171 3.08861E-10
 te  52   1.740700 -0.439300  0.858808  0.640512 4.06866E-09
  i  53   0.702393 -0.847607  0.450501  0.232205 3.70483E-10
 xe  54   1.887658 -0.352342  0.945766  0.727471 5.87219E-09
 cs  55   0.677958 -0.402042  0.896067  0.677771 3.66776E-10
 ba  56   2.662087  0.482087  1.780195  1.561900 3.65380E-08
 la  57   1.657578  0.487578  1.785686  1.567390 3.65763E-09
 ce  58   2.143746  0.563746  1.861854  1.643559 1.13015E-08
 pr  59   1.116951  0.356951  1.655059  1.436764 1.06853E-09
 nd  60   1.874496  0.424496  1.722605  1.504309 6.25869E-09
 pm  61   0.000000 -9.000000  0.000000  0.000000 1.29880E-33
 sm  62   1.080429  0.140429  1.438537  1.220242 1.04824E-09
 eu  63   0.039136 -0.470864  0.827244  0.608948 9.63337E-11
 gd  64   0.929218 -0.120782  1.177326  0.959031 7.73945E-10
 tb  65  -0.014306 -0.334306  0.963802  0.745506 8.90814E-11
 dy  66   1.076606 -0.053394  1.244714  1.026418 1.12295E-09
 ho  67   0.055386 -0.414614  0.883494  0.665198 1.08539E-10
 er  68   0.900199 -0.019801  1.278307  1.060011 7.69998E-10
 tm  69  -0.041904 -0.161904  1.136204  0.917908 8.88614E-11
 yb  70   1.249321  0.329321  1.627429  1.409133 1.77979E-09
 lu  71   0.311696  0.221696  1.519804  1.301509 2.07756E-10
 hf  72   1.167632  0.457632  1.755740  1.537445 1.52106E-09
 ta  73   0.203675  0.323675  1.621783  1.403488 1.67544E-10
  w  74   1.145763  0.495763  1.793872  1.575576 1.48972E-09
 re  75   0.229589 -0.030411  1.267698  1.049402 1.83015E-10
 os  76   1.127892 -0.222108  1.076001  0.857705 1.47936E-09
 ir  77   0.509369 -0.810631  0.487477  0.269181 3.59801E-10
 pt  78   1.201779 -0.418221  0.879887  0.661592 1.79841E-09
 au  79   0.402749 -0.397251  0.900857  0.682562 2.88432E-10
 hg  80   1.638259  0.468259  1.766367  1.548072 5.05207E-09
 tl  81   1.440927  0.670927  1.969035  1.750739 3.26793E-09
 pb  82   3.501572  1.461572  2.759680  2.541384 3.80945E-07
 bi  83   1.776641  1.126641  2.424749  2.206453 7.23848E-09
 po  84   0.000000 -9.000000  0.000000  0.000000 0.00000E+00
#[ls/Fe]_Bisterzo =   1.3560, [hs/Fe]_Bisterzo =   1.6489
#[hs/ls]_Bisterzo =   0.2929, [Pb/hs]_Bisterzo =   1.1107
#[ls/Fe]_Thiswork =   1.3053, [hs/Fe]_Thiswork =   1.8092
#[hs/ls]_Thiswork =   0.5039, [Pb/hs]_Thiswork =   0.9504
# C/O = 1.1794E+01, c12/c13 = 1.22958E+03, n14/n15 = 3.88459E+03
# o16/o17 = 1.66237E+02, o16/o18 = 1.39841E+03
# mg24/mg25 = 1.8879E-01, mg24/mg26 = 2.1695E-01
# al26/al27 = 0.0000E+00, mg/al = 0.0000E+00
