# Initial mass = 1.200, Z =  0.0002, Y =  0.250, M_mix = 2.00E-03
# Final mass = 0.695, Mass expelled =   0.5054
# El  Z   log e(X)   [X/H]    [X/Fe]     X(i)     Net M(i) Mass(i) 
  p   1  12.000000  0.000000  0.000000  7.09753E-01 -2.32598E-02  3.58706E-01
 he   2  11.012168  0.082168  1.881885  2.89868E-01  2.00547E-02  1.46498E-01
  c   6   8.770569  0.300569  2.100286  4.98648E-03  2.50001E-03  2.52015E-03
  n   7   6.822318 -1.047682  0.752035  6.55103E-05  2.72090E-05  3.31086E-05
  o   8   7.509897 -1.220103  0.579615  3.64448E-04  1.36030E-04  1.84191E-04
  f   9   4.743958  0.283958  2.083675  7.41844E-07  3.71812E-07  3.74925E-07
 ne  10   7.598402 -0.371598  1.428119  5.63598E-04  2.74140E-04  2.84840E-04
 na  11   5.721093 -0.588907  1.210810  8.51684E-06  4.03767E-06  4.30437E-06
 mg  12   6.100158 -1.539842  0.259875  2.15526E-05  4.86473E-06  1.08926E-05
 al  13   4.761442 -1.708558  0.091159  1.09689E-06  1.01936E-07  5.54363E-07
 si  14   5.760010 -1.789990  0.009727  1.13801E-05  8.95270E-08  5.75146E-06
  p  15   3.836194 -1.633806  0.165912  1.49568E-07  2.36546E-08  7.55910E-08
  s  16   5.362744 -1.797256  0.002462  5.20502E-06 -2.73099E-09  2.63059E-06
 cl  17   3.451479 -1.778521  0.021196  7.05958E-08  1.47102E-09  3.56788E-08
 ar  18   4.640721 -1.799279  0.000438  1.22988E-06 -3.54231E-09  6.21576E-07
  k  19   3.288677 -1.791323  0.008395  5.35153E-08  3.74524E-10  2.70464E-08
 ca  20   4.490072 -1.799928 -0.000211  8.72218E-07 -3.16626E-09  4.40815E-07
 sc  21   1.320096 -1.729904  0.069813  6.61503E-10  4.77312E-11  3.34321E-10
 ti  22   3.129034 -1.780966  0.018752  4.53645E-08  8.21057E-10  2.29270E-08
  v  23   2.161312 -1.798688  0.001029  5.20038E-09 -4.81659E-12  2.62825E-09
 cr  24   3.822381 -1.817619 -0.017901  2.43219E-07 -4.31868E-10  1.22922E-07
 mn  25   3.685478 -1.794522  0.005196  1.87499E-07  4.95859E-10  9.47611E-08
 fe  26   5.740283 -1.799717  0.000000  2.16229E-05 -7.35108E-08  1.09281E-05
 co  27   3.153522 -1.716477  0.083240  5.90918E-08  5.04315E-09  2.98647E-08
 ni  28   4.411195 -1.788805  0.010913  1.06519E-06  9.82294E-09  5.38344E-07
 cu  29   2.655766 -1.594234  0.205484  2.02536E-08  3.81569E-09  1.02361E-08
 zn  30   2.950171 -1.679830  0.119888  4.10633E-08  4.90008E-09  2.07532E-08
 ga  31   1.731112 -1.348887  0.450830  2.64324E-09  8.59614E-10  1.33588E-09
 ge  32   2.225310 -1.354690  0.445028  8.59277E-09  2.89306E-09  4.34275E-09
 as  33   0.850433 -1.449567  0.350151  3.73843E-10  1.04005E-10  1.88939E-10
 se  34   2.153693 -1.186307  0.613411  7.92040E-09  3.11588E-09  4.00294E-09
 br  35   1.324657 -1.215343  0.584375  1.18816E-09  4.43072E-10  6.00489E-10
 kr  36   2.695527 -0.554473  1.245245  2.92690E-08  1.39488E-08  1.47924E-08
 rb  37   1.835881 -0.524119  1.275599  4.12413E-09  1.97307E-09  2.08432E-09
 sr  38   2.463486 -0.416514  1.383203  1.79364E-08  8.68946E-09  9.06499E-09
  y  39   1.868949 -0.301051  1.498666  4.62943E-09  2.26498E-09  2.33969E-09
 zr  40   2.232824 -0.297176  1.502542  1.09794E-08  5.37334E-09  5.54896E-09
 nb  41   1.049237 -0.360763  1.438955  7.32703E-10  3.56737E-10  3.70305E-10
 mo  42   1.452828 -0.487172  1.312546  1.91635E-09  9.32600E-10  9.68516E-10
 ru  44   1.160876 -0.599124  1.200594  1.03073E-09  4.96484E-10  5.20927E-10
 rh  45   0.103646 -0.956354  0.843364  9.19886E-11  3.97777E-11  4.64906E-11
 pd  46   1.138552 -0.511448  1.288269  1.03091E-09  4.97452E-10  5.21019E-10
 ag  47   0.348772 -0.851228  0.948489  1.69555E-10  7.59793E-11  8.56925E-11
 cd  48   1.300312 -0.409688  1.390029  1.58040E-09  7.68835E-10  7.98728E-10
 in  49   0.164504 -0.595496  1.204221  1.18076E-10  5.60822E-11  5.96751E-11
 sn  50   1.724878 -0.345122  1.454596  4.43622E-09  2.17342E-09  2.24205E-09
 sb  51   0.202501 -0.807499  0.992219  1.36664E-10  6.50193E-11  6.90692E-11
 te  52   1.297606 -0.882394  0.917324  1.78281E-09  8.63616E-10  9.01022E-10
  i  53   0.237838 -1.312162  0.487555  1.54511E-10  5.25069E-11  7.80894E-11
 xe  54   1.407342 -0.832658  0.967059  2.36174E-09  1.07459E-09  1.19361E-09
 cs  55   0.204128 -0.875872  0.923846  1.49733E-10  6.65957E-11  7.56743E-11
 ba  56   2.112066 -0.067934  1.731784  1.25161E-08  6.20773E-09  6.32558E-09
 la  57   1.076200 -0.093800  1.705917  1.16565E-09  5.77450E-10  5.89113E-10
 ce  58   1.528657 -0.051343  1.748374  3.33267E-09  1.65418E-09  1.68432E-09
 pr  59   0.488416 -0.271584  1.528133  3.05491E-10  1.49787E-10  1.54394E-10
 nd  60   1.279116 -0.170884  1.628833  1.93129E-09  9.54261E-10  9.76066E-10
 sm  62   0.478940 -0.461060  1.338657  3.18947E-10  1.55675E-10  1.61195E-10
 eu  63  -0.557597 -1.067597  0.732120  2.96340E-11  1.21829E-11  1.49769E-11
 gd  64   0.321221 -0.728779  1.070939  2.31984E-10  1.07219E-10  1.17244E-10
 tb  65  -0.652317 -0.972317  0.827400  2.49185E-11  1.07071E-11  1.25937E-11
 dy  66   0.442777 -0.687223  1.112494  3.17159E-10  1.47855E-10  1.60291E-10
 ho  67  -0.536736 -1.006736  0.792982  3.37451E-11  1.42891E-11  1.70547E-11
 er  68   0.287616 -0.632384  1.167333  2.28377E-10  1.07654E-10  1.15421E-10
 tm  69  -0.640005 -0.760005  1.039712  2.72495E-11  1.25065E-11  1.37718E-11
 yb  70   0.604267 -0.315733  1.483984  4.89847E-10  2.40461E-10  2.47567E-10
 lu  71  -0.342065 -0.432065  1.367653  5.60453E-11  2.71020E-11  2.83251E-11
 hf  72   0.587851 -0.122149  1.677568  4.86533E-10  2.40699E-10  2.45891E-10
 ta  73  -0.340096 -0.220096  1.579621  5.82244E-11  2.86466E-11  2.94264E-11
  w  74   0.529354 -0.120646  1.679072  4.37967E-10  2.16687E-10  2.21347E-10
 re  75  -0.390757 -0.650757  1.148961  5.33196E-11  2.50223E-11  2.69475E-11
 os  76   0.557151 -0.792849  1.006868  4.83145E-10  2.19987E-10  2.44179E-10
 ir  77  -0.113566 -1.433566  0.366151  1.04201E-10  2.98454E-11  5.26628E-11
 pt  78   0.550263 -1.069737  0.729981  4.87661E-10  2.03573E-10  2.46462E-10
 au  79  -0.237733 -1.037733  0.761985  8.02246E-11  3.34841E-11  4.05452E-11
 hg  80   1.008233 -0.161767  1.637951  1.43943E-09  7.11806E-10  7.27480E-10
 tl  81   0.723694 -0.046306  1.753411  7.61703E-10  3.78124E-10  3.84961E-10
 pb  82   2.918298  0.878298  2.678015  1.20874E-07  6.09603E-08  6.10894E-08
 bi  83   1.111967  0.461967  2.261684  1.90423E-09  9.57084E-10  9.62388E-10
#  [Rb/Zr]  [ls/Fe]  [hs/Fe]  [hs/ls]  [Pb/hs]
   -0.2269   1.4615   1.7287   0.2672   0.9493
