# Initial mass = 2.250, Z =  0.0001, Y =  0.240, M_mix = 2.00E-03
# Final mass = 0.713, Mass expelled =   1.5370
# El  Z   log e(X)   [X/H]    [X/Fe]     X(i)      Mass(i)
  p   1  12.000000  0.000000  0.000000 6.33681E-01 9.73967E-01
 he   2  11.121974  0.191974  2.318530 3.33250E-01 5.12205E-01
  c   6   9.587601  1.117600  3.244156 2.92139E-02 4.49018E-02
  n   7   6.773464 -1.096536  1.030020 5.22660E-05 8.03328E-05
  o   8   7.924706 -0.805293  1.321263 8.45686E-04 1.29982E-03
  f   9   5.997897  1.577897  3.704453 1.18854E-05 1.82679E-05
 ne  10   8.740053  0.770053  2.896609 6.97243E-03 1.07166E-02
 na  11   7.140513  0.900513  3.027069 1.99738E-04 3.06998E-04
 mg  12   7.419343 -0.220656  1.905900 4.01281E-04 6.16769E-04
 al  13   5.590430 -0.859570  1.266986 6.60562E-06 1.01528E-05
 si  14   5.702296 -1.847704  0.278852 8.89602E-06 1.36732E-05
  p  15   4.236819 -1.173181  0.953375 3.35912E-07 5.16297E-07
  s  16   5.063809 -2.086191  0.040365 2.33480E-06 3.58859E-06
 cl  17   3.249804 -1.980196  0.146360 3.96157E-08 6.08893E-08
 ar  18   4.312373 -2.127627 -0.001071 5.15559E-07 7.92414E-07
  k  19   3.033262 -2.046738  0.079818 2.65354E-08 4.07850E-08
 ca  20   4.149273 -2.140727 -0.014171 3.55295E-07 5.46088E-07
 sc  21   1.390372 -1.659628  0.466928 6.94336E-10 1.06719E-09
 ti  22   2.858076 -2.051924  0.074632 2.17031E-08 3.33577E-08
  v  23   1.828918 -2.131082 -0.004526 2.15975E-09 3.31954E-09
 cr  24   3.502486 -2.137514 -0.010958 1.03960E-07 1.59787E-07
 mn  25   3.346501 -2.133499 -0.006943 7.66979E-08 1.17885E-07
 fe  26   5.413444 -2.126556  0.000000 9.09574E-06 1.39802E-05
 co  27   3.501740 -1.368260  0.758296 1.17627E-07 1.80793E-07
 ni  28   4.180722 -2.019278  0.107278 5.59395E-07 8.59790E-07
 cu  29   2.887020 -1.362980  0.763576 3.07977E-08 4.73361E-08
 zn  30   2.871058 -1.758942  0.367614 3.05567E-08 4.69656E-08
 ga  31   1.848942 -1.231058  0.895498 3.09548E-09 4.75775E-09
 ge  32   2.309630 -1.270370  0.856186 9.31571E-09 1.43182E-08
 as  33   0.873453 -1.426547  0.700009 3.51943E-10 5.40937E-10
 se  34   2.255839 -1.084161  1.042395 8.94657E-09 1.37509E-08
 br  35   1.306922 -1.233078  0.893478 1.01836E-09 1.56521E-09
 kr  36   2.783408 -0.466592  1.659964 3.19928E-08 4.91729E-08
 rb  37   2.021253 -0.498747  1.627809 5.64243E-09 8.67242E-09
 sr  38   2.535561 -0.344440  1.782116 1.89049E-08 2.90568E-08
  y  39   2.002046 -0.207954  1.918602 5.61547E-09 8.63098E-09
 zr  40   2.466857 -0.063143  2.063413 1.68026E-08 2.58255E-08
 nb  41   1.289931 -0.120069  2.006487 1.13864E-09 1.75008E-09
 mo  42   1.600723 -0.339277  1.787279 2.40510E-09 3.69663E-09
 ru  44   1.116800 -0.643200  1.483356 8.31443E-10 1.27793E-09
 rh  45   0.011650 -1.048350  1.078206 6.64509E-11 1.02135E-10
 pd  46   1.104548 -0.545452  1.581103 8.51100E-10 1.30814E-09
 ag  47   0.314108 -0.885892  1.240664 1.39769E-10 2.14825E-10
 cd  48   1.389264 -0.320736  1.805820 1.73174E-09 2.66169E-09
 in  49   0.293889 -0.466111  1.660445 1.42007E-10 2.18264E-10
 sn  50   1.958971 -0.111029  2.015527 6.78997E-09 1.04362E-08
 sb  51   0.458742 -0.551258  1.575298 2.20119E-10 3.38322E-10
 te  52   1.569661 -0.610339  1.516217 2.97798E-09 4.57715E-09
  i  53   0.403434 -1.146566  0.979990 2.01985E-10 3.10451E-10
 xe  54   1.788229 -0.451771  1.674785 5.06851E-09 7.79030E-09
 cs  55   0.486693 -0.593307  1.533249 2.56238E-10 3.93838E-10
 ba  56   2.535886  0.355886  2.482442 2.96518E-08 4.55749E-08
 la  57   1.537108  0.367108  2.493664 3.00773E-09 4.62288E-09
 ce  58   2.079324  0.499324  2.625880 1.05736E-08 1.62516E-08
 pr  59   1.048065  0.288065  2.414621 9.89489E-10 1.52084E-09
 nd  60   1.735534  0.285534  2.412090 4.93207E-09 7.58059E-09
 sm  62   0.978358  0.038358  2.164914 8.99292E-10 1.38221E-09
 eu  63  -0.086785 -0.596785  1.529771 7.82285E-11 1.20237E-10
 gd  64   0.844273 -0.205727  1.920829 6.90674E-10 1.06157E-09
 tb  65  -0.125629 -0.445629  1.680927 7.48122E-11 1.14986E-10
 dy  66   0.981005 -0.148995  1.977561 9.77839E-10 1.50294E-09
 ho  67  -0.071830 -0.541830  1.584726 8.78778E-11 1.35068E-10
 er  68   0.822820 -0.097180  2.029376 6.99228E-10 1.07471E-09
 tm  69  -0.160163 -0.280163  1.846393 7.34453E-11 1.12885E-10
 yb  70   1.171253  0.251253  2.377809 1.61365E-09 2.48018E-09
 lu  71   0.215700  0.125700  2.252256 1.80745E-10 2.77805E-10
 hf  72   1.085040  0.375040  2.501596 1.36478E-09 2.09767E-09
 ta  73   0.123898  0.243898  2.370453 1.51308E-10 2.32560E-10
  w  74   1.058437  0.408437  2.534993 1.32217E-09 2.03218E-09
 re  75   0.118133 -0.141867  1.984689 1.53652E-10 2.36163E-10
 os  76   1.008658 -0.341342  1.785214 1.21996E-09 1.87508E-09
 ir  77   0.263936 -1.056064  1.070492 2.21890E-10 3.41045E-10
 pt  78   1.070271 -0.549729  1.576826 1.44174E-09 2.21596E-09
 au  79   0.279396 -0.520604  1.605952 2.35613E-10 3.62137E-10
 hg  80   1.566586  0.396587  2.523142 4.64842E-09 7.14463E-09
 tl  81   1.393843  0.623843  2.750399 3.18198E-09 4.89071E-09
 pb  82   3.134381  1.094381  3.220937 1.77493E-07 2.72806E-07
 bi  83   1.478323  0.828323  2.954879 3.95219E-09 6.07452E-09
#  [Rb/Zr]  [ls/Fe]  [hs/Fe]  [hs/ls]  [Pb/hs]
   -0.4356   1.9214   2.5340   0.6126   0.6869
