# Initial mass = 1.000, Z =  0.0028, Y =  0.250, M_mix = 0.00E+00
# Final mass = 0.651, Mass expelled =   0.3490
  species    A      yield       mass(i)_lost    mass(i)_0        <X(i)>           X0(i)   log10(<X(i)>/X0(i)) 
      n      1   0.0000000E+00  0.0000000E+00  0.0000000E+00  0.0000000E+00  0.0000000E+00  0.0000000E+00
      p      1  -7.5385273E-03  2.5314820E-01  2.6068673E-01  7.2535300E-01  7.4716753E-01 -1.2868561E-02
      d      2   1.3036190E-18  1.3036190E-18  0.0000000E+00  3.7352978E-18  0.0000000E+00  0.0000000E+00
    he3      3   9.9517449E-05  9.9517449E-05  0.0000000E+00  2.8515028E-04  0.0000000E+00  0.0000000E+00
    he4      4   7.4336827E-03  9.4654880E-02  8.7221198E-02  2.7121744E-01  2.4998912E-01  3.5396494E-02
    li7      7  -2.9389274E-10  3.4107756E-10  6.3497030E-10  9.7729957E-10  1.8199209E-09 -2.7002481E-01
    be7      7   1.1216114E-17  1.1216114E-17  0.0000000E+00  3.2137863E-17  0.0000000E+00  0.0000000E+00
     b8      8   5.2642965E-28  5.2642965E-28  0.0000000E+00  1.5083944E-27  0.0000000E+00  0.0000000E+00
    c12     12  -3.7337828E-05  1.3748693E-04  1.7482476E-04  3.9394537E-04  5.0107419E-04 -1.0446605E-01
    c13     13   3.6985737E-06  5.8171067E-06  2.1185331E-06  1.6667927E-05  6.0720358E-06  4.3854731E-01
    c14     14   5.6882610E-24  5.6882610E-24  0.0000000E+00  1.6298742E-23  0.0000000E+00  0.0000000E+00
    n13     13   0.0000000E+00  0.0000000E+00  0.0000000E+00  0.0000000E+00  0.0000000E+00  0.0000000E+00
    n14     14   4.4502725E-05  9.6191259E-05  5.1688534E-05  2.7561965E-04  1.4814714E-04  2.6961690E-01
    n15     15  -4.2123780E-08  8.5191239E-08  1.2731502E-07  2.4410096E-07  3.6490411E-07 -1.7460927E-01
    o14     14   0.0000000E+00  0.0000000E+00  0.0000000E+00  0.0000000E+00  0.0000000E+00  0.0000000E+00
    o15     15   0.0000000E+00  0.0000000E+00  0.0000000E+00  0.0000000E+00  0.0000000E+00  0.0000000E+00
    o16     16  -5.7267898E-06  4.1642936E-04  4.2215615E-04  1.1932073E-03  1.2099633E-03 -6.0563008E-03
    o17     17   2.7516950E-07  4.4558016E-07  1.7041067E-07  1.2767340E-06  4.8842276E-07  4.1730455E-01
    o18     18  -1.2826564E-07  8.2158567E-07  9.4985131E-07  2.3541136E-06  2.7224175E-06 -6.3127324E-02
    o19     19   0.0000000E+00  0.0000000E+00  0.0000000E+00  0.0000000E+00  0.0000000E+00  0.0000000E+00
    f17     17   0.0000000E+00  0.0000000E+00  0.0000000E+00  0.0000000E+00  0.0000000E+00  0.0000000E+00
    f18     18   0.0000000E+00  0.0000000E+00  0.0000000E+00  0.0000000E+00  0.0000000E+00  0.0000000E+00
    f19     19  -5.4565596E-10  2.6807468E-08  2.7353124E-08  7.6812228E-08  7.8398187E-08 -8.8756494E-03
    f20     20   0.0000000E+00  0.0000000E+00  0.0000000E+00  0.0000000E+00  0.0000000E+00  0.0000000E+00
   ne19     19   0.0000000E+00  0.0000000E+00  0.0000000E+00  0.0000000E+00  0.0000000E+00  0.0000000E+00
   ne20     20  -4.0527084E-08  8.6556858E-05  8.6597385E-05  2.4801391E-04  2.4820119E-04 -3.2786597E-04
   ne21     21   2.4295460E-08  2.4226122E-07  2.1796576E-07  6.9415825E-07  6.2472282E-07  4.5771118E-02
   ne22     22  -1.7785987E-07  6.8264630E-06  7.0043229E-06  1.9560066E-05  2.0075448E-05 -1.1294931E-02
   ne23     23   0.0000000E+00  0.0000000E+00  0.0000000E+00  0.0000000E+00  0.0000000E+00  0.0000000E+00
   na21     21   0.0000000E+00  0.0000000E+00  0.0000000E+00  0.0000000E+00  0.0000000E+00  0.0000000E+00
   na22     22   2.8623913E-26  2.8623913E-26  0.0000000E+00  8.2016944E-26  0.0000000E+00  0.0000000E+00
   na23     23   2.0079460E-07  2.5450281E-06  2.3442335E-06  7.2923440E-06  6.7189276E-06  3.5567202E-02
   na24     24   0.0000000E+00  0.0000000E+00  0.0000000E+00  0.0000000E+00  0.0000000E+00  0.0000000E+00
   mg23     23   0.0000000E+00  0.0000000E+00  0.0000000E+00  0.0000000E+00  0.0000000E+00  0.0000000E+00
   mg24     24  -4.4492481E-09  4.1304065E-05  4.1308514E-05  1.1834976E-04  1.1839645E-04 -1.7129535E-04
   mg25     25  -4.1571184E-08  5.4059160E-06  5.4474872E-06  1.5489730E-05  1.5613321E-05 -3.4514647E-03
   mg26     26   2.0704647E-08  6.2582894E-06  6.2375848E-06  1.7932061E-05  1.7877861E-05  1.3146721E-03
   mg27     27   0.0000000E+00  0.0000000E+00  0.0000000E+00  0.0000000E+00  0.0000000E+00  0.0000000E+00
   al25     25   0.0000000E+00  0.0000000E+00  0.0000000E+00  0.0000000E+00  0.0000000E+00  0.0000000E+00
   al-6     26   1.0145289E-08  1.0145289E-08  0.0000000E+00  2.9069597E-08  0.0000000E+00  0.0000000E+00
   al*6     26   0.0000000E+00  0.0000000E+00  0.0000000E+00  0.0000000E+00  0.0000000E+00  0.0000000E+00
   al27     27   2.3479515E-08  4.0011219E-06  3.9776423E-06  1.1464533E-05  1.1400523E-05  2.4315866E-03
   al28     28   0.0000000E+00  0.0000000E+00  0.0000000E+00  0.0000000E+00  0.0000000E+00  0.0000000E+00
   si27     27   0.0000000E+00  0.0000000E+00  0.0000000E+00  0.0000000E+00  0.0000000E+00  0.0000000E+00
   si28     28   8.2945917E-10  4.5740184E-05  4.5739354E-05  1.3106070E-04  1.3109591E-04 -1.1663195E-04
   si29     29  -4.5474735E-13  2.4055739E-06  2.4055744E-06  6.8927620E-06  6.8947397E-06 -1.2458116E-04
   si30     30   1.1368684E-13  1.6404006E-06  1.6404005E-06  4.7002882E-06  4.7016356E-06 -1.2447758E-04
    p31     31   1.4495072E-12  4.5669373E-07  4.5669228E-07  1.3085780E-06  1.3089490E-06 -1.2310523E-04
    p32     32   0.0000000E+00  0.0000000E+00  0.0000000E+00  0.0000000E+00  0.0000000E+00  0.0000000E+00
    p33     33   0.0000000E+00  0.0000000E+00  0.0000000E+00  0.0000000E+00  0.0000000E+00  0.0000000E+00
    s32     32   3.2741809E-11  2.1918704E-05  2.1918671E-05  6.2804313E-05  6.2822226E-05 -1.2388203E-04
    s33     33   6.2527761E-13  1.8096277E-07  1.8096215E-07  5.1851799E-07  5.1866482E-07 -1.2297576E-04
    s34     34  -6.8212103E-13  1.0524269E-06  1.0524276E-06  3.0155500E-06  3.0164167E-06 -1.2481418E-04
    s35     35   0.0000000E+00  0.0000000E+00  0.0000000E+00  0.0000000E+00  0.0000000E+00  0.0000000E+00
    s36     36  -1.6431301E-14  5.1949893E-09  5.1950058E-09  1.4885356E-08  1.4889672E-08 -1.2595351E-04
   cl35     35   3.4390268E-12  2.2484888E-07  2.2484544E-07  6.4426609E-07  6.4444100E-07 -1.1790070E-04
   cl36     36   1.1299382E-21  1.1299382E-21  0.0000000E+00  3.2376453E-21  0.0000000E+00  0.0000000E+00
   cl37     37  -6.3948846E-14  7.5967854E-08  7.5967918E-08  2.1767293E-07  2.1773552E-07 -1.2484008E-04
   ar36     36  -9.0949470E-13  4.1869512E-06  4.1869521E-06  1.1996995E-05  1.2000438E-05 -1.2460703E-04
   ar37     37   0.0000000E+00  0.0000000E+00  0.0000000E+00  0.0000000E+00  0.0000000E+00  0.0000000E+00
   ar38     38   2.1032065E-12  8.0357302E-07  8.0357091E-07  2.3025016E-06  2.3031557E-06 -1.2341594E-04
   ar39     39   2.6161223E-22  2.6161223E-22  0.0000000E+00  7.4960522E-22  0.0000000E+00  0.0000000E+00
   ar40     40   3.7395642E-12  1.3566031E-09  1.3528635E-09  3.8871146E-09  3.8775112E-09  1.0742840E-03
    k39     39   4.4053650E-13  2.1798485E-07  2.1798441E-07  6.2459844E-07  6.2477625E-07 -1.2362309E-04
    k40     40  -3.4869923E-11  4.1761703E-13  3.5287540E-11  1.1966104E-12  1.0113942E-10 -1.9269677E+00
    k41     41   5.3290705E-15  1.6537751E-08  1.6537745E-08  4.7386106E-08  4.7399677E-08 -1.2437401E-04
   ca40     40   3.8880899E-11  3.7741347E-06  3.7740958E-06  1.0814139E-05  1.0817129E-05 -1.2004983E-04
   ca41     41   1.7324705E-20  1.7324705E-20  0.0000000E+00  4.9640989E-20  0.0000000E+00  0.0000000E+00
   ca42     42   1.2434498E-14  2.6449259E-08  2.6449246E-08  7.5785842E-08  7.5807542E-08 -1.2434811E-04
   ca43     43   1.8651747E-14  5.6500893E-09  5.6500706E-09  1.6189368E-08  1.6193955E-08 -1.2300166E-04
   ca44     44   1.7763568E-13  8.9336453E-08  8.9336275E-08  2.5597836E-07  2.5605127E-07 -1.2364898E-04
   ca45     45   0.0000000E+00  0.0000000E+00  0.0000000E+00  0.0000000E+00  0.0000000E+00  0.0000000E+00
   ca46     46   6.1062266E-16  1.7909448E-10  1.7909386E-10  5.1316468E-10  5.1331006E-10 -1.2305344E-04
   ca47     47   0.0000000E+00  0.0000000E+00  0.0000000E+00  0.0000000E+00  0.0000000E+00  0.0000000E+00
   ca48     48   1.7763568E-15  8.7366354E-09  8.7366336E-09  2.5033339E-08  2.5040510E-08 -1.2434811E-04
   sc45     45   8.4376950E-15  2.5204254E-09  2.5204170E-09  7.2218493E-09  7.2238957E-09 -1.2300166E-04
   sc46     46   0.0000000E+00  0.0000000E+00  0.0000000E+00  0.0000000E+00  0.0000000E+00  0.0000000E+00
   sc47     47   0.0000000E+00  0.0000000E+00  0.0000000E+00  0.0000000E+00  0.0000000E+00  0.0000000E+00
   sc48     48   4.3258192E-36  1.5896443E-30  1.5896400E-30  4.5548548E-30  4.5561488E-30  0.0000000E+00
   ti46     46   4.6185278E-14  1.5398452E-08  1.5398406E-08  4.4121638E-08  4.4134158E-08 -1.2323468E-04
   ti47     47   4.4408921E-14  1.4188546E-08  1.4188502E-08  4.0654861E-08  4.0666389E-08 -1.2313112E-04
   ti48     48   7.1054274E-14  1.4357759E-07  1.4357752E-07  4.1139711E-07  4.1151486E-07 -1.2427043E-04
   ti49     49   2.6645353E-15  1.0756057E-08  1.0756055E-08  3.0819649E-08  3.0828478E-08 -1.2439988E-04
   ti50     50  -7.9936058E-15  1.0509099E-08  1.0509107E-08  3.0112034E-08  3.0120688E-08 -1.2481418E-04
    v51     51   1.7763568E-15  2.3160245E-08  2.3160244E-08  6.6361736E-08  6.6380750E-08 -1.2439988E-04
   cr52     52   2.6716407E-12  9.4941026E-07  9.4940759E-07  2.7203732E-06  2.7211454E-06 -1.2328647E-04
   cr53     53   1.9895197E-13  1.0972516E-07  1.0972497E-07  3.1439876E-07  3.1448832E-07 -1.2370078E-04
   cr54     54   1.7763568E-14  2.7828255E-08  2.7828237E-08  7.9737120E-08  7.9759928E-08 -1.2421864E-04
   mn55     55   3.2400749E-12  8.2914528E-07  8.2914204E-07  2.3757743E-06  2.3764464E-06 -1.2284629E-04
   fe54     54  -2.2737368E-12  5.4631564E-06  5.4631587E-06  1.5653743E-05  1.5658239E-05 -1.2473651E-04
   fe55     55   7.2084982E-34  7.2084982E-34  0.0000000E+00  2.0654723E-33  0.0000000E+00  0.0000000E+00
   fe56     56   2.1827873E-10  8.8935136E-05  8.8934918E-05  2.5482848E-04  2.5490089E-04 -1.2339005E-04
   fe57     57   5.9117156E-12  2.0905868E-06  2.0905809E-06  5.9902200E-06  5.9919212E-06 -1.2328647E-04
   fe58     58  -1.1368684E-13  2.8310006E-07  2.8310018E-07  8.1117497E-07  8.1140786E-07 -1.2468472E-04
   fe59     59   0.0000000E+00  0.0000000E+00  0.0000000E+00  0.0000000E+00  0.0000000E+00  0.0000000E+00
   fe60     60   1.6087603E-33  1.6087603E-33  0.0000000E+00  4.6096284E-33  0.0000000E+00  0.0000000E+00
   co59     59   6.3948846E-13  2.1832903E-07  2.1832840E-07  6.2558462E-07  6.2576214E-07 -1.2323468E-04
   co60     60   7.9203093E-35  7.9203093E-35  0.0000000E+00  2.2694296E-34  0.0000000E+00  0.0000000E+00
   ni58     58   8.8675733E-12  3.1238560E-06  3.1238471E-06  8.9508767E-06  8.9534178E-06 -1.2326059E-04
   ni59     59   4.3918599E-20  4.3918599E-20  0.0000000E+00  1.2584126E-19  0.0000000E+00  0.0000000E+00
   ni60     60   1.2505552E-12  1.2448082E-06  1.2448070E-06  3.5667858E-06  3.5678047E-06 -1.2403738E-04
   ni61     61   6.3948846E-14  5.5013960E-08  5.5013896E-08  1.5763312E-07  1.5767813E-07 -1.2398561E-04
   ni62     62   2.4158453E-13  1.7827743E-07  1.7827719E-07  5.1082361E-07  5.1096936E-07 -1.2390793E-04
   ni63     63   1.1737421E-22  1.1737421E-22  0.0000000E+00  3.3631579E-22  0.0000000E+00  0.0000000E+00
   ni64     64   1.6342483E-13  4.6867946E-08  4.6867783E-08  1.3429211E-07  1.3433015E-07 -1.2302754E-04
   cu63     63   6.0396133E-14  3.8683087E-08  3.8683027E-08  1.1083979E-07  1.1087139E-07 -1.2380435E-04
   cu64     64   0.0000000E+00  0.0000000E+00  0.0000000E+00  0.0000000E+00  0.0000000E+00  0.0000000E+00
   cu65     65   5.6843419E-14  1.7788750E-08  1.7788693E-08  5.0970630E-08  5.0985079E-08 -1.2313112E-04
   zn64     64   4.2632564E-14  6.6275874E-08  6.6275831E-08  1.8990221E-07  1.8995654E-07 -1.2424453E-04
   zn65     65   0.0000000E+00  0.0000000E+00  0.0000000E+00  0.0000000E+00  0.0000000E+00  0.0000000E+00
   zn66     66   1.4566126E-13  3.9211336E-08  3.9211191E-08  1.1235340E-07  1.1238519E-07 -1.2284629E-04
   zn67     67  -4.8849813E-15  5.8494254E-09  5.8494303E-09  1.6760531E-08  1.6765350E-08 -1.2489187E-04
   zn68     68   7.1054274E-14  2.7150005E-08  2.7149934E-08  7.7793707E-08  7.7815812E-08 -1.2341594E-04
   zn69     69   0.0000000E+00  0.0000000E+00  0.0000000E+00  0.0000000E+00  0.0000000E+00  0.0000000E+00
   zn70     70   2.3314684E-15  9.2417712E-10  9.2417479E-10  2.6480720E-09  2.6488247E-09 -1.2344183E-04
   ga69     69   4.6629367E-15  2.4891098E-09  2.4891051E-09  7.1321198E-09  7.1341515E-09 -1.2372667E-04
   ga70     70   0.0000000E+00  0.0000000E+00  0.0000000E+00  0.0000000E+00  0.0000000E+00  0.0000000E+00
   ga71     71   4.7739590E-15  1.6998278E-09  1.6998231E-09  4.8705671E-09  4.8719500E-09 -1.2328647E-04
   ge70     70   5.7731597E-15  2.7685743E-09  2.7685685E-09  7.9328775E-09  7.9351352E-09 -1.2357131E-04
   ge71     71   0.0000000E+00  0.0000000E+00  0.0000000E+00  0.0000000E+00  0.0000000E+00  0.0000000E+00
   ge72     72   3.1086245E-15  3.7631858E-09  3.7631827E-09  1.0782768E-08  1.0785850E-08 -1.2414096E-04
   ge73     73   1.5543122E-15  1.0709558E-09  1.0709542E-09  3.0686411E-09  3.0695164E-09 -1.2388203E-04
   ge74     74   1.1990409E-14  5.0951936E-09  5.0951816E-09  1.4599409E-08  1.4603560E-08 -1.2346773E-04
   as75     75   5.5511151E-16  7.4699774E-10  7.4699719E-10  2.1403948E-09  2.1410067E-09 -1.2416687E-04
   se76     76   1.0547119E-15  7.7769313E-10  7.7769208E-10  2.2283471E-09  2.2289830E-09 -1.2388203E-04
   se77     77   2.8865799E-15  6.4162575E-10  6.4162287E-10  1.8384692E-09  1.8389880E-09 -1.2253558E-04
   se78     78   4.6629367E-15  2.0248161E-09  2.0248114E-09  5.8017653E-09  5.8034155E-09 -1.2351952E-04
   se79     79   1.3295487E-22  1.3295487E-22  0.0000000E+00  3.8095951E-22  0.0000000E+00  0.0000000E+00
   se80     80   1.7763568E-15  4.3343231E-09  4.3343213E-09  1.2419264E-08  1.2422819E-08 -1.2432222E-04
   br79     79   2.2204460E-16  6.9312683E-10  6.9312661E-10  1.9860367E-09  1.9866055E-09 -1.2437401E-04
   br80     80   0.0000000E+00  0.0000000E+00  0.0000000E+00  0.0000000E+00  0.0000000E+00  0.0000000E+00
   br81     81   2.2204460E-15  6.9134670E-10  6.9134448E-10  1.9809361E-09  1.9814979E-09 -1.2313112E-04
   kr80     80   1.6653345E-16  1.6518176E-10  1.6518159E-10  4.7330018E-10  4.7343540E-10 -1.2406328E-04
   kr81     81   6.0572483E-23  6.0572483E-23  0.0000000E+00  1.7356013E-22  0.0000000E+00  0.0000000E+00
   kr82     82   1.2212453E-15  8.4835922E-10  8.4835799E-10  2.4308286E-09  2.4315223E-09 -1.2390793E-04
   kr83     83   2.9976022E-15  8.5071450E-10  8.5071150E-10  2.4375773E-09  2.4382678E-09 -1.2300166E-04
   kr84     84   1.2434498E-14  4.2430401E-09  4.2430277E-09  1.2157708E-08  1.2161159E-08 -1.2328647E-04
   kr-5     85   3.3012078E-32  3.3012078E-32  0.0000000E+00  9.4590479E-32  0.0000000E+00  0.0000000E+00
   kr*5     85   0.0000000E+00  0.0000000E+00  0.0000000E+00  0.0000000E+00  0.0000000E+00  0.0000000E+00
   kr86     86   9.9920072E-16  1.3137000E-09  1.3136990E-09  3.7641836E-09  3.7652601E-09 -1.2419275E-04
   rb85     85   1.9984014E-15  6.8865519E-10  6.8865319E-10  1.9732240E-09  1.9737840E-09 -1.2323468E-04
   rb86     86   0.0000000E+00  0.0000000E+00  0.0000000E+00  0.0000000E+00  0.0000000E+00  0.0000000E+00
   rb87     87  -3.0672492E-11  2.5939875E-10  2.9007124E-10  7.4326290E-10  8.3138801E-10 -4.8661299E-02
   sr86     86   1.0824674E-15  3.2135083E-10  3.2134975E-10  9.2077601E-10  9.2103702E-10 -1.2313112E-04
   sr87     87   3.0673256E-11  2.5785923E-10  2.2718598E-10  7.3885165E-10  6.5114930E-10  5.4876652E-02
   sr88     88   1.3322676E-15  2.7550637E-09  2.7550624E-09  7.8941653E-09  7.8964248E-09 -1.2427043E-04
   sr89     89   0.0000000E+00  0.0000000E+00  0.0000000E+00  0.0000000E+00  0.0000000E+00  0.0000000E+00
   sr90     90   0.0000000E+00  0.0000000E+00  0.0000000E+00  0.0000000E+00  0.0000000E+00  0.0000000E+00
    y89     89  -3.8857806E-16  6.5715761E-10  6.5715799E-10  1.8829731E-09  1.8835140E-09 -1.2476240E-04
    y90     90   0.0000000E+00  0.0000000E+00  0.0000000E+00  0.0000000E+00  0.0000000E+00  0.0000000E+00
    y91     91   0.0000000E+00  0.0000000E+00  0.0000000E+00  0.0000000E+00  0.0000000E+00  0.0000000E+00
   zr90     90   2.3869795E-15  7.8323475E-10  7.8323237E-10  2.2442257E-09  2.2448623E-09 -1.2315702E-04
   zr91     91   1.2490009E-16  1.7269935E-10  1.7269923E-10  4.9484056E-10  4.9498206E-10 -1.2419275E-04
   zr92     92   2.7755576E-17  2.6687708E-10  2.6687705E-10  7.6469076E-10  7.6490991E-10 -1.2445168E-04
   zr93     93   1.5766130E-23  1.5766130E-23  0.0000000E+00  4.5175158E-23  0.0000000E+00  0.0000000E+00
   zr94     94  -1.6653345E-16  2.7633848E-10  2.7633865E-10  7.9180079E-10  7.9202828E-10 -1.2478830E-04
   zr95     95   0.0000000E+00  0.0000000E+00  0.0000000E+00  0.0000000E+00  0.0000000E+00  0.0000000E+00
   zr96     96   1.3877788E-16  4.5466804E-11  4.5466665E-11  1.3027737E-10  1.3031433E-10 -1.2318291E-04
   nb93     93   1.1102230E-16  1.1933105E-10  1.1933093E-10  3.4192277E-10  3.4202050E-10 -1.2408917E-04
   nb94     94   1.9212717E-23  1.9212717E-23  0.0000000E+00  5.5050766E-23  0.0000000E+00  0.0000000E+00
   nb95     95   0.0000000E+00  0.0000000E+00  0.0000000E+00  0.0000000E+00  0.0000000E+00  0.0000000E+00
   mo94     94  -1.3877788E-17  3.7398942E-11  3.7398955E-11  1.0716029E-10  1.0719105E-10 -1.2468472E-04
   mo95     95   1.1102230E-16  6.5416533E-11  6.5416422E-11  1.8743992E-10  1.8749335E-10 -1.2377846E-04
   mo96     96   1.5265567E-16  6.9585088E-11  6.9584935E-11  1.9938420E-10  1.9944092E-10 -1.2354541E-04
   mo97     97   1.0408341E-17  4.0481597E-11  4.0481587E-11  1.1599312E-10  1.1602635E-10 -1.2442579E-04
   mo98     98   3.1225023E-16  1.0392639E-10  1.0392608E-10  2.9778335E-10  2.9786784E-10 -1.2320880E-04
   tc99     99   1.1819328E-23  1.1819328E-23  0.0000000E+00  3.3866269E-23  0.0000000E+00  0.0000000E+00
   ru99     99   1.2836954E-16  3.6286731E-11  3.6286602E-11  1.0397344E-10  1.0400289E-10 -1.2300166E-04
  ru100    100   1.0755286E-16  3.6193416E-11  3.6193309E-11  1.0370606E-10  1.0373549E-10 -1.2318291E-04
  ru101    101   3.8163916E-17  4.9495144E-11  4.9495106E-11  1.4181990E-10  1.4186044E-10 -1.2411507E-04
  ru102    102   2.5673907E-16  9.2439091E-11  9.2438834E-11  2.6486846E-10  2.6494365E-10 -1.2326059E-04
  rh103    103   1.9428903E-16  5.9033708E-11  5.9033514E-11  1.6915103E-10  1.6919897E-10 -1.2307933E-04
  pd104    104   6.7654216E-17  2.5833563E-11  2.5833495E-11  7.4021671E-11  7.4042696E-11 -1.2333826E-04
  pd105    105   1.3877788E-16  5.2280420E-11  5.2280281E-11  1.4980063E-10  1.4984318E-10 -1.2339005E-04
  pd106    106   1.8041124E-16  6.4596266E-11  6.4596085E-11  1.8508958E-10  1.8514214E-10 -1.2331238E-04
  pd107    107   2.0675980E-23  2.0675980E-23  0.0000000E+00  5.9243492E-23  0.0000000E+00  0.0000000E+00
  pd108    108   7.6327833E-17  6.3719974E-11  6.3719897E-11  1.8257872E-10  1.8263085E-10 -1.2398561E-04
  ag107    107   1.3877788E-16  4.3883838E-11  4.3883699E-11  1.2574165E-10  1.2577731E-10 -1.2315702E-04
  ag108    108   0.0000000E+00  0.0000000E+00  0.0000000E+00  0.0000000E+00  0.0000000E+00  0.0000000E+00
  ag109    109   1.3877788E-17  4.1531636E-11  4.1531622E-11  1.1900182E-10  1.1903591E-10 -1.2437401E-04
  cd108    108   8.6736174E-18  2.4607850E-12  2.4607764E-12  7.0509601E-12  7.0529567E-12 -1.2300166E-04
  cd109    109   0.0000000E+00  0.0000000E+00  0.0000000E+00  0.0000000E+00  0.0000000E+00  0.0000000E+00
  cd110    110   9.3675068E-17  3.5173680E-11  3.5173586E-11  1.0078418E-10  1.0081281E-10 -1.2336417E-04
  cd111    111   1.0408341E-16  3.6374081E-11  3.6373977E-11  1.0422373E-10  1.0425332E-10 -1.2333826E-04
  cd112    112   0.0000000E+00  6.9188710E-11  6.9188710E-11  1.9824846E-10  1.9830529E-10 -1.2450347E-04
  cd113    113   1.2490009E-16  3.5351607E-11  3.5351482E-11  1.0129400E-10  1.0132269E-10 -1.2300166E-04
  cd114    114   1.2490009E-16  8.3849275E-11  8.3849150E-11  2.4025579E-10  2.4032434E-10 -1.2393382E-04
  in115    115   4.5102810E-17  3.1616786E-11  3.1616740E-11  9.0592506E-11  9.0618360E-11 -1.2390793E-04
  sn116    116   1.9428903E-16  9.8918512E-11  9.8918318E-11  2.8343414E-10  2.8351485E-10 -1.2367488E-04
  sn117    117   2.4286129E-17  5.2699657E-11  5.2699633E-11  1.5100188E-10  1.5104511E-10 -1.2434811E-04
  sn118    118   6.5225603E-16  1.6069740E-10  1.6069675E-10  4.6045101E-10  4.6058116E-10 -1.2274273E-04
  sn119    119   2.7755576E-17  5.9951821E-11  5.9951794E-11  1.7178173E-10  1.7183090E-10 -1.2432222E-04
  sn120    120   2.0816682E-16  2.2929286E-10  2.2929265E-10  6.5699962E-10  6.5718736E-10 -1.2408917E-04
  sb121    121   1.6306401E-16  3.5360340E-11  3.5360177E-11  1.0131902E-10  1.0134760E-10 -1.2248379E-04
  te122    122   5.8980598E-17  2.3504719E-11  2.3504660E-11  6.7348765E-11  6.7367910E-11 -1.2341594E-04
  te123    123   8.6736174E-18  8.2709404E-12  8.2709317E-12  2.3698970E-11  2.3705742E-11 -1.2408917E-04
  te124    124   1.1102230E-16  4.4408258E-11  4.4408147E-11  1.2724430E-10  1.2728045E-10 -1.2336417E-04
  te125    125   9.0205621E-17  6.6771408E-11  6.6771318E-11  1.9132208E-10  1.9137668E-10 -1.2388203E-04
  te126    126   6.9388939E-17  1.7935475E-10  1.7935468E-10  5.1391047E-10  5.1405763E-10 -1.2434811E-04
   i127    127   9.7144515E-17  2.2493594E-10  2.2493585E-10  6.4451561E-10  6.4470013E-10 -1.2432222E-04
   i128    128   0.0000000E+00  0.0000000E+00  0.0000000E+00  0.0000000E+00  0.0000000E+00  0.0000000E+00
   i129    129   0.0000000E+00  0.0000000E+00  0.0000000E+00  0.0000000E+00  0.0000000E+00  0.0000000E+00
  xe128    128   2.2551405E-17  2.4295354E-11  2.4295331E-11  6.9614196E-11  6.9634090E-11 -1.2408917E-04
  xe129    129   3.3306691E-16  3.0499792E-10  3.0499758E-10  8.7391955E-10  8.7416918E-10 -1.2401149E-04
  xe130    130   1.1102230E-16  4.9349094E-11  4.9348983E-11  1.4140142E-10  1.4144164E-10 -1.2351952E-04
  xe131    131   4.1633363E-16  2.4651817E-10  2.4651775E-10  7.0635575E-10  7.0655709E-10 -1.2377846E-04
  xe132    132   6.3837824E-16  3.0360825E-10  3.0360761E-10  8.6993768E-10  8.7018531E-10 -1.2359720E-04
  xe133    133   0.0000000E+00  0.0000000E+00  0.0000000E+00  0.0000000E+00  0.0000000E+00  0.0000000E+00
  xe134    134  -4.1633363E-17  1.1380018E-10  1.1380022E-10  3.2607500E-10  3.2616862E-10 -1.2468472E-04
  cs133    133   0.0000000E+00  7.9820164E-11  7.9820164E-11  2.2871108E-10  2.2877664E-10 -1.2447758E-04
  cs134    134   0.0000000E+00  0.0000000E+00  0.0000000E+00  0.0000000E+00  0.0000000E+00  0.0000000E+00
  cs135    135   2.5169049E-24  2.5169049E-24  0.0000000E+00  7.2117617E-24  0.0000000E+00  0.0000000E+00
  cs136    136   0.0000000E+00  0.0000000E+00  0.0000000E+00  0.0000000E+00  0.0000000E+00  0.0000000E+00
  cs137    137   0.0000000E+00  0.0000000E+00  0.0000000E+00  0.0000000E+00  0.0000000E+00  0.0000000E+00
  ba134    134   6.0715322E-17  2.4470240E-11  2.4470179E-11  7.0115302E-11  7.0135231E-11 -1.2344183E-04
  ba135    135   9.7144515E-17  6.7237382E-11  6.7237285E-11  1.9265725E-10  1.9271221E-10 -1.2388203E-04
  ba136    136   2.7755576E-17  8.0702993E-11  8.0702965E-11  2.3124067E-10  2.3130689E-10 -1.2434811E-04
  ba137    137   1.0408341E-16  1.1626205E-10  1.1626194E-10  3.3312908E-10  3.3322431E-10 -1.2414096E-04
  ba138    138   2.1649349E-15  7.4756668E-10  7.4756451E-10  2.1420248E-09  2.1426330E-09 -1.2328647E-04
  la139    139   0.0000000E+00  1.0253780E-10  1.0253780E-10  2.9380456E-10  2.9388883E-10 -1.2455526E-04
  ce140    140   0.0000000E+00  2.3500737E-10  2.3500737E-10  6.7337358E-10  6.7356665E-10 -1.2450347E-04
  ce141    141   0.0000000E+00  0.0000000E+00  0.0000000E+00  0.0000000E+00  0.0000000E+00  0.0000000E+00
  ce142    142   1.3877788E-17  2.9951899E-11  2.9951885E-11  8.5822058E-11  8.5846621E-11 -1.2429632E-04
  pr141    141   2.4286129E-17  4.0502383E-11  4.0502358E-11  1.1605267E-10  1.1608588E-10 -1.2424453E-04
  nd142    142   6.2450045E-17  5.4028195E-11  5.4028133E-11  1.5480858E-10  1.5485278E-10 -1.2398561E-04
  nd143    143   3.4694470E-17  2.4188956E-11  2.4188922E-11  6.9309329E-11  6.9329098E-11 -1.2383024E-04
  nd144    144   5.2041704E-17  4.8073136E-11  4.8073084E-11  1.3774537E-10  1.3778473E-10 -1.2411507E-04
  nd145    145   7.8062556E-17  1.7876969E-11  1.7876891E-11  5.1223407E-11  5.1237868E-11 -1.2258737E-04
  nd146    146   1.3877788E-17  3.5186395E-11  3.5186382E-11  1.0082062E-10  1.0084949E-10 -1.2434811E-04
  nd147    147   0.0000000E+00  0.0000000E+00  0.0000000E+00  0.0000000E+00  0.0000000E+00  0.0000000E+00
  nd148    148   1.3877788E-17  1.1901870E-11  1.1901856E-11  3.4102780E-11  3.4112515E-11 -1.2395972E-04
  pm147    147   0.0000000E+00  0.0000000E+00  0.0000000E+00  0.0000000E+00  0.0000000E+00  0.0000000E+00
  pm148    148   0.0000000E+00  0.0000000E+00  0.0000000E+00  0.0000000E+00  0.0000000E+00  0.0000000E+00
  sm147    147   1.0408341E-17  9.5803495E-12  9.5803391E-12  2.7450858E-11  2.7458699E-11 -1.2403738E-04
  sm148    148   1.5612511E-17  7.2325227E-12  7.2325071E-12  2.0723560E-11  2.0729458E-11 -1.2359720E-04
  sm149    149   2.4286129E-17  8.9527838E-12  8.9527595E-12  2.5652676E-11  2.5659962E-11 -1.2336417E-04
  sm150    150   1.3010426E-18  4.8129365E-12  4.8129352E-12  1.3790649E-11  1.3794600E-11 -1.2437401E-04
  sm151    151   1.5124618E-26  1.5124618E-26  0.0000000E+00  4.3337014E-26  0.0000000E+00  0.0000000E+00
  sm152    152  -6.9388939E-18  1.7678236E-11  1.7678243E-11  5.0653971E-11  5.0668515E-11 -1.2471061E-04
  eu151    151   2.6888214E-17  1.1661626E-11  1.1661599E-11  3.3414400E-11  3.3423906E-11 -1.2357131E-04
  eu152    152   5.2856687E-31  5.2856687E-31  0.0000000E+00  1.5145182E-30  0.0000000E+00  0.0000000E+00
  eu153    153   3.6429193E-17  1.2898627E-11  1.2898590E-11  3.6958814E-11  3.6969310E-11 -1.2331238E-04
  eu154    154   3.7959360E-34  3.7959360E-34  0.0000000E+00  1.0876608E-33  0.0000000E+00  0.0000000E+00
  eu155    155   0.0000000E+00  0.0000000E+00  0.0000000E+00  0.0000000E+00  0.0000000E+00  0.0000000E+00
  gd152    152   1.7618285E-19  1.7027045E-13  1.7027028E-13  4.8788095E-13  4.8802032E-13 -1.2406328E-04
  gd153    153   0.0000000E+00  0.0000000E+00  0.0000000E+00  0.0000000E+00  0.0000000E+00  0.0000000E+00
  gd154    154   4.1199683E-18  1.8803856E-12  1.8803815E-12  5.3879245E-12  5.3894575E-12 -1.2357131E-04
  gd155    155   2.6020852E-17  1.2848754E-11  1.2848728E-11  3.6815915E-11  3.6826396E-11 -1.2362309E-04
  gd156    156  -8.6736174E-18  1.7885473E-11  1.7885481E-11  5.1247773E-11  5.1262487E-11 -1.2463293E-04
  gd157    157   3.0357661E-17  1.3761679E-11  1.3761649E-11  3.9431746E-11  3.9442966E-11 -1.2357131E-04
  gd158    158   2.2551405E-17  2.1982289E-11  2.1982267E-11  6.2986505E-11  6.3004497E-11 -1.2406328E-04
  gd159    159   0.0000000E+00  0.0000000E+00  0.0000000E+00  0.0000000E+00  0.0000000E+00  0.0000000E+00
  gd160    160   1.5612511E-17  1.9590036E-11  1.9590021E-11  5.6131908E-11  5.6147954E-11 -1.2414096E-04
  tb159    159   3.4694470E-18  1.6583006E-11  1.6583002E-11  4.7515776E-11  4.7529390E-11 -1.2439988E-04
  tb160    160   0.0000000E+00  0.0000000E+00  0.0000000E+00  0.0000000E+00  0.0000000E+00  0.0000000E+00
  tb161    161   0.0000000E+00  0.0000000E+00  0.0000000E+00  0.0000000E+00  0.0000000E+00  0.0000000E+00
  dy160    160   8.6736174E-19  2.5092916E-12  2.5092907E-12  7.1899474E-12  7.1920070E-12 -1.2434811E-04
  dy161    161  -1.5612511E-17  2.0478607E-11  2.0478622E-11  5.8677958E-11  5.8694827E-11 -1.2484008E-04
  dy162    162   9.5409791E-17  2.7790652E-11  2.7790556E-11  7.9629373E-11  7.9651931E-11 -1.2300166E-04
  dy163    163   6.7654216E-17  2.7326384E-11  2.7326317E-11  7.8299096E-11  7.8321356E-11 -1.2344183E-04
  dy164    164   5.2041704E-17  3.1208550E-11  3.1208498E-11  8.9422775E-11  8.9448268E-11 -1.2380435E-04
  ho165    165  -1.7347235E-18  2.4307811E-11  2.4307813E-11  6.9649890E-11  6.9669867E-11 -1.2452937E-04
  er166    166   7.4593109E-17  2.3091893E-11  2.3091818E-11  6.6165885E-11  6.6184641E-11 -1.2310523E-04
  er167    167   4.5102810E-17  1.5857109E-11  1.5857064E-11  4.5435843E-11  4.5448742E-11 -1.2328647E-04
  er168    168   3.8163916E-17  1.8818213E-11  1.8818174E-11  5.3920379E-11  5.3935734E-11 -1.2362309E-04
  er169    169   0.0000000E+00  0.0000000E+00  0.0000000E+00  0.0000000E+00  0.0000000E+00  0.0000000E+00
  er170    170   3.1225023E-17  1.0524189E-11  1.0524158E-11  3.0155271E-11  3.0163826E-11 -1.2320880E-04
  tm169    169   4.3368087E-18  1.1121092E-11  1.1121088E-11  3.1865593E-11  3.1874718E-11 -1.2434811E-04
  tm170    170   0.0000000E+00  0.0000000E+00  0.0000000E+00  0.0000000E+00  0.0000000E+00  0.0000000E+00
  tm171    171   0.0000000E+00  0.0000000E+00  0.0000000E+00  0.0000000E+00  0.0000000E+00  0.0000000E+00
  yb170    170   6.2883726E-18  2.1033908E-12  2.1033845E-12  6.0269077E-12  6.0286177E-12 -1.2318291E-04
  yb171    171   1.7347235E-18  1.0003912E-11  1.0003910E-11  2.8664503E-11  2.8672717E-11 -1.2445168E-04
  yb172    172  -1.7347235E-18  1.5490512E-11  1.5490513E-11  4.4385419E-11  4.4398148E-11 -1.2452937E-04
  yb173    173  -1.1275703E-17  1.1564644E-11  1.1564655E-11  3.3136518E-11  3.3146048E-11 -1.2486597E-04
  yb174    174  -2.0816682E-17  2.3139874E-11  2.3139895E-11  6.6303366E-11  6.6322434E-11 -1.2489187E-04
  lu175    175   6.0715322E-18  1.0444168E-11  1.0444162E-11  2.9925982E-11  2.9934548E-11 -1.2429632E-04
  lu176    176  -4.1864976E-14  2.6299221E-13  3.0485719E-13  7.5355932E-13  8.7376677E-13 -6.4278111E-02
  lu177    177   0.0000000E+00  0.0000000E+00  0.0000000E+00  0.0000000E+00  0.0000000E+00  0.0000000E+00
  hf176    176   4.1872322E-14  2.3876172E-12  2.3457449E-12  6.8413101E-12  6.7232595E-12  7.5593679E-03
  hf177    177  -8.6736174E-19  8.4312054E-12  8.4312063E-12  2.4158182E-11  2.4165113E-11 -1.2458116E-04
  hf178    178   5.2041704E-18  1.2438934E-11  1.2438928E-11  3.5641642E-11  3.5651850E-11 -1.2439988E-04
  hf179    179   2.3852448E-17  6.2456858E-12  6.2456620E-12  1.7895949E-11  1.7901011E-11 -1.2282039E-04
  hf180    180   1.2143064E-17  1.6174588E-11  1.6174576E-11  4.6345525E-11  4.6358781E-11 -1.2421864E-04
  hf181    181   0.0000000E+00  0.0000000E+00  0.0000000E+00  0.0000000E+00  0.0000000E+00  0.0000000E+00
  hf182    182   6.4902613E-36  6.4902613E-36  0.0000000E+00  1.8596737E-35  0.0000000E+00  0.0000000E+00
  ta181    181   2.2117724E-17  6.8531114E-12  6.8530893E-12  1.9636423E-11  1.9641989E-11 -1.2310523E-04
  ta182    182   0.0000000E+00  0.0000000E+00  0.0000000E+00  0.0000000E+00  0.0000000E+00  0.0000000E+00
  ta183    183   0.0000000E+00  0.0000000E+00  0.0000000E+00  0.0000000E+00  0.0000000E+00  0.0000000E+00
   w182    182   1.8214596E-17  1.0754255E-11  1.0754237E-11  3.0814483E-11  3.0823271E-11 -1.2388203E-04
   w183    183   1.6046192E-17  5.8392358E-12  5.8392197E-12  1.6731335E-11  1.6736085E-11 -1.2328647E-04
   w184    184   3.6429193E-17  1.2570918E-11  1.2570882E-11  3.6019823E-11  3.6030047E-11 -1.2326059E-04
   w185    185   0.0000000E+00  0.0000000E+00  0.0000000E+00  0.0000000E+00  0.0000000E+00  0.0000000E+00
   w186    186   2.7755576E-17  1.1791007E-11  1.1790980E-11  3.3785121E-11  3.3794727E-11 -1.2349362E-04
  re185    185   5.6378513E-18  5.9928867E-12  5.9928811E-12  1.7171596E-11  1.7176502E-11 -1.2406328E-04
  re186    186   0.0000000E+00  0.0000000E+00  0.0000000E+00  0.0000000E+00  0.0000000E+00  0.0000000E+00
  re187    187  -1.3784225E-12  9.5503024E-12  1.0928725E-11  2.7364763E-11  3.1323378E-11 -5.8676887E-02
  os186    186   9.9746600E-18  3.3216010E-12  3.3215910E-12  9.5174814E-12  9.5201815E-12 -1.2320880E-04
  os187    187   1.3784139E-12  4.0345245E-12  2.6561106E-12  1.1560242E-11  7.6128140E-12  1.8142170E-01
  os188    188   0.0000000E+00  2.8020192E-11  2.8020192E-11  8.0287083E-11  8.0310106E-11 -1.2450347E-04
  os189    189   1.3877788E-17  3.4345117E-11  3.4345103E-11  9.8410079E-11  9.8438258E-11 -1.2432222E-04
  os190    190   3.1225023E-17  5.6148711E-11  5.6148679E-11  1.6088456E-10  1.6093059E-10 -1.2427043E-04
  os191    191   0.0000000E+00  0.0000000E+00  0.0000000E+00  0.0000000E+00  0.0000000E+00  0.0000000E+00
  os192    192   9.7144515E-17  8.8122704E-11  8.8122606E-11  2.5250058E-10  2.5257268E-10 -1.2401149E-04
  ir191    191   2.1510571E-16  7.4303126E-11  7.4302911E-11  2.1290295E-10  2.1296337E-10 -1.2323468E-04
  ir192    192   0.0000000E+00  0.0000000E+00  0.0000000E+00  0.0000000E+00  0.0000000E+00  0.0000000E+00
  ir193    193   1.9428903E-16  1.2620843E-10  1.2620824E-10  3.6162875E-10  3.6173187E-10 -1.2380435E-04
  pt192    192   1.0408341E-17  3.1243658E-12  3.1243554E-12  8.9523371E-12  8.9548742E-12 -1.2305344E-04
  pt193    193   1.1083095E-27  1.1083095E-27  0.0000000E+00  3.1756719E-27  0.0000000E+00  0.0000000E+00
  pt194    194  -2.7755576E-17  1.3308904E-10  1.3308907E-10  3.8134396E-10  3.8145337E-10 -1.2458116E-04
  pt195    195   5.8286709E-16  1.3729022E-10  1.3728964E-10  3.9338172E-10  3.9349285E-10 -1.2269094E-04
  pt196    196   7.6327833E-17  1.0295377E-10  1.0295369E-10  2.9499647E-10  2.9508085E-10 -1.2419275E-04
  au197    197   5.5511151E-17  6.2048401E-11  6.2048346E-11  1.7778912E-10  1.7783992E-10 -1.2408917E-04
  hg198    198   2.7755576E-17  1.4575735E-11  1.4575707E-11  4.1764283E-11  4.1776180E-11 -1.2370078E-04
  hg199    199   2.6020852E-17  2.4787235E-11  2.4787209E-11  7.1023597E-11  7.1043886E-11 -1.2401149E-04
  hg200    200   1.0061396E-16  3.4111262E-11  3.4111162E-11  9.7740004E-11  9.7767745E-11 -1.2323468E-04
  hg201    201   5.0306981E-17  1.9559548E-11  1.9559498E-11  5.6044551E-11  5.6060479E-11 -1.2344183E-04
  hg202    202   1.2836954E-16  4.4534515E-11  4.4534387E-11  1.2760606E-10  1.2764229E-10 -1.2326059E-04
  tl203    203   6.9388939E-17  1.7616734E-11  1.7616665E-11  5.0477750E-11  5.0492024E-11 -1.2279452E-04
  tl204    204   0.0000000E+00  0.0000000E+00  0.0000000E+00  0.0000000E+00  0.0000000E+00  0.0000000E+00
  tl205    205   1.2143064E-16  4.2468085E-11  4.2467963E-11  1.2168505E-10  1.2171961E-10 -1.2331238E-04
  pb204    204   3.4694470E-18  2.2298347E-11  2.2298344E-11  6.3892114E-11  6.3910419E-11 -1.2437401E-04
  pb205    205   3.0398435E-24  3.0398435E-24  0.0000000E+00  8.7101533E-24  0.0000000E+00  0.0000000E+00
  pb206    206   2.0816682E-16  2.0951640E-10  2.0951620E-10  6.0033356E-10  6.0050509E-10 -1.2408917E-04
  pb207    207   3.3306691E-16  2.3297933E-10  2.3297900E-10  6.6756256E-10  6.6775296E-10 -1.2385614E-04
  pb208    208   5.5511151E-17  6.7007877E-10  6.7007871E-10  1.9199964E-09  1.9205468E-09 -1.2447758E-04
  bi209    209   1.3877788E-17  4.6602677E-11  4.6602663E-11  1.3353202E-10  1.3357027E-10 -1.2439988E-04
  bi210    210   0.0000000E+00  0.0000000E+00  0.0000000E+00  0.0000000E+00  0.0000000E+00  0.0000000E+00
  po210    210   4.4685401E-25  4.4685401E-25  0.0000000E+00  1.2803840E-24  0.0000000E+00  0.0000000E+00
