# Initial mass = 2.000, Z =  0.0028, Y =  0.250, M_mix = 0.00E+00
# Final mass = 0.659, Mass expelled =   1.3410
  species    A      yield       mass(i)_lost    mass(i)_0        <X(i)>           X0(i)   log10(<X(i)>/X0(i)) 
      n      1   0.0000000E+00  0.0000000E+00  0.0000000E+00  0.0000000E+00  0.0000000E+00  0.0000000E+00
      p      1  -6.2092364E-02  9.3978459E-01  1.0018770E+00  7.0080870E-01  7.4716753E-01 -2.7818484E-02
      d      2   8.3193707E-18  8.3193707E-18  0.0000000E+00  6.2038550E-18  0.0000000E+00  0.0000000E+00
    he3      3   2.5475936E-04  2.5475936E-04  0.0000000E+00  1.8997713E-04  0.0000000E+00  0.0000000E+00
    he4      4   4.7083765E-02  3.8229418E-01  3.3521041E-01  2.8508139E-01  2.4998912E-01  5.7047740E-02
    li7      7  -2.1404842E-09  2.9984745E-10  2.4403317E-09  2.2359986E-10  1.8199209E-09 -9.1058099E-01
    be7      7   1.1660838E-17  1.1660838E-17  0.0000000E+00  8.6956270E-18  0.0000000E+00  0.0000000E+00
     b8      8   2.4176884E-26  2.4176884E-26  0.0000000E+00  1.8028994E-26  0.0000000E+00  0.0000000E+00
    c12     12   1.3533171E-02  1.4205062E-02  6.7189033E-04  1.0592885E-02  5.0107419E-04  1.3251122E+00
    c13     13   1.1605628E-05  1.9747620E-05  8.1419921E-06  1.4726038E-05  6.0720358E-06  3.8475159E-01
    c14     14   4.4700044E-09  4.4700044E-09  0.0000000E+00  3.3333361E-09  0.0000000E+00  0.0000000E+00
    n13     13   0.0000000E+00  0.0000000E+00  0.0000000E+00  0.0000000E+00  0.0000000E+00  0.0000000E+00
    n14     14   3.2418277E-04  5.2283326E-04  1.9865049E-04  3.8988306E-04  1.4814714E-04  4.2024112E-01
    n15     15  -2.4510189E-07  2.4419802E-07  4.8929991E-07  1.8210140E-07  3.6490411E-07 -3.0186549E-01
    o14     14   0.0000000E+00  0.0000000E+00  0.0000000E+00  0.0000000E+00  0.0000000E+00  0.0000000E+00
    o15     15   0.0000000E+00  0.0000000E+00  0.0000000E+00  0.0000000E+00  0.0000000E+00  0.0000000E+00
    o16     16   2.4255738E-04  1.8649972E-03  1.6224398E-03  1.3907509E-03  1.2099633E-03  6.0477138E-02
    o17     17   1.3242623E-05  1.3897549E-05  6.5492600E-07  1.0363570E-05  4.8842276E-07  1.3267136E+00
    o18     18  -1.3294898E-06  2.3209996E-06  3.6504894E-06  1.7307973E-06  2.7224175E-06 -1.9670852E-01
    o19     19   0.0000000E+00  0.0000000E+00  0.0000000E+00  0.0000000E+00  0.0000000E+00  0.0000000E+00
    f17     17   0.0000000E+00  0.0000000E+00  0.0000000E+00  0.0000000E+00  0.0000000E+00  0.0000000E+00
    f18     18   0.0000000E+00  0.0000000E+00  0.0000000E+00  0.0000000E+00  0.0000000E+00  0.0000000E+00
    f19     19   1.2376867E-06  1.3428108E-06  1.0512412E-07  1.0013503E-06  7.8398187E-08  1.1062801E+00
    f20     20   0.0000000E+00  0.0000000E+00  0.0000000E+00  0.0000000E+00  0.0000000E+00  0.0000000E+00
   ne19     19   0.0000000E+00  0.0000000E+00  0.0000000E+00  0.0000000E+00  0.0000000E+00  0.0000000E+00
   ne20     20   2.0089501E-06  3.3482190E-04  3.3281295E-04  2.4968071E-04  2.4820119E-04  2.5811186E-03
   ne21     21   1.4163254E-07  9.7932332E-07  8.3769078E-07  7.3029321E-07  6.2472282E-07  6.7809872E-02
   ne22     22   6.1724649E-04  6.4416567E-04  2.6919166E-05  4.8036210E-04  2.0075448E-05  1.3789036E+00
   ne23     23   0.0000000E+00  0.0000000E+00  0.0000000E+00  0.0000000E+00  0.0000000E+00  0.0000000E+00
   na21     21   0.0000000E+00  0.0000000E+00  0.0000000E+00  0.0000000E+00  0.0000000E+00  0.0000000E+00
   na22     22   2.6030695E-20  2.6030695E-20  0.0000000E+00  1.9411402E-20  0.0000000E+00  0.0000000E+00
   na23     23   6.9814560E-06  1.5990865E-05  9.0094090E-06  1.1924581E-05  6.7189276E-06  2.4914318E-01
   na24     24   0.0000000E+00  0.0000000E+00  0.0000000E+00  0.0000000E+00  0.0000000E+00  0.0000000E+00
   mg23     23   0.0000000E+00  0.0000000E+00  0.0000000E+00  0.0000000E+00  0.0000000E+00  0.0000000E+00
   mg24     24   5.0342351E-07  1.5926121E-04  1.5875779E-04  1.1876300E-04  1.1839645E-04  1.3424919E-03
   mg25     25   1.7984839E-06  2.2734386E-05  2.0935902E-05  1.6953305E-05  1.5613321E-05  3.5759062E-02
   mg26     26  -8.3531631E-08  2.3888892E-05  2.3972423E-05  1.7814235E-05  1.7877861E-05 -1.5483822E-03
   mg27     27   0.0000000E+00  0.0000000E+00  0.0000000E+00  0.0000000E+00  0.0000000E+00  0.0000000E+00
   al25     25   0.0000000E+00  0.0000000E+00  0.0000000E+00  0.0000000E+00  0.0000000E+00  0.0000000E+00
   al-6     26   5.9277777E-08  5.9277777E-08  0.0000000E+00  4.4204153E-08  0.0000000E+00  0.0000000E+00
   al*6     26   0.0000000E+00  0.0000000E+00  0.0000000E+00  0.0000000E+00  0.0000000E+00  0.0000000E+00
   al27     27   2.0554362E-06  1.7342398E-05  1.5286962E-05  1.2932434E-05  1.1400523E-05  5.4755501E-02
   al28     28   0.0000000E+00  0.0000000E+00  0.0000000E+00  0.0000000E+00  0.0000000E+00  0.0000000E+00
   si27     27   0.0000000E+00  0.0000000E+00  0.0000000E+00  0.0000000E+00  0.0000000E+00  0.0000000E+00
   si28     28   9.9753379E-08  1.7588623E-04  1.7578648E-04  1.3116049E-04  1.3109591E-04  2.1392072E-04
   si29     29   4.9734808E-08  9.2948912E-06  9.2451564E-06  6.9313123E-06  6.8947397E-06  2.2976075E-03
   si30     30   1.0605254E-07  6.4104756E-06  6.3044231E-06  4.7803687E-06  4.7016356E-06  7.2124409E-03
    p31     31   1.4547936E-08  1.7697176E-06  1.7551697E-06  1.3196998E-06  1.3089490E-06  3.5524142E-03
    p32     32   0.0000000E+00  0.0000000E+00  0.0000000E+00  0.0000000E+00  0.0000000E+00  0.0000000E+00
    p33     33   0.0000000E+00  0.0000000E+00  0.0000000E+00  0.0000000E+00  0.0000000E+00  0.0000000E+00
    s32     32  -1.2593955E-07  8.4112376E-05  8.4238316E-05  6.2723615E-05  6.2822226E-05 -6.8226852E-04
    s33     33   3.5583128E-08  7.3106082E-07  6.9547769E-07  5.4516084E-07  5.1866482E-07  2.1637838E-02
    s34     34   1.7857019E-08  4.0625700E-06  4.0447130E-06  3.0295073E-06  3.0164167E-06  1.8806795E-03
    s35     35   0.0000000E+00  0.0000000E+00  0.0000000E+00  0.0000000E+00  0.0000000E+00  0.0000000E+00
    s36     36   1.8374919E-09  2.1803052E-08  1.9965560E-08  1.6258799E-08  1.4889672E-08  3.8203299E-02
   cl35     35  -3.6663437E-09  8.6046452E-07  8.6413087E-07  6.4165874E-07  6.4444100E-07 -1.8790576E-03
   cl36     36   1.0573241E-09  1.0573241E-09  0.0000000E+00  7.8845935E-10  0.0000000E+00  0.0000000E+00
   cl37     37   5.5973686E-08  3.4793521E-07  2.9196153E-07  2.5945948E-07  2.1773552E-07  7.6140255E-02
   ar36     36  -6.8323061E-08  1.6023063E-05  1.6091386E-05  1.1948591E-05  1.2000438E-05 -1.8803574E-03
   ar37     37   0.0000000E+00  0.0000000E+00  0.0000000E+00  0.0000000E+00  0.0000000E+00  0.0000000E+00
   ar38     38   2.1783990E-08  3.1100853E-06  3.0883014E-06  2.3192281E-06  2.3031557E-06  3.0201003E-03
   ar39     39   3.4801038E-12  3.4801038E-12  0.0000000E+00  2.5951552E-12  0.0000000E+00  0.0000000E+00
   ar40     40   3.8927483E-10  5.5886296E-09  5.1993547E-09  4.1675086E-09  3.8775112E-09  3.1323425E-02
    k39     39   8.8203933E-10  8.3864444E-07  8.3776240E-07  6.2538726E-07  6.2477625E-07  4.2452940E-04
    k40     40   2.7211997E-09  2.8568174E-09  1.3561784E-10  2.1303632E-09  1.0113942E-10  1.3235333E+00
    k41     41   1.0178617E-08  7.3736835E-08  6.3558218E-08  5.4986447E-08  4.7399677E-08  6.4480297E-02
   ca40     40  -4.1673957E-08  1.4463013E-05  1.4504687E-05  1.0785243E-05  1.0817129E-05 -1.2820811E-03
   ca41     41   1.6938754E-09  1.6938754E-09  0.0000000E+00  1.2631433E-09  0.0000000E+00  0.0000000E+00
   ca42     42   3.1325769E-09  1.0478290E-07  1.0165032E-07  7.8137866E-08  7.5807542E-08  1.3149090E-02
   ca43     43   3.9821479E-10  2.2112689E-08  2.1714474E-08  1.6489698E-08  1.6193955E-08  7.8598037E-03
   ca44     44  -5.3782401E-10  3.4280129E-07  3.4333911E-07  2.5563105E-07  2.5605127E-07 -7.1330386E-04
   ca45     45   0.0000000E+00  0.0000000E+00  0.0000000E+00  0.0000000E+00  0.0000000E+00  0.0000000E+00
   ca46     46   4.0344106E-10  1.0917385E-09  6.8829742E-10  8.1412255E-10  5.1331006E-10  2.0031001E-01
   ca47     47   0.0000000E+00  0.0000000E+00  0.0000000E+00  0.0000000E+00  0.0000000E+00  0.0000000E+00
   ca48     48  -1.4725998E-11  3.3562092E-08  3.3576818E-08  2.5027656E-08  2.5040510E-08 -2.2296130E-04
   sc45     45   7.6024786E-10  1.0446770E-08  9.6865218E-09  7.7902822E-09  7.2238957E-09  3.2781757E-02
   sc46     46   0.0000000E+00  0.0000000E+00  0.0000000E+00  0.0000000E+00  0.0000000E+00  0.0000000E+00
   sc47     47   0.0000000E+00  0.0000000E+00  0.0000000E+00  0.0000000E+00  0.0000000E+00  0.0000000E+00
   sc48     48  -2.6680901E-33  6.1066713E-30  6.1093394E-30  4.5538185E-30  4.5561488E-30  0.0000000E+00
   ti46     46  -2.7168312E-10  5.8907808E-08  5.9179492E-08  4.3928264E-08  4.4134158E-08 -2.0308357E-03
   ti47     47  -7.5877438E-10  5.3770783E-08  5.4529558E-08  4.0097522E-08  4.0666389E-08 -6.1180703E-03
   ti48     48  -6.2790377E-09  5.4552123E-07  5.5180027E-07  4.0680175E-07  4.1151486E-07 -5.0026919E-03
   ti49     49   6.2194765E-09  4.7557382E-08  4.1337906E-08  3.5464112E-08  3.0828478E-08  6.0837008E-02
   ti50     50   1.7182487E-09  4.2107079E-08  4.0388830E-08  3.1399754E-08  3.0120688E-08  1.8061323E-02
    v51     51  -1.4516885E-09  8.7558263E-08  8.9009951E-08  6.5293250E-08  6.6380750E-08 -7.1738390E-03
   cr52     52  -1.0973054E-08  3.6378110E-06  3.6487841E-06  2.7127594E-06  2.7211454E-06 -1.3405008E-03
   cr53     53  -1.6022739E-09  4.2009512E-07  4.2169739E-07  3.1326999E-07  3.1448832E-07 -1.6857259E-03
   cr54     54   1.3397425E-08  1.2034751E-07  1.0695008E-07  8.9744589E-08  7.9759928E-08  5.1223528E-02
   mn55     55   1.3625709E-07  3.3228339E-06  3.1865768E-06  2.4778772E-06  2.3764464E-06  1.8151749E-02
   fe54     54  -2.8493378E-07  2.0711197E-05  2.0996131E-05  1.5444590E-05  1.5658239E-05 -5.9665632E-03
   fe55     55   8.2571827E-26  8.2571827E-26  0.0000000E+00  6.1574803E-26  0.0000000E+00  0.0000000E+00
   fe56     56  -1.3108947E-06  3.4048571E-04  3.4179661E-04  2.5390429E-04  2.5490089E-04 -1.7013182E-03
   fe57     57   9.2845676E-07  8.9630239E-06  8.0345671E-06  6.6838347E-06  5.9919212E-06  4.7459632E-02
   fe58     58   5.0508777E-07  1.5931045E-06  1.0880167E-06  1.1879972E-06  8.1140786E-07  1.6557619E-01
   fe59     59   0.0000000E+00  0.0000000E+00  0.0000000E+00  0.0000000E+00  0.0000000E+00  0.0000000E+00
   fe60     60   9.7856512E-10  9.7856512E-10  0.0000000E+00  7.2972778E-10  0.0000000E+00  0.0000000E+00
   co59     59   1.2053590E-07  9.5962037E-07  8.3908446E-07  7.1560044E-07  6.2576214E-07  5.8261286E-02
   co60     60   1.9719973E-15  1.9719973E-15  0.0000000E+00  1.4705422E-15  0.0000000E+00  0.0000000E+00
   ni58     58  -1.6195827E-07  1.1843679E-05  1.2005637E-05  8.8319739E-06  8.9534178E-06 -5.9310561E-03
   ni59     59   1.2690512E-08  1.2690512E-08  0.0000000E+00  9.4634673E-09  0.0000000E+00  0.0000000E+00
   ni60     60   1.2602868E-08  4.7966719E-06  4.7840690E-06  3.5769360E-06  3.5678047E-06  1.1101235E-03
   ni61     61   4.1994753E-08  2.5342536E-07  2.1143060E-07  1.8898234E-07  1.5767813E-07  7.8649759E-02
   ni62     62   2.7904719E-08  7.1306351E-07  6.8515880E-07  5.3174006E-07  5.1096936E-07  1.7304493E-02
   ni63     63   1.9899720E-12  1.9899720E-12  0.0000000E+00  1.4839461E-12  0.0000000E+00  0.0000000E+00
   ni64     64   1.0459885E-08  1.9058318E-07  1.8012329E-07  1.4212017E-07  1.3433015E-07  2.4482230E-02
   cu63     63   7.4993807E-09  1.5616683E-07  1.4866745E-07  1.1645549E-07  1.1087139E-07  2.1340428E-02
   cu64     64   0.0000000E+00  0.0000000E+00  0.0000000E+00  0.0000000E+00  0.0000000E+00  0.0000000E+00
   cu65     65   4.9802367E-09  7.3346122E-08  6.8365885E-08  5.4695086E-08  5.0985079E-08  3.0505175E-02
   zn64     64  -2.3069902E-09  2.5240573E-07  2.5471272E-07  1.8822199E-07  1.8995654E-07 -3.9838958E-03
   zn65     65   4.3107186E-38  4.3107186E-38  0.0000000E+00  3.2145549E-38  0.0000000E+00  0.0000000E+00
   zn66     66   2.0659598E-09  1.5276325E-07  1.5069729E-07  1.1391739E-07  1.1238519E-07  5.8810017E-03
   zn67     67   7.4656548E-10  2.3227225E-08  2.2480659E-08  1.7320820E-08  1.6765350E-08  1.4155796E-02
   zn68     68   2.6439437E-09  1.0698717E-07  1.0434322E-07  7.9781621E-08  7.7815812E-08  1.0834961E-02
   zn69     69   0.0000000E+00  0.0000000E+00  0.0000000E+00  0.0000000E+00  0.0000000E+00  0.0000000E+00
   zn70     70  -2.3234081E-11  3.5285748E-09  3.5518088E-09  2.6313007E-09  2.6488247E-09 -2.8827335E-03
   ga69     69   5.5314775E-10  1.0119331E-08  9.5661834E-09  7.5461069E-09  7.1341515E-09  2.4380581E-02
   ga70     70   0.0000000E+00  0.0000000E+00  0.0000000E+00  0.0000000E+00  0.0000000E+00  0.0000000E+00
   ga71     71   3.9401682E-10  6.9268142E-09  6.5327974E-09  5.1654090E-09  4.8719500E-09  2.5401903E-02
   ge70     70   7.6902751E-10  1.1409250E-08  1.0640222E-08  8.5080147E-09  7.9351352E-09  3.0273896E-02
   ge71     71   0.0000000E+00  0.0000000E+00  0.0000000E+00  0.0000000E+00  0.0000000E+00  0.0000000E+00
   ge72     72   4.4100723E-10  1.4903753E-08  1.4462746E-08  1.1113908E-08  1.0785850E-08  1.3012398E-02
   ge73     73   1.1985435E-10  4.2357686E-09  4.1159143E-09  3.1586638E-09  3.0695164E-09  1.2433405E-02
   ge74     74   4.3169734E-10  2.0013610E-08  1.9581913E-08  1.4924391E-08  1.4603560E-08  9.4378581E-03
   as75     75  -4.9427129E-12  2.8659333E-09  2.8708760E-09  2.1371609E-09  2.1410067E-09 -7.8082696E-04
   se76     76   2.6069324E-10  3.2495362E-09  2.9888430E-09  2.4232183E-09  2.2289830E-09  3.6285844E-02
   se77     77   4.6361803E-11  2.5122606E-09  2.4658988E-09  1.8734230E-09  1.8389880E-09  8.0569293E-03
   se78     78   4.3015902E-10  8.2119582E-09  7.7817992E-09  6.1237562E-09  5.8034155E-09  2.3334235E-02
   se79     79   6.1771484E-11  6.1771484E-11  0.0000000E+00  4.6063740E-11  0.0000000E+00  0.0000000E+00
   se80     80   1.5202595E-10  1.6809784E-08  1.6657758E-08  1.2535258E-08  1.2422819E-08  3.9131022E-03
   br79     79  -2.8000491E-11  2.6358389E-09  2.6638394E-09  1.9655768E-09  1.9866055E-09 -4.6216194E-03
   br80     80   0.0000000E+00  0.0000000E+00  0.0000000E+00  0.0000000E+00  0.0000000E+00  0.0000000E+00
   br81     81   1.7348567E-11  2.6743388E-09  2.6569902E-09  1.9942865E-09  1.9814979E-09  2.7939780E-03
   kr80     80   1.8360313E-12  6.3666550E-10  6.3482947E-10  4.7476911E-10  4.7343540E-10  1.2217027E-03
   kr81     81   4.3891982E-12  4.3891982E-12  0.0000000E+00  3.2730780E-12  0.0000000E+00  0.0000000E+00
   kr82     82   2.9664049E-10  3.5570686E-09  3.2604281E-09  2.6525488E-09  2.4315223E-09  3.7785113E-02
   kr83     83   6.9411143E-13  3.2701670E-09  3.2694729E-09  2.4386029E-09  2.4382678E-09  5.9688940E-05
   kr84     84   1.9166357E-10  1.6498563E-08  1.6306899E-08  1.2303177E-08  1.2161159E-08  5.0422973E-03
   kr-5     85   9.6033776E-20  9.6033776E-20  0.0000000E+00  7.1613543E-20  0.0000000E+00  0.0000000E+00
   kr*5     85   0.0000000E+00  0.0000000E+00  0.0000000E+00  0.0000000E+00  0.0000000E+00  0.0000000E+00
   kr86     86   2.1510793E-11  5.0703477E-09  5.0488369E-09  3.7810195E-09  3.7652601E-09  1.8139194E-03
   rb85     85   3.6781689E-11  2.6834286E-09  2.6466469E-09  2.0010651E-09  1.9737840E-09  5.9615918E-03
   rb86     86   0.0000000E+00  0.0000000E+00  0.0000000E+00  0.0000000E+00  0.0000000E+00  0.0000000E+00
   rb87     87  -4.1597836E-12  1.1106484E-09  1.1148081E-09  8.2822382E-10  8.3138801E-10 -1.6560502E-03
   sr86     86   1.6081880E-10  1.3958373E-09  1.2350185E-09  1.0408927E-09  9.2103702E-10  5.3128839E-02
   sr87     87   7.6400053E-11  9.4952612E-10  8.7312607E-10  7.0807304E-10  6.5114930E-10  3.6397453E-02
   sr88     88   1.4054535E-10  1.0728860E-08  1.0588315E-08  8.0006402E-09  7.8964248E-09  5.6942292E-03
   sr89     89   0.0000000E+00  0.0000000E+00  0.0000000E+00  0.0000000E+00  0.0000000E+00  0.0000000E+00
   sr90     90   1.2538974E-18  1.2538974E-18  0.0000000E+00  9.3504641E-19  0.0000000E+00  0.0000000E+00
    y89     89   2.2495561E-11  2.5480993E-09  2.5256037E-09  1.9001483E-09  1.8835140E-09  3.8186349E-03
    y90     90   3.1710101E-22  3.1710101E-22  0.0000000E+00  2.3646604E-22  0.0000000E+00  0.0000000E+00
    y91     91   0.0000000E+00  0.0000000E+00  0.0000000E+00  0.0000000E+00  0.0000000E+00  0.0000000E+00
   zr90     90   6.0966787E-12  3.0162322E-09  3.0101355E-09  2.2492406E-09  2.2448623E-09  8.4621570E-04
   zr91     91   4.4474979E-12  6.6816896E-10  6.6372147E-10  4.9826165E-10  4.9498206E-10  2.8679937E-03
   zr92     92   5.0371929E-12  1.0307049E-09  1.0256677E-09  7.6860901E-10  7.6490991E-10  2.0951703E-03
   zr93     93   9.5684623E-12  9.5684623E-12  0.0000000E+00  7.1353175E-12  0.0000000E+00  0.0000000E+00
   zr94     94  -2.8178571E-12  1.0592128E-09  1.0620307E-09  7.8986778E-10  7.9202828E-10 -1.1863160E-03
   zr95     95   0.0000000E+00  0.0000000E+00  0.0000000E+00  0.0000000E+00  0.0000000E+00  0.0000000E+00
   zr96     96  -5.1819660E-13  1.7422028E-10  1.7473847E-10  1.2991816E-10  1.3031433E-10 -1.3223250E-03
   nb93     93  -1.5488860E-11  4.4312640E-10  4.5861526E-10  3.3044470E-10  3.4202050E-10 -1.4953305E-02
   nb94     94   3.1405512E-14  3.1405512E-14  0.0000000E+00  2.3419468E-14  0.0000000E+00  0.0000000E+00
   nb95     95   0.0000000E+00  0.0000000E+00  0.0000000E+00  0.0000000E+00  0.0000000E+00  0.0000000E+00
   mo94     94  -7.6619266E-14  1.4365585E-10  1.4373247E-10  1.0712590E-10  1.0719105E-10 -2.6406537E-04
   mo95     95  -8.1254448E-13  2.5059727E-10  2.5140981E-10  1.8687339E-10  1.8749335E-10 -1.4384035E-03
   mo96     96   8.3255625E-12  2.7575589E-10  2.6743033E-10  2.0563448E-10  1.9944092E-10  1.3281670E-02
   mo97     97  -9.1704422E-14  1.5548801E-10  1.5557972E-10  1.1594928E-10  1.1602635E-10 -2.8856908E-04
   mo98     98   3.7993220E-12  4.0321030E-10  3.9941098E-10  3.0067879E-10  2.9786784E-10  4.0791533E-03
   tc99     99   9.9658476E-13  9.9658476E-13  0.0000000E+00  7.4316524E-13  0.0000000E+00  0.0000000E+00
   ru99     99  -4.1639053E-12  1.3529355E-10  1.3945746E-10  1.0089003E-10  1.0400289E-10 -1.3197164E-02
  ru100    100   3.9989539E-12  1.4309787E-10  1.3909891E-10  1.0670980E-10  1.0373549E-10  1.2276961E-02
  ru101    101  -5.9599270E-12  1.8426075E-10  1.9022067E-10  1.3740546E-10  1.4186044E-10 -1.3857311E-02
  ru102    102   3.0297986E-13  3.5556591E-10  3.5526293E-10  2.6514979E-10  2.6494365E-10  3.3778403E-04
  rh103    103  -6.9822897E-12  2.1989661E-10  2.2687890E-10  1.6397955E-10  1.6919897E-10 -1.3608036E-02
  pd104    104   5.1639040E-12  1.0444775E-10  9.9283845E-11  7.7887946E-11  7.4042696E-11  2.1988051E-02
  pd105    105  -6.1766703E-12  1.9474804E-10  2.0092471E-10  1.4522596E-10  1.4984318E-10 -1.3592784E-02
  pd106    106   1.4815926E-12  2.4973867E-10  2.4825708E-10  1.8623314E-10  1.8514214E-10  2.5516795E-03
  pd107    107   2.2574189E-12  2.2574189E-12  0.0000000E+00  1.6833844E-12  0.0000000E+00  0.0000000E+00
  pd108    108   3.6990688E-12  2.4858876E-10  2.4488969E-10  1.8537563E-10  1.8263085E-10  6.4784815E-03
  ag107    107  -6.9124567E-12  1.6174233E-10  1.6865478E-10  1.2061320E-10  1.2577731E-10 -1.8207472E-02
  ag108    108   0.0000000E+00  0.0000000E+00  0.0000000E+00  0.0000000E+00  0.0000000E+00  0.0000000E+00
  ag109    109  -2.8379937E-12  1.5677724E-10  1.5961524E-10  1.1691068E-10  1.1903591E-10 -7.8238314E-03
  cd108    108   1.5173167E-12  1.0974627E-11  9.4573099E-12  8.1839110E-12  7.0529567E-12  6.4589664E-02
  cd109    109   1.2797414E-38  1.2797414E-38  0.0000000E+00  0.0000000E+00  0.0000000E+00  0.0000000E+00
  cd110    110   7.3118317E-12  1.4249173E-10  1.3517990E-10  1.0625779E-10  1.0081281E-10  2.2845089E-02
  cd111    111  -1.7126023E-12  1.3808067E-10  1.3979327E-10  1.0296842E-10  1.0425332E-10 -5.3858818E-03
  cd112    112   3.8475889E-12  2.6975516E-10  2.6590757E-10  2.0115967E-10  1.9830529E-10  6.2065888E-03
  cd113    113  -1.3762602E-12  1.3448732E-10  1.3586358E-10  1.0028882E-10  1.0132269E-10 -4.4542085E-03
  cd114    114   5.8896221E-12  3.2814049E-10  3.2225086E-10  2.4469832E-10  2.4032434E-10  7.8331605E-03
  in115    115  -1.4531293E-12  1.2005702E-10  1.2151015E-10  8.9527968E-11  9.0618360E-11 -5.2574505E-03
  sn116    116   7.0732586E-12  3.8723830E-10  3.8016504E-10  2.8876826E-10  2.8351485E-10  7.9736263E-03
  sn117    117  -1.8526847E-12  2.0068369E-10  2.0253638E-10  1.4965225E-10  1.5104511E-10 -4.0234500E-03
  sn118    118   3.9899750E-12  6.2158323E-10  6.1759325E-10  4.6352211E-10  4.6058116E-10  2.7642960E-03
  sn119    119  -8.6733398E-13  2.2954071E-10  2.3040804E-10  1.7117127E-10  1.7183090E-10 -1.6704201E-03
  sn120    120   5.3187454E-12  8.8654123E-10  8.8122248E-10  6.6110445E-10  6.5718736E-10  2.5808613E-03
  sb121    121  -2.6123964E-12  1.3328461E-10  1.3589700E-10  9.9391932E-11  1.0134760E-10 -8.4623396E-03
  te122    122   1.7771479E-12  9.2110770E-11  9.0333623E-11  6.8688111E-11  6.7367910E-11  8.4285215E-03
  te123    123   6.9441328E-13  3.2481441E-11  3.1787028E-11  2.4221802E-11  2.3705742E-11  9.3528945E-03
  te124    124   2.4003854E-12  1.7307074E-10  1.7067035E-10  1.2906093E-10  1.2728045E-10  6.0330788E-03
  te125    125  -7.3357709E-12  2.4928121E-10  2.5661698E-10  1.8589200E-10  1.9137668E-10 -1.2628300E-02
  te126    126  -2.7810532E-12  6.8651879E-10  6.8929984E-10  5.1194532E-10  5.1405763E-10 -1.7882553E-03
   i127    127  -3.2301328E-11  8.3217705E-10  8.6447838E-10  6.2056443E-10  6.4470013E-10 -1.6570874E-02
   i128    128   0.0000000E+00  0.0000000E+00  0.0000000E+00  0.0000000E+00  0.0000000E+00  0.0000000E+00
   i129    129   1.0738221E-15  1.0738221E-15  0.0000000E+00  8.0076208E-16  0.0000000E+00  0.0000000E+00
  xe128    128   1.0591021E-11  1.0396337E-10  9.3372345E-11  7.7526735E-11  6.9634090E-11  4.6629589E-02
  xe129    129  -4.2886139E-11  1.1292872E-09  1.1721734E-09  8.4212309E-10  8.7416918E-10 -1.6219877E-02
  xe130    130   3.2883904E-11  2.2254298E-10  1.8965908E-10  1.6595299E-10  1.4144164E-10  6.9407806E-02
  xe131    131  -2.2646107E-11  9.2477614E-10  9.4742225E-10  6.8961670E-10  7.0655709E-10 -1.0539489E-02
  xe132    132   2.7868152E-11  1.1946996E-09  1.1668314E-09  8.9090185E-10  8.7018531E-10  1.0218116E-02
  xe133    133   0.0000000E+00  0.0000000E+00  0.0000000E+00  0.0000000E+00  0.0000000E+00  0.0000000E+00
  xe134    134  -3.0280500E-12  4.3433143E-10  4.3735948E-10  3.2388617E-10  3.2616862E-10 -3.0497997E-03
  cs133    133  -2.8630709E-12  3.0390351E-10  3.0676658E-10  2.2662451E-10  2.2877664E-10 -4.1048168E-03
  cs134    134   8.6720988E-35  8.6720988E-35  0.0000000E+00  6.4668886E-35  0.0000000E+00  0.0000000E+00
  cs135    135   4.5315700E-12  4.5315700E-12  0.0000000E+00  3.3792463E-12  0.0000000E+00  0.0000000E+00
  cs136    136   0.0000000E+00  0.0000000E+00  0.0000000E+00  0.0000000E+00  0.0000000E+00  0.0000000E+00
  cs137    137   2.0222531E-18  2.0222531E-18  0.0000000E+00  1.5080185E-18  0.0000000E+00  0.0000000E+00
  ba134    134   1.7250951E-11  1.1129527E-10  9.4044321E-11  8.2994223E-11  7.0135231E-11  7.3111631E-02
  ba135    135  -3.6157188E-12  2.5479208E-10  2.5840780E-10  1.9000151E-10  1.9271221E-10 -6.1521744E-03
  ba136    136   2.2949614E-11  3.3310904E-10  3.1015943E-10  2.4840341E-10  2.3130689E-10  3.0968994E-02
  ba137    137   3.7984615E-12  4.5061890E-10  4.4682044E-10  3.3603195E-10  3.3322431E-10  3.6439109E-03
  ba138    138   1.3857138E-11  2.8869136E-09  2.8730565E-09  2.1528062E-09  2.1426330E-09  2.0571447E-03
  la139    139  -4.2327253E-14  3.9403317E-10  3.9407549E-10  2.9383529E-10  2.9388883E-10 -7.9140620E-05
  ce140    140   1.7070789E-12  9.0489261E-10  9.0318553E-10  6.7478934E-10  6.7356665E-10  7.8766834E-04
  ce141    141   0.0000000E+00  0.0000000E+00  0.0000000E+00  0.0000000E+00  0.0000000E+00  0.0000000E+00
  ce142    142  -1.1183346E-12  1.1399340E-10  1.1511173E-10  8.5006252E-11  8.5846621E-11 -4.2723538E-03
  pr141    141  -1.9564489E-12  1.5370311E-10  1.5565955E-10  1.1461826E-10  1.1608588E-10 -5.5255978E-03
  nd142    142   2.5111857E-12  2.1015327E-10  2.0764208E-10  1.5671382E-10  1.5485278E-10  5.1882733E-03
  nd143    143  -1.7355423E-12  9.1227852E-11  9.2963394E-11  6.8029707E-11  6.9329098E-11 -8.2169324E-03
  nd144    144   6.5614181E-14  1.8482113E-10  1.8475552E-10  1.3782334E-10  1.3778473E-10  1.2164701E-04
  nd145    145  -1.3616955E-12  6.7343159E-11  6.8704854E-11  5.0218604E-11  5.1237868E-11 -8.7264255E-03
  nd146    146   1.6697616E-12  1.3689884E-10  1.3522908E-10  1.0208712E-10  1.0084949E-10  5.2972245E-03
  nd147    147   0.0000000E+00  0.0000000E+00  0.0000000E+00  0.0000000E+00  0.0000000E+00  0.0000000E+00
  nd148    148  -1.1015182E-12  4.4639955E-11  4.5741473E-11  3.3288552E-11  3.4112515E-11 -1.0618824E-02
  pm147    147   2.9493894E-31  2.9493894E-31  0.0000000E+00  2.1993951E-31  0.0000000E+00  0.0000000E+00
  pm148    148   0.0000000E+00  0.0000000E+00  0.0000000E+00  0.0000000E+00  0.0000000E+00  0.0000000E+00
  sm147    147  -7.3033593E-13  3.6089035E-11  3.6819370E-11  2.6912028E-11  2.7458699E-11 -8.7335305E-03
  sm148    148   9.9810091E-13  2.8794229E-11  2.7796128E-11  2.1472204E-11  2.0729458E-11  1.5288644E-02
  sm149    149  -1.1169503E-12  3.3290492E-11  3.4407442E-11  2.4825121E-11  2.5659962E-11 -1.4364665E-02
  sm150    150   9.7883507E-13  1.9476015E-11  1.8497179E-11  1.4523499E-11  1.3794600E-11  2.2362178E-02
  sm151    151   3.2144258E-17  3.2144258E-17  0.0000000E+00  2.3970361E-17  0.0000000E+00  0.0000000E+00
  sm152    152  -1.2943605E-12  6.6647049E-11  6.7941409E-11  4.9699508E-11  5.0668515E-11 -8.3860904E-03
  eu151    151  -1.6731824E-12  4.3144929E-11  4.4818111E-11  3.2173694E-11  3.3423906E-11 -1.6556296E-02
  eu152    152   9.4033261E-24  9.4033261E-24  0.0000000E+00  7.0121735E-24  0.0000000E+00  0.0000000E+00
  eu153    153  -1.8033457E-12  4.7768799E-11  4.9572145E-11  3.5621769E-11  3.6969310E-11 -1.6125865E-02
  eu154    154   1.1022050E-24  1.1022050E-24  0.0000000E+00  8.2192759E-25  0.0000000E+00  0.0000000E+00
  eu155    155   1.8585524E-27  1.8585524E-27  0.0000000E+00  1.3859449E-27  0.0000000E+00  0.0000000E+00
  gd152    152  -2.3150590E-14  6.3123589E-13  6.5438648E-13  4.7072020E-13  4.8802032E-13 -1.5675085E-02
  gd153    153   0.0000000E+00  0.0000000E+00  0.0000000E+00  0.0000000E+00  0.0000000E+00  0.0000000E+00
  gd154    154   5.2976070E-13  7.7564838E-12  7.2267231E-12  5.7841032E-12  5.3894575E-12  3.0690985E-02
  gd155    155  -1.7805410E-12  4.7599969E-11  4.9380510E-11  3.5495870E-11  3.6826396E-11 -1.5981382E-02
  gd156    156  -1.2991969E-12  6.7438673E-11  6.8737870E-11  5.0289831E-11  5.1262487E-11 -8.3194589E-03
  gd157    157  -1.4366806E-12  5.1452387E-11  5.2889068E-11  3.8368666E-11  3.9442966E-11 -1.1992876E-02
  gd158    158   3.4607733E-13  8.4828804E-11  8.4482726E-11  6.3257857E-11  6.3004497E-11  1.7429207E-03
  gd159    159   0.0000000E+00  0.0000000E+00  0.0000000E+00  0.0000000E+00  0.0000000E+00  0.0000000E+00
  gd160    160  -2.3980470E-12  7.2890749E-11  7.5288796E-11  5.4355510E-11  5.6147954E-11 -1.4090364E-02
  tb159    159  -1.8603522E-12  6.1871806E-11  6.3732158E-11  4.6138551E-11  4.7529390E-11 -1.2898292E-02
  tb160    160   0.0000000E+00  0.0000000E+00  0.0000000E+00  0.0000000E+00  0.0000000E+00  0.0000000E+00
  tb161    161   0.0000000E+00  0.0000000E+00  0.0000000E+00  0.0000000E+00  0.0000000E+00  0.0000000E+00
  dy160    160   1.1380176E-12  1.0781779E-11  9.6437615E-12  8.0401024E-12  7.1920070E-12  4.8411530E-02
  dy161    161  -2.5940500E-12  7.6109841E-11  7.8703891E-11  5.6756023E-11  5.8694827E-11 -1.4587872E-02
  dy162    162  -6.3506145E-13  1.0617021E-10  1.0680527E-10  7.9172405E-11  7.9651931E-11 -2.6224623E-03
  dy163    163  -2.7453526E-12  1.0227575E-10  1.0502110E-10  7.6268256E-11  7.8321356E-11 -1.1536369E-02
  dy164    164   3.6335518E-12  1.2357473E-10  1.1994118E-10  9.2151169E-11  8.9448268E-11  1.2928884E-02
  ho165    165  -2.3553798E-12  9.1064940E-11  9.3420320E-11  6.7908221E-11  6.9669867E-11 -1.1122619E-02
  er166    166   7.4315554E-14  8.8821298E-11  8.8746982E-11  6.6235115E-11  6.6184641E-11  3.3105887E-04
  er167    167  -1.0341034E-12  5.9908113E-11  6.0942217E-11  4.4674202E-11  4.5448742E-11 -7.4650832E-03
  er168    168   2.9519512E-12  7.5274370E-11  7.2322419E-11  5.6133004E-11  5.3935734E-11  1.7341705E-02
  er169    169   0.0000000E+00  0.0000000E+00  0.0000000E+00  0.0000000E+00  0.0000000E+00  0.0000000E+00
  er170    170  -5.7097035E-13  3.9875703E-11  4.0446674E-11  2.9735794E-11  3.0163826E-11 -6.2068938E-03
  tm169    169  -3.6017717E-13  4.2380634E-11  4.2740811E-11  3.1603747E-11  3.1874718E-11 -3.7077686E-03
  tm170    170   0.0000000E+00  0.0000000E+00  0.0000000E+00  0.0000000E+00  0.0000000E+00  0.0000000E+00
  tm171    171   4.0913715E-34  4.0913715E-34  0.0000000E+00  3.0509850E-34  0.0000000E+00  0.0000000E+00
  yb170    170   1.6620056E-12  9.7457788E-12  8.0837732E-12  7.2675446E-12  6.0286177E-12  8.1170008E-02
  yb171    171   6.8004630E-13  3.9127292E-11  3.8447245E-11  2.9177692E-11  2.8672717E-11  7.5820591E-03
  yb172    172   3.2654851E-12  6.2798960E-11  5.9533475E-11  4.6829943E-11  4.4398148E-11  2.3158748E-02
  yb173    173   5.8896638E-13  4.5034500E-11  4.4445534E-11  3.3582769E-11  3.3146048E-11  5.6847762E-03
  yb174    174   5.5113969E-12  9.4443148E-11  8.8931751E-11  7.0427393E-11  6.6322434E-11  2.6081143E-02
  lu175    175  -5.3354890E-13  3.9605683E-11  4.0139232E-11  2.9534434E-11  2.9934548E-11 -5.8440729E-03
  lu176    176   8.1102746E-13  1.9826612E-12  1.1716338E-12  1.4784943E-12  8.7376677E-13  2.2842413E-01
  lu177    177   0.0000000E+00  0.0000000E+00  0.0000000E+00  0.0000000E+00  0.0000000E+00  0.0000000E+00
  hf176    176  -3.5536157E-13  8.6598576E-12  9.0152191E-12  6.4577601E-12  6.7232595E-12 -1.7497968E-02
  hf177    177  -4.5259976E-13  3.1950397E-11  3.2402997E-11  2.3825796E-11  2.4165113E-11 -6.1414358E-03
  hf178    178   2.0523028E-12  4.9857864E-11  4.7805562E-11  3.7179610E-11  3.5651850E-11  1.8222747E-02
  hf179    179   3.5454105E-13  2.4358005E-11  2.4003464E-11  1.8164057E-11  1.7901011E-11  6.3352864E-03
  hf180    180   3.6088701E-12  6.5771361E-11  6.2162490E-11  4.9046496E-11  4.6358781E-11  2.4475966E-02
  hf181    181   0.0000000E+00  0.0000000E+00  0.0000000E+00  0.0000000E+00  0.0000000E+00  0.0000000E+00
  hf182    182   5.0445905E-13  5.0445905E-13  0.0000000E+00  3.7618118E-13  0.0000000E+00  0.0000000E+00
  ta181    181   2.6477952E-13  2.6602722E-11  2.6337942E-11  1.9837970E-11  1.9641989E-11  4.3117329E-03
  ta182    182   5.4123974E-21  5.4123974E-21  0.0000000E+00  4.0360901E-21  0.0000000E+00  0.0000000E+00
  ta183    183   0.0000000E+00  0.0000000E+00  0.0000000E+00  0.0000000E+00  0.0000000E+00  0.0000000E+00
   w182    182   7.3981446E-13  4.2070736E-11  4.1330921E-11  3.1372654E-11  3.0823271E-11  7.6725069E-03
   w183    183   3.9299293E-13  2.2834410E-11  2.2441417E-11  1.7027895E-11  1.6736085E-11  7.5070611E-03
   w184    184   9.9995706E-13  4.9312648E-11  4.8312691E-11  3.6773036E-11  3.6030047E-11  8.8646784E-03
   w185    185   0.0000000E+00  0.0000000E+00  0.0000000E+00  0.0000000E+00  0.0000000E+00  0.0000000E+00
   w186    186  -7.4333248E-13  4.4572016E-11  4.5315349E-11  3.3237888E-11  3.3794727E-11 -7.2155539E-03
  re185    185  -4.0922994E-13  2.2622742E-11  2.3031972E-11  1.6870050E-11  1.7176502E-11 -7.8183236E-03
  re186    186   0.0000000E+00  0.0000000E+00  0.0000000E+00  0.0000000E+00  0.0000000E+00  0.0000000E+00
  re187    187  -2.1543670E-12  3.9847150E-11  4.2001517E-11  2.9714498E-11  3.1323378E-11 -2.2900183E-02
  os186    186   6.6247008E-13  1.3428081E-11  1.2765611E-11  1.0013481E-11  9.5201815E-12  2.1939866E-02
  os187    187   5.2953475E-13  1.0737557E-11  1.0208022E-11  8.0071253E-12  7.6128140E-12  2.1931352E-02
  os188    188  -1.5419818E-12  1.0614584E-10  1.0768782E-10  7.9154225E-11  8.0310106E-11 -6.2960773E-03
  os189    189  -4.9861781E-12  1.2700967E-10  1.3199584E-10  9.4712641E-11  9.8438258E-11 -1.6755961E-02
  os190    190  -3.9693249E-12  2.1182250E-10  2.1579183E-10  1.5795859E-10  1.6093059E-10 -8.0953632E-03
  os191    191   0.0000000E+00  0.0000000E+00  0.0000000E+00  0.0000000E+00  0.0000000E+00  0.0000000E+00
  os192    192  -1.1647600E-11  3.2702710E-10  3.3867470E-10  2.4386804E-10  2.5257268E-10 -1.5231503E-02
  ir191    191  -1.1135259E-11  2.7442731E-10  2.8556257E-10  2.0464375E-10  2.1296337E-10 -1.7306449E-02
  ir192    192   0.0000000E+00  0.0000000E+00  0.0000000E+00  0.0000000E+00  0.0000000E+00  0.0000000E+00
  ir193    193  -1.8255397E-11  4.6679083E-10  4.8504623E-10  3.4809153E-10  3.6173187E-10 -1.6693307E-02
  pt192    192   1.6738399E-12  1.3681430E-11  1.2007590E-11  1.0202407E-11  8.9548742E-12  5.6643184E-02
  pt193    193   6.0914333E-18  6.0914333E-18  0.0000000E+00  4.5424553E-18  0.0000000E+00  0.0000000E+00
  pt194    194  -8.9776520E-12  5.0251314E-10  5.1149079E-10  3.7473011E-10  3.8145337E-10 -7.7228714E-03
  pt195    195  -1.6411483E-11  5.1122306E-10  5.2763455E-10  3.8122519E-10  3.9349285E-10 -1.3755259E-02
  pt196    196   1.4769796E-11  4.1044368E-10  3.9567388E-10  3.0607281E-10  2.9508085E-10  1.5883762E-02
  au197    197   2.2898350E-13  2.3869451E-10  2.3846553E-10  1.7799737E-10  1.7783992E-10  3.8434006E-04
  hg198    198   2.6342765E-11  8.2360445E-11  5.6017680E-11  6.1417177E-11  4.1776180E-11  1.6736113E-01
  hg199    199   6.8168873E-12  1.0207963E-10  9.5262742E-11  7.6122011E-11  7.1043886E-11  2.9983601E-02
  hg200    200   1.6666168E-11  1.4776293E-10  1.3109676E-10  1.1018859E-10  9.7767745E-11  5.1941045E-02
  hg201    201   4.0688564E-12  7.9240350E-11  7.5171494E-11  5.9090483E-11  5.6060479E-11  2.2860710E-02
  hg202    202   8.5733087E-12  1.7972884E-10  1.7115553E-10  1.3402596E-10  1.2764229E-10  2.1194309E-02
  tl203    203   2.7845365E-12  7.0489288E-11  6.7704752E-11  5.2564710E-11  5.0492024E-11  1.7471472E-02
  tl204    204   2.9443396E-27  2.9443396E-27  0.0000000E+00  2.1956295E-27  0.0000000E+00  0.0000000E+00
  tl205    205  -9.1147923E-13  1.6230232E-10  1.6321380E-10  1.2103080E-10  1.2171961E-10 -2.4646460E-03
  pb204    204   1.4144866E-12  8.7111963E-11  8.5697477E-11  6.4960440E-11  6.3910419E-11  7.0773307E-03
  pb205    205   1.6391028E-12  1.6391028E-12  0.0000000E+00  1.2222987E-12  0.0000000E+00  0.0000000E+00
  pb206    206  -1.6542323E-14  8.0520063E-10  8.0521717E-10  6.0044780E-10  6.0050509E-10 -4.1445415E-05
  pb207    207   1.7607582E-12  8.9715069E-10  8.9538993E-10  6.6901606E-10  6.6775296E-10  8.2074106E-04
  pb208    208   4.4571014E-12  2.5797180E-09  2.5752609E-09  1.9237267E-09  1.9205468E-09  7.1851752E-04
  bi209    209   2.0872193E-14  1.7912523E-10  1.7910436E-10  1.3357584E-10  1.3357027E-10  1.8119799E-05
  bi210    210   0.0000000E+00  0.0000000E+00  0.0000000E+00  0.0000000E+00  0.0000000E+00  0.0000000E+00
  po210    210   2.7651153E-13  2.7651153E-13  0.0000000E+00  2.0619799E-13  0.0000000E+00  0.0000000E+00
