# Initial mass = 3.250, Z =  0.0028, Y =  0.250, M_mix = 5.00E-04
# Final mass = 0.802, Mass expelled =   2.4480
  species    A      yield       mass(i)_lost    mass(i)_0        <X(i)>           X0(i)   log10(<X(i)>/X0(i)) 
      n      1   0.0000000E+00  0.0000000E+00  0.0000000E+00  0.0000000E+00  0.0000000E+00  0.0000000E+00
      p      1  -8.1698060E-02  1.7472186E+00  1.8289167E+00  7.1373314E-01  7.4716753E-01 -1.9882130E-02
      d      2   1.5928124E-17  1.5928124E-17  0.0000000E+00  6.5065870E-18  0.0000000E+00  0.0000000E+00
    he3      3   2.3736563E-04  2.3736563E-04  0.0000000E+00  9.6963093E-05  0.0000000E+00  0.0000000E+00
    he4      4   5.9883416E-02  6.7180675E-01  6.1192334E-01  2.7443090E-01  2.4998912E-01  4.0511914E-02
    li7      7   1.6074333E-08  2.0529136E-08  4.4548023E-09  8.3860856E-09  1.8199209E-09  6.6350681E-01
    be7      7   2.3514869E-15  2.3514869E-15  0.0000000E+00  9.6057486E-16  0.0000000E+00  0.0000000E+00
     b8      8   1.7909437E-26  1.7909437E-26  0.0000000E+00  7.3159469E-27  0.0000000E+00  0.0000000E+00
    c12     12   1.8801466E-02  2.0027995E-02  1.2265294E-03  8.1813708E-03  5.0107419E-04  1.2129241E+00
    c13     13   1.0276488E-04  1.1762801E-04  1.4863129E-05  4.8050664E-05  6.0720358E-06  8.9836508E-01
    c14     14   3.0780782E-08  3.0780782E-08  0.0000000E+00  1.2573850E-08  0.0000000E+00  0.0000000E+00
    n13     13   0.0000000E+00  0.0000000E+00  0.0000000E+00  0.0000000E+00  0.0000000E+00  0.0000000E+00
    n14     14   6.8590685E-04  1.0485414E-03  3.6263457E-04  4.2832576E-04  1.4814714E-04  4.6108091E-01
    n15     15  -7.0435260E-07  1.8885967E-07  8.9321225E-07  7.7148563E-08  3.6490411E-07 -6.7485094E-01
    o14     14   0.0000000E+00  0.0000000E+00  0.0000000E+00  0.0000000E+00  0.0000000E+00  0.0000000E+00
    o15     15   0.0000000E+00  0.0000000E+00  0.0000000E+00  0.0000000E+00  0.0000000E+00  0.0000000E+00
    o16     16   2.7712807E-04  3.2388764E-03  2.9617483E-03  1.3230705E-03  1.2099633E-03  3.8810745E-02
    o17     17   1.3775584E-05  1.4971145E-05  1.1955611E-06  6.1156643E-06  4.8842276E-07  1.0976478E+00
    o18     18  -2.7190117E-06  3.9449214E-06  6.6639332E-06  1.6114876E-06  2.7224175E-06 -2.2772776E-01
    o19     19   0.0000000E+00  0.0000000E+00  0.0000000E+00  0.0000000E+00  0.0000000E+00  0.0000000E+00
    f17     17   0.0000000E+00  0.0000000E+00  0.0000000E+00  0.0000000E+00  0.0000000E+00  0.0000000E+00
    f18     18   0.0000000E+00  0.0000000E+00  0.0000000E+00  0.0000000E+00  0.0000000E+00  0.0000000E+00
    f19     19   3.1355639E-06  3.3274671E-06  1.9190307E-07  1.3592595E-06  7.8398187E-08  1.2389964E+00
    f20     20   0.0000000E+00  0.0000000E+00  0.0000000E+00  0.0000000E+00  0.0000000E+00  0.0000000E+00
   ne19     19   0.0000000E+00  0.0000000E+00  0.0000000E+00  0.0000000E+00  0.0000000E+00  0.0000000E+00
   ne20     20   1.5824568E-05  6.2337145E-04  6.0754688E-04  2.5464522E-04  2.4820119E-04  1.1131627E-02
   ne21     21   2.1204344E-06  3.6496308E-06  1.5291964E-06  1.4908624E-06  6.2472282E-07  3.7775019E-01
   ne22     22   1.5223586E-03  1.5714993E-03  4.9140675E-05  6.4195239E-04  2.0075448E-05  1.5048376E+00
   ne23     23   0.0000000E+00  0.0000000E+00  0.0000000E+00  0.0000000E+00  0.0000000E+00  0.0000000E+00
   na21     21   0.0000000E+00  0.0000000E+00  0.0000000E+00  0.0000000E+00  0.0000000E+00  0.0000000E+00
   na22     22   3.7313315E-16  3.7313315E-16  0.0000000E+00  1.5242368E-16  0.0000000E+00  0.0000000E+00
   na23     23   1.6551232E-05  3.2997821E-05  1.6446589E-05  1.3479504E-05  6.7189276E-06  3.0237395E-01
   na24     24   0.0000000E+00  0.0000000E+00  0.0000000E+00  0.0000000E+00  0.0000000E+00  0.0000000E+00
   mg23     23   0.0000000E+00  0.0000000E+00  0.0000000E+00  0.0000000E+00  0.0000000E+00  0.0000000E+00
   mg24     24  -6.1341561E-06  2.8367667E-04  2.8981082E-04  1.1588100E-04  1.1839645E-04 -9.3264580E-03
   mg25     25   6.9152302E-05  1.0737059E-04  3.8218284E-05  4.3860538E-05  1.5613321E-05  4.4857866E-01
   mg26     26   4.7238551E-05  9.0999980E-05  4.3761429E-05  3.7173199E-05  1.7877861E-05  3.1791443E-01
   mg27     27   0.0000000E+00  0.0000000E+00  0.0000000E+00  0.0000000E+00  0.0000000E+00  0.0000000E+00
   al25     25   0.0000000E+00  0.0000000E+00  0.0000000E+00  0.0000000E+00  0.0000000E+00  0.0000000E+00
   al-6     26   2.9124227E-08  2.9124227E-08  0.0000000E+00  1.1897153E-08  0.0000000E+00  0.0000000E+00
   al*6     26   0.0000000E+00  0.0000000E+00  0.0000000E+00  0.0000000E+00  0.0000000E+00  0.0000000E+00
   al27     27   1.0903983E-05  3.8810183E-05  2.7906201E-05  1.5853835E-05  1.1400523E-05  1.4320955E-01
   al28     28   0.0000000E+00  0.0000000E+00  0.0000000E+00  0.0000000E+00  0.0000000E+00  0.0000000E+00
   si27     27   0.0000000E+00  0.0000000E+00  0.0000000E+00  0.0000000E+00  0.0000000E+00  0.0000000E+00
   si28     28   7.2485418E-06  3.2814505E-04  3.2089651E-04  1.3404619E-04  1.3109591E-04  9.6653588E-03
   si29     29   1.3422141E-06  1.8219156E-05  1.6876942E-05  7.4424665E-06  6.8947397E-06  3.3199035E-02
   si30     30   2.3470702E-06  1.3855733E-05  1.1508663E-05  5.6600225E-06  4.7016356E-06  8.0569163E-02
    p31     31   7.1745944E-07  3.9215047E-06  3.2040452E-06  1.6019220E-06  1.3089490E-06  8.7718636E-02
    p32     32  -2.1348900E-38 -2.1348900E-38  0.0000000E+00  0.0000000E+00  0.0000000E+00  0.0000000E+00
    p33     33   0.0000000E+00  0.0000000E+00  0.0000000E+00  0.0000000E+00  0.0000000E+00  0.0000000E+00
    s32     32  -1.7341954E-06  1.5204205E-04  1.5377624E-04  6.2108687E-05  6.2822226E-05 -4.9609803E-03
    s33     33   6.1587684E-08  1.3311754E-06  1.2695878E-06  5.4378086E-07  5.1866482E-07  2.0537104E-02
    s34     34   4.7046433E-07  7.8540488E-06  7.3835845E-06  3.2083535E-06  3.0164167E-06  2.6790865E-02
    s35     35   2.4471594E-31  2.4471594E-31  0.0000000E+00  9.9965674E-32  0.0000000E+00  0.0000000E+00
    s36     36   5.1238654E-08  8.7685592E-08  3.6446938E-08  3.5819280E-08  1.4889672E-08  3.8123173E-01
   cl35     35  -2.4047381E-08  1.5534151E-06  1.5774625E-06  6.3456508E-07  6.4444100E-07 -6.7070136E-03
   cl36     36   1.9355850E-09  1.9355850E-09  0.0000000E+00  7.9068024E-10  0.0000000E+00  0.0000000E+00
   cl37     37   1.9227451E-07  7.2524750E-07  5.3297299E-07  2.9626125E-07  2.1773552E-07  1.3374558E-01
   ar36     36  -6.3480729E-07  2.8739863E-05  2.9374671E-05  1.1740141E-05  1.2000438E-05 -9.5237512E-03
   ar37     37  -1.0887599E-34 -1.0887599E-34  0.0000000E+00 -4.4475489E-35  0.0000000E+00  0.0000000E+00
   ar38     38   2.5219833E-07  5.8898627E-06  5.6376643E-06  2.4059898E-06  2.3031557E-06  1.8970445E-02
   ar39     39   5.1991141E-11  5.1991141E-11  0.0000000E+00  2.1238213E-11  0.0000000E+00  0.0000000E+00
   ar40     40   4.7336872E-08  5.6828245E-08  9.4913721E-09  2.3214154E-08  3.8775112E-09  7.7719980E-01
    k39     39   3.9859174E-08  1.5691863E-06  1.5293272E-06  6.4100755E-07  6.2477625E-07  1.1138641E-02
    k40     40   4.2892179E-09  4.5367869E-09  2.4756908E-10  1.8532628E-09  1.0113942E-10  1.2630166E+00
    k41     41   1.4222678E-08  1.3024760E-07  1.1602492E-07  5.3205724E-08  4.7399677E-08  5.0182965E-02
   ca40     40  -4.4295666E-07  2.6035210E-05  2.6478167E-05  1.0635299E-05  1.0817129E-05 -7.3623103E-03
   ca41     41   2.5927411E-09  2.5927411E-09  0.0000000E+00  1.0591263E-09  0.0000000E+00  0.0000000E+00
   ca42     42   2.1810109E-08  2.0737181E-07  1.8556170E-07  8.4710713E-08  7.5807542E-08  4.8225921E-02
   ca43     43   6.2540728E-09  4.5893636E-08  3.9639563E-08  1.8747402E-08  1.6193955E-08  6.3588187E-02
   ca44     44   1.0704923E-08  6.3746717E-07  6.2676224E-07  2.6040328E-07  2.5605127E-07  7.3195612E-03
   ca45     45   4.4541458E-25  4.4541458E-25  0.0000000E+00  1.8195042E-25  0.0000000E+00  0.0000000E+00
   ca46     46   1.5107730E-08  1.6364211E-08  1.2564803E-09  6.6847274E-09  5.1331006E-10  1.1147040E+00
   ca47     47   0.0000000E+00  0.0000000E+00  0.0000000E+00  0.0000000E+00  0.0000000E+00  0.0000000E+00
   ca48     48   2.8464342E-11  6.1322623E-08  6.1294159E-08  2.5050094E-08  2.5040510E-08  1.6620789E-04
   sc45     45   8.3476408E-09  2.6030293E-08  1.7682652E-08  1.0633291E-08  7.2238957E-09  1.6789626E-01
   sc46     46  -1.1223816E-36 -1.1223816E-36  0.0000000E+00 -4.5848925E-37  0.0000000E+00  0.0000000E+00
   sc47     47   0.0000000E+00  0.0000000E+00  0.0000000E+00  0.0000000E+00  0.0000000E+00  0.0000000E+00
   sc48     48   5.1699182E-33  1.1157710E-29  1.1152540E-29  4.5578885E-30  4.5561488E-30  0.0000000E+00
   ti46     46  -1.1463896E-09  1.0688520E-07  1.0803159E-07  4.3662258E-08  4.4134158E-08 -4.6686623E-03
   ti47     47  -1.2040857E-09  9.8339093E-08  9.9543179E-08  4.0171201E-08  4.0666389E-08 -5.3207837E-03
   ti48     48  -2.9374178E-08  9.7793190E-07  1.0073061E-06  3.9948202E-07  4.1151486E-07 -1.2888266E-02
   ti49     49   1.2220944E-08  8.7682892E-08  7.5461948E-08  3.5818179E-08  3.0828478E-08  6.5151393E-02
   ti50     50   4.5298094E-08  1.1902752E-07  7.3729424E-08  4.8622358E-08  3.0120688E-08  2.0797113E-01
    v51     51  -2.3982523E-09  1.6008855E-07  1.6248680E-07  6.5395653E-08  6.6380750E-08 -6.4932592E-03
   cr52     52  -1.2384999E-07  6.5369700E-06  6.6608200E-06  2.6703310E-06  2.7211454E-06 -8.1866747E-03
   cr53     53  -1.0859992E-08  7.5894445E-07  7.6980444E-07  3.1002637E-07  3.1448832E-07 -6.2058959E-03
   cr54     54   9.5555308E-08  2.9079166E-07  1.9523635E-07  1.1878745E-07  7.9759928E-08  1.7298582E-01
   mn55     55  -8.0124664E-08  5.7369407E-06  5.8170654E-06  2.3435218E-06  2.3764464E-06 -6.0590305E-03
   fe54     54  -1.2842174E-06  3.7044018E-05  3.8328235E-05  1.5132361E-05  1.5658239E-05 -1.4836237E-02
   fe55     55  -1.7753992E-16 -1.7753992E-16  0.0000000E+00 -7.2524483E-17  0.0000000E+00  0.0000000E+00
   fe56     56  -1.4151330E-05  6.0979510E-04  6.2394643E-04  2.4909934E-04  2.5490089E-04 -9.9988068E-03
   fe57     57   1.9116715E-06  1.6578695E-05  1.4667024E-05  6.7723436E-06  5.9919212E-06  5.3172905E-02
   fe58     58   6.2153754E-06  8.2015395E-06  1.9861641E-06  3.3503024E-06  8.1140786E-07  6.1584485E-01
   fe59     59  -1.0223173E-35 -1.0223173E-35  0.0000000E+00 -4.1761331E-36  0.0000000E+00  0.0000000E+00
   fe60     60   1.9406066E-06  1.9406066E-06  0.0000000E+00  7.9273150E-07  0.0000000E+00  0.0000000E+00
   co59     59   2.1586700E-06  3.6904105E-06  1.5317405E-06  1.5075208E-06  6.2576214E-07  3.8185403E-01
   co60     60   3.9020280E-12  3.9020280E-12  0.0000000E+00  1.5939658E-12  0.0000000E+00  0.0000000E+00
   ni58     58  -7.4970558E-07  2.1166470E-05  2.1916176E-05  8.6464343E-06  8.9534178E-06 -1.5151804E-02
   ni59     59   3.0123570E-09  3.0123570E-09  0.0000000E+00  1.2305381E-09  0.0000000E+00  0.0000000E+00
   ni60     60   5.9028753E-07  9.3235594E-06  8.7332719E-06  3.8086439E-06  3.5678047E-06  2.8369289E-02
   ni61     61   5.4695317E-07  9.3291771E-07  3.8596451E-07  3.8109388E-07  1.5767813E-07  3.8326052E-01
   ni62     62   9.6004919E-07  2.2107999E-06  1.2507508E-06  9.0310465E-07  5.1096936E-07  2.4734321E-01
   ni63     63   8.4813295E-11  8.4813295E-11  0.0000000E+00  3.4645956E-11  0.0000000E+00  0.0000000E+00
   ni64     64   7.7317884E-07  1.1019922E-06  3.2881334E-07  4.5016026E-07  1.3433015E-07  5.2519369E-01
   cu63     63   5.1129427E-07  7.8268522E-07  2.7139097E-07  3.1972439E-07  1.1087139E-07  4.5995629E-01
   cu64     64   0.0000000E+00  0.0000000E+00  0.0000000E+00  0.0000000E+00  0.0000000E+00  0.0000000E+00
   cu65     65   1.2287100E-07  2.4767226E-07  1.2480126E-07  1.0117332E-07  5.0985079E-08  2.9762289E-01
   zn64     64  -1.3436193E-08  4.5153939E-07  4.6497559E-07  1.8445238E-07  1.8995654E-07 -1.2769993E-02
   zn65     65   5.9098230E-25  5.9098230E-25  0.0000000E+00  2.4141436E-25  0.0000000E+00  0.0000000E+00
   zn66     66   1.0957106E-07  3.8466752E-07  2.7509645E-07  1.5713543E-07  1.1238519E-07  1.4556505E-01
   zn67     67   2.4386676E-08  6.5424899E-08  4.1038223E-08  2.6725861E-08  1.6765350E-08  2.0251904E-01
   zn68     68   1.4619688E-07  3.3667442E-07  1.9047754E-07  1.3753041E-07  7.7815812E-08  2.4733086E-01
   zn69     69   0.0000000E+00  0.0000000E+00  0.0000000E+00  0.0000000E+00  0.0000000E+00  0.0000000E+00
   zn70     70   1.2388832E-09  7.7226758E-09  6.4837926E-09  3.1546881E-09  2.6488247E-09  7.5903192E-02
   ga69     69   2.0717669E-08  3.8180644E-08  1.7462975E-08  1.5596671E-08  7.1341515E-09  3.3968955E-01
   ga70     70   0.0000000E+00  0.0000000E+00  0.0000000E+00  0.0000000E+00  0.0000000E+00  0.0000000E+00
   ga71     71   1.7389262E-08  2.9314819E-08  1.1925558E-08  1.1975009E-08  4.8719500E-09  3.9057302E-01
   ge70     70   3.1106211E-08  5.0529831E-08  1.9423622E-08  2.0641272E-08  7.9351352E-09  4.1518214E-01
   ge71     71  -9.3148451E-38 -9.3148451E-38  0.0000000E+00 -3.8050842E-38  0.0000000E+00  0.0000000E+00
   ge72     72   2.9171472E-08  5.5573075E-08  2.6401603E-08  2.2701421E-08  1.0785850E-08  3.2319871E-01
   ge73     73   8.6985983E-09  1.6212161E-08  7.5135622E-09  6.6226153E-09  3.0695164E-09  3.3395955E-01
   ge74     74   3.8594067E-08  7.4340662E-08  3.5746595E-08  3.0367922E-08  1.4603560E-08  3.1795633E-01
   as75     75   3.4934944E-09  8.7342507E-09  5.2407563E-09  3.5679131E-09  2.1410067E-09  2.2179621E-01
   se76     76   1.2597037E-08  1.8053141E-08  5.4561040E-09  7.3746498E-09  2.2289830E-09  5.1963472E-01
   se77     77   4.9239652E-09  9.4254400E-09  4.5014747E-09  3.8502619E-09  1.8389880E-09  3.2091138E-01
   se78     78   3.2266168E-08  4.6471769E-08  1.4205600E-08  1.8983567E-08  5.8034155E-09  5.1469415E-01
   se79     79   5.3201723E-09  5.3201723E-09  0.0000000E+00  2.1732731E-09  0.0000000E+00  0.0000000E+00
   se80     80   4.0598703E-08  7.1007278E-08  3.0408575E-08  2.9006245E-08  1.2422819E-08  3.6827135E-01
   br79     79   1.8582256E-09  6.7210384E-09  4.8628128E-09  2.7455225E-09  1.9866055E-09  1.4051335E-01
   br80     80   0.0000000E+00  0.0000000E+00  0.0000000E+00  0.0000000E+00  0.0000000E+00  0.0000000E+00
   br81     81   5.4168123E-09  1.0267122E-08  4.8503099E-09  4.1940864E-09  1.9814979E-09  3.2564381E-01
   kr80     80  -4.2234660E-11  1.1166404E-09  1.1588751E-09  4.5614401E-10  4.7343540E-10 -1.6158750E-02
   kr81     81   3.1995858E-13  3.1995858E-13  0.0000000E+00  1.3070205E-13  0.0000000E+00  0.0000000E+00
   kr82     82   1.9164094E-08  2.5115975E-08  5.9518803E-09  1.0259795E-08  2.4315223E-09  6.2526041E-01
   kr83     83   6.6656232E-09  1.2634015E-08  5.9683916E-09  5.1609543E-09  2.4382678E-09  3.2564864E-01
   kr84     84   4.6966715E-08  7.6734800E-08  2.9768085E-08  3.1345916E-08  1.2161159E-08  4.1120598E-01
   kr-5     85  -8.4992929E-15 -8.4992929E-15  0.0000000E+00 -3.4719336E-15  0.0000000E+00  0.0000000E+00
   kr*5     85   0.0000000E+00  0.0000000E+00  0.0000000E+00  0.0000000E+00  0.0000000E+00  0.0000000E+00
   kr86     86   1.3105968E-07  1.4027628E-07  9.2166035E-09  5.7302408E-08  3.7652601E-09  1.1823779E+00
   rb85     85   1.6634935E-08  2.1466365E-08  4.8314286E-09  8.7689402E-09  1.9737840E-09  6.4764750E-01
   rb86     86  -4.4263727E-37 -4.4263727E-37  0.0000000E+00 -1.8081590E-37  0.0000000E+00  0.0000000E+00
   rb87     87   2.9301955E-08  3.1337027E-08  2.0350717E-09  1.2801074E-08  8.3138801E-10  1.1874427E+00
   sr86     86   8.9174819E-09  1.1171997E-08  2.2545144E-09  4.5637245E-09  9.2103702E-10  6.9504237E-01
   sr87     87   4.2776076E-09  5.8714908E-09  1.5938831E-09  2.3984850E-09  6.5114930E-10  5.6625646E-01
   sr88     88   1.4240763E-07  1.6173649E-07  1.9328867E-08  6.6068836E-08  7.8964248E-09  9.2256618E-01
   sr89     89   1.2428988E-37  1.2428988E-37  0.0000000E+00  5.0772014E-38  0.0000000E+00  0.0000000E+00
   sr90     90   5.8319750E-14  5.8319750E-14  0.0000000E+00  2.3823428E-14  0.0000000E+00  0.0000000E+00
    y89     89   4.5931120E-08  5.0541587E-08  4.6104653E-09  2.0646075E-08  1.8835140E-09  1.0398686E+00
    y90     90   1.4748617E-17  1.4748617E-17  0.0000000E+00  6.0247625E-18  0.0000000E+00  0.0000000E+00
    y91     91   2.1112642E-37  2.1112642E-37  0.0000000E+00  8.6244461E-38  0.0000000E+00  0.0000000E+00
   zr90     90   4.2019209E-08  4.7514185E-08  5.4949738E-09  1.9409391E-08  2.2448623E-09  9.3682224E-01
   zr91     91   1.2442243E-08  1.3653860E-08  1.2116171E-09  5.5775580E-09  4.9498206E-10  1.0518546E+00
   zr92     92   2.3695049E-08  2.5567395E-08  1.8723465E-09  1.0444198E-08  7.6490991E-10  1.1352649E+00
   zr93     93   8.3856682E-09  8.3856682E-09  0.0000000E+00  3.4255183E-09  0.0000000E+00  0.0000000E+00
   zr94     94   3.1283147E-08  3.3221873E-08  1.9387267E-09  1.3571028E-08  7.9202828E-10  1.2338721E+00
   zr95     95   1.9264715E-35  1.9264715E-35  0.0000000E+00  7.8695738E-36  0.0000000E+00  0.0000000E+00
   zr96     96   2.6435092E-08  2.6754076E-08  3.1898340E-10  1.0928954E-08  1.3031433E-10  1.9235864E+00
   nb93     93   7.4075179E-10  1.5779495E-09  8.3719776E-10  6.4458727E-10  3.4202050E-10  2.7522963E-01
   nb94     94   2.2530221E-16  2.2530221E-16  0.0000000E+00  9.2035225E-17  0.0000000E+00  0.0000000E+00
   nb95     95   2.3380966E-35  2.3380966E-35  0.0000000E+00  9.5510487E-36  0.0000000E+00  0.0000000E+00
   mo94     94  -9.4119990E-12  2.5297026E-10  2.6238225E-10  1.0333753E-10  1.0719105E-10 -1.5900444E-02
   mo95     95   6.3478827E-09  6.8068289E-09  4.5894621E-10  2.7805676E-09  1.8749335E-10  1.1711476E+00
   mo96     96   1.2289106E-08  1.2777297E-08  4.8819149E-10  5.2194848E-09  1.9944092E-10  1.4178134E+00
   mo97     97   4.2237498E-09  4.5077591E-09  2.8400929E-10  1.8414050E-09  1.1602635E-10  1.2005928E+00
   mo98     98   9.8827391E-09  1.0611860E-08  7.2912087E-10  4.3349107E-09  2.9786784E-10  1.1629566E+00
   tc99     99   7.1201650E-10  7.1201650E-10  0.0000000E+00  2.9085645E-10  0.0000000E+00  0.0000000E+00
   ru99     99   4.5894674E-10  7.1352502E-10  2.5457828E-10  2.9147265E-10  1.0400289E-10  4.4755238E-01
  ru100    100   3.7622856E-09  4.0162091E-09  2.5392372E-10  1.6406084E-09  1.0373549E-10  1.1990777E+00
  ru101    101   7.6449624E-10  1.1117423E-09  3.4724598E-10  4.5414311E-10  1.4186044E-10  5.0533146E-01
  ru102    102   4.3018789E-09  4.9504081E-09  6.4852912E-10  2.0222257E-09  2.6494365E-10  8.8267612E-01
  rh103    103   6.8528117E-10  1.0994464E-09  4.1416526E-10  4.4912030E-10  1.6919897E-10  4.2396495E-01
  pd104    104   2.1757987E-09  2.3570403E-09  1.8124170E-10  9.6284336E-10  7.4042696E-11  1.1140735E+00
  pd105    105   5.2606508E-10  8.9285124E-10  3.6678613E-10  3.6472683E-10  1.4984318E-10  3.8633072E-01
  pd106    106   2.3856797E-09  2.8388707E-09  4.5319093E-10  1.1596695E-09  1.8514214E-10  7.9682893E-01
  pd107    107   4.5351906E-10  4.5351906E-10  0.0000000E+00  1.8526107E-10  0.0000000E+00  0.0000000E+00
  pd108    108   2.9428184E-09  3.3898622E-09  4.4704379E-10  1.3847478E-09  1.8263085E-10  8.7979650E-01
  ag107    107   1.9993174E-12  3.0987701E-10  3.0787770E-10  1.2658376E-10  1.2577731E-10  2.7756649E-03
  ag108    108   0.0000000E+00  0.0000000E+00  0.0000000E+00  0.0000000E+00  0.0000000E+00  0.0000000E+00
  ag109    109   7.1680689E-10  1.0081830E-09  2.9137609E-10  4.1183948E-10  1.1903591E-10  5.3904998E-01
  cd108    108  -3.4573906E-13  1.6918487E-11  1.7264227E-11  6.9111474E-12  7.0529567E-12 -8.8210944E-03
  cd109    109   3.0297245E-26  3.0297245E-26  0.0000000E+00  1.2376326E-26  0.0000000E+00  0.0000000E+00
  cd110    110   2.5348799E-09  2.7816494E-09  2.4676960E-10  1.1362947E-09  1.0081281E-10  1.0519753E+00
  cd111    111   8.2450630E-10  1.0796976E-09  2.5519126E-10  4.4105297E-10  1.0425332E-10  6.2640083E-01
  cd112    112   3.2613419E-09  3.7467536E-09  4.8541166E-10  1.5305367E-09  1.9830529E-10  8.8750941E-01
  cd113    113   9.5329988E-10  1.2013175E-09  2.4801766E-10  4.9073429E-10  1.0132269E-10  6.8513972E-01
  cd114    114   4.9690732E-09  5.5573390E-09  5.8826588E-10  2.2701550E-09  2.4032434E-10  9.7525769E-01
  in115    115   9.4913677E-10  1.1709523E-09  2.2181562E-10  4.7833026E-10  9.0618360E-11  7.2251171E-01
  sn116    116   7.5285449E-09  8.2225329E-09  6.9398765E-10  3.3588781E-09  2.8351485E-10  1.0736184E+00
  sn117    117   2.2113318E-09  2.5810600E-09  3.6972819E-10  1.0543547E-09  1.5104511E-10  8.4388006E-01
  sn118    118   1.2263171E-08  1.3390581E-08  1.1274105E-09  5.4700089E-09  4.6058116E-10  1.0746820E+00
  sn119    119   3.6049297E-09  4.0255372E-09  4.2060766E-10  1.6444189E-09  1.7183090E-10  9.8091120E-01
  sn120    120   2.3068408E-08  2.4677071E-08  1.6086632E-09  1.0080504E-08  6.5718736E-10  1.1857930E+00
  sb121    121   1.6451667E-09  1.8932453E-09  2.4807867E-10  7.7338458E-10  1.0134760E-10  8.8258207E-01
  te122    122   2.9297620E-09  3.0946652E-09  1.6490317E-10  1.2641608E-09  6.7367910E-11  1.2733493E+00
  te123    123   1.0753207E-09  1.1333476E-09  5.8026913E-11  4.6296886E-10  2.3705742E-11  1.2906983E+00
  te124    124   5.7587188E-09  6.0702758E-09  3.1155709E-10  2.4796880E-09  1.2728045E-10  1.2896354E+00
  te125    125   1.9243807E-09  2.3928324E-09  4.6845183E-10  9.7746433E-10  1.9137668E-10  7.0821196E-01
  te126    126   1.1382069E-08  1.2640379E-08  1.2583102E-09  5.1635536E-09  5.1405763E-10  1.0019369E+00
   i127    127   1.4465067E-09  3.0246037E-09  1.5780970E-09  1.2355408E-09  6.4470013E-10  2.8249934E-01
   i128    128   0.0000000E+00  0.0000000E+00  0.0000000E+00  0.0000000E+00  0.0000000E+00  0.0000000E+00
   i129    129   1.8514482E-12  1.8514482E-12  0.0000000E+00  7.5631065E-13  0.0000000E+00  0.0000000E+00
  xe128    128   3.6439496E-09  3.8143999E-09  1.7045032E-10  1.5581700E-09  6.9634090E-11  1.3497930E+00
  xe129    129   1.3482671E-09  3.4880583E-09  2.1397912E-09  1.4248606E-09  8.7416918E-10  2.1217692E-01
  xe130    130   7.4509936E-09  7.7972144E-09  3.4622083E-10  3.1851368E-09  1.4144164E-10  1.3525509E+00
  xe131    131   2.8289864E-09  4.5584967E-09  1.7295103E-09  1.8621311E-09  7.0655709E-10  4.2086303E-01
  xe132    132   1.5351269E-08  1.7481309E-08  2.1300395E-09  7.1410580E-09  8.7018531E-10  9.1415083E-01
  xe133    133   0.0000000E+00  0.0000000E+00  0.0000000E+00  0.0000000E+00  0.0000000E+00  0.0000000E+00
  xe134    134   1.4294950E-08  1.5093345E-08  7.9839552E-10  6.1655827E-09  3.2616862E-10  1.2765321E+00
  cs133    133   2.0694177E-09  2.6294171E-09  5.5999944E-10  1.0741084E-09  2.2877664E-10  6.7163646E-01
  cs134    134   2.1389789E-19  2.1389789E-19  0.0000000E+00  8.7376600E-20  0.0000000E+00  0.0000000E+00
  cs135    135   3.7646317E-09  3.7646317E-09  0.0000000E+00  1.5378399E-09  0.0000000E+00  0.0000000E+00
  cs136    136   0.0000000E+00  0.0000000E+00  0.0000000E+00  0.0000000E+00  0.0000000E+00  0.0000000E+00
  cs137    137   1.4355409E-13  1.4355409E-13  0.0000000E+00  5.8641378E-14  0.0000000E+00  0.0000000E+00
  ba134    134   4.6676152E-09  4.8392921E-09  1.7167702E-10  1.9768351E-09  7.0135231E-11  1.4500343E+00
  ba135    135   1.6417980E-09  2.1135189E-09  4.7172094E-10  8.6336566E-10  1.9271221E-10  6.5128553E-01
  ba136    136   1.5439513E-08  1.6005705E-08  5.6619298E-10  6.5382788E-09  2.3130689E-10  1.4512750E+00
  ba137    137   3.1368756E-08  3.2184424E-08  8.1566642E-10  1.3147234E-08  3.3322431E-10  1.5960978E+00
  ba138    138   2.1551372E-07  2.2075847E-07  5.2447366E-09  9.0179121E-08  2.1426330E-09  1.6241584E+00
  la139    139   2.6833664E-08  2.7553046E-08  7.1938105E-10  1.1255330E-08  2.9388883E-10  1.5831753E+00
  ce140    140   8.6939778E-08  8.8588536E-08  1.6487565E-09  3.6188130E-08  6.7356665E-10  1.7301856E+00
  ce141    141  -7.5275949E-38 -7.5275949E-38  0.0000000E+00 -3.0749981E-38  0.0000000E+00  0.0000000E+00
  ce142    142   1.4529035E-08  1.4739170E-08  2.1013535E-10  6.0209033E-09  8.5846621E-11  1.8459384E+00
  pr141    141   9.2961692E-09  9.5803241E-09  2.8415501E-10  3.9135313E-09  1.1608588E-10  1.5277895E+00
  nd142    142   1.7364078E-08  1.7743126E-08  3.7904863E-10  7.2480097E-09  1.5485278E-10  1.6702998E+00
  nd143    143   3.9612096E-09  4.1309134E-09  1.6970376E-10  1.6874647E-09  6.9329098E-11  1.3863193E+00
  nd144    144   1.2015590E-08  1.2352860E-08  3.3726943E-10  5.0461035E-09  1.3778473E-10  1.5637552E+00
  nd145    145   2.2545201E-09  2.3799402E-09  1.2542005E-10  9.7219788E-10  5.1237868E-11  1.2781637E+00
  nd146    146   1.0775770E-08  1.1022629E-08  2.4685937E-10  4.5027084E-09  1.0084949E-10  1.6498003E+00
  nd147    147   0.0000000E+00  0.0000000E+00  0.0000000E+00  0.0000000E+00  0.0000000E+00  0.0000000E+00
  nd148    148   1.7674712E-09  1.8509718E-09  8.3500616E-11  7.5611600E-10  3.4112515E-11  1.3456748E+00
  pm147    147   2.4472982E-18  2.4472982E-18  0.0000000E+00  9.9971343E-19  0.0000000E+00  0.0000000E+00
  pm148    148   0.0000000E+00  0.0000000E+00  0.0000000E+00  0.0000000E+00  0.0000000E+00  0.0000000E+00
  sm147    147   1.2706520E-09  1.3378654E-09  6.7213402E-11  5.4651367E-10  2.7458699E-11  1.2989211E+00
  sm148    148   2.6446203E-09  2.6953619E-09  5.0741567E-11  1.1010466E-09  2.0729458E-11  1.7252177E+00
  sm149    149   5.0148563E-10  5.6429605E-10  6.2810451E-11  2.3051311E-10  2.5659962E-11  9.5343959E-01
  sm150    150   2.3731219E-09  2.4068882E-09  3.3766420E-11  9.8320607E-10  1.3794600E-11  1.8529356E+00
  sm151    151   2.4128672E-14  2.4128672E-14  0.0000000E+00  9.8564845E-15  0.0000000E+00  0.0000000E+00
  sm152    152   2.1598596E-09  2.2838860E-09  1.2402639E-10  9.3296004E-10  5.0668515E-11  1.2651249E+00
  eu151    151   3.5185407E-10  4.3366910E-10  8.1815034E-11  1.7715243E-10  3.3423906E-11  7.2428989E-01
  eu152    152  -1.7638355E-18 -1.7638355E-18  0.0000000E+00 -7.2052110E-19  0.0000000E+00  0.0000000E+00
  eu153    153   4.1399936E-10  5.0449284E-10  9.0493467E-11  2.0608369E-10  3.6969310E-11  7.4620235E-01
  eu154    154  -2.7894929E-19 -2.7894929E-19  0.0000000E+00 -1.1394988E-19  0.0000000E+00  0.0000000E+00
  eu155    155   5.2388731E-18  5.2388731E-18  0.0000000E+00  2.1400627E-18  0.0000000E+00  0.0000000E+00
  gd152    152   6.1281492E-13  1.8073910E-12  1.1945761E-12  7.3831338E-13  4.8802032E-13  1.7980283E-01
  gd153    153   5.7200496E-32  5.7200496E-32  0.0000000E+00  2.3366218E-32  0.0000000E+00  0.0000000E+00
  gd154    154   9.7277009E-10  9.8596242E-10  1.3192314E-11  4.0276246E-10  5.3894575E-12  1.8735039E+00
  gd155    155   4.0148199E-10  4.9162563E-10  9.0143649E-11  2.0082748E-10  3.6826396E-11  7.3666394E-01
  gd156    156   1.6088995E-09  1.7343798E-09  1.2548031E-10  7.0848855E-10  5.1262487E-11  1.1405332E+00
  gd157    157   7.7095147E-10  8.6749996E-10  9.6548484E-11  3.5437092E-10  3.9442966E-11  9.5348853E-01
  gd158    158   3.0888780E-09  3.2431005E-09  1.5422240E-10  1.3247961E-09  6.3004497E-11  1.3227775E+00
  gd159    159   0.0000000E+00  0.0000000E+00  0.0000000E+00  0.0000000E+00  0.0000000E+00  0.0000000E+00
  gd160    160   2.6559543E-10  4.0303438E-10  1.3743896E-10  1.6463825E-10  5.6147954E-11  4.6719682E-01
  tb159    159   6.6556355E-10  7.8190598E-10  1.1634244E-10  3.1940606E-10  4.7529390E-11  8.2738090E-01
  tb160    160   1.2466915E-35  1.2466915E-35  0.0000000E+00  5.0926948E-36  0.0000000E+00  0.0000000E+00
  tb161    161   0.0000000E+00  0.0000000E+00  0.0000000E+00  0.0000000E+00  0.0000000E+00  0.0000000E+00
  dy160    160   1.1046417E-09  1.1222463E-09  1.7604595E-11  4.5843399E-10  7.1920070E-12  1.8044268E+00
  dy161    161   5.3603261E-10  6.7970579E-10  1.4367320E-10  2.7765762E-10  5.8694827E-11  6.7490977E-01
  dy162    162   2.3206492E-09  2.5156213E-09  1.9497198E-10  1.0276232E-09  7.9651931E-11  1.1106377E+00
  dy163    163   9.9869868E-10  1.1904137E-09  1.9171502E-10  4.8628013E-10  7.8321356E-11  7.9300630E-01
  dy164    164   4.8514037E-09  5.0703552E-09  2.1895145E-10  2.0712236E-09  8.9448268E-11  1.3646551E+00
  ho165    165   9.0816621E-10  1.0787041E-09  1.7053789E-10  4.4064716E-10  6.9669867E-11  8.0104601E-01
  er166    166   2.0550539E-09  2.2170608E-09  1.6200674E-10  9.0566216E-10  6.6184641E-11  1.1362090E+00
  er167    167   8.3866603E-10  9.4991548E-10  1.1124943E-10  3.8803741E-10  4.5448742E-11  9.3135178E-01
  er168    168   3.1988383E-09  3.3308623E-09  1.3202389E-10  1.3606465E-09  5.3935734E-11  1.4018688E+00
  er169    169   0.0000000E+00  0.0000000E+00  0.0000000E+00  0.0000000E+00  0.0000000E+00  0.0000000E+00
  er170    170   1.2670737E-09  1.3409087E-09  7.3835014E-11  5.4775690E-10  3.0163826E-11  1.2591015E+00
  tm169    169   7.9730389E-10  8.7532681E-10  7.8022935E-11  3.5756817E-10  3.1874718E-11  1.0499125E+00
  tm170    170   5.7013370E-29  5.7013370E-29  0.0000000E+00  2.3289777E-29  0.0000000E+00  0.0000000E+00
  tm171    171   9.1407139E-19  9.1407139E-19  0.0000000E+00  3.7339520E-19  0.0000000E+00  0.0000000E+00
  yb170    170   1.0458787E-09  1.0606356E-09  1.4756850E-11  4.3326620E-10  6.0286177E-12  1.8565371E+00
  yb171    171   1.5185161E-09  1.5887012E-09  7.0185073E-11  6.4897931E-10  2.8672717E-11  1.3547621E+00
  yb172    172   4.1479882E-09  4.2566661E-09  1.0867779E-10  1.7388343E-09  4.4398148E-11  1.5928934E+00
  yb173    173   1.8969435E-09  1.9780784E-09  8.1134890E-11  8.0803864E-10  3.3146048E-11  1.3870004E+00
  yb174    174   8.3586231E-09  8.5209670E-09  1.6234405E-10  3.4807874E-09  6.6322434E-11  1.7200171E+00
  lu175    175   1.0925572E-09  1.1658309E-09  7.3273776E-11  4.7623816E-10  2.9934548E-11  1.2016516E+00
  lu176    176   8.1622958E-10  8.1836837E-10  2.1388063E-12  3.3430084E-10  8.7376677E-13  2.5827420E+00
  lu177    177   0.0000000E+00  0.0000000E+00  0.0000000E+00  0.0000000E+00  0.0000000E+00  0.0000000E+00
  hf176    176  -6.0953152E-13  1.5847663E-11  1.6457195E-11  6.4737191E-12  6.7232595E-12 -1.6426025E-02
  hf177    177   8.8156149E-10  9.4071284E-10  5.9151357E-11  3.8427816E-10  2.4165113E-11  1.2014569E+00
  hf178    178   4.0392774E-09  4.1265458E-09  8.7268588E-11  1.6856806E-09  3.5651850E-11  1.6746932E+00
  hf179    179   1.4162528E-09  1.4600708E-09  4.3818095E-11  5.9643424E-10  1.7901011E-11  1.5226851E+00
  hf180    180   7.7773707E-09  7.8908480E-09  1.1347702E-10  3.2233858E-09  4.6358781E-11  1.8421803E+00
  hf181    181  -2.4299879E-37 -2.4299879E-37  0.0000000E+00 -9.9264217E-38  0.0000000E+00  0.0000000E+00
  hf182    182   3.0235641E-09  3.0235641E-09  0.0000000E+00  1.2351161E-09  0.0000000E+00  0.0000000E+00
  ta181    181   1.8754447E-09  1.9235245E-09  4.8079662E-11  7.8575352E-10  1.9641989E-11  1.6021010E+00
  ta182    182   3.2440161E-17  3.2440161E-17  0.0000000E+00  1.3251701E-17  0.0000000E+00  0.0000000E+00
  ta183    183   0.0000000E+00  0.0000000E+00  0.0000000E+00  0.0000000E+00  0.0000000E+00  0.0000000E+00
   w182    182   3.4152436E-09  3.4906928E-09  7.5449196E-11  1.4259367E-09  3.0823271E-11  1.6652215E+00
   w183    183   2.5796552E-09  2.6206217E-09  4.0966591E-11  1.0705155E-09  1.6736085E-11  1.8059391E+00
   w184    184   6.2516063E-09  6.3398007E-09  8.8194348E-11  2.5897882E-09  3.6030047E-11  1.8565995E+00
   w185    185   3.4982296E-34  3.4982296E-34  0.0000000E+00  1.4290155E-34  0.0000000E+00  0.0000000E+00
   w186    186   2.9993861E-09  3.0821088E-09  8.2722731E-11  1.2590314E-09  3.3794727E-11  1.5711877E+00
  re185    185   1.1915658E-09  1.2336104E-09  4.2044642E-11  5.0392590E-10  1.7176502E-11  1.4674320E+00
  re186    186   0.0000000E+00  0.0000000E+00  0.0000000E+00  0.0000000E+00  0.0000000E+00  0.0000000E+00
  re187    187   6.6844663E-10  7.4512002E-10  7.6673362E-11  3.0437913E-10  3.1323378E-11  9.8754627E-01
  os186    186   2.3860247E-09  2.4093283E-09  2.3303501E-11  9.8420283E-10  9.5201815E-12  2.0144396E+00
  os187    187   6.6751632E-10  6.8615097E-10  1.8634646E-11  2.8029046E-10  7.6128140E-12  1.5660632E+00
  os188    188   5.0352935E-09  5.2318767E-09  1.9658306E-10  2.1372046E-09  8.0310106E-11  1.4250760E+00
  os189    189   1.0200162E-09  1.2609733E-09  2.4095717E-10  5.1510352E-10  9.8438258E-11  7.1873063E-01
  os190    190   4.8265600E-09  5.2204858E-09  3.9392589E-10  2.1325517E-09  1.6093059E-10  1.1222610E+00
  os191    191  -5.5642210E-38 -5.5642210E-38  0.0000000E+00 -2.2729664E-38  0.0000000E+00  0.0000000E+00
  os192    192   1.1495107E-09  1.7677581E-09  6.1824740E-10  7.2212347E-10  2.5257268E-10  4.5622510E-01
  ir191    191   9.0909819E-10  1.4303899E-09  5.2129173E-10  5.8430966E-10  2.1296337E-10  4.3833816E-01
  ir192    192   1.9199723E-35  1.9199723E-35  0.0000000E+00  7.8430247E-36  0.0000000E+00  0.0000000E+00
  ir193    193   1.0969066E-09  1.9823538E-09  8.8544722E-10  8.0978513E-10  3.6173187E-10  3.4998310E-01
  pt192    192   1.2310420E-09  1.2529617E-09  2.1919740E-11  5.1183080E-10  8.9548742E-12  1.7570670E+00
  pt193    193   4.6813470E-15  4.6813470E-15  0.0000000E+00  1.9123152E-15  0.0000000E+00  0.0000000E+00
  pt194    194   3.8122661E-09  4.7459876E-09  9.3372143E-10  1.9387205E-09  3.8145337E-10  7.0607376E-01
  pt195    195   1.5490682E-09  2.5122600E-09  9.6319175E-10  1.0262501E-09  3.9349285E-10  4.1631639E-01
  pt196    196   6.7107297E-09  7.4330284E-09  7.2229878E-10  3.0363680E-09  2.9508085E-10  1.0124134E+00
  au197    197   2.1756352E-09  2.6109517E-09  4.3531656E-10  1.0665653E-09  1.7783992E-10  7.7795815E-01
  hg198    198   7.4978628E-09  7.6001223E-09  1.0225973E-10  3.1046254E-09  4.1776180E-11  1.8710805E+00
  hg199    199   3.2928518E-09  3.4667531E-09  1.7390123E-10  1.4161574E-09  7.1043886E-11  1.2995849E+00
  hg200    200   1.0975953E-08  1.1215270E-08  2.3931587E-10  4.5814015E-09  9.7767745E-11  1.6708028E+00
  hg201    201   4.5533874E-09  4.6906123E-09  1.3722484E-10  1.9160999E-09  5.6060479E-11  1.5337615E+00
  hg202    202   1.7758989E-08  1.8071432E-08  3.1244277E-10  7.3821216E-09  1.2764229E-10  1.7621866E+00
  tl203    203   9.5457535E-09  9.6693480E-09  1.2359437E-10  3.9498973E-09  5.0492024E-11  1.8933630E+00
  tl204    204  -3.0726855E-17 -3.0726855E-17  0.0000000E+00 -1.2551821E-17  0.0000000E+00  0.0000000E+00
  tl205    205   2.0170669E-08  2.0468613E-08  2.9794522E-10  8.3613623E-09  1.2171961E-10  1.8369166E+00
  pb204    204   7.0025394E-09  7.1589792E-09  1.5643993E-10  2.9244198E-09  6.3910419E-11  1.6604681E+00
  pb205    205   1.3520755E-09  1.3520755E-09  0.0000000E+00  5.5231847E-10  0.0000000E+00  0.0000000E+00
  pb206    206   8.7328772E-08  8.8798686E-08  1.4699162E-09  3.6273978E-08  6.0050509E-10  1.7810785E+00
  pb207    207   1.5241775E-07  1.5405229E-07  1.6345256E-09  6.2929864E-08  6.6775296E-10  1.9742411E+00
  pb208    208   9.9451825E-07  9.9921931E-07  4.7011142E-09  4.0817787E-07  1.9205468E-09  2.3274248E+00
  bi209    209   2.8739473E-08  2.9066426E-08  3.2695330E-10  1.1873541E-08  1.3357027E-10  1.9488705E+00
  bi210    210   0.0000000E+00  0.0000000E+00  0.0000000E+00  0.0000000E+00  0.0000000E+00  0.0000000E+00
  po210    210   2.5258402E-08  2.5258402E-08  0.0000000E+00  1.0317976E-08  0.0000000E+00  0.0000000E+00
