# Initial mass = 3.500, Z =  0.0028, Y =  0.250, M_mix = 1.00E-04
# Final mass = 0.848, Mass expelled =   2.6520
  species    A      yield       mass(i)_lost    mass(i)_0        <X(i)>           X0(i)   log10(<X(i)>/X0(i)) 
      n      1   0.0000000E+00  0.0000000E+00  0.0000000E+00  0.0000000E+00  0.0000000E+00  0.0000000E+00
      p      1  -8.4262729E-02  1.8970762E+00  1.9813390E+00  7.1533793E-01  7.4716753E-01 -1.8906727E-02
      d      2   1.5467114E-17  1.5467114E-17  0.0000000E+00  5.8322449E-18  0.0000000E+00  0.0000000E+00
    he3      3   1.9708544E-04  1.9708544E-04  0.0000000E+00  7.4315773E-05  0.0000000E+00  0.0000000E+00
    he4      4   6.4777970E-02  7.2769916E-01  6.6292119E-01  2.7439636E-01  2.4998912E-01  4.0457252E-02
    li7      7   8.6169450E-08  9.0995520E-08  4.8260667E-09  3.4312034E-08  1.8199209E-09  1.2753941E+00
    be7      7   9.7090738E-13  9.7090738E-13  0.0000000E+00  3.6610382E-13  0.0000000E+00  0.0000000E+00
     b8      8   6.9352146E-24  6.9352146E-24  0.0000000E+00  2.6150883E-24  0.0000000E+00  0.0000000E+00
    c12     12   1.6755491E-02  1.8084239E-02  1.3287487E-03  6.8190945E-03  5.0107419E-04  1.1338247E+00
    c13     13   7.9993327E-04  8.1603508E-04  1.6101825E-05  3.0770552E-04  6.0720358E-06  1.7048010E+00
    c14     14   2.8571701E-08  2.8571701E-08  0.0000000E+00  1.0773642E-08  0.0000000E+00  0.0000000E+00
    n13     13   0.0000000E+00  0.0000000E+00  0.0000000E+00  0.0000000E+00  0.0000000E+00  0.0000000E+00
    n14     14   8.5869629E-04  1.2515530E-03  3.9285663E-04  4.7192792E-04  1.4814714E-04  5.0318241E-01
    n15     15  -9.2831368E-07  3.9338975E-08  9.6765268E-07  1.4833700E-08  3.6490411E-07 -1.3909293E+00
    o14     14   0.0000000E+00  0.0000000E+00  0.0000000E+00  0.0000000E+00  0.0000000E+00  0.0000000E+00
    o15     15   0.0000000E+00  0.0000000E+00  0.0000000E+00  0.0000000E+00  0.0000000E+00  0.0000000E+00
    o16     16   1.5816721E-04  3.3667481E-03  3.2085809E-03  1.2695128E-03  1.2099633E-03  2.0864869E-02
    o17     17   1.3832400E-05  1.5127600E-05  1.2951996E-06  5.7042230E-06  4.8842276E-07  1.0674007E+00
    o18     18  -4.9986447E-06  2.2206621E-06  7.2193070E-06  8.3735364E-07  2.7224175E-06 -5.1204586E-01
    o19     19   0.0000000E+00  0.0000000E+00  0.0000000E+00  0.0000000E+00  0.0000000E+00  0.0000000E+00
    f17     17   0.0000000E+00  0.0000000E+00  0.0000000E+00  0.0000000E+00  0.0000000E+00  0.0000000E+00
    f18     18   0.0000000E+00  0.0000000E+00  0.0000000E+00  0.0000000E+00  0.0000000E+00  0.0000000E+00
    f19     19   1.6807758E-06  1.8886720E-06  2.0789632E-07  7.1216891E-07  7.8398187E-08  9.5827699E-01
    f20     20   0.0000000E+00  0.0000000E+00  0.0000000E+00  0.0000000E+00  0.0000000E+00  0.0000000E+00
   ne19     19   0.0000000E+00  0.0000000E+00  0.0000000E+00  0.0000000E+00  0.0000000E+00  0.0000000E+00
   ne20     20   4.1018357E-06  6.6228182E-04  6.5817998E-04  2.4972917E-04  2.4820119E-04  2.6654103E-03
   ne21     21   1.4353448E-06  3.0919848E-06  1.6566401E-06  1.1659067E-06  6.2472282E-07  2.7097645E-01
   ne22     22   6.1473757E-04  6.6797365E-04  5.3236072E-05  2.5187543E-04  2.0075448E-05  1.0985206E+00
   ne23     23   0.0000000E+00  0.0000000E+00  0.0000000E+00  0.0000000E+00  0.0000000E+00  0.0000000E+00
   na21     21   0.0000000E+00  0.0000000E+00  0.0000000E+00  0.0000000E+00  0.0000000E+00  0.0000000E+00
   na22     22   1.1980953E-13  1.1980953E-13  0.0000000E+00  4.5177044E-14  0.0000000E+00  0.0000000E+00
   na23     23   1.1530137E-05  2.9347391E-05  1.7817254E-05  1.1066135E-05  6.7189276E-06  2.1669602E-01
   na24     24   0.0000000E+00  0.0000000E+00  0.0000000E+00  0.0000000E+00  0.0000000E+00  0.0000000E+00
   mg23     23   0.0000000E+00  0.0000000E+00  0.0000000E+00  0.0000000E+00  0.0000000E+00  0.0000000E+00
   mg24     24  -8.0737518E-06  3.0588996E-04  3.1396371E-04  1.1534311E-04  1.1839645E-04 -1.1347008E-02
   mg25     25   4.8440641E-05  8.9844048E-05  4.1403408E-05  3.3877845E-05  1.5613321E-05  3.3642048E-01
   mg26     26   3.4074696E-05  8.1483209E-05  4.7408514E-05  3.0725190E-05  1.7877861E-05  2.3517904E-01
   mg27     27   0.0000000E+00  0.0000000E+00  0.0000000E+00  0.0000000E+00  0.0000000E+00  0.0000000E+00
   al25     25   0.0000000E+00  0.0000000E+00  0.0000000E+00  0.0000000E+00  0.0000000E+00  0.0000000E+00
   al-6     26   2.4879263E-08  2.4879263E-08  0.0000000E+00  9.3813206E-09  0.0000000E+00  0.0000000E+00
   al*6     26   0.0000000E+00  0.0000000E+00  0.0000000E+00  0.0000000E+00  0.0000000E+00  0.0000000E+00
   al27     27   7.5328735E-06  3.7764785E-05  3.0231911E-05  1.4240114E-05  1.1400523E-05  9.6588701E-02
   al28     28   0.0000000E+00  0.0000000E+00  0.0000000E+00  0.0000000E+00  0.0000000E+00  0.0000000E+00
   si27     27   0.0000000E+00  0.0000000E+00  0.0000000E+00  0.0000000E+00  0.0000000E+00  0.0000000E+00
   si28     28   7.8068115E-06  3.5544694E-04  3.4764013E-04  1.3402976E-04  1.3109591E-04  9.6121402E-03
   si29     29   1.3097397E-06  1.9593212E-05  1.8283472E-05  7.3880883E-06  6.8947397E-06  3.0014185E-02
   si30     30   2.1487967E-06  1.4616595E-05  1.2467798E-05  5.5115361E-06  4.7016356E-06  6.9023699E-02
    p31     31   4.6617674E-07  3.9372480E-06  3.4710713E-06  1.4846335E-06  1.3089490E-06  5.4696526E-02
    p32     32   4.0372450E-32  4.0372450E-32  0.0000000E+00  1.5223397E-32  0.0000000E+00  0.0000000E+00
    p33     33   1.1806196E-32  1.1806196E-32  0.0000000E+00  4.4518080E-33  0.0000000E+00  0.0000000E+00
    s32     32  -1.4976249E-06  1.6509436E-04  1.6659198E-04  6.2252773E-05  6.2822226E-05 -3.9546373E-03
    s33     33   5.1619622E-08  1.4270151E-06  1.3753955E-06  5.3809015E-07  5.1866482E-07  1.5968254E-02
    s34     34   3.9832048E-07  8.3972545E-06  7.9989341E-06  3.1663853E-06  3.0164167E-06  2.1072457E-02
    s35     35  -7.5161834E-25 -7.5161834E-25  0.0000000E+00 -2.8341564E-25  0.0000000E+00  0.0000000E+00
    s36     36   4.0923659E-08  8.0408093E-08  3.9484434E-08  3.0319793E-08  1.4889672E-08  3.0884105E-01
   cl35     35  -1.7850880E-08  1.6910778E-06  1.7089287E-06  6.3766129E-07  6.4444100E-07 -4.5931283E-03
   cl36     36   1.9890347E-09  1.9890347E-09  0.0000000E+00  7.5001305E-10  0.0000000E+00  0.0000000E+00
   cl37     37   1.5838674E-07  7.3577786E-07  5.7739112E-07  2.7744261E-07  2.1773552E-07  1.0524388E-01
   ar36     36  -5.2402538E-07  3.1298736E-05  3.1822761E-05  1.1801936E-05  1.2000438E-05 -7.2438219E-03
   ar37     37   2.1540567E-27  2.1540567E-27  0.0000000E+00  8.1223852E-28  0.0000000E+00  0.0000000E+00
   ar38     38   2.1676624E-07  6.3242751E-06  6.1075089E-06  2.3847190E-06  2.3031557E-06  1.5113875E-02
   ar39     39   1.5580379E-10  1.5580379E-10  0.0000000E+00  5.8749540E-11  0.0000000E+00  0.0000000E+00
   ar40     40   3.8292807E-08  4.8575192E-08  1.0282385E-08  1.8316436E-08  3.8775112E-09  6.7428797E-01
    k39     39   3.5553626E-08  1.6923354E-06  1.6567818E-06  6.3813548E-07  6.2477625E-07  9.1883922E-03
    k40     40   3.3382888E-09  3.6064902E-09  2.6820152E-10  1.3599133E-09  1.0113942E-10  1.1285908E+00
    k41     41   1.0541513E-08  1.3623598E-07  1.2569447E-07  5.1371032E-08  4.7399677E-08  3.4942921E-02
   ca40     40  -3.6257188E-07  2.8322291E-05  2.8684863E-05  1.0679596E-05  1.0817129E-05 -5.5571911E-03
   ca41     41   3.0786769E-09  3.0786769E-09  0.0000000E+00  1.1608886E-09  0.0000000E+00  0.0000000E+00
   ca42     42   1.6837930E-08  2.1786437E-07  2.0102644E-07  8.2150962E-08  7.5807542E-08  3.4900215E-02
   ca43     43   4.8829918E-09  4.7826124E-08  4.2943132E-08  1.8033981E-08  1.6193955E-08  4.6738714E-02
   ca44     44   7.0240276E-09  6.8602083E-07  6.7899680E-07  2.5868053E-07  2.5605127E-07  4.4368417E-03
   ca45     45   1.0520669E-21  1.0520669E-21  0.0000000E+00  3.9670697E-22  0.0000000E+00  0.0000000E+00
   ca46     46   1.0859444E-08  1.2220640E-08  1.3611957E-09  4.6080841E-09  5.1331006E-10  9.5314062E-01
   ca47     47   2.1976750E-37  2.1976750E-37  0.0000000E+00  8.2868582E-38  0.0000000E+00  0.0000000E+00
   ca48     48   3.9989345E-11  6.6442418E-08  6.6402428E-08  2.5053701E-08  2.5040510E-08  2.2877171E-04
   sc45     45   6.6070633E-09  2.5763391E-08  1.9156328E-08  9.7147019E-09  7.2238957E-09  1.2865806E-01
   sc46     46   3.2539561E-30  3.2539561E-30  0.0000000E+00  1.2269818E-30  0.0000000E+00  0.0000000E+00
   sc47     47   4.9113179E-36  4.9113179E-36  0.0000000E+00  1.8519297E-36  0.0000000E+00  0.0000000E+00
   sc48     48   7.2816703E-33  1.2089278E-29  1.2081997E-29  4.5585509E-30  4.5561488E-30  0.0000000E+00
   ti46     46  -1.2336088E-09  1.1580136E-07  1.1703496E-07  4.3665668E-08  4.4134158E-08 -4.6347533E-03
   ti47     47  -1.2949144E-09  1.0654422E-07  1.0783913E-07  4.0175042E-08  4.0666389E-08 -5.2792765E-03
   ti48     48  -2.4871952E-08  1.0663832E-06  1.0912552E-06  4.0210526E-07  4.1151486E-07 -1.0045747E-02
   ti49     49   9.0299324E-09  9.0780894E-08  8.1750962E-08  3.4231103E-08  3.0828478E-08  4.5468807E-02
   ti50     50   2.5324745E-08  1.0519879E-07  7.9874049E-08  3.9667718E-08  3.0120688E-08  1.1957230E-01
    v51     51  -2.8036027E-09  1.7322489E-07  1.7602849E-07  6.5318581E-08  6.6380750E-08 -7.0053898E-03
   cr52     52  -1.0611029E-07  7.1098234E-06  7.2159337E-06  2.6809287E-06  2.7211454E-06 -6.4665112E-03
   cr53     53  -9.2181835E-09  8.2474202E-07  8.3396020E-07  3.1098867E-07  3.1448832E-07 -4.8599760E-03
   cr54     54   7.8754866E-08  2.9026225E-07  2.1150738E-07  1.0945031E-07  7.9759928E-08  1.3743225E-01
   mn55     55  -5.3335498E-08  6.2485256E-06  6.3018610E-06  2.3561558E-06  2.3764464E-06 -3.7240344E-03
   fe54     54  -1.0616932E-06  4.0460825E-05  4.1522519E-05  1.5256721E-05  1.5658239E-05 -1.1281728E-02
   fe55     55  -3.3679974E-15 -3.3679974E-15  0.0000000E+00 -1.2699838E-15  0.0000000E+00  0.0000000E+00
   fe56     56  -1.1782278E-05  6.6416396E-04  6.7594624E-04  2.5043890E-04  2.5490089E-04 -7.6695941E-03
   fe57     57   1.5876012E-06  1.7476979E-05  1.5889378E-05  6.5901127E-06  5.9919212E-06  4.1326750E-02
   fe58     58   5.1456509E-06  7.2973426E-06  2.1516914E-06  2.7516373E-06  8.1140786E-07  5.3035200E-01
   fe59     59  -1.0529989E-27 -1.0529989E-27  0.0000000E+00 -3.9705838E-28  0.0000000E+00  0.0000000E+00
   fe60     60   1.9982710E-06  1.9982710E-06  0.0000000E+00  7.5349584E-07  0.0000000E+00  0.0000000E+00
   co59     59   1.8687709E-06  3.5281671E-06  1.6593962E-06  1.3303796E-06  6.2576214E-07  3.2756633E-01
   co60     60   3.7707008E-12  3.7707008E-12  0.0000000E+00  1.4218328E-12  0.0000000E+00  0.0000000E+00
   ni58     58  -6.1948413E-07  2.3123190E-05  2.3742674E-05  8.7191511E-06  8.9534178E-06 -1.1514625E-02
   ni59     59   5.5537948E-09  5.5537948E-09  0.0000000E+00  2.0941910E-09  0.0000000E+00  0.0000000E+00
   ni60     60   5.0599010E-07  9.9670951E-06  9.4611050E-06  3.7583313E-06  3.5678047E-06  2.2594020E-02
   ni61     61   5.0492758E-07  9.2305851E-07  4.1813090E-07  3.4806126E-07  1.5767813E-07  3.4388426E-01
   ni62     62   8.8613137E-07  2.2411200E-06  1.3549886E-06  8.4506780E-07  5.1096936E-07  2.1849671E-01
   ni63     63   3.4984227E-10  3.4984227E-10  0.0000000E+00  1.3191638E-10  0.0000000E+00  0.0000000E+00
   ni64     64   6.9160239E-07  1.0478191E-06  3.5621670E-07  3.9510522E-07  1.3433015E-07  4.6853927E-01
   cu63     63   4.6827637E-07  7.6228514E-07  2.9400877E-07  2.8743781E-07  1.1087139E-07  4.1372442E-01
   cu64     64   0.0000000E+00  0.0000000E+00  0.0000000E+00  0.0000000E+00  0.0000000E+00  0.0000000E+00
   cu65     65   1.0665961E-07  2.4186184E-07  1.3520223E-07  9.1199780E-08  5.0985079E-08  2.5255069E-01
   zn64     64  -1.1814564E-08  4.9191220E-07  5.0372677E-07  1.8548725E-07  1.8995654E-07 -1.0340196E-02
   zn65     65  -7.3721058E-23 -7.3721058E-23  0.0000000E+00 -2.7798284E-23  0.0000000E+00  0.0000000E+00
   zn66     66   9.0408008E-08  3.8843106E-07  2.9802305E-07  1.4646722E-07  1.1238519E-07  1.1503138E-01
   zn67     67   1.9876140E-08  6.4334500E-08  4.4458361E-08  2.4258860E-08  1.6765350E-08  1.6045775E-01
   zn68     68   1.0872432E-07  3.1507631E-07  2.0635198E-07  1.1880704E-07  7.7815812E-08  1.8377435E-01
   zn69     69   0.0000000E+00  0.0000000E+00  0.0000000E+00  0.0000000E+00  0.0000000E+00  0.0000000E+00
   zn70     70   8.3835605E-10  7.8625098E-09  7.0241537E-09  2.9647471E-09  2.6488247E-09  4.8934434E-02
   ga69     69   1.5055592E-08  3.3973937E-08  1.8918344E-08  1.2810684E-08  7.1341515E-09  2.5422996E-01
   ga70     70   0.0000000E+00  0.0000000E+00  0.0000000E+00  0.0000000E+00  0.0000000E+00  0.0000000E+00
   ga71     71   1.1998477E-08  2.4917915E-08  1.2919438E-08  9.3958947E-09  4.8719500E-09  2.8523535E-01
   ge70     70   2.1913865E-08  4.2956255E-08  2.1042391E-08  1.6197681E-08  7.9351352E-09  3.0989856E-01
   ge71     71   1.7918725E-32  1.7918725E-32  0.0000000E+00  6.7566828E-33  0.0000000E+00  0.0000000E+00
   ge72     72   1.9236479E-08  4.7838398E-08  2.8601919E-08  1.8038611E-08  1.0785850E-08  2.2334871E-01
   ge73     73   5.6853855E-09  1.3825129E-08  8.1397440E-09  5.2130953E-09  3.0695164E-09  2.3002568E-01
   ge74     74   2.3533996E-08  6.2259716E-08  3.8725720E-08  2.3476513E-08  1.4603560E-08  2.0617488E-01
   as75     75   2.1001374E-09  7.7776594E-09  5.6775220E-09  2.9327523E-09  2.1410067E-09  1.3665734E-01
   se76     76   7.4994766E-09  1.3410293E-08  5.9108172E-09  5.0566715E-09  2.2289830E-09  3.5575804E-01
   se77     77   2.8820319E-09  7.7586604E-09  4.8766284E-09  2.9255882E-09  1.8389880E-09  2.0163432E-01
   se78     78   1.7800113E-08  3.3189611E-08  1.5389498E-08  1.2514936E-08  5.8034155E-09  3.3374497E-01
   se79     79   3.4934833E-09  3.4934833E-09  0.0000000E+00  1.3173013E-09  0.0000000E+00  0.0000000E+00
   se80     80   1.9646151E-08  5.2588987E-08  3.2942836E-08  1.9829933E-08  1.2422819E-08  2.0310110E-01
   br79     79   3.8728176E-10  5.6553624E-09  5.2680806E-09  2.1324895E-09  1.9866055E-09  3.0775249E-02
   br80     80   0.0000000E+00  0.0000000E+00  0.0000000E+00  0.0000000E+00  0.0000000E+00  0.0000000E+00
   br81     81   2.5687452E-09  7.8232816E-09  5.2545364E-09  2.9499552E-09  1.9814979E-09  1.7282182E-01
   kr80     80  -3.4956704E-11  1.2204993E-09  1.2554560E-09  4.6021839E-10  4.7343540E-10 -1.2296771E-02
   kr81     81   7.2605805E-13  7.2605805E-13  0.0000000E+00  2.7377753E-13  0.0000000E+00  0.0000000E+00
   kr82     82   8.6593603E-09  1.5107272E-08  6.4479115E-09  5.6965579E-09  2.4315223E-09  3.6973429E-01
   kr83     83   2.9173521E-09  9.3831511E-09  6.4657990E-09  3.5381413E-09  2.4382678E-09  1.6169378E-01
   kr84     84   1.7695886E-08  4.9944848E-08  3.2248963E-08  1.8832898E-08  1.2161159E-08  1.8994217E-01
   kr-5     85   1.1371282E-14  1.1371282E-14  0.0000000E+00  4.2878133E-15  0.0000000E+00  0.0000000E+00
   kr*5     85   0.0000000E+00  0.0000000E+00  0.0000000E+00  0.0000000E+00  0.0000000E+00  0.0000000E+00
   kr86     86   4.5003347E-08  5.4988064E-08  9.9847179E-09  2.0734563E-08  3.7652601E-09  7.4089992E-01
   rb85     85   6.0072280E-09  1.1241309E-08  5.2340812E-09  4.2388040E-09  1.9737840E-09  3.3194372E-01
   rb86     86   1.8845671E-31  1.8845671E-31  0.0000000E+00  7.1062107E-32  0.0000000E+00  0.0000000E+00
   rb87     87   9.9083284E-09  1.2113003E-08  2.2046749E-09  4.5674970E-09  8.3138801E-10  7.3987454E-01
   sr86     86   3.0660721E-09  5.5084781E-09  2.4424061E-09  2.0771032E-09  9.2103702E-10  3.5318097E-01
   sr87     87   1.3414165E-09  3.0681344E-09  1.7267179E-09  1.1569133E-09  6.5114930E-10  2.4962024E-01
   sr88     88   3.4376107E-08  5.5315844E-08  2.0939739E-08  2.0858160E-08  7.8964248E-09  4.2184550E-01
   sr89     89  -4.4447911E-29 -4.4447911E-29  0.0000000E+00 -1.6760147E-29  0.0000000E+00  0.0000000E+00
   sr90     90   1.9470656E-13  1.9470656E-13  0.0000000E+00  7.3418756E-14  0.0000000E+00  0.0000000E+00
    y89     89   1.0566203E-08  1.5560905E-08  4.9947024E-09  5.8676108E-09  1.8835140E-09  4.9349245E-01
    y90     90   4.9239782E-17  4.9239782E-17  0.0000000E+00  1.8567037E-17  0.0000000E+00  0.0000000E+00
    y91     91  -1.5272215E-28 -1.5272215E-28  0.0000000E+00 -5.7587532E-29  0.0000000E+00  0.0000000E+00
   zr90     90   9.6273558E-09  1.5580282E-08  5.9529262E-09  5.8749174E-09  2.2448623E-09  4.1781211E-01
   zr91     91   2.8191378E-09  4.1317314E-09  1.3125935E-09  1.5579680E-09  4.9498206E-10  4.9796909E-01
   zr92     92   5.2507838E-09  7.2791719E-09  2.0283883E-09  2.7447857E-09  7.6490991E-10  5.5489820E-01
   zr93     93   1.9227775E-09  1.9227775E-09  0.0000000E+00  7.2502920E-10  0.0000000E+00  0.0000000E+00
   zr94     94   6.9670505E-09  9.0673513E-09  2.1003008E-09  3.4190615E-09  7.9202828E-10  6.3516623E-01
   zr95     95  -3.0857429E-27 -3.0857429E-27  0.0000000E+00 -1.1635531E-27  0.0000000E+00  0.0000000E+00
   zr96     96   6.1087699E-09  6.4543375E-09  3.4556757E-10  2.4337621E-09  1.3031433E-10  1.2712860E+00
   nb93     93   9.0961183E-11  9.9793118E-10  9.0697000E-10  3.7629377E-10  3.4202050E-10  4.1474912E-02
   nb94     94   1.8887974E-16  1.8887974E-16  0.0000000E+00  7.1221621E-17  0.0000000E+00  0.0000000E+00
   nb95     95  -3.7189222E-27 -3.7189222E-27  0.0000000E+00 -1.4023084E-27  0.0000000E+00  0.0000000E+00
   mo94     94  -7.7748918E-12  2.7647434E-10  2.8424924E-10  1.0425125E-10  1.0719105E-10 -1.2077266E-02
   mo95     95   1.4200767E-09  1.9172717E-09  4.9719490E-10  7.2295309E-10  1.8749335E-10  5.8612424E-01
   mo96     96   2.6813676E-09  3.2102452E-09  5.2887750E-10  1.2104996E-09  1.9944092E-10  7.8315037E-01
   mo97     97   9.2879027E-10  1.2364689E-09  3.0767869E-10  4.6624016E-10  1.1602635E-10  6.0405308E-01
   mo98     98   2.2702977E-09  3.0601837E-09  7.8988599E-10  1.1539153E-09  2.9786784E-10  5.8815032E-01
   tc99     99   1.9445992E-10  1.9445992E-10  0.0000000E+00  7.3325755E-11  0.0000000E+00  0.0000000E+00
   ru99     99   7.2816253E-11  3.4861111E-10  2.7579486E-10  1.3145214E-10  1.0400289E-10  1.0172223E-01
  ru100    100   8.9803504E-10  1.1731208E-09  2.7508579E-10  4.4235324E-10  1.0373549E-10  6.2984186E-01
  ru101    101   1.7643947E-10  5.5262506E-10  3.7618558E-10  2.0838048E-10  1.4186044E-10  1.6699576E-01
  ru102    102   1.0478738E-09  1.7504515E-09  7.0257766E-10  6.6004952E-10  2.6494365E-10  3.9642304E-01
  rh103    103   1.5968002E-10  6.0836192E-10  4.4868190E-10  2.2939739E-10  1.6919897E-10  1.3219076E-01
  pd104    104   5.3858096E-10  7.3492740E-10  1.9634643E-10  2.7712194E-10  7.4042696E-11  5.7318872E-01
  pd105    105   1.2249418E-10  5.1984833E-10  3.9735415E-10  1.9602123E-10  1.4984318E-10  1.1666607E-01
  pd106    106   5.8701854E-10  1.0779785E-09  4.9095994E-10  4.0647755E-10  1.8514214E-10  3.4153131E-01
  pd107    107   1.1431175E-10  1.1431175E-10  0.0000000E+00  4.3103979E-11  0.0000000E+00  0.0000000E+00
  pd108    108   7.2353773E-10  1.2078383E-09  4.8430054E-10  4.5544427E-10  1.8263085E-10  3.9686114E-01
  ag107    107  -7.6495754E-12  3.2588671E-10  3.3353628E-10  1.2288337E-10  1.2577731E-10 -1.0109199E-02
  ag108    108   0.0000000E+00  0.0000000E+00  0.0000000E+00  0.0000000E+00  0.0000000E+00  0.0000000E+00
  ag109    109   1.7101034E-10  4.8666976E-10  3.1565942E-10  1.8351046E-10  1.1903591E-10  1.8798283E-01
  cd108    108  -2.2183644E-13  1.8481196E-11  1.8703032E-11  6.9687763E-12  7.0529567E-12 -5.2147182E-03
  cd109    109  -2.8093112E-25 -2.8093112E-25  0.0000000E+00 -1.0593179E-25  0.0000000E+00  0.0000000E+00
  cd110    110   6.2184469E-10  8.8918012E-10  2.6733543E-10  3.3528660E-10  1.0081281E-10  5.2190053E-01
  cd111    111   1.9694180E-10  4.7340076E-10  2.7645897E-10  1.7850707E-10  1.0425332E-10  2.3356552E-01
  cd112    112   7.8327678E-10  1.3091428E-09  5.2586602E-10  4.9364357E-10  1.9830529E-10  3.9607918E-01
  cd113    113   2.2506641E-10  4.9375393E-10  2.6868752E-10  1.8618171E-10  1.0132269E-10  2.6423031E-01
  cd114    114   1.1666142E-09  1.8039064E-09  6.3729211E-10  6.8020600E-10  2.4032434E-10  4.5184267E-01
  in115    115   2.1885654E-10  4.5915832E-10  2.4030178E-10  1.7313662E-10  9.0618360E-11  2.8117275E-01
  sn116    116   1.7176092E-09  2.4694340E-09  7.5182477E-10  9.3115904E-10  2.8351485E-10  5.1644808E-01
  sn117    117   4.9778565E-10  8.9832708E-10  4.0054143E-10  3.3873568E-10  1.5104511E-10  3.5075426E-01
  sn118    118   2.6773601E-09  3.8987293E-09  1.2213692E-09  1.4701090E-09  4.6058116E-10  5.0404340E-01
  sn119    119   7.7773238E-10  1.2333936E-09  4.5566123E-10  4.6508053E-10  1.7183090E-10  4.3242687E-01
  sn120    120   4.8875242E-09  6.6302537E-09  1.7427296E-09  2.5000955E-09  6.5718736E-10  5.8026743E-01
  sb121    121   3.4479816E-10  6.1355176E-10  2.6875360E-10  2.3135435E-10  1.0134760E-10  3.5846421E-01
  te122    122   6.2201699E-10  8.0066320E-10  1.7864624E-10  3.0190919E-10  6.7367910E-11  6.5142334E-01
  te123    123   2.2800117E-10  2.9086406E-10  6.2862889E-11  1.0967724E-10  2.3705742E-11  6.6526300E-01
  te124    124   1.2219799E-09  1.5595022E-09  3.3752234E-10  5.8804756E-10  1.2728045E-10  6.6465080E-01
  te125    125   3.9911446E-10  9.0660718E-10  5.0749271E-10  3.4185790E-10  1.9137668E-10  2.5195664E-01
  te126    126   2.4040716E-09  3.7672496E-09  1.3631780E-09  1.4205315E-09  5.1405763E-10  4.4143906E-01
   i127    127   2.7072555E-10  1.9803414E-09  1.7096159E-09  7.4673506E-10  6.4470013E-10  6.3808784E-02
   i128    128   0.0000000E+00  0.0000000E+00  0.0000000E+00  0.0000000E+00  0.0000000E+00  0.0000000E+00
   i129    129   3.9104736E-13  3.9104736E-13  0.0000000E+00  1.4745375E-13  0.0000000E+00  0.0000000E+00
  xe128    128   7.7660439E-10  9.6126007E-10  1.8465569E-10  3.6246606E-10  6.9634090E-11  7.1644545E-01
  xe129    129   2.3670377E-10  2.5548257E-09  2.3181219E-09  9.6335806E-10  8.7416918E-10  4.2192262E-02
  xe130    130   1.5977070E-09  1.9727819E-09  3.7507497E-10  7.4388457E-10  1.4144164E-10  7.2092831E-01
  xe131    131   5.6936256E-10  2.4430107E-09  1.8736481E-09  9.2119551E-10  7.0655709E-10  1.1520454E-01
  xe132    132   3.2679259E-09  5.5754836E-09  2.3075577E-09  2.1023692E-09  8.7018531E-10  3.8309729E-01
  xe133    133   1.1525983E-35  1.1525983E-35  0.0000000E+00  4.3461471E-36  0.0000000E+00  0.0000000E+00
  xe134    134   2.9524623E-09  3.8173962E-09  8.6493401E-10  1.4394405E-09  3.2616862E-10  6.4475155E-01
  cs133    133   4.3526871E-10  1.0419386E-09  6.0666994E-10  3.9288786E-10  2.2877664E-10  2.3485693E-01
  cs134    134   7.7939646E-19  7.7939646E-19  0.0000000E+00  2.9389006E-19  0.0000000E+00  0.0000000E+00
  cs135    135   7.7247142E-10  7.7247142E-10  0.0000000E+00  2.9127881E-10  0.0000000E+00  0.0000000E+00
  cs136    136   1.4502044E-33  1.4502044E-33  0.0000000E+00  5.4683419E-34  0.0000000E+00  0.0000000E+00
  cs137    137   3.9865306E-13  3.9865306E-13  0.0000000E+00  1.5032166E-13  0.0000000E+00  0.0000000E+00
  ba134    134   1.0342280E-09  1.2202127E-09  1.8598462E-10  4.6011034E-10  7.0135231E-11  8.1692576E-01
  ba135    135   3.4575132E-10  8.5678559E-10  5.1103427E-10  3.2307146E-10  1.9271221E-10  2.2438934E-01
  ba136    136   3.3839349E-09  3.9973145E-09  6.1337962E-10  1.5072829E-09  2.3130689E-10  8.1400621E-01
  ba137    137   7.0416446E-09  7.9252889E-09  8.8364427E-10  2.9884195E-09  3.3322431E-10  9.5270491E-01
  ba138    138   4.1004864E-08  4.6686697E-08  5.6818341E-09  1.7604334E-08  2.1426330E-09  9.1467184E-01
  la139    139   5.0065716E-09  5.7859060E-09  7.7933443E-10  2.1817141E-09  2.9388883E-10  8.7061477E-01
  ce140    140   1.5393070E-08  1.7179234E-08  1.7861642E-09  6.4778405E-09  6.7356665E-10  9.8304969E-01
  ce141    141   8.9568079E-32  8.9568079E-32  0.0000000E+00  3.3773784E-32  0.0000000E+00  0.0000000E+00
  ce142    142   2.5444253E-09  2.7720735E-09  2.2764808E-10  1.0452765E-09  8.5846621E-11  1.0855081E+00
  pr141    141   1.6307307E-09  1.9385673E-09  3.0783659E-10  7.3098311E-10  1.1608588E-10  7.9912794E-01
  nd142    142   2.9990590E-09  3.4096976E-09  4.1063863E-10  1.2857080E-09  1.5485278E-10  9.1922337E-01
  nd143    143   6.8715689E-10  8.7100382E-10  1.8384692E-10  3.2843281E-10  6.9329098E-11  6.7553103E-01
  nd144    144   2.0729685E-09  2.4383460E-09  3.6537753E-10  9.1943658E-10  1.3778473E-10  8.2432067E-01
  nd145    145   3.8963582E-10  5.2550841E-10  1.3587258E-10  1.9815551E-10  5.1237868E-11  5.8741510E-01
  nd146    146   1.8536386E-09  2.1210713E-09  2.6743269E-10  7.9980061E-10  1.0084949E-10  8.9930803E-01
  nd147    147   7.6931128E-34  7.6931128E-34  0.0000000E+00  2.9008719E-34  0.0000000E+00  0.0000000E+00
  nd148    148   2.9819996E-10  3.8865952E-10  9.0459570E-11  1.4655335E-10  3.4112515E-11  6.3308203E-01
  pm147    147  -2.6086936E-18 -2.6086936E-18  0.0000000E+00 -9.8367026E-19  0.0000000E+00  0.0000000E+00
  pm148    148   0.0000000E+00  0.0000000E+00  0.0000000E+00  0.0000000E+00  0.0000000E+00  0.0000000E+00
  sm147    147   2.2072055E-10  2.9353553E-10  7.2814983E-11  1.1068458E-10  2.7458699E-11  6.0540718E-01
  sm148    148   4.4855350E-10  5.0352389E-10  5.4970379E-11  1.8986571E-10  2.0729458E-11  9.6185857E-01
  sm149    149   8.4902620E-11  1.5294771E-10  6.8045090E-11  5.7672585E-11  2.5659962E-11  3.5171339E-01
  sm150    150   4.0860199E-10  4.4518250E-10  3.6580520E-11  1.6786669E-10  1.3794600E-11  1.0852555E+00
  sm151    151   2.0718218E-14  2.0718218E-14  0.0000000E+00  7.8122984E-15  0.0000000E+00  0.0000000E+00
  sm152    152   3.6845113E-10  5.0281390E-10  1.3436277E-10  1.8959799E-10  5.0668515E-11  5.7309556E-01
  eu151    151   5.8958255E-11  1.4759177E-10  8.8633517E-11  5.5653003E-11  3.3423906E-11  2.2143137E-01
  eu152    152   7.6625152E-20  7.6625152E-20  0.0000000E+00  2.8893344E-20  0.0000000E+00  0.0000000E+00
  eu153    153   6.8906353E-11  1.6694157E-10  9.8035219E-11  6.2949305E-11  3.6969310E-11  2.3114961E-01
  eu154    154   2.1744649E-18  2.1744649E-18  0.0000000E+00  8.1993394E-19  0.0000000E+00  0.0000000E+00
  eu155    155   3.8786983E-18  3.8786983E-18  0.0000000E+00  1.4625558E-18  0.0000000E+00  0.0000000E+00
  gd152    152   5.9464586E-14  1.3535969E-12  1.2941323E-12  5.1040606E-13  4.8802032E-13  1.9477930E-02
  gd153    153  -8.4781621E-29 -8.4781621E-29  0.0000000E+00 -3.1968935E-29  0.0000000E+00  0.0000000E+00
  gd154    154   1.6700882E-10  1.8130059E-10  1.4291765E-11  6.8363717E-11  5.3894575E-12  1.1032807E+00
  gd155    155   6.6720282E-11  1.6437653E-10  9.7656244E-11  6.1982093E-11  3.6826396E-11  2.2610703E-01
  gd156    156   2.7173808E-10  4.0767595E-10  1.3593787E-10  1.5372395E-10  5.1262487E-11  4.7694194E-01
  gd157    157   1.3006354E-10  2.3465840E-10  1.0459487E-10  8.8483554E-11  3.9442966E-11  3.5089299E-01
  gd158    158   5.2298493E-10  6.9006029E-10  1.6707534E-10  2.6020372E-10  6.3004497E-11  6.1594194E-01
  gd159    159   0.0000000E+00  0.0000000E+00  0.0000000E+00  0.0000000E+00  0.0000000E+00  0.0000000E+00
  gd160    160   4.0895315E-11  1.8978846E-10  1.4889315E-10  7.1564275E-11  5.6147954E-11  1.0536236E-01
  tb159    159   1.1116920E-10  2.3720764E-10  1.2603844E-10  8.9444806E-11  4.7529390E-11  2.7459291E-01
  tb160    160  -1.3187101E-28 -1.3187101E-28  0.0000000E+00 -4.9725116E-29  0.0000000E+00  0.0000000E+00
  tb161    161   1.0659688E-35  1.0659688E-35  0.0000000E+00  4.0194897E-36  0.0000000E+00  0.0000000E+00
  dy160    160   1.8811916E-10  2.0719093E-10  1.9071765E-11  7.8126290E-11  7.1920070E-12  1.0359472E+00
  dy161    161   8.8465762E-11  2.4411273E-10  1.5564697E-10  9.2048535E-11  5.8694827E-11  1.9541708E-01
  dy162    162   3.8998382E-10  6.0120481E-10  2.1122100E-10  2.2669863E-10  7.9651931E-11  4.5425263E-01
  dy163    163   1.6603442E-10  3.7372699E-10  2.0769257E-10  1.4092269E-10  7.8321356E-11  2.5510073E-01
  dy164    164   8.1913976E-10  1.0563387E-09  2.3719893E-10  3.9831774E-10  8.9448268E-11  6.4865768E-01
  ho165    165   1.5034492E-10  3.3509548E-10  1.8475056E-10  1.2635576E-10  6.9669867E-11  2.5855008E-01
  er166    166   3.4421460E-10  5.1972304E-10  1.7550843E-10  1.9597399E-10  6.6184641E-11  4.7144121E-01
  er167    167   1.4008147E-10  2.6060246E-10  1.2052098E-10  9.8266381E-11  4.5448742E-11  3.3488309E-01
  er168    168   5.3761451E-10  6.8064127E-10  1.4302678E-10  2.5665203E-10  5.3935734E-11  6.7746818E-01
  er169    169   3.8162002E-34  3.8162002E-34  0.0000000E+00  1.4389894E-34  0.0000000E+00  0.0000000E+00
  er170    170   2.1401543E-10  2.9400388E-10  7.9988446E-11  1.1086118E-10  3.0163826E-11  5.6529307E-01
  tm169    169   1.3425960E-10  2.1878498E-10  8.4525380E-11  8.2498099E-11  3.1874718E-11  4.1299763E-01
  tm170    170   3.5644266E-25  3.5644266E-25  0.0000000E+00  1.3440522E-25  0.0000000E+00  0.0000000E+00
  tm171    171   1.3073842E-18  1.3073842E-18  0.0000000E+00  4.9298041E-19  0.0000000E+00  0.0000000E+00
  yb170    170   1.7185375E-10  1.8784044E-10  1.5986689E-11  7.0829724E-11  6.0286177E-12  1.0699979E+00
  yb171    171   2.6159594E-10  3.3763026E-10  7.6034311E-11  1.2731155E-10  2.8672717E-11  6.4739895E-01
  yb172    172   6.8664696E-10  8.0438201E-10  1.1773502E-10  3.0331146E-10  4.4398148E-11  8.3452398E-01
  yb173    173   3.1392830E-10  4.0182499E-10  8.7896697E-11  1.5151772E-10  3.3146048E-11  6.6003168E-01
  yb174    174   1.3825078E-09  1.5583816E-09  1.7587383E-10  5.8762500E-10  6.6322434E-11  9.4743985E-01
  lu175    175   1.7999015E-10  2.5937058E-10  7.9380433E-11  9.7801871E-11  2.9934548E-11  5.1417446E-01
  lu176    176   1.3584457E-10  1.3816162E-10  2.3170548E-12  5.2097139E-11  8.7376677E-13  1.7754184E+00
  lu177    177   4.1076537E-35  4.1076537E-35  0.0000000E+00  1.5488889E-35  0.0000000E+00  0.0000000E+00
  hf176    176  -5.2565764E-13  1.7303084E-11  1.7828742E-11  6.5245413E-12  6.7232595E-12 -1.3029911E-02
  hf177    177   1.4586772E-10  2.0994877E-10  6.4081046E-11  7.9166194E-11  2.4165113E-11  5.1535094E-01
  hf178    178   6.7069961E-10  7.6524120E-10  9.4541569E-11  2.8855246E-10  3.5651850E-11  9.0814269E-01
  hf179    179   2.3623575E-10  2.8370567E-10  4.7469903E-11  1.0697800E-10  1.7901011E-11  7.7641690E-01
  hf180    180   1.2951603E-09  1.4180945E-09  1.2293422E-10  5.3472643E-10  4.6358781E-11  1.0619997E+00
  hf181    181   1.3261753E-31  1.3261753E-31  0.0000000E+00  5.0006611E-32  0.0000000E+00  0.0000000E+00
  hf182    182   4.9468540E-10  4.9468540E-10  0.0000000E+00  1.8653294E-10  0.0000000E+00  0.0000000E+00
  ta181    181   3.1893810E-10  3.7102474E-10  5.2086630E-11  1.3990374E-10  1.9641989E-11  8.5264385E-01
  ta182    182   5.3075362E-18  5.3075362E-18  0.0000000E+00  2.0013333E-18  0.0000000E+00  0.0000000E+00
  ta183    183   1.2439963E-36  1.2439963E-36  0.0000000E+00  4.6907850E-37  0.0000000E+00  0.0000000E+00
   w182    182   5.5399441E-10  6.3573158E-10  8.1737152E-11  2.3971777E-10  3.0823271E-11  8.9082146E-01
   w183    183   4.2359757E-10  4.6797832E-10  4.4380756E-11  1.7646240E-10  1.6736085E-11  1.0229983E+00
   w184    184   1.0170733E-09  1.1126178E-09  9.5544482E-11  4.1953910E-10  3.6030047E-11  1.0661076E+00
   w185    185  -2.7959788E-27 -2.7959788E-27  0.0000000E+00 -1.0542905E-27  0.0000000E+00  0.0000000E+00
   w186    186   4.9235277E-10  5.8196964E-10  8.9616863E-11  2.1944556E-10  3.3794727E-11  8.1247783E-01
  re185    185   1.9762017E-10  2.4316882E-10  4.5548652E-11  9.1692612E-11  1.7176502E-11  7.2739965E-01
  re186    186   4.4137956E-37  4.4137956E-37  0.0000000E+00  1.6643270E-37  0.0000000E+00  0.0000000E+00
  re187    187   1.0793296E-10  1.9099630E-10  8.3063341E-11  7.2019717E-11  3.1323378E-11  3.6158282E-01
  os186    186   3.7861986E-10  4.0386547E-10  2.5245618E-11  1.5228713E-10  9.5201815E-12  1.2040180E+00
  os187    187   1.0539319E-10  1.2558085E-10  2.0187662E-11  4.7353260E-11  7.6128140E-12  7.9380465E-01
  os188    188   8.0572293E-10  1.0186892E-09  2.1296634E-10  3.8412110E-10  8.0310106E-11  6.7969799E-01
  os189    189   1.5934426E-10  4.2038284E-10  2.6103858E-10  1.5851540E-10  9.8438258E-11  2.0690756E-01
  os190    190   7.7528201E-10  1.2020378E-09  4.2675580E-10  4.5325707E-10  1.6093059E-10  4.4970599E-01
  os191    191   9.0478013E-33  9.0478013E-33  0.0000000E+00  3.4116894E-33  0.0000000E+00  0.0000000E+00
  os192    192   1.7840679E-10  8.4817914E-10  6.6977235E-10  3.1982619E-10  2.5257268E-10  1.0252764E-01
  ir191    191   1.3539619E-10  7.0013245E-10  5.6473626E-10  2.6400165E-10  2.1296337E-10  9.3301721E-02
  ir192    192   2.0952688E-30  2.0952688E-30  0.0000000E+00  7.9007119E-31  0.0000000E+00  0.0000000E+00
  ir193    193   1.5955615E-10  1.1187967E-09  9.5924058E-10  4.2186901E-10  3.6173187E-10  6.6790901E-02
  pt192    192   1.9212566E-10  2.1587220E-10  2.3746536E-11  8.1399769E-11  8.9548742E-12  9.5856369E-01
  pt193    193   5.7660819E-15  5.7660819E-15  0.0000000E+00  2.1742389E-15  0.0000000E+00  0.0000000E+00
  pt194    194   6.0004157E-10  1.6115796E-09  1.0115381E-09  6.0768457E-10  3.8145337E-10  2.0223676E-01
  pt195    195   2.2864588E-10  1.2721103E-09  1.0434644E-09  4.7967957E-10  3.9349285E-10  8.6014360E-02
  pt196    196   1.0756381E-09  1.8581335E-09  7.8249540E-10  7.0065365E-10  2.9508085E-10  3.7556237E-01
  au197    197   3.4494280E-10  8.1653873E-10  4.7159593E-10  3.0789543E-10  1.7783992E-10  2.3837399E-01
  hg198    198   1.2110978E-09  1.3218798E-09  1.1078208E-10  4.9844634E-10  4.1776180E-11  1.0766897E+00
  hg199    199   5.2850319E-10  7.1689737E-10  1.8839420E-10  2.7032326E-10  7.1043886E-11  5.8035678E-01
  hg200    200   1.7510499E-09  2.0103104E-09  2.5926053E-10  7.5803552E-10  9.7767745E-11  8.8949400E-01
  hg201    201   7.2636869E-10  8.7502988E-10  1.4866119E-10  3.2995093E-10  5.6060479E-11  7.6979256E-01
  hg202    202   2.7911249E-09  3.1296068E-09  3.3848183E-10  1.1800930E-09  1.2764229E-10  9.6592164E-01
  tl203    203   1.5033581E-09  1.6372529E-09  1.3389476E-10  6.1736533E-10  5.0492024E-11  1.0873195E+00
  tl204    204  -1.3219774E-16 -1.3219774E-16  0.0000000E+00 -4.9848316E-17  0.0000000E+00  0.0000000E+00
  tl205    205   2.9902711E-09  3.3130472E-09  3.2277606E-10  1.2492636E-09  1.2171961E-10  1.0112935E+00
  pb204    204   1.1221298E-09  1.2916075E-09  1.6947765E-10  4.8703147E-10  6.3910419E-11  8.8198543E-01
  pb205    205   2.5628963E-10  2.5628963E-10  0.0000000E+00  9.6640126E-11  0.0000000E+00  0.0000000E+00
  pb206    206   1.2685854E-08  1.4278274E-08  1.5924194E-09  5.3839639E-09  6.0050509E-10  9.5258546E-01
  pb207    207   2.0517156E-08  2.2287903E-08  1.7707474E-09  8.4041858E-09  6.6775296E-10  1.0998799E+00
  pb208    208   3.5810919E-07  3.6320210E-07  5.0929061E-09  1.3695403E-07  1.9205468E-09  1.8531499E+00
  bi209    209   1.2080076E-08  1.2434278E-08  3.5420164E-10  4.6886415E-09  1.3357027E-10  1.5453373E+00
  bi210    210   1.0257711E-36  1.0257711E-36  0.0000000E+00  3.8679151E-37  0.0000000E+00  0.0000000E+00
  po210    210   3.3843786E-08  3.3843786E-08  0.0000000E+00  1.2761608E-08  0.0000000E+00  0.0000000E+00
