# Initial mass = 7.000, Z =  0.0028, Y =  0.250, M_mix = 0.00E+00
# Final mass = 1.109, Mass expelled =   5.8910
  species    A      yield       mass(i)_lost    mass(i)_0        <X(i)>           X0(i)   log10(<X(i)>/X0(i)) 
      n      1   0.0000000E+00  0.0000000E+00  0.0000000E+00  0.0000000E+00  0.0000000E+00  0.0000000E+00
      p      1  -5.9142542E-01  3.8098392E+00  4.4012647E+00  6.4672202E-01  7.4716753E-01 -6.2700346E-02
      d      2   2.5852071E-17  2.5852071E-17  0.0000000E+00  4.3884016E-18  0.0000000E+00  0.0000000E+00
    he3      3   1.2010655E-06  1.2010655E-06  0.0000000E+00  2.0388146E-07  0.0000000E+00  0.0000000E+00
    he4      4   5.8624804E-01  2.0588338E+00  1.4725858E+00  3.4948805E-01  2.4998912E-01  1.4551121E-01
    li7      7   2.4156659E-09  1.3136091E-08  1.0720425E-08  2.2298579E-09  1.8199209E-09  8.8224672E-02
    be7      7   2.2952706E-11  2.2952706E-11  0.0000000E+00  3.8962327E-12  0.0000000E+00  0.0000000E+00
     b8      8   6.6049016E-24  6.6049016E-24  0.0000000E+00  1.1211852E-24  0.0000000E+00  0.0000000E+00
    c12     12  -2.0953298E-03  8.5629779E-04  2.9516276E-03  1.4535696E-04  5.0107419E-04 -5.3746623E-01
    c13     13   1.5660335E-04  1.9237128E-04  3.5767935E-05  3.2655120E-05  6.0720358E-06  7.3061693E-01
    c14     14   5.5260890E-10  5.5260890E-10  0.0000000E+00  9.3805630E-11  0.0000000E+00  0.0000000E+00
    n13     13   0.0000000E+00  0.0000000E+00  0.0000000E+00  0.0000000E+00  0.0000000E+00  0.0000000E+00
    n14     14   1.1201683E-02  1.2074359E-02  8.7267550E-04  2.0496282E-03  1.4814714E-04  1.1409819E+00
    n15     15  -1.2998585E-06  8.4964569E-07  2.1495041E-06  1.4422777E-07  3.6490411E-07 -4.0312988E-01
    o14     14   0.0000000E+00  0.0000000E+00  0.0000000E+00  0.0000000E+00  0.0000000E+00  0.0000000E+00
    o15     15   0.0000000E+00  0.0000000E+00  0.0000000E+00  0.0000000E+00  0.0000000E+00  0.0000000E+00
    o16     16  -4.1700006E-03  2.9574090E-03  7.1274098E-03  5.0202163E-04  1.2099633E-03 -3.8204980E-01
    o17     17   1.6577380E-05  1.9454483E-05  2.8771028E-06  3.3024078E-06  4.8842276E-07  8.3003485E-01
    o18     18  -1.5985393E-05  5.1279688E-08  1.6036673E-05  8.7047516E-09  2.7224175E-06 -2.4951985E+00
    o19     19   0.0000000E+00  0.0000000E+00  0.0000000E+00  0.0000000E+00  0.0000000E+00  0.0000000E+00
    f17     17   0.0000000E+00  0.0000000E+00  0.0000000E+00  0.0000000E+00  0.0000000E+00  0.0000000E+00
    f18     18   0.0000000E+00  0.0000000E+00  0.0000000E+00  0.0000000E+00  0.0000000E+00  0.0000000E+00
    f19     19  -4.4855182E-07  1.3260511E-08  4.6181233E-07  2.2509781E-09  7.8398187E-08 -1.5419348E+00
    f20     20   0.0000000E+00  0.0000000E+00  0.0000000E+00  0.0000000E+00  0.0000000E+00  0.0000000E+00
   ne19     19   0.0000000E+00  0.0000000E+00  0.0000000E+00  0.0000000E+00  0.0000000E+00  0.0000000E+00
   ne20     20   2.9150397E-05  1.4912044E-03  1.4620540E-03  2.5313266E-04  2.4820119E-04  8.5442774E-03
   ne21     21  -3.6170879E-06  6.2904085E-08  3.6799920E-06  1.0677999E-08  6.2472282E-07 -1.7671975E+00
   ne22     22   2.9572177E-05  1.4782860E-04  1.1825642E-04  2.5093976E-05  2.0075448E-05  9.6904218E-02
   ne23     23   0.0000000E+00  0.0000000E+00  0.0000000E+00  0.0000000E+00  0.0000000E+00  0.0000000E+00
   na21     21   0.0000000E+00  0.0000000E+00  0.0000000E+00  0.0000000E+00  0.0000000E+00  0.0000000E+00
   na22     22   1.9748632E-09  1.9748632E-09  0.0000000E+00  3.3523398E-10  0.0000000E+00  0.0000000E+00
   na23     23  -1.8764586E-05  2.0813928E-05  3.9578514E-05  3.5331743E-06  6.7189276E-06 -2.7913490E-01
   na24     24   7.9678871E-37  7.9678871E-37  0.0000000E+00  1.3525527E-37  0.0000000E+00  0.0000000E+00
   mg23     23   0.0000000E+00  0.0000000E+00  0.0000000E+00  0.0000000E+00  0.0000000E+00  0.0000000E+00
   mg24     24  -6.7137316E-04  2.6052945E-05  6.9742609E-04  4.4224998E-06  1.1839645E-04 -1.4276710E+00
   mg25     25   6.3547166E-04  7.2744349E-04  9.1971830E-05  1.2348389E-04  1.5613321E-05  8.9811498E-01
   mg26     26  -1.1572913E-05  9.3738410E-05  1.0531132E-04  1.5912141E-05  1.7877861E-05 -5.0586909E-02
   mg27     27   0.0000000E+00  0.0000000E+00  0.0000000E+00  0.0000000E+00  0.0000000E+00  0.0000000E+00
   al25     25   0.0000000E+00  0.0000000E+00  0.0000000E+00  0.0000000E+00  0.0000000E+00  0.0000000E+00
   al-6     26   4.1538144E-05  4.1538144E-05  0.0000000E+00  7.0511201E-06  0.0000000E+00  0.0000000E+00
   al*6     26   0.0000000E+00  0.0000000E+00  0.0000000E+00  0.0000000E+00  0.0000000E+00  0.0000000E+00
   al27     27   5.5068296E-05  1.2222421E-04  6.7155917E-05  2.0747619E-05  1.1400523E-05  2.6004347E-01
   al28     28   0.0000000E+00  0.0000000E+00  0.0000000E+00  0.0000000E+00  0.0000000E+00  0.0000000E+00
   si27     27   0.0000000E+00  0.0000000E+00  0.0000000E+00  0.0000000E+00  0.0000000E+00  0.0000000E+00
   si28     28   1.2326927E-05  7.8456040E-04  7.7223347E-04  1.3317951E-04  1.3109591E-04  6.8482663E-03
   si29     29   5.5209603E-07  4.1166248E-05  4.0614152E-05  6.9879902E-06  6.8947397E-06  5.8344188E-03
   si30     30   8.0770951E-07  2.8503162E-05  2.7695452E-05  4.8384254E-06  4.7016356E-06  1.2455088E-02
    p31     31   1.4036596E-07  7.8508601E-06  7.7104942E-06  1.3326872E-06  1.3089490E-06  7.8054992E-03
    p32     32   7.9762002E-25  7.9762002E-25  0.0000000E+00  1.3539639E-25  0.0000000E+00  0.0000000E+00
    p33     33  -1.3739959E-24 -1.3739959E-24  0.0000000E+00 -2.3323646E-25  0.0000000E+00  0.0000000E+00
    s32     32  -3.6985148E-07  3.6969074E-04  3.7006059E-04  6.2755178E-05  6.2822226E-05 -4.6376168E-04
    s33     33   3.2566732E-09  3.0585036E-06  3.0552469E-06  5.1918244E-07  5.1866482E-07  4.3316680E-04
    s34     34   5.9417289E-08  1.7827921E-05  1.7768503E-05  3.0262981E-06  3.0164167E-06  1.4203677E-03
    s35     35  -1.5560473E-17 -1.5560473E-17  0.0000000E+00 -2.6413978E-18  0.0000000E+00  0.0000000E+00
    s36     36   2.0118286E-08  1.0782738E-07  8.7709097E-08  1.8303750E-08  1.4889672E-08  8.9654908E-02
   cl35     35   2.2932682E-08  3.8190765E-06  3.7961438E-06  6.4829010E-07  6.4444100E-07  2.5862136E-03
   cl36     36   1.5415808E-09  1.5415808E-09  0.0000000E+00  2.6168406E-10  0.0000000E+00  0.0000000E+00
   cl37     37   8.2956149E-08  1.3655489E-06  1.2825927E-06  2.3180259E-07  2.1773552E-07  2.7188987E-02
   ar36     36  -1.6629929E-07  7.0523478E-05  7.0689777E-05  1.1971394E-05  1.2000438E-05 -1.0523478E-03
   ar37     37   8.0717787E-21  8.0717787E-21  0.0000000E+00  1.3701883E-21  0.0000000E+00  0.0000000E+00
   ar38     38   5.1009010E-08  1.3617977E-05  1.3566968E-05  2.3116581E-06  2.3031557E-06  1.6002697E-03
   ar39     39   5.3310095E-10  5.3310095E-10  0.0000000E+00  9.0494147E-11  0.0000000E+00  0.0000000E+00
   ar40     40   1.2677793E-08  3.5518660E-08  2.2840867E-08  6.0293095E-09  3.8775112E-09  1.9171451E-01
    k39     39   1.1756356E-08  3.6920630E-06  3.6803067E-06  6.2672950E-07  6.2477625E-07  1.3556012E-03
    k40     40   3.0539562E-09  3.6497281E-09  5.9577182E-10  6.1954308E-10  1.0113942E-10  7.8715110E-01
    k41     41   2.1397170E-08  3.0060968E-07  2.7921251E-07  5.1028639E-08  4.7399677E-08  3.2038588E-02
   ca40     40  -1.1176598E-07  6.3607607E-05  6.3719373E-05  1.0797422E-05  1.0817129E-05 -7.9195219E-04
   ca41     41   2.0733157E-09  2.0733157E-09  0.0000000E+00  3.5194633E-10  0.0000000E+00  0.0000000E+00
   ca42     42   4.4051092E-09  4.5095697E-07  4.4655187E-07  7.6550165E-08  7.5807542E-08  4.2337077E-03
   ca43     43   1.0581971E-09  9.6450307E-08  9.5392110E-08  1.6372486E-08  1.6193955E-08  4.7617205E-03
   ca44     44   2.1298092E-09  1.5104252E-06  1.5082954E-06  2.5639542E-07  2.5605127E-07  5.8333669E-04
   ca45     45  -9.0717462E-16 -9.0717462E-16  0.0000000E+00 -1.5399333E-16  0.0000000E+00  0.0000000E+00
   ca46     46   3.2615537E-09  6.2852576E-09  3.0237040E-09  1.0669255E-09  5.1331006E-10  3.1775433E-01
   ca47     47   2.5247955E-29  2.5247955E-29  0.0000000E+00  4.2858524E-30  0.0000000E+00  0.0000000E+00
   ca48     48   1.2121859E-11  1.4751575E-07  1.4750363E-07  2.5040869E-08  2.5040510E-08  6.2643594E-06
   sc45     45   2.0058550E-09  4.4558938E-08  4.2553083E-08  7.5639015E-09  7.2238957E-09  1.9974442E-02
   sc46     46  -2.1256542E-21 -2.1256542E-21  0.0000000E+00 -3.6083083E-22  0.0000000E+00  0.0000000E+00
   sc47     47   1.1100706E-28  1.1100706E-28  0.0000000E+00  1.8843502E-29  0.0000000E+00  0.0000000E+00
   sc48     48   2.4615792E-33  2.6840909E-29  2.6838448E-29  4.5562571E-30  4.5561488E-30  0.0000000E+00
   ti46     46  -3.4336267E-10  2.5963328E-07  2.5997664E-07  4.4072873E-08  4.4134158E-08 -6.0348451E-04
   ti47     47  -1.1640964E-09  2.3838533E-07  2.3954942E-07  4.0466023E-08  4.0666389E-08 -2.1450748E-03
   ti48     48  -8.1731741E-09  2.4158962E-06  2.4240694E-06  4.1009955E-07  4.1151486E-07 -1.4962207E-03
   ti49     49   5.6132166E-09  1.8721144E-07  1.8159822E-07  3.1779233E-08  3.0828478E-08  1.3191329E-02
   ti50     50   5.5307936E-09  1.8295972E-07  1.7742893E-07  3.1057500E-08  3.0120688E-08  1.3301605E-02
    v51     51  -2.4638496E-09  3.8855862E-07  3.9102247E-07  6.5958012E-08  6.6380750E-08 -2.7745788E-03
   cr52     52  -2.8507202E-08  1.6000671E-05  1.6029178E-05  2.7161216E-06  2.7211454E-06 -8.0258492E-04
   cr53     53  -1.1671432E-08  1.8408534E-06  1.8525249E-06  3.1248575E-07  3.1448832E-07 -2.7743182E-03
   cr54     54   3.1062797E-08  5.0089659E-07  4.6983379E-07  8.5027438E-08  7.9759928E-08  2.7774341E-02
   mn55     55   1.7894035E-07  1.4177635E-05  1.3998695E-05  2.4066605E-06  2.3764464E-06  5.4867747E-03
   fe54     54  -5.0178642E-07  9.1734626E-05  9.2236412E-05  1.5571997E-05  1.5658239E-05 -2.3986045E-03
   fe55     55  -1.0598859E-14 -1.0598859E-14  0.0000000E+00 -1.7991615E-15  0.0000000E+00  0.0000000E+00
   fe56     56  -3.1935051E-06  1.4983257E-03  1.5015192E-03  2.5434152E-04  2.5490089E-04 -9.5411687E-04
   fe57     57   6.2045365E-07  3.5916462E-05  3.5296009E-05  6.0968368E-06  5.9919212E-06  7.5385068E-03
   fe58     58   1.1481002E-06  5.9277791E-06  4.7796789E-06  1.0062433E-06  8.1140786E-07  9.3463778E-02
   fe59     59  -2.9295404E-18 -2.9295404E-18  0.0000000E+00 -4.9729090E-19  0.0000000E+00  0.0000000E+00
   fe60     60   5.7401468E-07  5.7401468E-07  0.0000000E+00  9.7439269E-08  0.0000000E+00  0.0000000E+00
   co59     59   4.6610216E-07  4.1522167E-06  3.6861145E-06  7.0484077E-07  6.2576214E-07  5.1681701E-02
   co60     60   5.7449590E-11  5.7449590E-11  0.0000000E+00  9.7520958E-12  0.0000000E+00  0.0000000E+00
   ni58     58  -2.0462539E-07  5.2536376E-05  5.2741001E-05  8.9180749E-06  8.9534178E-06 -1.7177167E-03
   ni59     59   4.2945070E-09  4.2945070E-09  0.0000000E+00  7.2899464E-10  0.0000000E+00  0.0000000E+00
   ni60     60   8.7475200E-08  2.1103984E-05  2.1016509E-05  3.5824114E-06  3.5678047E-06  1.7743739E-03
   ni61     61   1.8311857E-07  1.1119373E-06  9.2881874E-07  1.8875190E-07  1.5767813E-07  7.8119852E-02
   ni62     62   3.0459182E-07  3.3145079E-06  3.0099161E-06  5.6263934E-07  5.1096936E-07  4.1835215E-02
   ni63     63   1.9807385E-09  1.9807385E-09  0.0000000E+00  3.3623132E-10  0.0000000E+00  0.0000000E+00
   ni64     64   2.6671535E-07  1.0580005E-06  7.9128517E-07  1.7959610E-07  1.3433015E-07  1.2612340E-01
   cu63     63   1.7115184E-07  8.2425083E-07  6.5309899E-07  1.3991698E-07  1.1087139E-07  1.0105090E-01
   cu64     64   1.6940979E-37  1.6940979E-37  0.0000000E+00  2.8757394E-38  0.0000000E+00  0.0000000E+00
   cu65     65   4.5135778E-08  3.4546849E-07  3.0033272E-07  5.8643444E-08  5.0985079E-08  6.0776338E-02
   zn64     64  -4.6411515E-09  1.1143168E-06  1.1189579E-06  1.8915581E-07  1.8995654E-07 -1.8345509E-03
   zn65     65  -1.1632219E-16 -1.1632219E-16  0.0000000E+00 -1.9745748E-17  0.0000000E+00  0.0000000E+00
   zn66     66   3.6442543E-08  6.9845873E-07  6.6201619E-07  1.1856370E-07  1.1238519E-07  2.3242723E-02
   zn67     67   8.4866514E-09  1.0724462E-07  9.8757972E-08  1.8204826E-08  1.6765350E-08  3.5773892E-02
   zn68     68   4.5305455E-08  5.0368726E-07  4.5838181E-07  8.5501156E-08  7.7815812E-08  4.0904116E-02
   zn69     69   0.0000000E+00  0.0000000E+00  0.0000000E+00  0.0000000E+00  0.0000000E+00  0.0000000E+00
   zn70     70   1.7089619E-10  1.5774061E-08  1.5603165E-08  2.6776545E-09  2.6488247E-09  4.7013429E-03
   ga69     69   6.6407750E-09  4.8665207E-08  4.2024432E-08  8.2609422E-09  7.1341515E-09  6.3687235E-02
   ga70     70   0.0000000E+00  0.0000000E+00  0.0000000E+00  0.0000000E+00  0.0000000E+00  0.0000000E+00
   ga71     71   4.9154529E-09  3.3614160E-08  2.8698707E-08  5.7060201E-09  4.8719500E-09  6.8630457E-02
   ge70     70   9.1111758E-09  5.5853878E-08  4.6742702E-08  9.4812229E-09  7.9351352E-09  7.7310041E-02
   ge71     71   1.1642116E-24  1.1642116E-24  0.0000000E+00  1.9762547E-25  0.0000000E+00  0.0000000E+00
   ge72     72   8.1416189E-09  7.1676745E-08  6.3535126E-08  1.2167162E-08  1.0785850E-08  5.2334905E-02
   ge73     73   2.3954332E-09  2.0476726E-08  1.8081293E-08  3.4759342E-09  3.0695164E-09  5.4001570E-02
   ge74     74   9.8747037E-09  9.5898429E-08  8.6023725E-08  1.6278804E-08  1.4603560E-08  4.7163792E-02
   as75     75   7.3631767E-10  1.3348131E-08  1.2611814E-08  2.2658517E-09  2.1410067E-09  2.4613451E-02
   se76     76   3.4089220E-09  1.6538969E-08  1.3130047E-08  2.8074980E-09  2.2289830E-09  1.0021274E-01
   se77     77   1.1116397E-09  1.1944381E-08  1.0832742E-08  2.0275646E-09  1.8389880E-09  4.2395819E-02
   se78     78   7.5050437E-09  4.1690640E-08  3.4185597E-08  7.0770061E-09  5.8034155E-09  8.6165905E-02
   se79     79   1.6788972E-09  1.6788972E-09  0.0000000E+00  2.8499361E-10  0.0000000E+00  0.0000000E+00
   se80     80   8.1294473E-09  8.1307306E-08  7.3177858E-08  1.3801954E-08  1.2422819E-08  4.5720425E-02
   br79     79  -2.8648373E-10  1.1415814E-08  1.1702298E-08  1.9378399E-09  1.9866055E-09 -1.0793749E-02
   br80     80   0.0000000E+00  0.0000000E+00  0.0000000E+00  0.0000000E+00  0.0000000E+00  0.0000000E+00
   br81     81   1.1168364E-09  1.2789046E-08  1.1672210E-08  2.1709468E-09  1.9814979E-09  3.9655570E-02
   kr80     80   2.1994051E-10  3.0087588E-09  2.7888183E-09  5.1073823E-10  4.7343540E-10  3.2937612E-02
   kr81     81   2.2315906E-11  2.2315906E-11  0.0000000E+00  3.7881356E-12  0.0000000E+00  0.0000000E+00
   kr82     82   3.7763677E-09  1.8099492E-08  1.4323124E-08  3.0723974E-09  2.4315223E-09  1.0159913E-01
   kr83     83   1.0343921E-09  1.5397251E-08  1.4362859E-08  2.6136908E-09  2.4382678E-09  3.0172821E-02
   kr84     84   7.2030275E-09  7.8839548E-08  7.1636521E-08  1.3383051E-08  1.2161159E-08  4.1580163E-02
   kr-5     85   3.0896327E-12  3.0896327E-12  0.0000000E+00  5.2446665E-13  0.0000000E+00  0.0000000E+00
   kr*5     85   0.0000000E+00  0.0000000E+00  0.0000000E+00  0.0000000E+00  0.0000000E+00  0.0000000E+00
   kr86     86   9.5475308E-09  3.1727172E-08  2.2179641E-08  5.3857026E-09  3.7652601E-09  1.5544738E-01
   rb85     85   2.3829889E-09  1.4009761E-08  1.1626772E-08  2.3781637E-09  1.9737840E-09  8.0942124E-02
   rb86     86   4.8042828E-24  4.8042828E-24  0.0000000E+00  8.1552933E-25  0.0000000E+00  0.0000000E+00
   rb87     87   2.8983971E-09  7.7957711E-09  4.8973741E-09  1.3233359E-09  8.3138801E-10  2.0186636E-01
   sr86     86   1.2079839E-09  6.6334445E-09  5.4254605E-09  1.1260304E-09  9.2103702E-10  8.7272994E-02
   sr87     87   4.3810777E-10  4.2737676E-09  3.8356598E-09  7.2547413E-10  6.5114930E-10  4.6941314E-02
   sr88     88   4.4175117E-09  5.0932186E-08  4.6514675E-08  8.6457632E-09  7.8964248E-09  3.9372854E-02
   sr89     89  -1.7707940E-20 -1.7707940E-20  0.0000000E+00 -3.0059313E-21  0.0000000E+00  0.0000000E+00
   sr90     90   1.3683310E-12  1.3683310E-12  0.0000000E+00  2.3227484E-13  0.0000000E+00  0.0000000E+00
    y89     89   9.1846086E-10  1.2013488E-08  1.1095027E-08  2.0392954E-09  1.8835140E-09  3.4511250E-02
    y90     90   3.4604033E-16  3.4604033E-16  0.0000000E+00  5.8740511E-17  0.0000000E+00  0.0000000E+00
    y91     91  -1.5966024E-20 -1.5966024E-20  0.0000000E+00 -2.7102403E-21  0.0000000E+00  0.0000000E+00
   zr90     90   5.3571281E-10  1.3759298E-08  1.3223585E-08  2.3356475E-09  2.2448623E-09  1.7217573E-02
   zr91     91   1.4106871E-10  3.0568099E-09  2.9157412E-09  5.1889498E-10  4.9498206E-10  2.0489993E-02
   zr92     92   2.2064217E-10  4.7264201E-09  4.5057780E-09  8.0231211E-10  7.6490991E-10  2.0733053E-02
   zr93     93   9.3021472E-11  9.3021472E-11  0.0000000E+00  1.5790440E-11  0.0000000E+00  0.0000000E+00
   zr94     94   1.9627322E-10  4.8617950E-09  4.6655217E-09  8.2529206E-10  7.9202828E-10  1.7866949E-02
   zr95     95  -5.3140790E-20 -5.3140790E-20  0.0000000E+00 -9.0206744E-21  0.0000000E+00  0.0000000E+00
   zr96     96   1.7626811E-10  9.4389763E-10  7.6762952E-10  1.6022708E-10  1.3031433E-10  8.9743756E-02
   nb93     93  -3.8629766E-11  1.9760762E-09  2.0147060E-09  3.3543990E-10  3.4202050E-10 -8.4373700E-03
   nb94     94   1.3310923E-14  1.3310923E-14  0.0000000E+00  2.2595356E-15  0.0000000E+00  0.0000000E+00
   nb95     95  -6.3995209E-20 -6.3995209E-20  0.0000000E+00 -1.0863218E-20  0.0000000E+00  0.0000000E+00
   mo94     94   2.7408631E-11  6.5882821E-10  6.3141958E-10  1.1183641E-10  1.0719105E-10  1.8424654E-02
   mo95     95   4.1367798E-11  1.1458161E-09  1.1044483E-09  1.9450283E-10  1.8749335E-10  1.5940059E-02
   mo96     96   7.4042772E-11  1.2488695E-09  1.1748267E-09  2.1199618E-10  1.9944092E-10  2.6513768E-02
   mo97     97   1.9696467E-11  7.0316120E-10  6.8346473E-10  1.1936195E-10  1.1602635E-10  1.2309270E-02
   mo98     98   6.0051852E-11  1.8146720E-09  1.7546201E-09  3.0804145E-10  2.9786784E-10  1.4585541E-02
   tc99     99   9.0978588E-12  9.0978588E-12  0.0000000E+00  1.5443659E-12  0.0000000E+00  0.0000000E+00
   ru99     99  -1.0232093E-11  6.0240729E-10  6.1263938E-10  1.0225893E-10  1.0400289E-10 -7.3441705E-03
  ru100    100   3.2725822E-11  6.4379008E-10  6.1106425E-10  1.0928367E-10  1.0373549E-10  2.2627980E-02
  ru101    101  -2.2724933E-11  8.1291818E-10  8.3564311E-10  1.3799326E-10  1.4186044E-10 -1.2003440E-02
  ru102    102   3.8329118E-11  1.5990061E-09  1.5606770E-09  2.7143207E-10  2.6494365E-10  1.0507623E-02
  rh103    103  -1.9171331E-11  9.7751207E-10  9.9668340E-10  1.6593314E-10  1.6919897E-10 -8.4645832E-03
  pd104    104   3.9147574E-11  4.7530346E-10  4.3615589E-10  8.0682995E-11  7.4042696E-11  3.7299819E-02
  pd105    105  -2.5456859E-11  8.5720930E-10  8.8266616E-10  1.4551169E-10  1.4984318E-10 -1.2739151E-02
  pd106    106   2.7729374E-11  1.1183277E-09  1.0905983E-09  1.8983666E-10  1.8514214E-10  1.0874801E-02
  pd107    107   1.2796604E-11  1.2796604E-11  0.0000000E+00  2.1722296E-12  0.0000000E+00  0.0000000E+00
  pd108    108   8.5160767E-12  1.0843213E-09  1.0758052E-09  1.8406407E-10  1.8263085E-10  3.3948948E-03
  ag107    107  -2.1709412E-11  7.1919437E-10  7.4090378E-10  1.2208359E-10  1.2577731E-10 -1.2945015E-02
  ag108    108   0.0000000E+00  0.0000000E+00  0.0000000E+00  0.0000000E+00  0.0000000E+00  0.0000000E+00
  ag109    109  -7.4610873E-12  6.9373174E-10  7.0119283E-10  1.1776130E-10  1.1903591E-10 -4.6753869E-03
  cd108    108   1.8884286E-11  6.0430431E-11  4.1546145E-11  1.0258095E-11  7.0529567E-12  1.6269547E-01
  cd109    109   1.0810213E-21  1.0810213E-21  0.0000000E+00  1.8350388E-22  0.0000000E+00  0.0000000E+00
  cd110    110   2.4731772E-11  6.1857969E-10  5.9384792E-10  1.0500420E-10  1.0081281E-10  1.7690927E-02
  cd111    111  -7.5427997E-12  6.0657174E-10  6.1411454E-10  1.0296584E-10  1.0425332E-10 -5.3967321E-03
  cd112    112   1.5644486E-11  1.1837815E-09  1.1681370E-09  2.0094748E-10  1.9830529E-10  5.7482361E-03
  cd113    113  -2.2372659E-12  5.9461414E-10  5.9685140E-10  1.0093604E-10  1.0132269E-10 -1.6604676E-03
  cd114    114   2.1553759E-11  1.4372082E-09  1.4156545E-09  2.4396679E-10  2.4032434E-10  6.5329014E-03
  in115    115  -4.2005288E-12  5.2959592E-10  5.3379645E-10  8.9899165E-11  9.0618360E-11 -3.4605190E-03
  sn116    116   2.6144420E-11  1.6962169E-09  1.6700725E-09  2.8793365E-10  2.8351485E-10  6.7165606E-03
  sn117    117  -8.9178664E-13  8.8885443E-10  8.8974622E-10  1.5088347E-10  1.5104511E-10 -4.6503148E-04
  sn118    118   2.3330227E-11  2.7364295E-09  2.7130993E-09  4.6451024E-10  4.6058116E-10  3.6891385E-03
  sn119    119   4.7148951E-12  1.0169019E-09  1.0121870E-09  1.7261959E-10  1.7183090E-10  1.9887628E-03
  sn120    120   3.2732039E-11  3.9039598E-09  3.8712278E-09  6.6269906E-10  6.5718736E-10  3.6271738E-03
  sb121    121  -3.8393733E-12  5.9315880E-10  5.9699817E-10  1.0068899E-10  1.0134760E-10 -2.8314798E-03
  te122    122   1.0805912E-11  4.0764331E-10  3.9683740E-10  6.9197648E-11  6.7367910E-11  1.1638271E-02
  te123    123   3.1234321E-12  1.4276447E-10  1.3964103E-10  2.4234337E-11  2.3705742E-11  9.5776031E-03
  te124    124   6.8526851E-12  7.5661089E-10  7.4975820E-10  1.2843507E-10  1.2728045E-10  3.9219270E-03
  te125    125  -2.0027091E-11  1.1072963E-09  1.1273233E-09  1.8796407E-10  1.9137668E-10 -7.8141326E-03
  te126    126   1.8116175E-11  3.0462239E-09  3.0281078E-09  5.1709798E-10  5.1405763E-10  2.5609953E-03
   i127    127  -1.0919621E-10  3.6884744E-09  3.7976706E-09  6.2612032E-10  6.4470013E-10 -1.2699967E-02
   i128    128   0.0000000E+00  0.0000000E+00  0.0000000E+00  0.0000000E+00  0.0000000E+00  0.0000000E+00
   i129    129   5.9347198E-15  5.9347198E-15  0.0000000E+00  1.0074216E-15  0.0000000E+00  0.0000000E+00
  xe128    128   1.0057366E-10  5.1076021E-10  4.1018655E-10  8.6701792E-11  6.9634090E-11  9.5206156E-02
  xe129    129  -1.4334089E-10  5.0060400E-09  5.1493809E-09  8.4977769E-10  8.7416918E-10 -1.2290141E-02
  xe130    130   1.4728396E-10  9.8046005E-10  8.3317608E-10  1.6643356E-10  1.4144164E-10  7.0663646E-02
  xe131    131  -7.7507778E-11  4.0845372E-09  4.1620449E-09  6.9335215E-10  7.0655709E-10 -8.1934016E-03
  xe132    132   7.1871398E-11  5.1977849E-09  5.1259135E-09  8.8232649E-10  8.7018531E-10  6.0176076E-03
  xe133    133   6.2325726E-30  6.2325726E-30  0.0000000E+00  1.0579822E-30  0.0000000E+00  0.0000000E+00
  xe134    134   1.0409895E-11  1.9317388E-09  1.9213289E-09  3.2791359E-10  3.2616862E-10  2.3172281E-03
  cs133    133  -1.6641466E-11  1.3309901E-09  1.3476316E-09  2.2593621E-10  2.2877664E-10 -5.4258262E-03
  cs134    134  -7.9116798E-18 -7.9116798E-18  0.0000000E+00 -1.3430115E-18  0.0000000E+00  0.0000000E+00
  cs135    135   6.3017543E-12  6.3017543E-12  0.0000000E+00  1.0697258E-12  0.0000000E+00  0.0000000E+00
  cs136    136   1.8953192E-27  1.8953192E-27  0.0000000E+00  3.2173134E-28  0.0000000E+00  0.0000000E+00
  cs137    137   1.7238739E-13  1.7238739E-13  0.0000000E+00  2.9262840E-14  0.0000000E+00  0.0000000E+00
  ba134    134   3.9717091E-11  4.5285564E-10  4.1313855E-10  7.6872467E-11  7.0135231E-11  3.9834581E-02
  ba135    135  -2.2528979E-11  1.1126615E-09  1.1351905E-09  1.8887483E-10  1.9271221E-10 -8.7351408E-03
  ba136    136   3.9161674E-11  1.4016980E-09  1.3625363E-09  2.3793892E-10  2.3130689E-10  1.2276910E-02
  ba137    137   4.4853454E-11  2.0077444E-09  1.9628910E-09  3.4081557E-10  3.3322431E-10  9.7827585E-03
  ba138    138   7.7027273E-11  1.2698420E-08  1.2621393E-08  2.1555628E-09  2.1426330E-09  2.6129228E-03
  la139    139   5.5567773E-12  1.7367382E-09  1.7311814E-09  2.9481215E-10  2.9388883E-10  1.3622589E-03
  ce140    140   1.3284041E-11  3.9809955E-09  3.9677115E-09  6.7577594E-10  6.7356665E-10  1.4221738E-03
  ce141    141  -3.6278658E-25 -3.6278658E-25  0.0000000E+00 -6.1583197E-26  0.0000000E+00  0.0000000E+00
  ce142    142   1.2861379E-12  5.0697424E-10  5.0568810E-10  8.6059118E-11  8.5846621E-11  1.0736642E-03
  pr141    141  -3.1812331E-12  6.8063422E-10  6.8381545E-10  1.1553799E-10  1.1608588E-10 -2.0546070E-03
  nd142    142   5.3366200E-12  9.1751240E-10  9.1217578E-10  1.5574818E-10  1.5485278E-10  2.5039655E-03
  nd143    143  -4.8232529E-12  4.0356674E-10  4.0838999E-10  6.8505646E-11  6.9329098E-11 -5.1891757E-03
  nd144    144   3.5033643E-12  8.1513801E-10  8.1163465E-10  1.3837007E-10  1.3778473E-10  1.8410371E-03
  nd145    145  -4.6559423E-12  2.9716582E-10  3.0182176E-10  5.0444041E-11  5.1237868E-11 -6.7811813E-03
  nd146    146   6.4680483E-12  6.0053201E-10  5.9406396E-10  1.0194060E-10  1.0084949E-10  4.6734810E-03
  nd147    147   1.7836889E-28  1.7836889E-28  0.0000000E+00  3.0278207E-29  0.0000000E+00  0.0000000E+00
  nd148    148  -2.0150548E-12  1.9892812E-10  2.0094318E-10  3.3768145E-11  3.4112515E-11 -4.4065346E-03
  pm147    147   3.3816262E-17  3.3816262E-17  0.0000000E+00  5.7403266E-18  0.0000000E+00  0.0000000E+00
  pm148    148   3.5574310E-31  3.5574310E-31  0.0000000E+00  6.0387560E-32  0.0000000E+00  0.0000000E+00
  sm147    147  -4.9933391E-12  1.5675487E-10  1.6174821E-10  2.6609215E-11  2.7458699E-11 -1.3647916E-02
  sm148    148   5.5917909E-12  1.2770072E-10  1.2210893E-10  2.1677259E-11  2.0729458E-11  1.9416396E-02
  sm149    149  -6.7938849E-12  1.4435868E-10  1.5115256E-10  2.4504955E-11  2.5659962E-11 -2.0002140E-02
  sm150    150   6.9129841E-12  8.8171456E-11  8.1258472E-11  1.4967147E-11  1.3794600E-11  3.5429943E-02
  sm151    151   7.0182720E-16  7.0182720E-16  0.0000000E+00  1.1913550E-16  0.0000000E+00  0.0000000E+00
  sm152    152   1.6434076E-13  2.9863229E-10  2.9846794E-10  5.0692974E-11  5.0668515E-11  2.0957401E-04
  eu151    151  -1.1181736E-11  1.8570510E-10  1.9688684E-10  3.1523530E-11  3.3423906E-11 -2.5422368E-02
  eu152    152   3.3917890E-19  3.3917890E-19  0.0000000E+00  5.7575784E-20  0.0000000E+00  0.0000000E+00
  eu153    153  -8.4785096E-12  2.0929289E-10  2.1777140E-10  3.5527567E-11  3.6969310E-11 -1.7275874E-02
  eu154    154   5.0953297E-19  5.0953297E-19  0.0000000E+00  8.6493469E-20  0.0000000E+00  0.0000000E+00
  eu155    155   1.9081220E-18  1.9081220E-18  0.0000000E+00  3.2390464E-19  0.0000000E+00  0.0000000E+00
  gd152    152   1.7923705E-12  4.6671031E-12  2.8747326E-12  7.9224301E-13  4.8802032E-13  2.1042050E-01
  gd153    153  -1.1518930E-23 -1.1518930E-23  0.0000000E+00 -1.9553438E-24  0.0000000E+00  0.0000000E+00
  gd154    154   1.0009178E-11  4.1756314E-11  3.1747136E-11  7.0881543E-12  5.3894575E-12  1.1898810E-01
  gd155    155  -8.6795848E-12  2.0824997E-10  2.1692956E-10  3.5350532E-11  3.6826396E-11 -1.7763266E-02
  gd156    156   4.0937531E-12  3.0606054E-10  3.0196678E-10  5.1953924E-11  5.1262487E-11  5.8187367E-03
  gd157    157  -4.5217857E-12  2.2782093E-10  2.3234271E-10  3.8672711E-11  3.9442966E-11 -8.5649509E-03
  gd158    158   9.0109309E-12  3.8014519E-10  3.7113426E-10  6.4529833E-11  6.3004497E-11  1.0388951E-02
  gd159    159   0.0000000E+00  0.0000000E+00  0.0000000E+00  0.0000000E+00  0.0000000E+00  0.0000000E+00
  gd160    160  -4.5017878E-12  3.2624334E-10  3.3074513E-10  5.5379965E-11  5.6147954E-11 -5.9812600E-03
  tb159    159  -9.3917374E-12  2.7058486E-10  2.7997660E-10  4.5931911E-11  4.7529390E-11 -1.4847727E-02
  tb160    160  -2.3702781E-23 -2.3702781E-23  0.0000000E+00 -4.0235582E-24  0.0000000E+00  0.0000000E+00
  tb161    161   1.0382105E-30  1.0382105E-30  0.0000000E+00  1.7623674E-31  0.0000000E+00  0.0000000E+00
  dy160    160   9.8645606E-12  5.2229797E-11  4.2365236E-11  8.8660329E-12  7.1920070E-12  9.0879276E-02
  dy161    161  -1.3906043E-11  3.3184167E-10  3.4574771E-10  5.6330284E-11  5.8694827E-11 -1.7857902E-02
  dy162    162   8.3447693E-12  4.7754239E-10  4.6919763E-10  8.1063052E-11  7.9651931E-11  7.6266751E-03
  dy163    163  -1.1280865E-11  4.5007889E-10  4.6135976E-10  7.6401108E-11  7.8321356E-11 -1.0780534E-02
  dy164    164   1.7070123E-11  5.4397403E-10  5.2690391E-10  9.2339851E-11  8.9448268E-11  1.3817210E-02
  ho165    165  -1.3198470E-11  3.9719883E-10  4.1039730E-10  6.7424691E-11  6.9669867E-11 -1.4226008E-02
  er166    166   5.6027682E-12  3.9546999E-10  3.8986722E-10  6.7131224E-11  6.6184641E-11  6.1673396E-03
  er167    167  -5.7997218E-12  2.6192062E-10  2.6772035E-10  4.4461154E-11  4.5448742E-11 -9.5411623E-03
  er168    168   1.2687879E-11  3.3040171E-10  3.1771383E-10  5.6085848E-11  5.3935734E-11  1.6976720E-02
  er169    169   7.7191958E-29  7.7191958E-29  0.0000000E+00  1.3103373E-29  0.0000000E+00  0.0000000E+00
  er170    170  -2.4342611E-12  1.7524877E-10  1.7768303E-10  2.9748565E-11  3.0163826E-11 -6.0204193E-03
  tm169    169  -4.1666948E-12  1.8359451E-10  1.8776121E-10  3.1165258E-11  3.1874718E-11 -9.7756153E-03
  tm170    170  -1.6551244E-20 -1.6551244E-20  0.0000000E+00 -2.8095818E-21  0.0000000E+00  0.0000000E+00
  tm171    171   1.3249071E-17  1.3249071E-17  0.0000000E+00  2.2490363E-18  0.0000000E+00  0.0000000E+00
  yb170    170   7.8496064E-12  4.3361779E-11  3.5512173E-11  7.3606832E-12  6.0286177E-12  8.6700425E-02
  yb171    171  -2.5898311E-12  1.6630966E-10  1.6889949E-10  2.8231145E-11  2.8672717E-11 -6.7403759E-03
  yb172    172   4.3421933E-12  2.6587391E-10  2.6153171E-10  4.5132224E-11  4.4398148E-11  7.1218968E-03
  yb173    173  -2.6662422E-12  1.9258385E-10  1.9525009E-10  3.2691200E-11  3.3146048E-11 -6.0008657E-03
  yb174    174   5.6119276E-12  3.9629086E-10  3.9067893E-10  6.7270564E-11  6.6322434E-11  6.1646346E-03
  lu175    175  -5.8374139E-12  1.7049502E-10  1.7633243E-10  2.8941611E-11  2.9934548E-11 -1.4650010E-02
  lu176    176   3.5893463E-12  8.7363563E-12  5.1470100E-12  1.4830007E-12  8.7376677E-13  2.2974584E-01
  lu177    177   8.0922904E-30  8.0922904E-30  0.0000000E+00  1.3736702E-30  0.0000000E+00  0.0000000E+00
  hf176    176  -1.2705947E-12  3.8333437E-11  3.9604032E-11  6.5071195E-12  6.7232595E-12 -1.4191104E-02
  hf177    177  -3.3969355E-12  1.3895006E-10  1.4234700E-10  2.3586839E-11  2.4165113E-11 -1.0519094E-02
  hf178    178   5.6256944E-12  2.1563645E-10  2.1001076E-10  3.6604393E-11  3.5651850E-11  1.1451083E-02
  hf179    179  -6.4730166E-13  1.0480038E-10  1.0544769E-10  1.7789915E-11  1.7901011E-11 -2.7036713E-03
  hf180    180   4.4836912E-12  2.7756472E-10  2.7308103E-10  4.7116745E-11  4.6358781E-11  7.0432541E-03
  hf181    181  -7.4777025E-24 -7.4777025E-24  0.0000000E+00 -1.2693436E-24  0.0000000E+00  0.0000000E+00
  hf182    182   8.0649918E-13  8.0649918E-13  0.0000000E+00  1.3690363E-13  0.0000000E+00  0.0000000E+00
  ta181    181  -2.3331892E-12  1.1336991E-10  1.1570310E-10  1.9244597E-11  1.9641989E-11 -8.8766525E-03
  ta182    182   8.6568926E-21  8.6568926E-21  0.0000000E+00  1.4695117E-21  0.0000000E+00  0.0000000E+00
  ta183    183   2.3298740E-31  2.3298740E-31  0.0000000E+00  3.9549725E-32  0.0000000E+00  0.0000000E+00
   w182    182   2.1465330E-12  1.8371407E-10  1.8156754E-10  3.1185551E-11  3.0823271E-11  5.0746389E-03
   w183    183   4.3368087E-15  9.8589921E-11  9.8585584E-11  1.6735686E-11  1.6736085E-11 -1.0380397E-05
   w184    184   1.0306478E-12  2.1326924E-10  2.1223859E-10  3.6202555E-11  3.6030047E-11  2.0744060E-03
   w185    185  -1.8515226E-21 -1.8515226E-21  0.0000000E+00 -3.1429685E-22  0.0000000E+00  0.0000000E+00
   w186    186  -1.8926111E-12  1.9717861E-10  1.9907122E-10  3.3471163E-11  3.3794727E-11 -4.1781487E-03
  re185    185  -2.4634114E-12  9.8716486E-11  1.0117990E-10  1.6757170E-11  1.7176502E-11 -1.0734018E-02
  re186    186   5.3232238E-32  5.3232238E-32  0.0000000E+00  9.0361977E-33  0.0000000E+00  0.0000000E+00
  re187    187  -7.0313200E-12  1.7748217E-10  1.8451349E-10  3.0127685E-11  3.1323378E-11 -1.6902829E-02
  os186    186   3.3814861E-12  5.9461061E-11  5.6079575E-11  1.0093544E-11  9.5201815E-12  2.5398435E-02
  os187    187  -6.1435579E-13  4.4229686E-11  4.4844042E-11  7.5080107E-12  7.6128140E-12 -6.0203928E-03
  os188    188   2.8051450E-12  4.7587984E-10  4.7307469E-10  8.0780833E-11  8.0310106E-11  2.5381432E-03
  os189    189  -2.4414859E-11  5.5544552E-10  5.7986038E-10  9.4287148E-11  9.8438258E-11 -1.8711397E-02
  os190    190   1.1836754E-11  9.5981445E-10  9.4797770E-10  1.6292896E-10  1.6093059E-10  5.3596669E-03
  os191    191   1.5423624E-27  1.5423624E-27  0.0000000E+00  2.6181677E-28  0.0000000E+00  0.0000000E+00
  os192    192  -2.3150704E-11  1.4646541E-09  1.4878048E-09  2.4862573E-10  2.5257268E-10 -6.8403189E-03
  ir191    191  -5.4180216E-11  1.2003017E-09  1.2544820E-09  2.0375179E-10  2.1296337E-10 -1.9203490E-02
  ir192    192  -2.5597716E-22 -2.5597716E-22  0.0000000E+00 -4.3452245E-23  0.0000000E+00  0.0000000E+00
  ir193    193  -6.9160899E-11  2.0616566E-09  2.1308175E-09  3.4996719E-10  3.6173187E-10 -1.4359421E-02
  pt192    192   4.5390962E-11  9.8140537E-11  5.2749576E-11  1.6659403E-11  8.9548742E-12  2.6959997E-01
  pt193    193   1.3184153E-16  1.3184153E-16  0.0000000E+00  2.2380162E-17  0.0000000E+00  0.0000000E+00
  pt194    194   4.1260773E-11  2.2882498E-09  2.2469890E-09  3.8843151E-10  3.8145337E-10  7.8729717E-03
  pt195    195  -4.5997872E-11  2.2719109E-09  2.3179088E-09  3.8565798E-10  3.9349285E-10 -8.7345336E-03
  pt196    196   7.0662698E-11  1.8088658E-09  1.7382031E-09  3.0705585E-10  2.9508085E-10  1.7276384E-02
  au197    197  -1.4195978E-11  1.0333878E-09  1.0475838E-09  1.7541808E-10  1.7783992E-10 -5.9549110E-03
  hg198    198   3.7949865E-11  2.8403663E-10  2.4608676E-10  4.8215355E-11  4.1776180E-11  6.2256657E-02
  hg199    199  -3.5460523E-12  4.1494505E-10  4.1849110E-10  7.0437121E-11  7.1043886E-11 -3.7250787E-03
  hg200    200   8.4143248E-12  5.8432498E-10  5.7591065E-10  9.9189448E-11  9.7767745E-11  6.2698708E-03
  hg201    201  -9.2947872E-13  3.2930036E-10  3.3022984E-10  5.5898897E-11  5.6060479E-11 -1.2536013E-03
  hg202    202   6.5392691E-12  7.5842888E-10  7.5188961E-10  1.2874367E-10  1.2764229E-10  3.7312815E-03
  tl203    203   2.2081781E-12  2.9963648E-10  2.9742830E-10  5.0863438E-11  5.0492024E-11  3.1829467E-03
  tl204    204   2.6194735E-16  2.6194735E-16  0.0000000E+00  4.4465689E-17  0.0000000E+00  0.0000000E+00
  tl205    205   3.1877279E-12  7.2018919E-10  7.1700146E-10  1.2225246E-10  1.2171961E-10  1.8970715E-03
  pb204    204   1.6549262E-12  3.7812561E-10  3.7647069E-10  6.4187003E-11  6.3910419E-11  1.8754730E-03
  pb205    205   2.5899755E-12  2.5899755E-12  0.0000000E+00  4.3964959E-13  0.0000000E+00  0.0000000E+00
  pb206    206   1.3752777E-11  3.5510879E-09  3.5373351E-09  6.0279887E-10  6.0050509E-10  1.6557162E-03
  pb207    207   1.7937207E-11  3.9514023E-09  3.9334651E-09  6.7075245E-10  6.6775296E-10  1.9464500E-03
  pb208    208   3.2478020E-11  1.1345651E-08  1.1313173E-08  1.9259296E-09  1.9205468E-09  1.2155075E-03
  bi209    209   1.2173595E-12  7.8802631E-10  7.8680895E-10  1.3376784E-10  1.3357027E-10  6.4191158E-04
  bi210    210   4.7298354E-32  4.7298354E-32  0.0000000E+00  8.0289188E-33  0.0000000E+00  0.0000000E+00
  po210    210   1.4307442E-12  1.4307442E-12  0.0000000E+00  2.4286953E-13  0.0000000E+00  0.0000000E+00
