#
# Initial mass = 6.500, Z =  0.0028, Y =  0.250, M_mix = 0.00E+00
#
#Initial isotopic abundance ratios: 
#  c12/c13   n14/n15   o16/o17   o16/o18   mg24/mg25 mg24/m26 al26/al27 si28/si29 si28/si30 cl36/cl35 cl37/cl35  s33/s32  s34/s32   s36/s32   ar36/ar40 ar38/ar40  k40/k39  k41/k39  ca42/ca40 ca43/ca40 ca44/ca40 ca46/ca40 ca48/ca40 ti46/ti48 ti47/ti48 ti49/ti48 ti50/ti48 cr53/cr52 cr54/cr52 fe54/fe56 fe57/fe56 fe58/fe56 fe60/fe56 ni60/ni58 ni61/ni58 ni62/ni58
#
  8.940E+01 4.350E+02 2.632E+03 5.000E+02 7.899E+00 7.174E+00 0.000E+00 1.969E+01 2.987E+01 0.000E+00 3.196E-01 8.006E-03 4.519E-02 2.107E-04 3.439E+03 6.252E+02 1.578E-04 7.217E-02 6.674E-03 1.393E-03 2.152E-02 4.126E-05 1.929E-03 1.119E-01 1.009E-01 7.339E-02 7.027E-02 1.134E-01 2.823E-02 6.370E-02 2.309E-02 3.073E-03 0.000E+00 3.852E-01 1.674E-02 5.339E-02
#
# During TP-AGB
#
  2.676E+00 4.477E+04 2.833E+02 1.160E+06 9.240E+00 6.920E+00 1.456E-03 1.970E+01 2.986E+01 1.976E-04 3.301E-01 7.994E-03 4.519E-02 2.109E-04 3.435E+03 6.249E+02 7.467E-04 7.661E-02 6.685E-03 1.392E-03 2.152E-02 4.294E-05 1.930E-03 1.120E-01 1.007E-01 7.495E-02 7.045E-02 1.129E-01 2.899E-02 6.355E-02 2.333E-02 3.144E-03 1.080E-13 3.852E-01 1.730E-02 5.343E-02
  2.549E+00 4.057E+04 2.769E+02 1.328E+06 9.038E+00 6.912E+00 2.006E-03 1.970E+01 2.986E+01 1.970E-04 3.301E-01 7.994E-03 4.519E-02 2.109E-04 3.435E+03 6.249E+02 7.467E-04 7.662E-02 6.685E-03 1.392E-03 2.152E-02 4.294E-05 1.930E-03 1.120E-01 1.007E-01 7.495E-02 7.045E-02 1.129E-01 2.899E-02 6.355E-02 2.333E-02 3.144E-03 1.080E-13 3.852E-01 1.730E-02 5.343E-02
  2.662E+00 3.741E+04 2.473E+02 8.544E+05 8.389E+00 6.873E+00 2.990E-03 1.970E+01 2.986E+01 1.962E-04 3.301E-01 7.994E-03 4.519E-02 2.109E-04 3.435E+03 6.249E+02 7.467E-04 7.662E-02 6.685E-03 1.392E-03 2.152E-02 4.294E-05 1.930E-03 1.120E-01 1.007E-01 7.495E-02 7.045E-02 1.129E-01 2.899E-02 6.355E-02 2.333E-02 3.144E-03 1.079E-13 3.852E-01 1.730E-02 5.343E-02
  2.876E+00 3.585E+04 2.218E+02 6.145E+05 7.291E+00 6.787E+00 4.535E-03 1.970E+01 2.986E+01 1.953E-04 3.301E-01 7.994E-03 4.519E-02 2.109E-04 3.435E+03 6.249E+02 7.466E-04 7.662E-02 6.685E-03 1.392E-03 2.152E-02 4.294E-05 1.930E-03 1.120E-01 1.007E-01 7.495E-02 7.045E-02 1.129E-01 2.899E-02 6.355E-02 2.333E-02 3.144E-03 1.079E-13 3.852E-01 1.730E-02 5.343E-02
  2.978E+00 3.318E+04 2.057E+02 4.947E+05 6.009E+00 6.645E+00 6.745E-03 1.970E+01 2.986E+01 1.942E-04 3.301E-01 7.994E-03 4.519E-02 2.109E-04 3.435E+03 6.249E+02 7.464E-04 7.662E-02 6.685E-03 1.392E-03 2.152E-02 4.294E-05 1.930E-03 1.120E-01 1.007E-01 7.495E-02 7.045E-02 1.129E-01 2.899E-02 6.355E-02 2.333E-02 3.144E-03 1.080E-13 3.852E-01 1.730E-02 5.343E-02
  2.982E+00 3.116E+04 1.956E+02 4.696E+05 4.790E+00 6.444E+00 9.787E-03 1.970E+01 2.986E+01 1.930E-04 3.301E-01 7.994E-03 4.519E-02 2.109E-04 3.435E+03 6.249E+02 7.464E-04 7.662E-02 6.685E-03 1.392E-03 2.152E-02 4.294E-05 1.930E-03 1.120E-01 1.007E-01 7.495E-02 7.045E-02 1.129E-01 2.899E-02 6.355E-02 2.333E-02 3.144E-03 1.084E-13 3.852E-01 1.730E-02 5.343E-02
  2.958E+00 2.901E+04 1.868E+02 4.180E+05 3.682E+00 6.163E+00 1.406E-02 1.971E+01 2.987E+01 1.925E-04 3.300E-01 7.994E-03 4.519E-02 2.109E-04 3.435E+03 6.249E+02 7.468E-04 7.662E-02 6.685E-03 1.392E-03 2.152E-02 4.294E-05 1.930E-03 1.120E-01 1.007E-01 7.495E-02 7.045E-02 1.129E-01 2.899E-02 6.355E-02 2.333E-02 3.144E-03 7.526E-12 3.852E-01 1.730E-02 5.343E-02
  2.951E+00 2.710E+04 1.806E+02 3.840E+05 2.805E+00 5.815E+00 1.975E-02 1.971E+01 2.987E+01 1.940E-04 3.300E-01 7.995E-03 4.519E-02 2.109E-04 3.435E+03 6.249E+02 7.485E-04 7.662E-02 6.685E-03 1.392E-03 2.152E-02 4.295E-05 1.930E-03 1.120E-01 1.007E-01 7.495E-02 7.045E-02 1.129E-01 2.899E-02 6.355E-02 2.333E-02 3.144E-03 1.146E-10 3.853E-01 1.730E-02 5.343E-02
  2.926E+00 2.560E+04 1.757E+02 3.575E+05 2.126E+00 5.403E+00 2.716E-02 1.971E+01 2.988E+01 1.971E-04 3.300E-01 7.995E-03 4.519E-02 2.110E-04 3.435E+03 6.249E+02 7.514E-04 7.663E-02 6.685E-03 1.392E-03 2.152E-02 4.296E-05 1.930E-03 1.120E-01 1.007E-01 7.496E-02 7.046E-02 1.129E-01 2.900E-02 6.355E-02 2.333E-02 3.145E-03 6.477E-10 3.853E-01 1.731E-02 5.343E-02
  2.919E+00 2.411E+04 1.718E+02 3.384E+05 1.613E+00 4.940E+00 3.641E-02 1.972E+01 2.988E+01 2.030E-04 3.301E-01 7.996E-03 4.519E-02 2.110E-04 3.435E+03 6.248E+02 7.562E-04 7.663E-02 6.686E-03 1.392E-03 2.153E-02 4.300E-05 1.930E-03 1.120E-01 1.007E-01 7.498E-02 7.046E-02 1.129E-01 2.900E-02 6.355E-02 2.334E-02 3.148E-03 2.725E-09 3.853E-01 1.731E-02 5.343E-02
  2.902E+00 2.350E+04 1.688E+02 3.099E+05 1.229E+00 4.446E+00 4.752E-02 1.972E+01 2.989E+01 2.103E-04 3.302E-01 7.996E-03 4.519E-02 2.111E-04 3.434E+03 6.247E+02 7.621E-04 7.663E-02 6.686E-03 1.392E-03 2.153E-02 4.305E-05 1.930E-03 1.120E-01 1.007E-01 7.500E-02 7.047E-02 1.129E-01 2.901E-02 6.355E-02 2.334E-02 3.151E-03 9.419E-09 3.853E-01 1.732E-02 5.344E-02
  2.891E+00 2.248E+04 1.661E+02 3.061E+05 9.369E-01 3.930E+00 6.057E-02 1.973E+01 2.990E+01 2.196E-04 3.303E-01 7.997E-03 4.519E-02 2.113E-04 3.433E+03 6.245E+02 7.697E-04 7.664E-02 6.687E-03 1.392E-03 2.153E-02 4.314E-05 1.930E-03 1.120E-01 1.007E-01 7.503E-02 7.049E-02 1.129E-01 2.902E-02 6.355E-02 2.335E-02 3.157E-03 2.734E-08 3.853E-01 1.733E-02 5.345E-02
  2.904E+00 2.157E+04 1.644E+02 3.027E+05 7.220E-01 3.432E+00 7.487E-02 1.973E+01 2.990E+01 2.304E-04 3.304E-01 7.999E-03 4.518E-02 2.116E-04 3.430E+03 6.241E+02 7.787E-04 7.664E-02 6.687E-03 1.392E-03 2.153E-02 4.326E-05 1.930E-03 1.120E-01 1.007E-01 7.507E-02 7.051E-02 1.129E-01 2.903E-02 6.354E-02 2.336E-02 3.165E-03 7.166E-08 3.853E-01 1.734E-02 5.347E-02
  2.883E+00 2.071E+04 1.628E+02 2.955E+05 5.583E-01 2.954E+00 9.049E-02 1.973E+01 2.991E+01 2.425E-04 3.306E-01 8.000E-03 4.518E-02 2.119E-04 3.427E+03 6.236E+02 7.891E-04 7.665E-02 6.688E-03 1.392E-03 2.153E-02 4.342E-05 1.930E-03 1.120E-01 1.007E-01 7.511E-02 7.053E-02 1.129E-01 2.905E-02 6.354E-02 2.337E-02 3.176E-03 1.614E-07 3.854E-01 1.736E-02 5.350E-02
  2.885E+00 2.004E+04 1.618E+02 2.920E+05 4.357E-01 2.519E+00 1.067E-01 1.974E+01 2.992E+01 2.553E-04 3.308E-01 8.001E-03 4.518E-02 2.124E-04 3.423E+03 6.229E+02 8.005E-04 7.666E-02 6.690E-03 1.393E-03 2.153E-02 4.362E-05 1.930E-03 1.120E-01 1.007E-01 7.516E-02 7.056E-02 1.129E-01 2.907E-02 6.354E-02 2.338E-02 3.190E-03 3.255E-07 3.854E-01 1.739E-02 5.353E-02
  2.860E+00 1.929E+04 1.605E+02 2.865E+05 3.371E-01 2.107E+00 1.239E-01 1.974E+01 2.992E+01 2.691E-04 3.311E-01 8.003E-03 4.518E-02 2.130E-04 3.417E+03 6.219E+02 8.133E-04 7.667E-02 6.691E-03 1.393E-03 2.153E-02 4.388E-05 1.930E-03 1.120E-01 1.007E-01 7.521E-02 7.061E-02 1.129E-01 2.910E-02 6.354E-02 2.340E-02 3.207E-03 6.110E-07 3.855E-01 1.742E-02 5.358E-02
  2.855E+00 1.867E+04 1.596E+02 2.834E+05 2.594E-01 1.733E+00 1.416E-01 1.975E+01 2.993E+01 2.841E-04 3.314E-01 8.005E-03 4.519E-02 2.137E-04 3.409E+03 6.204E+02 8.273E-04 7.668E-02 6.693E-03 1.393E-03 2.153E-02 4.420E-05 1.930E-03 1.120E-01 1.007E-01 7.527E-02 7.066E-02 1.129E-01 2.913E-02 6.353E-02 2.341E-02 3.229E-03 1.081E-06 3.856E-01 1.746E-02 5.364E-02
  2.851E+00 1.810E+04 1.588E+02 2.809E+05 2.000E-01 1.411E+00 1.590E-01 1.975E+01 2.993E+01 2.992E-04 3.317E-01 8.007E-03 4.519E-02 2.147E-04 3.396E+03 6.182E+02 8.422E-04 7.670E-02 6.695E-03 1.394E-03 2.153E-02 4.465E-05 1.930E-03 1.120E-01 1.007E-01 7.533E-02 7.072E-02 1.129E-01 2.917E-02 6.353E-02 2.343E-02 3.257E-03 2.050E-06 3.857E-01 1.751E-02 5.372E-02
  2.858E+00 1.765E+04 1.584E+02 2.818E+05 1.547E-01 1.140E+00 1.759E-01 1.975E+01 2.993E+01 3.142E-04 3.321E-01 8.009E-03 4.519E-02 2.160E-04 3.376E+03 6.148E+02 8.588E-04 7.671E-02 6.698E-03 1.395E-03 2.153E-02 4.527E-05 1.930E-03 1.120E-01 1.007E-01 7.539E-02 7.081E-02 1.129E-01 2.921E-02 6.353E-02 2.345E-02 3.290E-03 3.688E-06 3.858E-01 1.758E-02 5.385E-02
  2.847E+00 1.761E+04 1.580E+02 2.769E+05 1.260E-01 9.559E-01 1.907E-01 1.975E+01 2.993E+01 3.277E-04 3.325E-01 8.011E-03 4.520E-02 2.173E-04 3.352E+03 6.105E+02 8.746E-04 7.673E-02 6.701E-03 1.395E-03 2.153E-02 4.598E-05 1.930E-03 1.120E-01 1.007E-01 7.546E-02 7.089E-02 1.129E-01 2.926E-02 6.352E-02 2.347E-02 3.324E-03 5.916E-06 3.859E-01 1.766E-02 5.400E-02
  2.847E+00 1.734E+04 1.579E+02 2.828E+05 9.768E-02 7.637E-01 2.059E-01 1.975E+01 2.992E+01 3.427E-04 3.329E-01 8.013E-03 4.520E-02 2.189E-04 3.324E+03 6.054E+02 8.921E-04 7.675E-02 6.704E-03 1.396E-03 2.153E-02 4.683E-05 1.930E-03 1.120E-01 1.007E-01 7.553E-02 7.099E-02 1.129E-01 2.931E-02 6.352E-02 2.349E-02 3.364E-03 8.745E-06 3.861E-01 1.774E-02 5.416E-02
  2.854E+00 1.709E+04 1.578E+02 2.842E+05 7.637E-02 6.114E-01 2.199E-01 1.975E+01 2.991E+01 3.573E-04 3.334E-01 8.016E-03 4.521E-02 2.205E-04 3.294E+03 6.001E+02 9.086E-04 7.677E-02 6.708E-03 1.397E-03 2.153E-02 4.773E-05 1.930E-03 1.120E-01 1.007E-01 7.560E-02 7.110E-02 1.129E-01 2.937E-02 6.352E-02 2.351E-02 3.408E-03 1.219E-05 3.862E-01 1.784E-02 5.433E-02
  2.859E+00 1.693E+04 1.580E+02 2.885E+05 6.024E-02 4.914E-01 2.327E-01 1.975E+01 2.990E+01 3.713E-04 3.339E-01 8.018E-03 4.522E-02 2.224E-04 3.260E+03 5.942E+02 9.240E-04 7.679E-02 6.711E-03 1.398E-03 2.153E-02 4.875E-05 1.930E-03 1.121E-01 1.007E-01 7.568E-02 7.123E-02 1.129E-01 2.944E-02 6.351E-02 2.353E-02 3.458E-03 1.676E-05 3.864E-01 1.794E-02 5.452E-02
  2.862E+00 1.679E+04 1.580E+02 2.910E+05 4.788E-02 3.963E-01 2.444E-01 1.975E+01 2.989E+01 3.845E-04 3.344E-01 8.021E-03 4.523E-02 2.244E-04 3.220E+03 5.870E+02 9.391E-04 7.681E-02 6.716E-03 1.399E-03 2.154E-02 4.997E-05 1.930E-03 1.121E-01 1.007E-01 7.575E-02 7.136E-02 1.129E-01 2.951E-02 6.351E-02 2.355E-02 3.512E-03 2.303E-05 3.866E-01 1.806E-02 5.475E-02
  2.871E+00 1.673E+04 1.583E+02 2.952E+05 3.854E-02 3.226E-01 2.550E-01 1.975E+01 2.987E+01 3.972E-04 3.350E-01 8.023E-03 4.524E-02 2.266E-04 3.175E+03 5.791E+02 9.538E-04 7.683E-02 6.720E-03 1.400E-03 2.154E-02 5.133E-05 1.931E-03 1.121E-01 1.007E-01 7.582E-02 7.150E-02 1.129E-01 2.958E-02 6.350E-02 2.358E-02 3.569E-03 3.043E-05 3.868E-01 1.820E-02 5.499E-02
  2.871E+00 1.681E+04 1.587E+02 2.976E+05 3.534E-02 2.970E-01 2.634E-01 1.974E+01 2.986E+01 4.077E-04 3.355E-01 8.025E-03 4.526E-02 2.287E-04 3.128E+03 5.706E+02 9.681E-04 7.685E-02 6.724E-03 1.401E-03 2.154E-02 5.276E-05 1.931E-03 1.121E-01 1.007E-01 7.588E-02 7.164E-02 1.129E-01 2.965E-02 6.350E-02 2.359E-02 3.620E-03 3.818E-05 3.870E-01 1.832E-02 5.524E-02
  2.883E+00 1.685E+04 1.593E+02 3.066E+05 2.905E-02 2.459E-01 2.722E-01 1.974E+01 2.983E+01 4.200E-04 3.361E-01 8.028E-03 4.527E-02 2.312E-04 3.074E+03 5.611E+02 9.824E-04 7.687E-02 6.729E-03 1.403E-03 2.155E-02 5.444E-05 1.931E-03 1.121E-01 1.007E-01 7.596E-02 7.181E-02 1.129E-01 2.974E-02 6.350E-02 2.362E-02 3.684E-03 4.829E-05 3.872E-01 1.848E-02 5.552E-02
  2.888E+00 1.690E+04 1.600E+02 3.138E+05 2.420E-02 2.060E-01 2.803E-01 1.973E+01 2.981E+01 4.319E-04 3.368E-01 8.031E-03 4.529E-02 2.338E-04 3.016E+03 5.506E+02 9.966E-04 7.689E-02 6.734E-03 1.404E-03 2.155E-02 5.633E-05 1.931E-03 1.121E-01 1.007E-01 7.603E-02 7.198E-02 1.130E-01 2.983E-02 6.349E-02 2.364E-02 3.750E-03 6.023E-05 3.875E-01 1.865E-02 5.583E-02
  2.895E+00 1.705E+04 1.608E+02 3.206E+05 2.377E-02 2.022E-01 2.863E-01 1.972E+01 2.978E+01 4.412E-04 3.374E-01 8.033E-03 4.530E-02 2.363E-04 2.958E+03 5.403E+02 1.008E-03 7.691E-02 6.739E-03 1.405E-03 2.155E-02 5.823E-05 1.931E-03 1.121E-01 1.007E-01 7.609E-02 7.214E-02 1.130E-01 2.991E-02 6.349E-02 2.366E-02 3.810E-03 7.306E-05 3.877E-01 1.882E-02 5.614E-02
  2.926E+00 1.733E+04 1.624E+02 3.370E+05 2.073E-02 1.768E-01 2.925E-01 1.972E+01 2.974E+01 4.523E-04 3.381E-01 8.036E-03 4.532E-02 2.391E-04 2.896E+03 5.291E+02 1.021E-03 7.693E-02 6.744E-03 1.407E-03 2.156E-02 6.036E-05 1.931E-03 1.121E-01 1.007E-01 7.615E-02 7.233E-02 1.130E-01 3.000E-02 6.348E-02 2.368E-02 3.878E-03 8.779E-05 3.880E-01 1.900E-02 5.648E-02
  2.913E+00 1.750E+04 1.631E+02 3.439E+05 2.080E-02 1.770E-01 2.976E-01 1.971E+01 2.971E+01 4.610E-04 3.387E-01 8.038E-03 4.534E-02 2.418E-04 2.830E+03 5.173E+02 1.032E-03 7.695E-02 6.749E-03 1.408E-03 2.156E-02 6.265E-05 1.931E-03 1.121E-01 1.007E-01 7.621E-02 7.251E-02 1.130E-01 3.009E-02 6.348E-02 2.369E-02 3.942E-03 1.044E-04 3.882E-01 1.920E-02 5.684E-02
  2.935E+00 1.780E+04 1.647E+02 3.608E+05 2.109E-02 1.790E-01 3.020E-01 1.970E+01 2.967E+01 4.700E-04 3.394E-01 8.040E-03 4.536E-02 2.447E-04 2.763E+03 5.054E+02 1.043E-03 7.697E-02 6.755E-03 1.410E-03 2.156E-02 6.508E-05 1.932E-03 1.121E-01 1.007E-01 7.627E-02 7.269E-02 1.130E-01 3.018E-02 6.348E-02 2.371E-02 4.010E-03 1.230E-04 3.885E-01 1.940E-02 5.721E-02
  2.941E+00 1.811E+04 1.661E+02 3.753E+05 2.122E-02 1.795E-01 3.061E-01 1.968E+01 2.962E+01 4.787E-04 3.401E-01 8.043E-03 4.538E-02 2.478E-04 2.689E+03 4.921E+02 1.053E-03 7.699E-02 6.760E-03 1.412E-03 2.157E-02 6.787E-05 1.932E-03 1.122E-01 1.008E-01 7.632E-02 7.289E-02 1.130E-01 3.028E-02 6.347E-02 2.373E-02 4.079E-03 1.446E-04 3.888E-01 1.963E-02 5.762E-02
  2.951E+00 1.851E+04 1.677E+02 3.930E+05 2.140E-02 1.801E-01 3.099E-01 1.967E+01 2.957E+01 4.871E-04 3.409E-01 8.045E-03 4.541E-02 2.512E-04 2.603E+03 4.765E+02 1.062E-03 7.701E-02 6.767E-03 1.413E-03 2.157E-02 7.126E-05 1.932E-03 1.122E-01 1.008E-01 7.638E-02 7.311E-02 1.130E-01 3.038E-02 6.347E-02 2.374E-02 4.152E-03 1.732E-04 3.892E-01 1.990E-02 5.811E-02
  2.958E+00 1.896E+04 1.693E+02 4.111E+05 1.942E-02 1.629E-01 3.145E-01 1.965E+01 2.951E+01 4.985E-04 3.419E-01 8.048E-03 4.543E-02 2.552E-04 2.513E+03 4.603E+02 1.074E-03 7.704E-02 6.774E-03 1.416E-03 2.158E-02 7.509E-05 1.932E-03 1.122E-01 1.008E-01 7.645E-02 7.337E-02 1.130E-01 3.050E-02 6.347E-02 2.376E-02 4.237E-03 2.042E-04 3.895E-01 2.020E-02 5.866E-02
  2.965E+00 1.950E+04 1.711E+02 4.306E+05 1.782E-02 1.490E-01 3.187E-01 1.963E+01 2.944E+01 5.100E-04 3.429E-01 8.052E-03 4.546E-02 2.594E-04 2.423E+03 4.441E+02 1.087E-03 7.706E-02 6.781E-03 1.418E-03 2.159E-02 7.918E-05 1.933E-03 1.122E-01 1.008E-01 7.652E-02 7.364E-02 1.130E-01 3.063E-02 6.346E-02 2.379E-02 4.326E-03 2.378E-04 3.899E-01 2.052E-02 5.924E-02
  2.968E+00 2.012E+04 1.731E+02 4.522E+05 1.648E-02 1.371E-01 3.226E-01 1.961E+01 2.937E+01 5.221E-04 3.439E-01 8.055E-03 4.550E-02 2.638E-04 2.330E+03 4.274E+02 1.099E-03 7.709E-02 6.789E-03 1.420E-03 2.159E-02 8.372E-05 1.933E-03 1.122E-01 1.008E-01 7.659E-02 7.392E-02 1.130E-01 3.077E-02 6.346E-02 2.381E-02 4.420E-03 2.755E-04 3.904E-01 2.087E-02 5.988E-02
  2.982E+00 2.090E+04 1.755E+02 4.798E+05 1.545E-02 1.276E-01 3.263E-01 1.959E+01 2.929E+01 5.341E-04 3.450E-01 8.058E-03 4.553E-02 2.685E-04 2.233E+03 4.099E+02 1.111E-03 7.711E-02 6.798E-03 1.423E-03 2.160E-02 8.879E-05 1.933E-03 1.122E-01 1.008E-01 7.666E-02 7.422E-02 1.130E-01 3.091E-02 6.346E-02 2.383E-02 4.517E-03 3.193E-04 3.908E-01 2.125E-02 6.058E-02
  2.982E+00 2.186E+04 1.783E+02 5.093E+05 1.793E-02 1.464E-01 3.279E-01 1.957E+01 2.921E+01 5.417E-04 3.459E-01 8.061E-03 4.557E-02 2.723E-04 2.152E+03 3.953E+02 1.118E-03 7.713E-02 6.805E-03 1.425E-03 2.161E-02 9.329E-05 1.933E-03 1.123E-01 1.008E-01 7.671E-02 7.447E-02 1.130E-01 3.103E-02 6.345E-02 2.384E-02 4.591E-03 3.596E-04 3.912E-01 2.157E-02 6.119E-02
  2.993E+00 2.321E+04 1.842E+02 5.795E+05 1.888E-02 1.527E-01 3.300E-01 1.955E+01 2.913E+01 5.529E-04 3.470E-01 8.064E-03 4.560E-02 2.769E-04 2.065E+03 3.797E+02 1.128E-03 7.716E-02 6.813E-03 1.427E-03 2.162E-02 9.854E-05 1.934E-03 1.123E-01 1.009E-01 7.678E-02 7.476E-02 1.130E-01 3.117E-02 6.345E-02 2.386E-02 4.683E-03 4.052E-04 3.917E-01 2.196E-02 6.191E-02
  3.005E+00 2.507E+04 1.940E+02 7.237E+05 2.009E-02 1.604E-01 3.316E-01 1.952E+01 2.903E+01 5.644E-04 3.482E-01 8.067E-03 4.564E-02 2.820E-04 1.969E+03 3.622E+02 1.137E-03 7.718E-02 6.822E-03 1.430E-03 2.163E-02 1.049E-04 1.934E-03 1.123E-01 1.009E-01 7.684E-02 7.508E-02 1.130E-01 3.132E-02 6.345E-02 2.388E-02 4.778E-03 4.633E-04 3.922E-01 2.241E-02 6.275E-02
  3.001E+00 2.698E+04 2.017E+02 8.339E+05 1.975E-02 1.554E-01 3.340E-01 1.948E+01 2.890E+01 5.801E-04 3.497E-01 8.072E-03 4.570E-02 2.886E-04 1.855E+03 3.416E+02 1.150E-03 7.721E-02 6.833E-03 1.433E-03 2.164E-02 1.131E-04 1.935E-03 1.123E-01 1.009E-01 7.692E-02 7.549E-02 1.130E-01 3.151E-02 6.344E-02 2.390E-02 4.898E-03 5.391E-04 3.928E-01 2.297E-02 6.383E-02
  2.991E+00 3.018E+04 2.156E+02 1.110E+06 1.963E-02 1.519E-01 3.358E-01 1.945E+01 2.876E+01 5.978E-04 3.513E-01 8.076E-03 4.576E-02 2.956E-04 1.744E+03 3.216E+02 1.163E-03 7.724E-02 6.846E-03 1.437E-03 2.165E-02 1.222E-04 1.935E-03 1.124E-01 1.009E-01 7.702E-02 7.594E-02 1.130E-01 3.172E-02 6.344E-02 2.392E-02 5.028E-03 6.207E-04 3.935E-01 2.359E-02 6.502E-02
  2.974E+00 3.464E+04 2.330E+02 1.572E+06 2.230E-02 1.690E-01 3.354E-01 1.941E+01 2.863E+01 6.093E-04 3.526E-01 8.080E-03 4.581E-02 3.016E-04 1.646E+03 3.037E+02 1.169E-03 7.727E-02 6.856E-03 1.440E-03 2.167E-02 1.311E-04 1.936E-03 1.124E-01 1.010E-01 7.708E-02 7.630E-02 1.130E-01 3.188E-02 6.343E-02 2.393E-02 5.118E-03 7.058E-04 3.940E-01 2.413E-02 6.611E-02
  3.009E+00 4.278E+04 2.622E+02 2.976E+06 2.359E-02 1.745E-01 3.351E-01 1.937E+01 2.845E+01 6.266E-04 3.543E-01 8.084E-03 4.588E-02 3.097E-04 1.530E+03 2.826E+02 1.178E-03 7.730E-02 6.870E-03 1.444E-03 2.168E-02 1.432E-04 1.937E-03 1.124E-01 1.010E-01 7.717E-02 7.679E-02 1.130E-01 3.209E-02 6.343E-02 2.395E-02 5.239E-03 8.186E-04 3.947E-01 2.484E-02 6.755E-02
  3.515E+00 6.019E+04 2.891E+02 4.237E+06 2.373E-02 1.704E-01 3.348E-01 1.931E+01 2.822E+01 6.503E-04 3.566E-01 8.090E-03 4.598E-02 3.205E-04 1.396E+03 2.584E+02 1.190E-03 7.735E-02 6.888E-03 1.450E-03 2.170E-02 1.595E-04 1.938E-03 1.125E-01 1.011E-01 7.729E-02 7.742E-02 1.130E-01 3.238E-02 6.343E-02 2.398E-02 5.396E-03 9.710E-04 3.957E-01 2.578E-02 6.948E-02
  5.096E+00 6.389E+04 2.913E+02 1.972E+06 2.389E-02 1.653E-01 3.341E-01 1.924E+01 2.795E+01 6.779E-04 3.593E-01 8.097E-03 4.609E-02 3.332E-04 1.260E+03 2.335E+02 1.204E-03 7.740E-02 6.909E-03 1.456E-03 2.173E-02 1.796E-04 1.939E-03 1.125E-01 1.011E-01 7.744E-02 7.817E-02 1.130E-01 3.271E-02 6.342E-02 2.400E-02 5.572E-03 1.158E-03 3.967E-01 2.690E-02 7.182E-02
  6.721E+00 5.089E+04 2.827E+02 6.579E+05 2.590E-02 1.710E-01 3.320E-01 1.916E+01 2.763E+01 7.032E-04 3.619E-01 8.103E-03 4.621E-02 3.472E-04 1.123E+03 2.086E+02 1.210E-03 7.746E-02 6.930E-03 1.463E-03 2.176E-02 2.044E-04 1.941E-03 1.126E-01 1.012E-01 7.758E-02 7.891E-02 1.130E-01 3.301E-02 6.342E-02 2.402E-02 5.712E-03 1.388E-03 3.977E-01 2.805E-02 7.444E-02
#
#Final isotopic abundance ratios: 
#
  8.355E+00 4.346E+04 2.762E+02 4.013E+05 2.826E-02 1.742E-01 3.295E-01 1.906E+01 2.719E+01 7.404E-04 3.655E-01 8.112E-03 4.639E-02 3.673E-04 9.690E+02 1.805E+02 1.219E-03 7.755E-02 6.961E-03 1.472E-03 2.180E-02 2.408E-04 1.943E-03 1.127E-01 1.013E-01 7.780E-02 7.996E-02 1.130E-01 3.344E-02 6.341E-02 2.404E-02 5.900E-03 1.716E-03 3.990E-01 2.964E-02 7.811E-02
