# Initial mass = 2.750, Z =  0.0007, Y =  0.250, M_mix = 1.00E-03
# Final mass = 0.780, Mass expelled =   1.9697
# El  Z   log e(X)   [X/H]    [X/Fe]     X(i)     Net M(i) Mass(i) 
  p   1  12.000000  0.000000  0.000000  7.00923E-01 -1.07474E-01  1.38061E+00
 he   2  11.018276  0.088276  1.893147  2.90317E-01  7.89436E-02  5.71838E-01
  c   6   9.163736  0.693736  2.498608  1.21766E-02  2.38642E-02  2.39842E-02
  n   7   6.953082 -0.916918  0.887954  8.74254E-05  8.39826E-05  1.72202E-04
  o   8   7.693524 -1.036475  0.768396  5.49323E-04  6.21118E-04  1.08200E-03
  f   9   5.275052  0.815052  2.619924  2.48869E-06  4.88984E-06  4.90197E-06
 ne  10   7.995252  0.025252  1.830124  1.38798E-03  2.65375E-03  2.73391E-03
 na  11   5.988537 -0.321463  1.483408  1.55699E-05  3.01419E-05  3.06681E-05
 mg  12   6.891391 -0.748609  1.056262  1.31612E-04  2.13307E-04  2.59237E-04
 al  13   5.339756 -1.130243  0.674628  4.10243E-06  6.75987E-06  8.08056E-06
 si  14   6.014408 -1.535592  0.269279  2.01887E-05  9.41573E-06  3.97657E-05
  p  15   4.339622 -1.130378  0.674493  4.70792E-07  7.24862E-07  9.27320E-07
  s  16   5.685588 -1.474411  0.330460  1.08101E-05 -1.26061E-07  2.12927E-05
 cl  17   3.569258 -1.660742  0.144129  9.14370E-08  4.67544E-08  1.80104E-07
 ar  18   4.982000 -1.458000  0.346872  2.66505E-06 -1.30831E-07  5.24936E-06
  k  19   3.517039 -1.562961  0.241911  8.94139E-08  1.58458E-08  1.76119E-07
 ca  20   4.811818 -1.478182  0.326689  1.80690E-06 -1.20257E-07  3.55905E-06
 sc  21   1.797222 -1.252778  0.552094  1.95984E-09  1.91429E-09  3.86030E-09
 ti  22   3.505723 -1.404277  0.400595  1.06652E-07  3.93250E-09  2.10073E-07
  v  23   2.410052 -1.549948  0.254924  9.10624E-09 -1.87583E-10  1.79366E-08
 cr  24   3.995770 -1.644229  0.160642  3.58056E-07 -9.60569E-09  7.05263E-07
 mn  25   3.160582 -2.319418 -0.514547  5.52923E-08 -6.11969E-10  1.08909E-07
 fe  26   5.735128 -1.804872  0.000000  2.11020E-05 -1.32161E-06  4.15646E-05
 co  27   3.643066 -1.226933  0.577938  1.80150E-07  2.58084E-07  3.54843E-07
 ni  28   4.541922 -1.658078  0.146794  1.42141E-06  7.39447E-07  2.79975E-06
 cu  29   3.153726 -1.096274  0.708597  6.29541E-08  1.15596E-07  1.24001E-07
 zn  30   3.259097 -1.370903  0.433969  8.25933E-08  5.27052E-08  1.62684E-07
 ga  31   2.014739 -1.065261  0.739611  5.01564E-09  8.02276E-09  9.87931E-09
 ge  32   2.453449 -1.126551  0.678321  1.43495E-08  2.26131E-08  2.82642E-08
 as  33   1.015639 -1.284361  0.520511  5.40081E-10  7.32708E-10  1.06380E-09
 se  34   2.306621 -1.033379  0.771492  1.11234E-08  1.84519E-08  2.19098E-08
 br  35   1.461451 -1.078549  0.726322  1.60779E-09  2.55324E-09  3.16687E-09
 kr  36   2.706636 -0.543364  1.261508  2.96538E-08  5.51206E-08  5.84091E-08
 rb  37   1.988103 -0.371897  1.432975  5.78251E-09  1.09562E-08  1.13898E-08
 sr  38   2.320426 -0.559574  1.245297  1.27421E-08  2.36342E-08  2.50981E-08
  y  39   1.758448 -0.411552  1.393319  3.54478E-09  6.69090E-09  6.98216E-09
 zr  40   2.220119 -0.309881  1.494990  1.05302E-08  2.00568E-08  2.07414E-08
 nb  41   0.994367 -0.415633  1.389238  6.37706E-10  1.20320E-09  1.25609E-09
 mo  42   1.585221 -0.354779  1.450093  2.56703E-09  4.91628E-09  5.05629E-09
 ru  44   1.130532 -0.629468  1.175404  9.49216E-10  1.77439E-09  1.86967E-09
 rh  45   0.014184 -1.045816  0.759056  7.39324E-11  1.19456E-10  1.45625E-10
 pd  46   0.977150 -0.672850  1.132022  7.02075E-10  1.29101E-09  1.38288E-09
 ag  47   0.171383 -1.028617  0.776254  1.11298E-10  1.81360E-10  2.19223E-10
 cd  48   1.068604 -0.641396  1.163476  9.15427E-10  1.68659E-09  1.80312E-09
 in  49  -0.072876 -0.832876  0.971996  6.75064E-11  1.18962E-10  1.32967E-10
 sn  50   1.541658 -0.528342  1.276530  2.87314E-09  5.39169E-09  5.65923E-09
 sb  51   0.072853 -0.937147  0.867725  1.00131E-10  1.81441E-10  1.97228E-10
 te  52   1.201624 -0.978376  0.826495  1.41151E-09  2.63444E-09  2.78026E-09
  i  53   0.182945 -1.367055  0.437817  1.34472E-10  1.65144E-10  2.64869E-10
 xe  54   1.550712 -0.689288  1.115583  3.24462E-09  5.92697E-09  6.39094E-09
 cs  55   0.192533 -0.887467  0.917405  1.43975E-10  2.48197E-10  2.83587E-10
 ba  56   2.263594  0.083594  1.888465  1.75211E-08  3.40519E-08  3.45113E-08
 la  57   1.206337  0.036337  1.841209  1.55334E-09  3.01416E-09  3.05963E-09
 ce  58   1.780560  0.200559  2.005431  5.87839E-09  1.14612E-08  1.15787E-08
 pr  59   0.725086 -0.034914  1.769958  5.20274E-10  1.00683E-09  1.02479E-09
 nd  60   1.428721 -0.021279  1.783593  2.69165E-09  5.21674E-09  5.30174E-09
 sm  62   0.701426 -0.238574  1.566297  5.25736E-10  1.01403E-09  1.03554E-09
 eu  63  -0.338187 -0.848187  0.956684  4.85025E-11  8.46442E-11  9.55355E-11
 gd  64   0.574201 -0.475799  1.329072  4.10206E-10  7.68906E-10  8.07984E-10
 tb  65  -0.415204 -0.735204  1.069668  4.24814E-11  7.63217E-11  8.36757E-11
 dy  66   0.703474 -0.426526  1.378346  5.70871E-10  1.07597E-09  1.12444E-09
 ho  67  -0.293402 -0.763402  1.041470  5.83592E-11  1.04170E-10  1.14950E-10
 er  68   0.572071 -0.347929  1.456943  4.34181E-10  8.24932E-10  8.55208E-10
 tm  69  -0.385318 -0.505318  1.299554  4.83738E-11  9.03496E-11  9.52820E-11
 yb  70   0.913501 -0.006499  1.798372  9.85956E-10  1.91434E-09  1.94204E-09
 lu  71  -0.034655 -0.124655  1.680217  1.12334E-10  2.16498E-10  2.21265E-10
 hf  72   0.901048  0.191048  1.995919  9.88262E-10  1.92634E-09  1.94658E-09
 ta  73  -0.068927  0.051073  1.855945  1.07359E-10  2.08425E-10  2.11465E-10
  w  74   0.838596  0.188596  1.993468  8.81550E-10  1.71822E-09  1.73639E-09
 re  75  -0.073771 -0.333771  1.471100  1.09254E-10  2.07692E-10  2.15197E-10
 os  76   0.853818 -0.496182  1.308689  9.44729E-10  1.76653E-09  1.86084E-09
 ir  77   0.081675 -1.238325  0.566546  1.61316E-10  2.28798E-10  3.17744E-10
 pt  78   0.800586 -0.819414  0.985457  8.57047E-10  1.52094E-09  1.68813E-09
 au  79   0.004109 -0.795891  1.008981  1.38266E-10  2.44817E-10  2.72342E-10
 hg  80   1.248530  0.078530  1.883402  2.47201E-09  4.80802E-09  4.86912E-09
 tl  81   1.086745  0.316745  2.121617  1.73540E-09  3.39157E-09  3.41823E-09
 pb  82   3.130520  1.090520  2.895391  1.94590E-07  3.82780E-07  3.83283E-07
 bi  83   1.697304  1.047304  2.852175  7.23802E-09  1.42361E-08  1.42567E-08
#  [Rb/Zr]  [ls/Fe]  [hs/Fe]  [hs/ls]  [Pb/hs]
   -0.0620   1.3779   1.9117   0.5338   0.9837
