# Initial mass = 3.000, Z =  0.0007, Y =  0.250, M_mix = 5.00E-04
# Final mass = 0.827, Mass expelled =   2.1731
# El  Z   log e(X)   [X/H]    [X/Fe]     X(i)     Net M(i) Mass(i) 
  p   1  12.000000  0.000000  0.000000  7.10874E-01 -9.69459E-02  1.54477E+00
 he   2  11.001856  0.071856  1.881855  2.83513E-01  7.23093E-02  6.16091E-01
  c   6   9.058452  0.588451  2.398451  9.69088E-03  2.09265E-02  2.10588E-02
  n   7   7.308877 -0.561122  1.248877  2.01166E-04  3.39819E-04  4.37146E-04
  o   8   7.617679 -1.112320  0.697679  4.67848E-04  5.08193E-04  1.01666E-03
  f   9   4.917635  0.457635  2.267634  1.10835E-06  2.39511E-06  2.40850E-06
 ne  10   7.727835 -0.242165  1.567834  7.60481E-04  1.56414E-03  1.65257E-03
 na  11   5.768937 -0.541063  1.268937  9.52376E-06  2.01152E-05  2.06957E-05
 mg  12   6.800311 -0.839689  0.970311  1.08228E-04  1.84513E-04  2.35186E-04
 al  13   5.136880 -1.333119  0.476880  2.60788E-06  4.21003E-06  5.66707E-06
 si  14   5.993965 -1.556036  0.253964  1.95338E-05  8.96476E-06  4.24481E-05
  p  15   4.254539 -1.215461  0.594538  3.92526E-07  6.29622E-07  8.52983E-07
  s  16   5.678357 -1.481643  0.328357  1.07825E-05 -1.98985E-07  2.34311E-05
 cl  17   3.537090 -1.692910  0.117090  8.61146E-08  4.00156E-08  1.87132E-07
 ar  18   4.978087 -1.461913  0.348086  2.67864E-06 -1.14812E-07  5.82084E-06
  k  19   3.508554 -1.571445  0.238554  8.89287E-08  1.64273E-08  1.93247E-07
 ca  20   4.807945 -1.482055  0.327945  1.81628E-06 -1.12277E-07  3.94689E-06
 sc  21   1.761836 -1.288164  0.521836  1.83213E-09  1.83441E-09  3.98133E-09
 ti  22   3.495928 -1.414072  0.395927  1.05754E-07  2.38676E-09  2.29810E-07
  v  23   2.403625 -1.556375  0.253625  9.09985E-09 -2.20828E-10  1.97745E-08
 cr  24   3.989271 -1.650729  0.159271  3.57745E-07 -1.12722E-08  7.77401E-07
 mn  25   3.151008 -2.328992 -0.518993  5.48546E-08 -1.62620E-09  1.19202E-07
 fe  26   5.730000 -1.809999  0.000000  2.11503E-05 -1.35294E-06  4.59609E-05
 co  27   3.523294 -1.346705  0.463294  1.38671E-07  1.94592E-07  3.01341E-07
 ni  28   4.540065 -1.659935  0.150065  1.43544E-06  8.46278E-07  3.11929E-06
 cu  29   3.182328 -1.067672  0.742328  6.81944E-08  1.38917E-07  1.48191E-07
 zn  30   3.281053 -1.348948  0.461052  8.81095E-08  7.01335E-08  1.91467E-07
 ga  31   2.061985 -1.018015  0.791985  5.67145E-09  1.02762E-08  1.23244E-08
 ge  32   2.495277 -1.084723  0.725277  1.60245E-08  2.85878E-08  3.48223E-08
 as  33   1.047936 -1.252064  0.557936  5.90036E-10  9.16910E-10  1.28218E-09
 se  34   2.339924 -1.000076  0.809923  1.21805E-08  2.26539E-08  2.64689E-08
 br  35   1.493046 -1.046954  0.763045  1.75367E-09  3.13384E-09  3.81082E-09
 kr  36   2.596775 -0.653225  1.156775  2.33529E-08  4.71193E-08  5.07473E-08
 rb  37   1.915041 -0.444959  1.365041  4.95653E-09  1.02924E-08  1.07708E-08
 sr  38   2.173613 -0.706388  1.103612  9.21612E-09  1.84122E-08  2.00272E-08
  y  39   1.559892 -0.610108  1.199891  2.27592E-09  4.62437E-09  4.94570E-09
 zr  40   1.998107 -0.531893  1.278106  6.40543E-09  1.31641E-08  1.39194E-08
 nb  41   0.760151 -0.649849  1.160150  3.77161E-10  7.61242E-10  8.19594E-10
 mo  42   1.333190 -0.606810  1.203189  1.45721E-09  3.01215E-09  3.16661E-09
 ru  44   0.944956 -0.815044  0.994955  6.27928E-10  1.25941E-09  1.36453E-09
 rh  45  -0.134144 -1.194144  0.615856  5.32880E-11  8.69272E-11  1.15798E-10
 pd  46   0.811823 -0.838177  0.971822  4.86608E-10  9.56074E-10  1.05743E-09
 ag  47   0.026995 -1.173005  0.636994  8.09507E-11  1.34138E-10  1.75911E-10
 cd  48   0.895341 -0.814659  0.995340  6.22992E-10  1.22524E-09  1.35380E-09
 in  49  -0.245667 -1.005667  0.804332  4.59913E-11  8.44903E-11  9.99419E-11
 sn  50   1.296309 -0.773690  1.036309  1.65626E-09  3.30400E-09  3.59916E-09
 sb  51  -0.199007 -1.209007  0.600992  5.43039E-11  1.00588E-10  1.18005E-10
 te  52   0.895436 -1.284564  0.525436  7.07325E-10  1.37619E-09  1.53706E-09
  i  53  -0.006258 -1.556258  0.253742  8.82165E-11  8.16784E-11  1.91700E-10
 xe  54   1.227576 -1.012424  0.797576  1.56369E-09  2.88611E-09  3.39798E-09
 cs  55  -0.108449 -1.188449  0.621550  7.30173E-11  1.19627E-10  1.58671E-10
 ba  56   1.956206 -0.223794  1.586206  8.75579E-09  1.85200E-08  1.90269E-08
 la  57   0.881851 -0.288149  1.521851  7.46285E-10  1.57156E-09  1.62172E-09
 ce  58   1.440859 -0.139141  1.670858  2.72697E-09  5.79626E-09  5.92586E-09
 pr  59   0.385650 -0.374350  1.435649  2.41501E-10  5.04983E-10  5.24795E-10
 nd  60   1.109519 -0.340481  1.469518  1.30899E-09  2.75074E-09  2.84452E-09
 sm  62   0.382394 -0.557606  1.252393  2.55776E-10  5.32078E-10  5.55816E-10
 eu  63  -0.619636 -1.129636  0.680364  2.57299E-11  4.38967E-11  5.59125E-11
 gd  64   0.261646 -0.788354  1.021646  2.02567E-10  3.97079E-10  4.40191E-10
 tb  65  -0.705184 -1.025184  0.784816  2.20974E-11  3.99056E-11  4.80189E-11
 dy  66   0.391603 -0.738397  1.071603  2.82351E-10  5.60084E-10  6.13566E-10
 ho  67  -0.582056 -1.052056  0.757943  3.04492E-11  5.42745E-11  6.61680E-11
 er  68   0.255135 -0.664865  1.145134  2.12254E-10  4.27840E-10  4.61241E-10
 tm  69  -0.684292 -0.804292  1.005708  2.46466E-11  4.81170E-11  5.35585E-11
 yb  70   0.589925 -0.330075  1.479924  4.74683E-10  1.00096E-09  1.03151E-09
 lu  71  -0.347560 -0.437560  1.372440  5.54280E-11  1.15188E-10  1.20448E-10
 hf  72   0.584325 -0.125675  1.684324  4.83361E-10  1.02804E-09  1.05037E-09
 ta  73  -0.368604 -0.248604  1.561396  5.46114E-11  1.15320E-10  1.18674E-10
  w  74   0.522940 -0.127060  1.682939  4.32228E-10  9.19216E-10  9.39257E-10
 re  75  -0.366431 -0.626431  1.183568  5.64804E-11  1.14456E-10  1.22735E-10
 os  76   0.561729 -0.788271  1.021729  4.89037E-10  9.58667E-10  1.06271E-09
 ir  77  -0.119434 -1.439434  0.370565  1.02965E-10  1.25621E-10  2.23749E-10
 pt  78   0.529943 -1.090057  0.719942  4.66105E-10  8.28422E-10  1.01287E-09
 au  79  -0.261829 -1.061829  0.748170  7.60147E-11  1.34817E-10  1.65184E-10
 hg  80   0.944036 -0.225963  1.584036  1.24359E-09  2.63499E-09  2.70240E-09
 tl  81   0.776316  0.006316  1.816315  8.61178E-10  1.84198E-09  1.87139E-09
 pb  82   2.949746  0.909746  2.719746  1.30157E-07  2.82284E-07  2.82839E-07
 bi  83   1.589522  0.939522  2.749522  5.72743E-09  1.24232E-08  1.24460E-08
#  [Rb/Zr]  [ls/Fe]  [hs/Fe]  [hs/ls]  [Pb/hs]
    0.0869   1.1939   1.5930   0.3991   1.1268
