# Initial mass = 6.000, Z =  0.0007, Y =  0.250, M_mix = 0.00E+00
# Final mass = 1.016, Mass expelled =   4.9842
# El  Z   log e(X)   [X/H]    [X/Fe]     X(i)     Net M(i) Mass(i) 
  p   1  12.000000  0.000000  0.000000  6.53477E-01 -5.08437E-01  3.25706E+00
 he   2  11.129774  0.199774  1.961917  3.49888E-01  4.96677E-01  1.74391E+00
  c   6   7.284918 -1.185082  0.577062  1.50061E-04  4.44278E-04  7.47934E-04
  n   7   8.270819  0.400819  2.162962  1.69408E-03  8.22039E-03  8.44363E-03
  o   8   6.665941 -2.064058 -0.301915  4.80622E-05 -9.26686E-04  2.39552E-04
  f   9   2.068937 -2.391063 -0.628919  1.44350E-09 -2.35119E-08  7.19468E-09
 ne  10   6.572639 -1.397360  0.364783  4.89024E-05  4.09132E-05  2.43740E-04
 na  11   4.371511 -1.938488 -0.176345  3.50607E-07  4.16073E-07  1.74750E-06
 mg  12   6.146653 -1.493347  0.268796  2.20861E-05 -6.14191E-06  1.10081E-04
 al  13   5.340873 -1.129127  0.633017  3.83458E-06  1.57704E-05  1.91123E-05
 si  14   5.947164 -1.602837  0.159307  1.61222E-05  3.55757E-06  8.03562E-05
  p  15   3.762607 -1.707393  0.054750  1.16245E-07  6.70809E-08  5.79388E-07
  s  16   5.717849 -1.442151  0.319993  1.08555E-05 -9.26520E-08  5.41061E-05
 cl  17   3.498202 -1.731798  0.030346  7.23812E-08  2.33314E-08  3.60763E-07
 ar  18   5.022012 -1.417988  0.344155  2.72444E-06 -3.50728E-08  1.35792E-05
  k  19   3.514187 -1.565813  0.196331  8.28155E-08  7.20925E-09  4.12769E-07
 ca  20   4.855283 -1.434717  0.327427  1.86191E-06 -3.01006E-08  9.28015E-06
 sc  21   1.564106 -1.485894  0.276250  1.06823E-09  4.00018E-10  5.32427E-09
 ti  22   3.528134 -1.381866  0.380278  1.04699E-07  2.14243E-10  5.21840E-07
  v  23   2.441634 -1.518366  0.243778  9.13021E-09 -3.55158E-10  4.55068E-08
 cr  24   4.031451 -1.608549  0.153595  3.62403E-07 -2.63901E-09  1.80629E-06
 mn  25   3.221851 -2.258149 -0.496005  5.93600E-08  1.87256E-08  2.95862E-07
 fe  26   5.777856 -1.762144  0.000000  2.17075E-05 -3.25970E-07  1.08195E-04
 co  27   3.187595 -1.682405  0.079739  5.88469E-08  4.84635E-08  2.93305E-07
 ni  28   4.454614 -1.745386  0.016758  1.08385E-06  1.88686E-07  5.40215E-06
 cu  29   2.481556 -1.768444 -0.006300  1.24857E-08  4.09626E-08  6.22315E-08
 zn  30   3.149753 -1.480247  0.281896  5.98631E-08  2.00753E-08  2.98370E-07
 ga  31   1.537126 -1.542874  0.219269  1.55694E-09  3.06224E-09  7.76011E-09
 ge  32   1.987592 -1.592408  0.169735  4.57655E-09  8.51081E-09  2.28104E-08
 as  33   0.655922 -1.644078  0.118066  2.19939E-10  2.58418E-10  1.09622E-09
 se  34   1.777337 -1.562663  0.199481  3.06560E-09  6.52939E-09  1.52795E-08
 br  35   0.975388 -1.564612  0.197531  4.89470E-10  8.86856E-10  2.43962E-09
 kr  36   1.821251 -1.428749  0.333395  3.59961E-09  9.61979E-09  1.79412E-08
 rb  37   1.085380 -1.274620  0.487523  6.74455E-10  2.26427E-09  3.36162E-09
 sr  38   1.390140 -1.489861  0.272283  1.39480E-09  3.24775E-09  6.95199E-09
  y  39   0.664993 -1.505007  0.257137  2.66498E-10  5.91260E-10  1.32828E-09
 zr  40   0.966759 -1.563241  0.198902  5.47820E-10  9.98085E-10  2.73045E-09
 nb  41  -0.191345 -1.601345  0.160798  3.87676E-11  5.93877E-11  1.93226E-10
 mo  42   0.226116 -1.713884  0.048260  1.04686E-10  1.67493E-10  5.21774E-10
 ru  44  -0.024076 -1.784076 -0.021933  6.19893E-11  6.78646E-11  3.08967E-10
 rh  45  -0.680779 -1.740778  0.021365  1.39134E-11  3.12800E-12  6.93470E-11
 pd  46  -0.080744 -1.730744  0.031400  5.72862E-11  5.30599E-11  2.85526E-10
 ag  47  -0.536205 -1.736205  0.025938  2.03450E-11  5.59204E-12  1.01404E-10
 cd  48  -0.006317 -1.716317  0.045826  7.18228E-11  6.31252E-11  3.57980E-10
 in  49  -0.979641 -1.739641  0.022503  7.80080E-12  3.44056E-12  3.88808E-11
 sn  50   0.316450 -1.753550  0.008594  1.59480E-10  1.17894E-10  7.94883E-10
 sb  51  -0.967067 -1.977067 -0.214923  8.51545E-12  2.49432E-12  4.24427E-11
 te  52  -0.008749 -2.188749 -0.426605  8.10722E-11  3.50989E-11  4.04080E-10
  i  53  -0.221737 -1.771737 -0.009593  4.93752E-11 -6.25230E-12  2.46096E-10
 xe  54   0.460938 -1.779062 -0.016918  2.46008E-10  5.21082E-11  1.22616E-09
 cs  55  -0.676209 -1.756209  0.005934  1.81594E-11  9.58664E-13  9.05101E-11
 ba  56   0.477055 -1.702945  0.059198  2.67043E-10  1.68499E-10  1.33099E-09
 la  57  -0.560941 -1.730941  0.031203  2.47486E-11  8.31109E-12  1.23352E-10
 ce  58  -0.157150 -1.737150  0.024993  6.32569E-11  1.80403E-11  3.15285E-10
 pr  59  -0.989593 -1.749593  0.012551  9.35651E-12  1.19217E-12  4.66347E-11
 nd  60  -0.322418 -1.772418 -0.010275  4.45080E-11  6.75138E-12  2.21837E-10
 sm  62  -0.942851 -1.882851 -0.120708  1.11186E-11  9.72764E-13  5.54175E-11
 eu  63  -1.271102 -1.781102 -0.018958  5.27727E-12 -1.25672E-12  2.63030E-11
 gd  64  -0.706554 -1.756554  0.005589  2.00358E-11  9.79716E-13  9.98623E-11
 tb  65  -1.454489 -1.774489 -0.012345  3.61805E-12 -5.75857E-13  1.80331E-11
 dy  66  -0.626459 -1.756459  0.005684  2.48980E-11  1.42943E-12  1.24097E-10
 ho  67  -1.304326 -1.774326 -0.012182  5.30572E-12 -8.34501E-13  2.64448E-11
 er  68  -0.841322 -1.761322  0.000822  1.56256E-11  1.26986E-12  7.78813E-11
 tm  69  -1.647738 -1.767738 -0.005595  2.46462E-12 -1.96823E-13  1.22841E-11
 yb  70  -0.886907 -1.806907 -0.044763  1.45549E-11  2.45648E-12  7.25447E-11
 lu  71  -1.670989 -1.760989  0.001155  2.41957E-12 -4.49814E-15  1.20596E-11
 hf  72  -1.034862 -1.744862  0.017282  1.06788E-11  2.00569E-12  5.32253E-11
 ta  73  -1.878396 -1.758396  0.003748  1.55213E-12  4.43274E-14  7.73613E-12
  w  74  -1.098565 -1.748565  0.013579  9.49828E-12  1.37525E-12  4.73413E-11
 re  75  -1.512042 -1.772042 -0.009898  3.71299E-12 -4.83898E-13  1.85063E-11
 os  76  -0.413671 -1.763672 -0.001528  4.75750E-11 -1.50144E-12  2.37123E-10
 ir  77  -0.457849 -1.777849 -0.015705  4.34224E-11 -8.64560E-12  2.16426E-10
 pt  78  -0.165613 -1.785613 -0.023470  8.63705E-11  7.42484E-12  4.30488E-10
 au  79  -0.966438 -1.766438 -0.004295  1.37951E-11 -8.93001E-13  6.87576E-11
 hg  80  -0.604156 -1.774155 -0.012012  3.23537E-11  6.65294E-12  1.61257E-10
 tl  81  -0.975318 -1.745318  0.016826  1.40248E-11  2.45400E-12  6.99026E-11
 pb  82   0.285950 -1.754050  0.008093  2.59484E-10  2.00769E-11  1.29332E-09
 bi  83  -1.107354 -1.757354  0.004789  1.05809E-11  4.20674E-13  5.27372E-11
#  [Rb/Zr]  [ls/Fe]  [hs/Fe]  [hs/ls]  [Pb/hs]
    0.2886   0.2428   0.0385  -0.2043  -0.0304
