# Initial abundances
# El  Z   log e(X)   [X/H]    [X/Fe]     [X/O]      X(i)
  p   1  12.000000  0.000000  0.000000  0.000000 7.54992E-01
 he   2  10.922963 -0.007037  2.178469  2.178463 2.51091E-01
 li   3   1.040214 -2.219786 -0.034281 -0.034287 5.70319E-11
 be   4   0.000000 -1.300000  0.000000  0.000000 0.00000E+00
  b   5   0.000000 -2.790000  0.000000  0.000000 0.00000E+00
  c   6   6.284689 -2.185311  0.000195  0.000189 1.73281E-05
  n   7   5.684475 -2.185524 -0.000019 -0.000025 5.07344E-06
  o   8   6.544500 -2.185500  0.000006  0.000000 4.19831E-05
  f   9   2.234510 -2.185490  0.000016  0.000010 2.44175E-09
 ne  10   5.784503 -2.185497  0.000009  0.000002 9.20250E-06
 na  11   4.054493 -2.185506  0.000000 -0.000007 1.95216E-07
 mg  12   5.454495 -2.185505  0.000001 -0.000005 5.18409E-06
 al  13   4.264493 -2.185506  0.000000 -0.000007 3.71578E-07
 si  14   5.364496 -2.185504  0.000002 -0.000004 4.86932E-06
  p  15   3.224507 -2.185493  0.000013  0.000007 3.89033E-08
  s  16   4.974492 -2.175508  0.009998  0.009992 2.26467E-06
 cl  17   3.044502 -2.185498  0.000008  0.000002 2.94196E-08
 ar  18   4.254495 -2.185505  0.000001 -0.000005 5.37617E-07
  k  19   2.893927 -2.186073 -0.000567 -0.000574 2.29384E-08
 ca  20   4.104494 -2.185506  0.000000 -0.000006 3.81841E-07
 sc  21   0.864499 -2.185501  0.000005 -0.000001 2.46473E-10
 ti  22   2.724504 -2.185496  0.000010  0.000003 1.90118E-08
  v  23   1.773415 -2.186585 -0.001080 -0.001086 2.26451E-09
 cr  24   3.435211 -2.204789 -0.019283 -0.019289 1.06087E-07
 mn  25   3.294506 -2.185494  0.000012  0.000006 8.10702E-08
 fe  26   5.354494 -2.185506  0.000000 -0.000006 9.46152E-06
 co  27   2.684498 -2.185502  0.000004 -0.000002 2.13471E-08
 ni  28   4.014499 -2.185501  0.000005 -0.000001 4.54536E-07
 cu  29   2.064504 -2.185496  0.000010  0.000003 5.52172E-09
 zn  30   2.444505 -2.185495  0.000010  0.000004 1.36340E-08
 ga  31   0.894501 -2.185499  0.000007  0.000000 4.09599E-10
 ge  32   1.360128 -2.219872 -0.034366 -0.034372 1.24677E-09
 as  33   0.114492 -2.185508 -0.000002 -0.000008 7.30440E-11
 se  34   1.110576 -2.229424 -0.043918 -0.043925 7.62896E-10
 br  35   0.354499 -2.185501  0.000005 -0.000001 1.35379E-10
 kr  36   1.062928 -2.187072 -0.001566 -0.001572 7.25510E-10
 rb  37   0.334499 -2.185501  0.000005 -0.000001 1.38288E-10
 sr  38   0.692071 -2.187929 -0.002423 -0.002429 3.22966E-10
  y  39   0.024498 -2.185502  0.000004 -0.000002 7.04550E-11
 zr  40   0.344502 -2.185498  0.000008  0.000002 1.51041E-10
 nb  41  -0.775493 -2.185493  0.000013  0.000007 1.16690E-11
 mo  42  -0.366675 -2.306675 -0.121170 -0.121176 3.08892E-11
 tc  43   0.000000 -9.000000  0.000000  0.000000 0.00000E+00
 ru  44  -0.556439 -2.316439 -0.130934 -0.130940 2.10215E-11
 rh  45  -1.125499 -2.185499  0.000007  0.000001 5.77330E-12
 pd  46  -0.594683 -2.244683 -0.059177 -0.059183 2.02685E-11
 ag  47  -0.985498 -2.185498  0.000007  0.000001 8.35366E-12
 cd  48  -0.515215 -2.225215 -0.039709 -0.039715 2.57084E-11
 in  49  -1.444536 -2.204536 -0.019030 -0.019037 3.08998E-12
 sn  50  -0.177930 -2.247930 -0.062424 -0.062430 5.90256E-11
 sb  51  -1.418026 -2.428026 -0.242520 -0.242526 3.48307E-12
 te  52  -0.472878 -2.652878 -0.467372 -0.467378 3.21704E-11
  i  53  -0.635500 -2.185500  0.000006  0.000000 2.20018E-11
 xe  54   0.017418 -2.222582 -0.037076 -0.037082 1.02363E-10
 cs  55  -1.105499 -2.185499  0.000007  0.000000 7.80773E-12
 ba  56  -0.006402 -2.186402 -0.000896 -0.000902 1.01353E-10
 la  57  -1.015905 -2.185905 -0.000400 -0.000406 1.00299E-11
 ce  58  -0.607405 -2.187405 -0.001899 -0.001905 2.59159E-11
 pr  59  -1.425498 -2.185498  0.000008  0.000002 3.96205E-12
 nd  60  -0.760503 -2.210503 -0.024997 -0.025003 1.87527E-11
 pm  61   0.000000 -9.000000  0.000000  0.000000 0.00000E+00
 sm  62  -1.375217 -2.315217 -0.129712 -0.129718 4.74676E-12
 eu  63  -1.675514 -2.185514 -0.000008 -0.000015 2.40275E-12
 gd  64  -1.242631 -2.292631 -0.107125 -0.107131 6.73662E-12
 tb  65  -1.865514 -2.185514 -0.000008 -0.000014 1.62241E-12
 dy  66  -1.056156 -2.186156 -0.000650 -0.000657 1.06950E-11
 ho  67  -1.715497 -2.185497  0.000009  0.000003 2.37840E-12
 er  68  -1.273119 -2.193119 -0.007613 -0.007619 6.67963E-12
 tm  69  -2.065498 -2.185498  0.000008  0.000001 1.08818E-12
 yb  70  -1.326529 -2.246529 -0.061023 -0.061029 6.11083E-12
 lu  71  -2.095501 -2.185501  0.000005 -0.000001 1.05181E-12
 hf  72  -1.476206 -2.186206 -0.000700 -0.000706 4.46571E-12
 ta  73  -2.305553 -2.185554 -0.000048 -0.000054 6.70629E-13
  w  74  -1.536028 -2.186028 -0.000522 -0.000528 4.00770E-12
 re  75  -1.925500 -2.185500  0.000006  0.000000 1.65569E-12
 os  76  -0.835583 -2.185583 -0.000077 -0.000083 2.08055E-11
 ir  77  -0.865499 -2.185500  0.000006  0.000000 1.96234E-11
 pt  78  -0.597843 -2.217843 -0.032337 -0.032343 3.68847E-11
 au  79  -1.385500 -2.185500  0.000006  0.000000 6.07262E-12
 hg  80  -1.047105 -2.217105 -0.031599 -0.031605 1.34799E-11
 tl  81  -1.415503 -2.185503  0.000003 -0.000003 5.88064E-12
 pb  82  -0.145496 -2.185496  0.000010  0.000003 1.11013E-10
 bi  83  -1.535495 -2.185495  0.000011  0.000005 4.56134E-12
 po  84   0.000000 -9.000000  0.000000  0.000000 0.00000E+00
#[ls/Fe]_Bisterzo =   0.0000, [hs/Fe]_Bisterzo =  -0.0517
#[hs/ls]_Bisterzo =  -0.0517, [Pb/hs]_Bisterzo =   0.0517
#[ls/Fe]_Thiswork =  -0.0008, [hs/Fe]_Thiswork =  -0.0011
#[hs/ls]_Thiswork =  -0.0003, [Pb/hs]_Thiswork =   0.0011
# C/O = 5.4978E-01, c12/c13 = 8.94392E+01, n14/n15 = 4.47610E+02
# o16/o17 = 2.63226E+03, o16/o18 = 4.98812E+02
# mg24/mg25 = 7.8990E+00, mg24/mg26 = 7.1742E+00
#
# During TP-AGB
#  TP   Mass     Mcore    Menv    log L
#  1 1.695680 0.627310 1.068370 3.721580
# El  Z   log e(X)   [X/H]    [X/Fe]     [X/O]      X(i)
  p   1  12.000000  0.000000  0.000000  0.000000 7.28885E-01
 he   2  10.981006  0.051005  2.236511  2.236505 2.77070E-01
 li   3   0.650523 -2.609477 -0.423971 -0.423977 2.24462E-11
 be   4   0.000000 -1.300000  0.000000  0.000000 0.00000E+00
  b   5   0.000000 -2.790000  0.000000  0.000000 5.08601E-28
  c   6   5.989869 -2.480131 -0.294625 -0.294631 8.48490E-06
  n   7   6.229761 -1.640239  0.545267  0.545260 1.71911E-05
  o   8   6.537927 -2.192072 -0.006567  0.000000 3.99226E-05
  f   9   2.192068 -2.227932 -0.042426 -0.035860 2.13783E-09
 ne  10   5.792765 -2.177235  0.008271  0.014838 9.05492E-06
 na  11   4.338901 -1.901099  0.284407  0.290974 3.62776E-07
 mg  12   5.469690 -2.170310  0.015196  0.021762 5.18303E-06
 al  13   4.281756 -2.168243  0.017262  0.023829 3.73275E-07
 si  14   5.379816 -2.170185  0.015321  0.021888 4.86972E-06
  p  15   3.240097 -2.169903  0.015603  0.022170 3.89307E-08
  s  16   4.989781 -2.160219  0.025287  0.031853 2.26470E-06
 cl  17   3.059791 -2.170209  0.015296  0.021863 2.94200E-08
 ar  18   4.269784 -2.170216  0.015290  0.021856 5.37623E-07
  k  19   2.909186 -2.170814  0.014692  0.021259 2.29371E-08
 ca  20   4.119785 -2.170215  0.015291  0.021857 3.81847E-07
 sc  21   0.879787 -2.170213  0.015293  0.021860 2.46475E-10
 ti  22   2.739792 -2.170208  0.015298  0.021864 1.90120E-08
  v  23   1.788704 -2.171296  0.014210  0.020776 2.26453E-09
 cr  24   3.450500 -2.189499 -0.003994  0.002573 1.06088E-07
 mn  25   3.309794 -2.170206  0.015300  0.021867 8.10711E-08
 fe  26   5.369783 -2.170217  0.000000  0.021855 9.46162E-06
 co  27   2.699787 -2.170213  0.000004  0.021860 2.13473E-08
 ni  28   4.029788 -2.170212  0.000005  0.021861 4.54541E-07
 cu  29   2.079793 -2.170207  0.000010  0.021865 5.52178E-09
 zn  30   2.459794 -2.170206  0.000011  0.021866 1.36342E-08
 ga  31   0.909790 -2.170210  0.000007  0.021863 4.09604E-10
 ge  32   1.375418 -2.204582 -0.034365 -0.012510 1.24679E-09
 as  33   0.129782 -2.170218 -0.000001  0.021854 7.30447E-11
 se  34   1.125864 -2.214136 -0.043919 -0.022063 7.62904E-10
 br  35   0.369788 -2.170212  0.000005  0.021861 1.35380E-10
 kr  36   1.078217 -2.171783 -0.001566  0.020289 7.25518E-10
 rb  37   0.347914 -2.172086 -0.001869  0.019986 1.37694E-10
 sr  38   0.708179 -2.171821 -0.001604  0.020252 3.23580E-10
  y  39   0.039787 -2.170213  0.000004  0.021860 7.04558E-11
 zr  40   0.359792 -2.170208  0.000009  0.021864 1.51042E-10
 nb  41  -0.760204 -2.170204  0.000013  0.021868 1.16691E-11
 mo  42  -0.351386 -2.291386 -0.121169 -0.099314 3.08896E-11
 tc  43   0.000000 -9.000000  0.000000  0.000000 0.00000E+00
 ru  44  -0.541151 -2.301151 -0.130934 -0.109079 2.10218E-11
 rh  45  -1.110210 -2.170210  0.000007  0.021862 5.77336E-12
 pd  46  -0.579394 -2.229394 -0.059177 -0.037322 2.02688E-11
 ag  47  -0.970209 -2.170209  0.000008  0.021863 8.35375E-12
 cd  48  -0.499927 -2.209927 -0.039710 -0.017854 2.57087E-11
 in  49  -1.429248 -2.189248 -0.019031  0.002825 3.09002E-12
 sn  50  -0.162641 -2.232641 -0.062423 -0.040568 5.90263E-11
 sb  51  -1.402737 -2.412737 -0.242520 -0.220664 3.48310E-12
 te  52  -0.457588 -2.637588 -0.467371 -0.445516 3.21707E-11
  i  53  -0.620212 -2.170212  0.000005  0.021861 2.20020E-11
 xe  54   0.032707 -2.207293 -0.037076 -0.015220 1.02364E-10
 cs  55  -1.090210 -2.170210  0.000007  0.021863 7.80781E-12
 ba  56   0.008887 -2.171113 -0.000896  0.020960 1.01354E-10
 la  57  -1.000616 -2.170616 -0.000399  0.021456 1.00300E-11
 ce  58  -0.592115 -2.172115 -0.001898  0.019957 2.59161E-11
 pr  59  -1.410209 -2.170209  0.000008  0.021864 3.96209E-12
 nd  60  -0.745214 -2.195215 -0.024997 -0.003142 1.87529E-11
 pm  61   0.000000 -9.000000  0.000000  0.000000 0.00000E+00
 sm  62  -1.359928 -2.299928 -0.129711 -0.107856 4.74682E-12
 eu  63  -1.660225 -2.170225 -0.000008  0.021847 2.40278E-12
 gd  64  -1.227343 -2.277343 -0.107126 -0.085270 6.73669E-12
 tb  65  -1.850224 -2.170224 -0.000007  0.021848 1.62243E-12
 dy  66  -1.040868 -2.170868 -0.000651  0.021204 1.06951E-11
 ho  67  -1.700209 -2.170209  0.000008  0.021864 2.37843E-12
 er  68  -1.257831 -2.177831 -0.007614  0.014242 6.67971E-12
 tm  69  -2.050209 -2.170209  0.000008  0.021863 1.08819E-12
 yb  70  -1.311240 -2.231240 -0.061023 -0.039168 6.11089E-12
 lu  71  -2.080450 -2.170450 -0.000233  0.021622 1.05125E-12
 hf  72  -1.460859 -2.170859 -0.000642  0.021213 4.46635E-12
 ta  73  -2.290265 -2.170265 -0.000048  0.021807 6.70637E-13
  w  74  -1.520739 -2.170739 -0.000522  0.021334 4.00774E-12
 re  75  -1.915211 -2.175211 -0.004994  0.016862 1.63676E-12
 os  76  -0.819890 -2.169890  0.000327  0.022182 2.08251E-11
 ir  77  -0.850210 -2.170210  0.000007  0.021862 1.96236E-11
 pt  78  -0.582555 -2.202555 -0.032338 -0.010482 3.68851E-11
 au  79  -1.370211 -2.170211  0.000006  0.021862 6.07269E-12
 hg  80  -1.031816 -2.201816 -0.031599 -0.009743 1.34801E-11
 tl  81  -1.400213 -2.170213  0.000004  0.021859 5.88071E-12
 pb  82  -0.130208 -2.170208  0.000009  0.021864 1.11015E-10
 bi  83  -1.520206 -2.170207  0.000010  0.021866 4.56139E-12
 po  84   0.000000 -9.000000  0.000000  0.000000 3.52581E-25
#[ls/Fe]_Bisterzo =   0.0000, [hs/Fe]_Bisterzo =  -0.0517
#[hs/ls]_Bisterzo =  -0.0517, [Pb/hs]_Bisterzo =   0.0517
#[ls/Fe]_Thiswork =  -0.0005, [hs/Fe]_Thiswork =  -0.0011
#[hs/ls]_Thiswork =  -0.0005, [Pb/hs]_Thiswork =   0.0011
# C/O = 2.8310E-01, c12/c13 = 1.94637E+01, n14/n15 = 4.23815E+03
# o16/o17 = 6.37234E+01, o16/o18 = 8.23593E+02
# mg24/mg25 = 8.0543E+00, mg24/mg26 = 7.0593E+00
#
#  TP   Mass     Mcore    Menv    log L
#  2 1.695670 0.631230 1.064440 3.874250
# El  Z   log e(X)   [X/H]    [X/Fe]     [X/O]      X(i)
  p   1  12.000000  0.000000  0.000000  0.000000 7.26361E-01
 he   2  10.985239  0.055239  2.225456  2.247311 2.78815E-01
 li   3   0.881906 -2.378094 -0.207877 -0.186022 3.81083E-11
 be   4   0.000000 -1.300000  0.000000  0.000000 0.00000E+00
  b   5   0.000000 -2.790000  0.000000  0.000000 5.52790E-28
  c   6   7.933801 -0.536199  1.634018  1.655873 7.43143E-04
  n   7   6.228683 -1.641316  0.528901  0.550756 1.70892E-05
  o   8   6.742588 -1.987411  0.182806  0.000000 6.37343E-05
  f   9   2.498716 -1.921284  0.248933  0.066128 4.31635E-09
 ne  10   5.857601 -2.112399  0.057818 -0.124987 1.04765E-05
 na  11   4.349463 -1.890537  0.279680  0.096874 3.70419E-07
 mg  12   5.470336 -2.169663  0.000554 -0.182252 5.17278E-06
 al  13   4.292391 -2.157609  0.012608 -0.170197 3.81204E-07
 si  14   5.384923 -2.165078  0.005139 -0.177666 4.91026E-06
  p  15   3.250300 -2.159699  0.010518 -0.172288 3.97182E-08
  s  16   4.991069 -2.158931  0.011286 -0.171519 2.26356E-06
 cl  17   3.065376 -2.164624  0.005593 -0.177212 2.96976E-08
 ar  18   4.270916 -2.169085  0.001132 -0.181673 5.37158E-07
  k  19   2.912601 -2.167398  0.002819 -0.179987 2.30382E-08
 ca  20   4.120529 -2.169471  0.000746 -0.182059 3.81177E-07
 sc  21   0.892353 -2.157647  0.012570 -0.170235 2.52832E-10
 ti  22   2.741466 -2.168534  0.001683 -0.181123 1.90193E-08
  v  23   1.789247 -2.170753 -0.000536 -0.183342 2.25951E-09
 cr  24   3.451728 -2.188272 -0.018055 -0.200861 1.06021E-07
 mn  25   3.310166 -2.169834  0.000383 -0.182422 8.08595E-08
 fe  26   5.370849 -2.169151  0.000000 -0.181739 9.45204E-06
 co  27   2.758276 -2.111724  0.057427 -0.124312 2.43403E-08
 ni  28   4.037411 -2.162589  0.006562 -0.175177 4.60988E-07
 cu  29   2.141677 -2.108323  0.060828 -0.120912 6.34537E-09
 zn  30   2.465716 -2.164284  0.004867 -0.176872 1.37736E-08
 ga  31   0.929325 -2.150675  0.018476 -0.163263 4.26966E-10
 ge  32   1.390025 -2.189975 -0.020824 -0.202563 1.28497E-09
 as  33   0.136466 -2.163534  0.005617 -0.176122 7.39209E-11
 se  34   1.138519 -2.201481 -0.032330 -0.214069 7.82742E-10
 br  35   0.379103 -2.160897  0.008254 -0.173486 1.37836E-10
 kr  36   1.087357 -2.162643  0.006507 -0.175232 7.38383E-10
 rb  37   0.357426 -2.162574  0.006577 -0.175163 1.40256E-10
 sr  38   0.714473 -2.165527  0.003623 -0.178116 3.27166E-10
  y  39   0.044075 -2.165925  0.003226 -0.178514 7.09084E-11
 zr  40   0.363282 -2.166718  0.002433 -0.179306 1.51734E-10
 nb  41  -0.757444 -2.167444  0.001707 -0.180033 1.17028E-11
 mo  42  -0.349129 -2.289129 -0.119978 -0.301717 3.09431E-11
 tc  43   0.000000 -9.000000  0.000000  0.000000 0.00000E+00
 ru  44  -0.539749 -2.299749 -0.130598 -0.312338 2.10167E-11
 rh  45  -1.109837 -2.169837 -0.000686 -0.182425 5.75833E-12
 pd  46  -0.578431 -2.228431 -0.059280 -0.241020 2.02434E-11
 ag  47  -0.969859 -2.169859 -0.000708 -0.182448 8.33155E-12
 cd  48  -0.498983 -2.208983 -0.039833 -0.221572 2.56754E-11
 in  49  -1.428644 -2.188644 -0.019493 -0.201233 3.08360E-12
 sn  50  -0.160835 -2.230835 -0.061684 -0.243424 5.90669E-11
 sb  51  -1.401577 -2.411577 -0.242426 -0.424165 3.48032E-12
 te  52  -0.455826 -2.635826 -0.466675 -0.648414 3.21897E-11
  i  53  -0.620013 -2.170013 -0.000862 -0.182602 2.19358E-11
 xe  54   0.033713 -2.206287 -0.037136 -0.218875 1.02246E-10
 cs  55  -1.089594 -2.169594 -0.000443 -0.182182 7.79182E-12
 ba  56   0.012979 -2.167022  0.002129 -0.179610 1.01959E-10
 la  57  -0.997726 -2.167727  0.001424 -0.180315 1.00620E-11
 ce  58  -0.589544 -2.169544 -0.000393 -0.182133 2.59798E-11
 pr  59  -1.408802 -2.168802  0.000349 -0.181391 3.96119E-12
 nd  60  -0.743674 -2.193674 -0.024523 -0.206263 1.87544E-11
 pm  61   0.000000 -9.000000  0.000000  0.000000 0.00000E+00
 sm  62  -1.358901 -2.298901 -0.129750 -0.311490 4.74159E-12
 eu  63  -1.660039 -2.170039 -0.000888 -0.182627 2.39549E-12
 gd  64  -1.226837 -2.276837 -0.107686 -0.289426 6.72118E-12
 tb  65  -1.849977 -2.169976 -0.000826 -0.182565 1.61774E-12
 dy  66  -1.040379 -2.170379 -0.001228 -0.182967 1.06700E-11
 ho  67  -1.699988 -2.169988 -0.000838 -0.182577 2.37139E-12
 er  68  -1.257317 -2.177317 -0.008166 -0.189905 6.66446E-12
 tm  69  -2.049826 -2.169826 -0.000675 -0.182414 1.08538E-12
 yb  70  -1.309982 -2.229982 -0.060832 -0.242571 6.10739E-12
 lu  71  -2.079573 -2.169573 -0.000422 -0.182161 1.04973E-12
 hf  72  -1.459194 -2.169194 -0.000043 -0.181783 4.46799E-12
 ta  73  -2.289008 -2.169008  0.000143 -0.181597 6.70252E-13
  w  74  -1.518832 -2.168832  0.000319 -0.181421 4.01143E-12
 re  75  -1.914671 -2.174671 -0.005520 -0.187259 1.63312E-12
 os  76  -0.819521 -2.169521 -0.000370 -0.182109 2.07706E-11
 ir  77  -0.850109 -2.170109 -0.000958 -0.182698 1.95603E-11
 pt  78  -0.582269 -2.202269 -0.033118 -0.214857 3.67817E-11
 au  79  -1.369912 -2.169912 -0.000761 -0.182501 6.05583E-12
 hg  80  -1.028611 -2.198611 -0.029460 -0.211200 1.35329E-11
 tl  81  -1.393749 -2.163749  0.005402 -0.176338 5.94823E-12
 pb  82  -0.126990 -2.166990  0.002161 -0.179579 1.11453E-10
 bi  83  -1.518455 -2.168455  0.000696 -0.181043 4.56396E-12
 po  84  -4.408724 -9.000000  0.000000  0.000000 5.87644E-15
#[ls/Fe]_Bisterzo =   0.0028, [hs/Fe]_Bisterzo =  -0.0509
#[hs/ls]_Bisterzo =  -0.0538, [Pb/hs]_Bisterzo =   0.0531
#[ls/Fe]_Thiswork =   0.0031, [hs/Fe]_Thiswork =   0.0011
#[hs/ls]_Thiswork =  -0.0020, [Pb/hs]_Thiswork =   0.0011
# C/O = 1.5531E+01, c12/c13 = 1.80057E+03, n14/n15 = 3.64890E+03
# o16/o17 = 9.87940E+01, o16/o18 = 1.32160E+03
# mg24/mg25 = 8.0341E+00, mg24/mg26 = 7.0411E+00
#
#  TP   Mass     Mcore    Menv    log L
#  3 1.695660 0.634530 1.061130 3.942900
# El  Z   log e(X)   [X/H]    [X/Fe]     [X/O]      X(i)
  p   1  12.000000  0.000000  0.000000  0.000000 7.22275E-01
 he   2  10.991529  0.061528  2.230679  2.048940 2.81291E-01
 li   3   0.987082 -2.272918 -0.103768 -0.285507 4.82776E-11
 be   4   0.000000 -1.300000  0.000000  0.000000 0.00000E+00
  b   5   0.000000 -2.790000  0.000000  0.000000 4.06018E-28
  c   6   8.419745 -0.050255  2.118896  1.937157 2.26239E-03
  n   7   6.237840 -1.632160  0.536991  0.355252 1.73551E-05
  o   8   7.020884 -1.709116  0.460035  0.000000 1.20287E-04
  f   9   3.198092 -1.221909  0.947242  0.487207 2.14803E-08
 ne  10   6.004607 -1.965393  0.203758 -0.256277 1.46140E-05
 na  11   4.368074 -1.871926  0.297225 -0.162810 3.84463E-07
 mg  12   5.473011 -2.166988  0.002162 -0.457872 5.17546E-06
 al  13   4.313126 -2.136874  0.032277 -0.427758 3.97596E-07
 si  14   5.390902 -2.159099  0.010052 -0.449983 4.95032E-06
  p  15   3.266833 -2.143167  0.025984 -0.434051 4.10273E-08
  s  16   4.993223 -2.156777  0.012374 -0.447661 2.26202E-06
 cl  17   3.073988 -2.156012  0.013139 -0.446896 3.01219E-08
 ar  18   4.272862 -2.167138  0.002013 -0.458022 5.36537E-07
  k  19   2.918178 -2.161822  0.007329 -0.452706 2.32046E-08
 ca  20   4.121992 -2.168008  0.001143 -0.458892 3.80312E-07
 sc  21   0.906160 -2.143840  0.025311 -0.434724 2.59531E-10
 ti  22   2.744255 -2.165745  0.003406 -0.456629 1.90341E-08
  v  23   1.790305 -2.169695 -0.000544 -0.460579 2.25228E-09
 cr  24   3.453783 -2.186217 -0.017066 -0.477101 1.05924E-07
 mn  25   3.312249 -2.167751  0.001400 -0.458635 8.07912E-08
 fe  26   5.372663 -2.167337  0.000000 -0.458221 9.43820E-06
 co  27   2.814260 -2.055739  0.111598 -0.346623 2.75335E-08
 ni  28   4.048924 -2.151076  0.016261 -0.441960 4.70709E-07
 cu  29   2.219063 -2.030937  0.136400 -0.321821 7.54037E-09
 zn  30   2.488301 -2.141699  0.025638 -0.432583 1.44271E-08
 ga  31   0.969729 -2.110271  0.057066 -0.401155 4.65959E-10
 ge  32   1.419244 -2.160756  0.006581 -0.451640 1.36666E-09
 as  33   0.149107 -2.150893  0.016444 -0.441777 7.56761E-11
 se  34   1.160230 -2.179770 -0.012433 -0.470654 8.18236E-10
 br  35   0.395064 -2.144936  0.022401 -0.435820 1.42192E-10
 kr  36   1.102611 -2.147389  0.019948 -0.438273 7.60477E-10
 rb  37   0.369375 -2.150625  0.016712 -0.441509 1.43358E-10
 sr  38   0.730577 -2.149424  0.017913 -0.440308 3.37615E-10
  y  39   0.052437 -2.157563  0.009774 -0.448447 7.18803E-11
 zr  40   0.368848 -2.161152  0.006185 -0.452036 1.52827E-10
 nb  41  -0.753657 -2.163657  0.003680 -0.454541 1.17389E-11
 mo  42  -0.345336 -2.285336 -0.117999 -0.576220 3.10388E-11
 tc  43   0.000000 -9.000000  0.000000  0.000000 0.00000E+00
 ru  44  -0.536672 -2.296672 -0.129335 -0.587556 2.10471E-11
 rh  45  -1.108923 -2.168923 -0.001586 -0.459807 5.73799E-12
 pd  46  -0.575361 -2.225361 -0.058024 -0.516245 2.02723E-11
 ag  47  -0.968714 -2.168714 -0.001377 -0.459598 8.30656E-12
 cd  48  -0.495910 -2.205910 -0.038573 -0.496794 2.57123E-11
 in  49  -1.427040 -2.187040 -0.019703 -0.477924 3.07760E-12
 sn  50  -0.158035 -2.228035 -0.060698 -0.518919 5.91144E-11
 sb  51  -1.400067 -2.410067 -0.242730 -0.700951 3.47279E-12
 te  52  -0.453410 -2.633410 -0.466073 -0.924294 3.21871E-11
  i  53  -0.619751 -2.169751 -0.002414 -0.460635 2.18256E-11
 xe  54   0.035488 -2.204512 -0.037175 -0.495396 1.02087E-10
 cs  55  -1.088222 -2.168221 -0.000885 -0.459105 7.77251E-12
 ba  56   0.018948 -2.161052  0.006284 -0.451936 1.02789E-10
 la  57  -0.993119 -2.163119  0.004218 -0.454003 1.01122E-11
 ce  58  -0.585643 -2.165643  0.001694 -0.456527 2.60668E-11
 pr  59  -1.406526 -2.166526  0.000811 -0.457410 3.95960E-12
 nd  60  -0.740767 -2.190767 -0.023430 -0.481651 1.87742E-11
 pm  61   0.000000 -9.000000  0.000000  0.000000 0.00000E+00
 sm  62  -1.356935 -2.296935 -0.129598 -0.587819 4.73631E-12
 eu  63  -1.659712 -2.169712 -0.002375 -0.460596 2.38380E-12
 gd  64  -1.225789 -2.275789 -0.108452 -0.566673 6.69952E-12
 tb  65  -1.849470 -2.169470 -0.002133 -0.460354 1.61051E-12
 dy  66  -1.039161 -2.169161 -0.001824 -0.460045 1.06398E-11
 ho  67  -1.699433 -2.169433 -0.002096 -0.460317 2.36107E-12
 er  68  -1.255793 -2.175793 -0.008456 -0.466677 6.65026E-12
 tm  69  -2.048740 -2.168740 -0.001403 -0.459624 1.08198E-12
 yb  70  -1.306531 -2.226531 -0.059194 -0.517415 6.12150E-12
 lu  71  -2.077580 -2.167580 -0.000243 -0.458464 1.04862E-12
 hf  72  -1.456057 -2.166057  0.001280 -0.456941 4.47507E-12
 ta  73  -2.286819 -2.166819  0.000518 -0.457703 6.69849E-13
  w  74  -1.515742 -2.165742  0.001595 -0.456626 4.01735E-12
 re  75  -1.913834 -2.173834 -0.006497 -0.464718 1.62706E-12
 os  76  -0.818968 -2.168968 -0.001631 -0.459852 2.06801E-11
 ir  77  -0.849985 -2.169985 -0.002648 -0.460869 1.94558E-11
 pt  78  -0.581504 -2.201504 -0.034167 -0.492388 3.66392E-11
 au  79  -1.368812 -2.168812 -0.001475 -0.459696 6.03704E-12
 hg  80  -1.021787 -2.191787 -0.024450 -0.482671 1.36699E-11
 tl  81  -1.387617 -2.157617  0.009720 -0.448501 5.99888E-12
 pb  82  -0.122293 -2.162292  0.005044 -0.453176 1.12031E-10
 bi  83  -1.515672 -2.165672  0.001665 -0.456556 4.56746E-12
 po  84  -4.023724 -9.000000  0.000000  0.000000 1.41796E-14
#[ls/Fe]_Bisterzo =   0.0080, [hs/Fe]_Bisterzo =  -0.0496
#[hs/ls]_Bisterzo =  -0.0576, [Pb/hs]_Bisterzo =   0.0546
#[ls/Fe]_Thiswork =   0.0113, [hs/Fe]_Thiswork =   0.0041
#[hs/ls]_Thiswork =  -0.0072, [Pb/hs]_Thiswork =   0.0010
# C/O = 2.5053E+01, c12/c13 = 5.40706E+03, n14/n15 = 3.39504E+03
# o16/o17 = 1.87659E+02, o16/o18 = 2.51201E+03
# mg24/mg25 = 7.8658E+00, mg24/mg26 = 6.9158E+00
#
#  TP   Mass     Mcore    Menv    log L
#  4 1.695620 0.637320 1.058300 3.985910
# El  Z   log e(X)   [X/H]    [X/Fe]     [X/O]      X(i)
  p   1  12.000000  0.000000  0.000000  0.000000 7.16708E-01
 he   2  10.999956  0.069956  2.237293  1.779072 2.84593E-01
 li   3   1.057286 -2.202714 -0.035377 -0.493598 5.63105E-11
 be   4   0.000000 -1.300000  0.000000  0.000000 1.15345E-34
  b   5   0.000000 -2.790000  0.000000  0.000000 3.24738E-28
  c   6   8.710531  0.240531  2.407868  1.949647 4.38522E-03
  n   7   6.260211 -1.609788  0.557549  0.099328 1.81317E-05
  o   8   7.255674 -1.474326  0.693011  0.000000 2.04950E-04
  f   9   3.743435 -0.676565  1.490772  0.797760 7.48212E-08
 ne  10   6.322977 -1.647023  0.520314 -0.172697 3.01842E-05
 na  11   4.404228 -1.835772  0.331565 -0.361446 4.14618E-07
 mg  12   5.485625 -2.154375  0.012962 -0.680049 5.28691E-06
 al  13   4.334397 -2.115603  0.051734 -0.641277 4.14336E-07
 si  14   5.397110 -2.152890  0.014447 -0.678565 4.98289E-06
  p  15   3.283040 -2.126960  0.040377 -0.652634 4.22590E-08
  s  16   4.996290 -2.153710  0.013627 -0.679384 2.26049E-06
 cl  17   3.084603 -2.145397  0.021940 -0.671071 3.06294E-08
 ar  18   4.275692 -2.164308  0.003029 -0.689982 5.35881E-07
  k  19   2.924860 -2.155140  0.012197 -0.680814 2.33828E-08
 ca  20   4.124361 -2.165639  0.001698 -0.691314 3.79444E-07
 sc  21   0.922445 -2.127555  0.039782 -0.653229 2.67371E-10
 ti  22   2.747970 -2.162030  0.005307 -0.687705 1.90497E-08
  v  23   1.791789 -2.168211 -0.000874 -0.693885 2.24257E-09
 cr  24   3.456793 -2.183207 -0.015870 -0.708881 1.05839E-07
 mn  25   3.316864 -2.163136  0.004201 -0.688810 8.10249E-08
 fe  26   5.375437 -2.164563  0.000000 -0.690237 9.42547E-06
 co  27   2.860488 -2.009512  0.155051 -0.535186 3.03898E-08
 ni  28   4.060033 -2.139966  0.024596 -0.665641 4.79183E-07
 cu  29   2.285507 -1.964493  0.200070 -0.490167 8.71920E-09
 zn  30   2.513700 -2.116300  0.048263 -0.641974 1.51782E-08
 ga  31   1.015617 -2.064383  0.100180 -0.590057 5.13896E-10
 ge  32   1.451773 -2.128227  0.036335 -0.653902 1.46160E-09
 as  33   0.163462 -2.136538  0.028024 -0.662213 7.76162E-11
 se  34   1.183300 -2.156700  0.007863 -0.682374 8.56225E-10
 br  35   0.412039 -2.127961  0.036602 -0.653636 1.46720E-10
 kr  36   1.118617 -2.131383  0.033180 -0.657057 7.82946E-10
 rb  37   0.382518 -2.137482  0.027081 -0.663157 1.46623E-10
 sr  38   0.748920 -2.131080  0.033483 -0.656754 3.49466E-10
  y  39   0.062566 -2.147434  0.017128 -0.673109 7.30093E-11
 zr  40   0.375422 -2.154578  0.009984 -0.680253 1.53961E-10
 nb  41  -0.749251 -2.159251  0.005311 -0.684926 1.17672E-11
 mo  42  -0.340842 -2.280842 -0.116280 -0.806517 3.11200E-11
 tc  43   0.000000 -9.000000  0.000000  0.000000 0.00000E+00
 ru  44  -0.532957 -2.292957 -0.128394 -0.818631 2.10643E-11
 rh  45  -1.107769 -2.167769 -0.003206 -0.693443 5.70891E-12
 pd  46  -0.571281 -2.221282 -0.056719 -0.746956 2.03060E-11
 ag  47  -0.967098 -2.167098 -0.002536 -0.692773 8.27325E-12
 cd  48  -0.490935 -2.200935 -0.036373 -0.726610 2.58081E-11
 in  49  -1.424237 -2.184237 -0.019675 -0.709912 3.07365E-12
 sn  50  -0.153847 -2.223847 -0.059284 -0.749521 5.92273E-11
 sb  51  -1.398066 -2.408066 -0.243503 -0.933740 3.46195E-12
 te  52  -0.450384 -2.630384 -0.465822 -1.156059 3.21624E-11
  i  53  -0.619388 -2.169388 -0.004825 -0.695062 2.16755E-11
 xe  54   0.037996 -2.202004 -0.037441 -0.727678 1.01887E-10
 cs  55  -1.086010 -2.166010 -0.001447 -0.691684 7.75198E-12
 ba  56   0.026087 -2.153913  0.010649 -0.679588 1.03687E-10
 la  57  -0.987751 -2.157751  0.006812 -0.683425 1.01590E-11
 ce  58  -0.580935 -2.160934  0.003628 -0.686609 2.61478E-11
 pr  59  -1.403689 -2.163689  0.000873 -0.689364 3.95483E-12
 nd  60  -0.736951 -2.186951 -0.022388 -0.712625 1.87939E-11
 pm  61   0.000000 -9.000000  0.000000  0.000000 0.00000E+00
 sm  62  -1.354177 -2.294178 -0.129615 -0.819852 4.72972E-12
 eu  63  -1.659221 -2.169221 -0.004658 -0.694895 2.36811E-12
 gd  64  -1.224287 -2.274287 -0.109724 -0.799961 6.67091E-12
 tb  65  -1.848725 -2.168725 -0.004163 -0.694400 1.60084E-12
 dy  66  -1.037376 -2.167377 -0.002814 -0.693051 1.06013E-11
 ho  67  -1.698570 -2.168570 -0.004008 -0.694245 2.34753E-12
 er  68  -1.253365 -2.173365 -0.008802 -0.699039 6.63600E-12
 tm  69  -2.046968 -2.166967 -0.002405 -0.692642 1.07803E-12
 yb  70  -1.300377 -2.220377 -0.055814 -0.746051 6.16100E-12
 lu  71  -2.073744 -2.163744  0.000819 -0.689418 1.04977E-12
 hf  72  -1.450088 -2.160088  0.004475 -0.685762 4.50202E-12
 ta  73  -2.282751 -2.162751  0.001812 -0.688426 6.70941E-13
  w  74  -1.510684 -2.160684  0.003879 -0.686358 4.03308E-12
 re  75  -1.912517 -2.172517 -0.007954 -0.698191 1.61942E-12
 os  76  -0.818124 -2.168124 -0.003561 -0.693798 2.05606E-11
 ir  77  -0.849780 -2.169780 -0.005218 -0.695455 1.93149E-11
 pt  78  -0.580424 -2.200424 -0.035861 -0.726099 3.64473E-11
 au  79  -1.367201 -2.167201 -0.002638 -0.692875 6.01277E-12
 hg  80  -1.009194 -2.179194 -0.014632 -0.704869 1.39636E-11
 tl  81  -1.380136 -2.150136  0.014426 -0.675811 6.05606E-12
 pb  82  -0.116951 -2.156951  0.007612 -0.682625 1.12543E-10
 bi  83  -1.511964 -2.161964  0.002599 -0.687638 4.57111E-12
 po  84  -3.823867 -9.000000  0.000000  0.000000 2.22926E-14
#[ls/Fe]_Bisterzo =   0.0136, [hs/Fe]_Bisterzo =  -0.0484
#[hs/ls]_Bisterzo =  -0.0620, [Pb/hs]_Bisterzo =   0.0560
#[ls/Fe]_Thiswork =   0.0202, [hs/Fe]_Thiswork =   0.0070
#[hs/ls]_Thiswork =  -0.0132, [Pb/hs]_Thiswork =   0.0006
# C/O = 2.8501E+01, c12/c13 = 1.01041E+04, n14/n15 = 3.32003E+03
# o16/o17 = 3.18957E+02, o16/o18 = 4.31951E+03
# mg24/mg25 = 6.9414E+00, mg24/mg26 = 6.2795E+00
#
#  TP   Mass     Mcore    Menv    log L
#  5 1.695400 0.639860 1.055540 4.014780
# El  Z   log e(X)   [X/H]    [X/Fe]     [X/O]      X(i)
  p   1  12.000000  0.000000  0.000000  0.000000 7.10608E-01
 he   2  11.009248  0.079247  2.243810  1.553573 2.88272E-01
 li   3   1.111648 -2.148352  0.016210 -0.674027 6.32760E-11
 be   4   0.000000 -1.300000  0.000000  0.000000 0.00000E+00
  b   5   0.000000 -2.790000  0.000000  0.000000 2.76936E-28
  c   6   8.893577  0.423576  2.588139  1.897902 6.62713E-03
  n   7   6.291030 -1.578969  0.585593 -0.104644 1.92995E-05
  o   8   7.415009 -1.314991  0.849572  0.000000 2.93272E-04
  f   9   4.197730 -0.222270  1.942292  1.092721 2.11158E-07
 ne  10   6.690401 -1.279599  0.884964  0.035392 6.97416E-05
 na  11   4.493435 -1.746565  0.417998 -0.431574 5.04828E-07
 mg  12   5.526265 -2.113735  0.050828 -0.798744 5.75612E-06
 al  13   4.351480 -2.098520  0.066043 -0.783529 4.27291E-07
 si  14   5.402558 -2.147442  0.017120 -0.832451 5.00285E-06
  p  15   3.296452 -2.113548  0.051014 -0.798557 4.32134E-08
  s  16   4.999722 -2.150278  0.014285 -0.835287 2.25904E-06
 cl  17   3.096171 -2.133829  0.030734 -0.818838 3.11885E-08
 ar  18   4.278858 -2.161142  0.003421 -0.846151 5.35208E-07
  k  19   2.931600 -2.148400  0.016162 -0.833409 2.35464E-08
 ca  20   4.127091 -2.162909  0.001654 -0.847918 3.78588E-07
 sc  21   0.941179 -2.108821  0.055742 -0.793830 2.76781E-10
 ti  22   2.752006 -2.157994  0.006568 -0.843003 1.90639E-08
  v  23   1.793122 -2.166878 -0.002315 -0.851887 2.23032E-09
 cr  24   3.460241 -2.179759 -0.015196 -0.864768 1.05775E-07
 mn  25   3.322441 -2.157559  0.007004 -0.842568 8.13736E-08
 fe  26   5.378698 -2.161302  0.000000 -0.846311 9.41569E-06
 co  27   2.899925 -1.970075  0.191227 -0.655084 3.29954E-08
 ni  28   4.068873 -2.131126  0.030175 -0.816135 4.84875E-07
 cu  29   2.336874 -1.913126  0.248176 -0.598135 9.73043E-09
 zn  30   2.535812 -2.094188  0.067114 -0.779197 1.58351E-08
 ga  31   1.064000 -2.016000  0.145302 -0.701009 5.69568E-10
 ge  32   1.486381 -2.093619  0.067682 -0.778628 1.56937E-09
 as  33   0.178795 -2.121205  0.040097 -0.806214 7.97211E-11
 se  34   1.206097 -2.133903  0.027398 -0.818912 8.94692E-10
 br  35   0.428725 -2.111275  0.050027 -0.796284 1.51169E-10
 kr  36   1.133367 -2.116633  0.044668 -0.801642 8.03101E-10
 rb  37   0.397068 -2.122932  0.038370 -0.807941 1.50329E-10
 sr  38   0.765706 -2.114294  0.047008 -0.799303 3.60146E-10
  y  39   0.073227 -2.136773  0.024529 -0.821782 7.41869E-11
 zr  40   0.382296 -2.147704  0.013597 -0.832713 1.55087E-10
 nb  41  -0.744366 -2.154366  0.006936 -0.839375 1.17991E-11
 mo  42  -0.336902 -2.276902 -0.115600 -0.961911 3.11364E-11
 tc  43   0.000000 -9.000000  0.000000  0.000000 0.00000E+00
 ru  44  -0.529521 -2.289521 -0.128219 -0.974530 2.10509E-11
 rh  45  -1.106693 -2.166693 -0.005392 -0.851702 5.67437E-12
 pd  46  -0.567374 -2.217374 -0.056073 -0.902383 2.03151E-11
 ag  47  -0.965563 -2.165563 -0.004261 -0.850572 8.23190E-12
 cd  48  -0.485460 -2.195460 -0.034159 -0.880469 2.59130E-11
 in  49  -1.420786 -2.180786 -0.019484 -0.865795 3.07181E-12
 sn  50  -0.148406 -2.218406 -0.057104 -0.903415 5.94636E-11
 sb  51  -1.395661 -2.405661 -0.244360 -1.090670 3.45154E-12
 te  52  -0.447097 -2.627097 -0.465795 -1.312106 3.21309E-11
  i  53  -0.619052 -2.169052 -0.007750 -0.854061 2.15077E-11
 xe  54   0.040429 -2.199571 -0.038269 -0.884580 1.01587E-10
 cs  55  -1.083683 -2.163683 -0.002381 -0.848692 7.72730E-12
 ba  56   0.033841 -2.146159  0.015143 -0.831168 1.04657E-10
 la  57  -0.982472 -2.152472  0.008829 -0.837481 1.01957E-11
 ce  58  -0.576125 -2.156125  0.005177 -0.841134 2.62140E-11
 pr  59  -1.400791 -2.160791  0.000510 -0.845800 3.94742E-12
 nd  60  -0.733038 -2.183038 -0.021736 -0.868047 1.88026E-11
 pm  61   0.000000 -9.000000  0.000000  0.000000 0.00000E+00
 sm  62  -1.351307 -2.291307 -0.130005 -0.976316 4.72058E-12
 eu  63  -1.658732 -2.168732 -0.007431 -0.853741 2.35060E-12
 gd  64  -1.222766 -2.272766 -0.111464 -0.957775 6.63734E-12
 tb  65  -1.848013 -2.168013 -0.006711 -0.853022 1.58982E-12
 dy  66  -1.035809 -2.165809 -0.004507 -0.850818 1.05491E-11
 ho  67  -1.697854 -2.167854 -0.006552 -0.852863 2.33139E-12
 er  68  -1.251104 -2.171104 -0.009803 -0.856113 6.61385E-12
 tm  69  -2.045358 -2.165358 -0.004056 -0.850367 1.07283E-12
 yb  70  -1.293257 -2.213257 -0.051955 -0.898266 6.20954E-12
 lu  71  -2.068779 -2.158779  0.002523 -0.843788 1.05280E-12
 hf  72  -1.441871 -2.151871  0.009431 -0.836880 4.54897E-12
 ta  73  -2.276914 -2.156914  0.004388 -0.841923 6.74233E-13
  w  74  -1.503050 -2.153050  0.008252 -0.838059 4.06968E-12
 re  75  -1.910518 -2.170518 -0.009216 -0.855527 1.61305E-12
 os  76  -0.816897 -2.166897 -0.005596 -0.851906 2.04433E-11
 ir  77  -0.849560 -2.169560 -0.008258 -0.854569 1.91603E-11
 pt  78  -0.579609 -2.199609 -0.038307 -0.884618 3.62051E-11
 au  79  -1.366182 -2.166182 -0.004881 -0.851191 5.97559E-12
 hg  80  -0.993638 -2.163638 -0.002337 -0.848647 1.43496E-11
 tl  81  -1.368147 -2.138147  0.023155 -0.823156 6.17259E-12
 pb  82  -0.111671 -2.151671  0.009630 -0.836680 1.12950E-10
 bi  83  -1.507902 -2.157902  0.003399 -0.842911 4.57480E-12
 po  84  -3.696761 -9.000000  0.000000  0.000000 2.96179E-14
#[ls/Fe]_Bisterzo =   0.0191, [hs/Fe]_Bisterzo =  -0.0476
#[hs/ls]_Bisterzo =  -0.0667, [Pb/hs]_Bisterzo =   0.0573
#[ls/Fe]_Thiswork =   0.0284, [hs/Fe]_Thiswork =   0.0097
#[hs/ls]_Thiswork =  -0.0187, [Pb/hs]_Thiswork =  -0.0001
# C/O = 3.0100E+01, c12/c13 = 1.44466E+04, n14/n15 = 3.21116E+03
# o16/o17 = 4.52902E+02, o16/o18 = 6.22045E+03
# mg24/mg25 = 4.8764E+00, mg24/mg26 = 4.6640E+00
#
#  TP   Mass     Mcore    Menv    log L
#  6 1.694220 0.642090 1.052130 4.035830
# El  Z   log e(X)   [X/H]    [X/Fe]     [X/O]      X(i)
  p   1  12.000000  0.000000  0.000000  0.000000 7.04370E-01
 he   2  11.018785  0.088785  2.250087  1.403776 2.92087E-01
 li   3   1.153838 -2.106162  0.055140 -0.791171 6.91196E-11
 be   4   0.000000 -1.300000  0.000000  0.000000 0.00000E+00
  b   5   0.000000 -2.790000  0.000000  0.000000 2.55615E-28
  c   6   9.022939  0.552938  2.714240  1.867929 8.84827E-03
  n   7   6.327000 -1.543000  0.618301 -0.228009 2.07819E-05
  o   8   7.518372 -1.211628  0.949674  0.000000 3.68812E-04
  f   9   4.541704  0.121704  2.283005  1.333332 4.62117E-07
 ne  10   7.002534 -0.967465  1.193836  0.244163 1.41839E-04
 na  11   4.661891 -1.578108  0.583193 -0.366480 7.37515E-07
 mg  12   5.605686 -2.034314  0.126987 -0.822686 6.85050E-06
 al  13   4.366504 -2.083496  0.077806 -0.871868 4.38448E-07
 si  14   5.407334 -2.142666  0.018635 -0.931038 5.01377E-06
  p  15   3.307319 -2.102681  0.058620 -0.891053 4.39194E-08
  s  16   5.003283 -2.146718  0.014584 -0.935090 2.25764E-06
 cl  17   3.107776 -2.122224  0.039077 -0.910596 3.17519E-08
 ar  18   4.282135 -2.157865  0.003437 -0.946237 5.34528E-07
  k  19   2.938190 -2.141810  0.019491 -0.930182 2.36965E-08
 ca  20   4.129940 -2.160060  0.001242 -0.948432 3.77735E-07
 sc  21   0.960524 -2.089476  0.071825 -0.877848 2.86848E-10
 ti  22   2.756117 -2.153883  0.007419 -0.942255 1.90763E-08
  v  23   1.794374 -2.165627 -0.004325 -0.953999 2.21712E-09
 cr  24   3.463865 -2.176135 -0.014833 -0.964507 1.05725E-07
 mn  25   3.327934 -2.152066  0.009236 -0.940438 8.16860E-08
 fe  26   5.382170 -2.157830  0.000000 -0.946202 9.40795E-06
 co  27   2.938956 -1.931044  0.226786 -0.719416 3.57813E-08
 ni  28   4.076082 -2.123918  0.033912 -0.912290 4.88662E-07
 cu  29   2.373607 -1.876393  0.281436 -0.664765 1.04963E-08
 zn  30   2.552603 -2.077397  0.080432 -0.865769 1.63148E-08
 ga  31   1.106330 -1.973670  0.184160 -0.762042 6.22368E-10
 ge  32   1.519638 -2.060362  0.097468 -0.848734 1.67940E-09
 as  33   0.194826 -2.105174  0.052656 -0.893546 8.19929E-11
 se  34   1.228663 -2.111336  0.046493 -0.899709 9.34138E-10
 br  35   0.445216 -2.094784  0.063046 -0.883156 1.55641E-10
 kr  36   1.146819 -2.103181  0.054649 -0.891553 8.21094E-10
 rb  37   0.411485 -2.108515  0.049314 -0.896887 1.54038E-10
 sr  38   0.780081 -2.099919  0.057910 -0.888291 3.68999E-10
  y  39   0.083271 -2.126729  0.031101 -0.915101 7.52563E-11
 zr  40   0.389112 -2.140888  0.016941 -0.929260 1.56157E-10
 nb  41  -0.739246 -2.149246  0.008584 -0.937618 1.18342E-11
 mo  42  -0.333268 -2.273268 -0.115438 -1.061640 3.11223E-11
 tc  43   0.000000 -9.000000  0.000000  0.000000 0.00000E+00
 ru  44  -0.526487 -2.286487 -0.128658 -1.074859 2.10124E-11
 rh  45  -1.105747 -2.165747 -0.007917 -0.954119 5.63681E-12
 pd  46  -0.563870 -2.213871 -0.056041 -1.002243 2.02999E-11
 ag  47  -0.964190 -2.164190 -0.006360 -0.952562 8.18548E-12
 cd  48  -0.480327 -2.190327 -0.032497 -0.978699 2.59910E-11
 in  49  -1.417425 -2.177425 -0.019595 -0.965797 3.06850E-12
 sn  50  -0.142473 -2.212473 -0.054643 -1.000845 5.97523E-11
 sb  51  -1.392928 -2.402928 -0.245098 -1.191300 3.44284E-12
 te  52  -0.443468 -2.623468 -0.465638 -1.411840 3.21161E-11
  i  53  -0.618715 -2.168715 -0.010885 -0.957087 2.13354E-11
 xe  54   0.042836 -2.197164 -0.039334 -0.985536 1.01255E-10
 cs  55  -1.081450 -2.161449 -0.003620 -0.949821 7.69897E-12
 ba  56   0.041704 -2.138296  0.019534 -0.926668 1.05633E-10
 la  57  -0.977324 -2.147324  0.010506 -0.935696 1.02267E-11
 ce  58  -0.571397 -2.151397  0.006433 -0.939769 2.62683E-11
 pr  59  -1.397933 -2.157933 -0.000103 -0.946305 3.93861E-12
 nd  60  -0.729258 -2.179258 -0.021428 -0.967630 1.88005E-11
 pm  61   0.000000 -9.000000  0.000000  0.000000 0.00000E+00
 sm  62  -1.348498 -2.288498 -0.130669 -1.076870 4.70950E-12
 eu  63  -1.658262 -2.168262 -0.010432 -0.956634 2.33249E-12
 gd  64  -1.221259 -2.271259 -0.113429 -1.059631 6.60194E-12
 tb  65  -1.847324 -2.167324 -0.009495 -0.955696 1.57837E-12
 dy  66  -1.034331 -2.164331 -0.006502 -0.952703 1.04921E-11
 ho  67  -1.697207 -2.167207 -0.009378 -0.955580 2.31437E-12
 er  68  -1.248981 -2.168981 -0.011151 -0.957353 6.58793E-12
 tm  69  -2.043897 -2.163897 -0.006067 -0.952269 1.06699E-12
 yb  70  -1.286312 -2.206312 -0.048482 -0.994684 6.25425E-12
 lu  71  -2.063793 -2.153793  0.004037 -0.942165 1.05561E-12
 hf  72  -1.433485 -2.143485  0.014345 -0.931857 4.59694E-12
 ta  73  -2.270866 -2.150867  0.006963 -0.939239 6.77685E-13
  w  74  -1.494807 -2.144807  0.013022 -0.933179 4.11124E-12
 re  75  -1.908257 -2.168257 -0.010427 -0.956629 1.60724E-12
 os  76  -0.815482 -2.165482 -0.007652 -0.953854 2.03300E-11
 ir  77  -0.849318 -2.169318 -0.011488 -0.957690 1.90027E-11
 pt  78  -0.578729 -2.198729 -0.040899 -0.987101 3.59601E-11
 au  79  -1.365200 -2.165200 -0.007370 -0.953572 5.93655E-12
 hg  80  -0.978230 -2.148230  0.009600 -0.936602 1.47374E-11
 tl  81  -1.353168 -2.123168  0.034661 -0.911541 6.33310E-12
 pb  82  -0.106443 -2.146443  0.011386 -0.934815 1.13315E-10
 bi  83  -1.503734 -2.153734  0.004096 -0.942106 4.57838E-12
 po  84  -3.604671 -9.000000  0.000000  0.000000 3.62923E-14
#[ls/Fe]_Bisterzo =   0.0240, [hs/Fe]_Bisterzo =  -0.0472
#[hs/ls]_Bisterzo =  -0.0712, [Pb/hs]_Bisterzo =   0.0586
#[ls/Fe]_Thiswork =   0.0353, [hs/Fe]_Thiswork =   0.0122
#[hs/ls]_Thiswork =  -0.0232, [Pb/hs]_Thiswork =  -0.0008
# C/O = 3.1957E+01, c12/c13 = 1.80485E+04, n14/n15 = 3.02261E+03
# o16/o17 = 5.66057E+02, o16/o18 = 7.86065E+03
# mg24/mg25 = 2.9566E+00, mg24/mg26 = 2.9297E+00
#
#  TP   Mass     Mcore    Menv    log L
#  7 1.687500 0.644280 1.043220 4.053050
# El  Z   log e(X)   [X/H]    [X/Fe]     [X/O]      X(i)
  p   1  12.000000  0.000000  0.000000  0.000000 6.98122E-01
 he   2  11.028531  0.098531  2.256361  1.310159 2.96065E-01
 li   3   1.190097 -2.069903  0.087927 -0.858275 7.44714E-11
 be   4   0.000000 -1.300000  0.000000  0.000000 0.00000E+00
  b   5   0.000000 -2.790000  0.000000  0.000000 2.45758E-28
  c   6   9.116792  0.646791  2.804621  1.858419 1.08853E-02
  n   7   6.364841 -1.505159  0.652670 -0.293531 2.24728E-05
  o   8   7.594881 -1.135119  1.022711  0.000000 4.35958E-04
  f   9   4.809854  0.389854  2.547684  1.524973 8.49244E-07
 ne  10   7.249042 -0.720958  1.436872  0.414161 2.47990E-04
 na  11   4.893741 -1.346259  0.811571 -0.211140 1.24667E-06
 mg  12   5.720001 -1.919999  0.237831 -0.784880 8.83421E-06
 al  13   4.383187 -2.066813  0.091017 -0.931694 4.51577E-07
 si  14   5.411799 -2.138201  0.019629 -1.003082 5.02065E-06
  p  15   3.316794 -2.093205  0.064624 -0.958086 4.44900E-08
  s  16   5.006881 -2.143119  0.014711 -1.008000 2.25623E-06
 cl  17   3.119172 -2.110828  0.047002 -0.975709 3.23070E-08
 ar  18   4.285444 -2.154556  0.003273 -1.019437 5.33838E-07
  k  19   2.944717 -2.135283  0.022547 -1.000164 2.38420E-08
 ca  20   4.132812 -2.157188  0.000641 -1.022069 3.76867E-07
 sc  21   0.979897 -2.070102  0.087727 -0.934983 2.97273E-10
 ti  22   2.760240 -2.149760  0.008070 -1.014641 1.90874E-08
  v  23   1.795614 -2.164386 -0.006556 -1.029267 2.20374E-09
 cr  24   3.467547 -2.172452 -0.014623 -1.037333 1.05679E-07
 mn  25   3.333188 -2.146812  0.011018 -1.011693 8.19468E-08
 fe  26   5.385709 -2.154291  0.000000 -1.019172 9.40078E-06
 co  27   2.978735 -1.891265  0.263026 -0.756146 3.88655E-08
 ni  28   4.082787 -2.117213  0.037078 -0.982094 4.91863E-07
 cu  29   2.402793 -1.847207  0.307084 -0.712088 1.11263E-08
 zn  30   2.565257 -2.064743  0.089548 -0.929624 1.66481E-08
 ga  31   1.139324 -1.940676  0.213615 -0.805557 6.65536E-10
 ge  32   1.548063 -2.031937  0.122355 -0.896818 1.77709E-09
 as  33   0.210283 -2.089717  0.064574 -0.954598 8.42100E-11
 se  34   1.251062 -2.088938  0.065354 -0.953819 9.74856E-10
 br  35   0.462003 -2.077997  0.076294 -0.942878 1.60340E-10
 kr  36   1.159965 -2.090035  0.064256 -0.954916 8.38820E-10
 rb  37   0.425900 -2.094100  0.060192 -0.958981 1.57825E-10
 sr  38   0.792827 -2.087173  0.067118 -0.952055 3.76618E-10
  y  39   0.092530 -2.117470  0.036821 -0.982351 7.61961E-11
 zr  40   0.395768 -2.134232  0.020059 -0.999113 1.57162E-10
 nb  41  -0.734044 -2.144044  0.010247 -1.008925 1.18705E-11
 mo  42  -0.329700 -2.269700 -0.115408 -1.134581 3.11008E-11
 tc  43   0.000000 -9.000000  0.000000  0.000000 0.00000E+00
 ru  44  -0.523601 -2.283601 -0.129309 -1.148482 2.09649E-11
 rh  45  -1.104849 -2.164849 -0.010558 -1.029730 5.59838E-12
 pd  46  -0.560562 -2.210562 -0.056271 -1.075443 2.02737E-11
 ag  47  -0.962896 -2.162896 -0.008605 -1.027777 8.13706E-12
 cd  48  -0.475502 -2.185502 -0.031211 -1.050383 2.60482E-11
 in  49  -1.414221 -2.174221 -0.019930 -1.039102 3.06380E-12
 sn  50  -0.136557 -2.206557 -0.052265 -1.071438 6.00345E-11
 sb  51  -1.390084 -2.400084 -0.245793 -1.264965 3.43472E-12
 te  52  -0.439647 -2.619647 -0.465356 -1.484528 3.21126E-11
  i  53  -0.618363 -2.168363 -0.014072 -1.033244 2.11633E-11
 xe  54   0.045290 -2.194710 -0.040419 -1.059591 1.00926E-10
 cs  55  -1.079240 -2.159240 -0.004949 -1.024121 7.66959E-12
 ba  56   0.049571 -2.130429  0.023862 -0.995310 1.06610E-10
 la  57  -0.972187 -2.142187  0.012104 -1.007068 1.02566E-11
 ce  58  -0.566701 -2.146701  0.007590 -1.011582 2.63183E-11
 pr  59  -1.395088 -2.155088 -0.000797 -1.019969 3.92933E-12
 nd  60  -0.725579 -2.175579 -0.021288 -1.040460 1.87922E-11
 pm  61   0.000000 -9.000000  0.000000  0.000000 0.00000E+00
 sm  62  -1.345740 -2.285740 -0.131449 -1.150621 4.69746E-12
 eu  63  -1.657796 -2.167796 -0.013505 -1.032677 2.31428E-12
 gd  64  -1.219762 -2.269762 -0.115471 -1.134643 6.56598E-12
 tb  65  -1.846643 -2.166643 -0.012352 -1.031524 1.56682E-12
 dy  66  -1.032898 -2.162898 -0.008607 -1.027779 1.04334E-11
 ho  67  -1.696592 -2.166592 -0.012301 -1.031473 2.29709E-12
 er  68  -1.246958 -2.166958 -0.012667 -1.031839 6.55998E-12
 tm  69  -2.042523 -2.162523 -0.008232 -1.027404 1.06088E-12
 yb  70  -1.279612 -2.199612 -0.045321 -1.064493 6.29514E-12
 lu  71  -2.058852 -2.148852  0.005439 -1.013733 1.05822E-12
 hf  72  -1.425138 -2.135138  0.019154 -1.000019 4.64459E-12
 ta  73  -2.264816 -2.144816  0.009475 -1.009697 6.81096E-13
  w  74  -1.486666 -2.136666  0.017625 -1.001547 4.15188E-12
 re  75  -1.905985 -2.165985 -0.011694 -1.030866 1.60134E-12
 os  76  -0.814058 -2.164058 -0.009767 -1.028939 2.02158E-11
 ir  77  -0.849073 -2.169074 -0.014782 -1.033955 1.88447E-11
 pt  78  -0.577845 -2.197845 -0.043553 -1.062726 3.57137E-11
 au  79  -1.364245 -2.164245 -0.009954 -1.029126 5.89683E-12
 hg  80  -0.963244 -2.133245  0.021047 -0.998126 1.51194E-11
 tl  81  -1.337486 -2.107486  0.046805 -0.972367 6.50772E-12
 pb  82  -0.101174 -2.141174  0.013117 -1.006055 1.13681E-10
 bi  83  -1.499526 -2.149526  0.004765 -1.014407 4.58194E-12
 po  84  -3.529931 -9.000000  0.000000  0.000000 4.27254E-14
#[ls/Fe]_Bisterzo =   0.0284, [hs/Fe]_Bisterzo =  -0.0469
#[hs/ls]_Bisterzo =  -0.0753, [Pb/hs]_Bisterzo =   0.0600
#[ls/Fe]_Thiswork =   0.0413, [hs/Fe]_Thiswork =   0.0145
#[hs/ls]_Thiswork =  -0.0268, [Pb/hs]_Thiswork =  -0.0014
# C/O = 3.3259E+01, c12/c13 = 2.06381E+04, n14/n15 = 2.84008E+03
# o16/o17 = 6.66248E+02, o16/o18 = 9.30169E+03
# mg24/mg25 = 1.7715E+00, mg24/mg26 = 1.7662E+00
#
#  TP   Mass     Mcore    Menv    log L
#  8 1.637900 0.646400 0.991500 4.066910
# El  Z   log e(X)   [X/H]    [X/Fe]     [X/O]      X(i)
  p   1  12.000000  0.000000  0.000000  0.000000 6.91728E-01
 he   2  11.038593  0.108593  2.262884  1.243712 3.00230E-01
 li   3   1.223880 -2.036120  0.118171 -0.901001 7.97584E-11
 be   4   0.000000 -1.300000  0.000000  0.000000 0.00000E+00
  b   5   0.000000 -2.790000  0.000000  0.000000 2.47988E-28
  c   6   9.192863  0.722862  2.877153  1.857981 1.28504E-02
  n   7   6.405606 -1.464394  0.689898 -0.329275 2.44583E-05
  o   8   7.654002 -1.075998  1.078293  0.000000 4.94959E-04
  f   9   5.019803  0.599802  2.754094  1.675800 1.36454E-06
 ne  10   7.447826 -0.522173  1.632118  0.553824 3.88349E-04
 na  11   5.147666 -1.092334  1.061957 -0.016336 2.21656E-06
 mg  12   5.854660 -1.785340  0.368951 -0.709342 1.19352E-05
 al  13   4.405270 -2.044730  0.109561 -0.968732 4.70781E-07
 si  14   5.416360 -2.133640  0.020651 -1.057642 5.02718E-06
  p  15   3.325940 -2.084060  0.070231 -1.008062 4.50206E-08
  s  16   5.010592 -2.139408  0.014883 -1.063410 2.25475E-06
 cl  17   3.130600 -2.099400  0.054891 -1.023402 3.28645E-08
 ar  18   4.288852 -2.151148  0.003143 -1.075150 5.33116E-07
  k  19   2.951421 -2.128579  0.025712 -1.052581 2.39911E-08
 ca  20   4.135755 -2.154245  0.000046 -1.078248 3.75954E-07
 sc  21   0.999748 -2.050252  0.104039 -0.974254 3.08326E-10
 ti  22   2.764479 -2.145521  0.008770 -1.069523 1.90981E-08
  v  23   1.796901 -2.163099 -0.008808 -1.087101 2.19004E-09
 cr  24   3.471348 -2.168652 -0.014361 -1.092654 1.05631E-07
 mn  25   3.338327 -2.141673  0.012619 -1.065675 8.21627E-08
 fe  26   5.389359 -2.150641  0.000000 -1.074643 9.39330E-06
 co  27   3.019301 -1.850698  0.299942 -0.774701 4.22799E-08
 ni  28   4.089748 -2.110252  0.040389 -1.034254 4.95232E-07
 cu  29   2.430087 -1.819913  0.330728 -0.743915 1.17395E-08
 zn  30   2.575859 -2.054141  0.096500 -0.978143 1.69033E-08
 ga  31   1.165682 -1.914318  0.236323 -0.838320 7.00700E-10
 ge  32   1.571602 -2.008398  0.142243 -0.932400 1.85888E-09
 as  33   0.224050 -2.075950  0.074691 -0.999953 8.61259E-11
 se  34   1.272120 -2.067879  0.082762 -0.991882 1.01392E-09
 br  35   0.478348 -2.061652  0.088989 -0.985654 1.64965E-10
 kr  36   1.173442 -2.076558  0.074083 -1.000560 8.57335E-10
 rb  37   0.441012 -2.078988  0.071653 -1.002990 1.61916E-10
 sr  38   0.805043 -2.074957  0.075684 -0.998959 3.83815E-10
  y  39   0.101438 -2.108562  0.042078 -1.032565 7.70625E-11
 zr  40   0.402425 -2.127575  0.023066 -1.051577 1.58128E-10
 nb  41  -0.728695 -2.138695  0.011946 -1.062697 1.19076E-11
 mo  42  -0.326060 -2.266060 -0.115419 -1.190063 3.10752E-11
 tc  43   0.000000 -9.000000  0.000000  0.000000 0.00000E+00
 ru  44  -0.520699 -2.280699 -0.130058 -1.204701 2.09122E-11
 rh  45  -1.103927 -2.163927 -0.013286 -1.087929 5.55890E-12
 pd  46  -0.557220 -2.207221 -0.056580 -1.131223 2.02431E-11
 ag  47  -0.961577 -2.161577 -0.010936 -1.085580 8.08704E-12
 cd  48  -0.470696 -2.180696 -0.030056 -1.104699 2.60968E-11
 in  49  -1.410998 -2.170998 -0.020357 -1.095001 3.05834E-12
 sn  50  -0.130563 -2.200563 -0.049922 -1.124565 6.03113E-11
 sb  51  -1.387148 -2.397148 -0.246507 -1.321150 3.42634E-12
 te  52  -0.435682 -2.615682 -0.465041 -1.539685 3.21102E-11
  i  53  -0.617978 -2.167978 -0.017337 -1.091980 2.09880E-11
 xe  54   0.047845 -2.192155 -0.041514 -1.116157 1.00592E-10
 cs  55  -1.076994 -2.156994 -0.006353 -1.080996 7.63875E-12
 ba  56   0.057672 -2.122329  0.028312 -1.046331 1.07622E-10
 la  57  -0.966882 -2.136882  0.013759 -1.060884 1.02876E-11
 ce  58  -0.561853 -2.141853  0.008788 -1.065856 2.63699E-11
 pr  59  -1.392137 -2.152137 -0.001496 -1.076139 3.91989E-12
 nd  60  -0.721855 -2.171855 -0.021214 -1.095857 1.87804E-11
 pm  61   0.000000 -9.000000  0.000000  0.000000 0.00000E+00
 sm  62  -1.342935 -2.282935 -0.132294 -1.206937 4.68460E-12
 eu  63  -1.657302 -2.167302 -0.016661 -1.091304 2.29569E-12
 gd  64  -1.218206 -2.268206 -0.117565 -1.192209 6.52918E-12
 tb  65  -1.845924 -2.165924 -0.015283 -1.089926 1.55504E-12
 dy  66  -1.031437 -2.161437 -0.010796 -1.085439 1.03727E-11
 ho  67  -1.695965 -2.165965 -0.015324 -1.089967 2.27934E-12
 er  68  -1.244965 -2.164965 -0.014324 -1.088967 6.52979E-12
 tm  69  -2.041182 -2.161181 -0.010540 -1.085184 1.05441E-12
 yb  70  -1.273051 -2.193051 -0.042410 -1.117054 6.33242E-12
 lu  71  -2.053881 -2.143881  0.006760 -1.067883 1.06060E-12
 hf  72  -1.416611 -2.126611  0.024030 -1.050613 4.69329E-12
 ta  73  -2.258556 -2.138556  0.012084 -1.062559 6.84656E-13
  w  74  -1.478336 -2.128336  0.022305 -1.052339 4.19352E-12
 re  75  -1.903605 -2.163605 -0.012964 -1.087608 1.59538E-12
 os  76  -0.812572 -2.162572 -0.011931 -1.086575 2.00993E-11
 ir  77  -0.848801 -2.168801 -0.018160 -1.092803 1.86838E-11
 pt  78  -0.576928 -2.196928 -0.046287 -1.120930 3.54613E-11
 au  79  -1.363290 -2.163290 -0.012649 -1.087292 5.85570E-12
 hg  80  -0.948649 -2.118649  0.031991 -1.042652 1.54930E-11
 tl  81  -1.321080 -2.091080  0.059561 -1.015082 6.69636E-12
 pb  82  -0.095687 -2.135687  0.014954 -1.059689 1.14072E-10
 bi  83  -1.495174 -2.145175  0.005466 -1.069177 4.58569E-12
 po  84  -3.463394 -9.000000  0.000000  0.000000 4.93431E-14
#[ls/Fe]_Bisterzo =   0.0326, [hs/Fe]_Bisterzo =  -0.0466
#[hs/ls]_Bisterzo =  -0.0792, [Pb/hs]_Bisterzo =   0.0615
#[ls/Fe]_Thiswork =   0.0469, [hs/Fe]_Thiswork =   0.0170
#[hs/ls]_Thiswork =  -0.0300, [Pb/hs]_Thiswork =  -0.0020
# C/O = 3.4583E+01, c12/c13 = 2.25406E+04, n14/n15 = 2.79858E+03
# o16/o17 = 7.54031E+02, o16/o18 = 1.05964E+04
# mg24/mg25 = 1.1269E+00, mg24/mg26 = 1.1120E+00
#
#  TP   Mass     Mcore    Menv    log L
#  9 1.195040 0.648510 0.546530 4.072620
# El  Z   log e(X)   [X/H]    [X/Fe]     [X/O]      X(i)
  p   1  12.000000  0.000000  0.000000  0.000000 6.85054E-01
 he   2  11.049105  0.119104  2.269745  1.195102 3.04617E-01
 li   3   1.257404 -2.002596  0.148045 -0.926598 8.53278E-11
 be   4   0.000000 -1.300000  0.000000  0.000000 0.00000E+00
  b   5   0.000000 -2.790000  0.000000  0.000000 2.65808E-28
  c   6   9.259295  0.789295  2.939936  1.865293 1.48299E-02
  n   7   6.448164 -1.421836  0.728805 -0.345839 2.67161E-05
  o   8   7.704729 -1.025271  1.125370  0.000000 5.50916E-04
  f   9   5.194892  0.774892  2.925533  1.800163 2.02239E-06
 ne  10   7.615238 -0.354762  1.795879  0.670509 5.65488E-04
 na  11   5.394108 -0.845891  1.304749  0.179379 3.87179E-06
 mg  12   5.994811 -1.645189  0.505452 -0.619918 1.63219E-05
 al  13   4.435343 -2.014657  0.135984 -0.989386 4.99668E-07
 si  14   5.421252 -2.128748  0.021893 -1.103477 5.03507E-06
  p  15   3.335215 -2.074785  0.075856 -1.049514 4.55487E-08
  s  16   5.014503 -2.135497  0.015144 -1.110226 2.25319E-06
 cl  17   3.142260 -2.087740  0.062901 -1.062469 3.34331E-08
 ar  18   4.292449 -2.147552  0.003089 -1.122281 5.32363E-07
  k  19   2.958442 -2.121558  0.029083 -1.096287 2.41469E-08
 ca  20   4.138860 -2.151140 -0.000499 -1.125869 3.74999E-07
 sc  21   1.019956 -2.030044  0.120597 -1.004773 3.19895E-10
 ti  22   2.768933 -2.141067  0.009574 -1.115796 1.91088E-08
  v  23   1.798290 -2.161710 -0.011069 -1.136439 2.17586E-09
 cr  24   3.475352 -2.164648 -0.014007 -1.139377 1.05581E-07
 mn  25   3.343691 -2.136309  0.014332 -1.111038 8.23811E-08
 fe  26   5.393201 -2.146799  0.000000 -1.121528 9.38533E-06
 co  27   3.059364 -1.810636  0.336163 -0.785365 4.59184E-08
 ni  28   4.097164 -2.102836  0.043962 -1.077565 4.98901E-07
 cu  29   2.457211 -1.792789  0.354010 -0.767518 1.23755E-08
 zn  30   2.585880 -2.044120  0.102679 -1.018849 1.71310E-08
 ga  31   1.188482 -1.891518  0.255281 -0.866247 7.31346E-10
 ge  32   1.591909 -1.988091  0.158708 -0.962820 1.92908E-09
 as  33   0.236194 -2.063806  0.082992 -1.038535 8.77137E-11
 se  34   1.291064 -2.048936  0.097863 -1.023665 1.04890E-09
 br  35   0.493392 -2.046608  0.100191 -1.021337 1.69132E-10
 kr  36   1.186939 -2.063061  0.083738 -1.037790 8.75865E-10
 rb  37   0.456601 -2.063399  0.083400 -1.038128 1.66215E-10
 sr  38   0.817349 -2.062651  0.084148 -1.037380 3.91036E-10
  y  39   0.110357 -2.099643  0.047156 -1.074372 7.79027E-11
 zr  40   0.409211 -2.120789  0.026010 -1.095518 1.59069E-10
 nb  41  -0.723197 -2.133197  0.013602 -1.107926 1.19429E-11
 mo  42  -0.322224 -2.262224 -0.115425 -1.236953 3.10485E-11
 tc  43   0.000000 -9.000000  0.000000  0.000000 0.00000E+00
 ru  44  -0.517622 -2.277622 -0.130823 -1.252351 2.08576E-11
 rh  45  -1.102938 -2.162938 -0.016139 -1.137667 5.51782E-12
 pd  46  -0.553700 -2.203701 -0.056902 -1.178430 2.02109E-11
 ag  47  -0.960176 -2.160177 -0.013378 -1.134906 8.03489E-12
 cd  48  -0.465677 -2.175677 -0.028879 -1.150406 2.61454E-11
 in  49  -1.407624 -2.167624 -0.020826 -1.142353 3.05246E-12
 sn  50  -0.124365 -2.194365 -0.047566 -1.169094 6.05880E-11
 sb  51  -1.384082 -2.394082 -0.247283 -1.368811 3.41733E-12
 te  52  -0.431537 -2.611537 -0.464738 -1.586266 3.21054E-11
  i  53  -0.617559 -2.167559 -0.020761 -1.142288 2.08056E-11
 xe  54   0.050580 -2.189420 -0.042621 -1.164149 1.00250E-10
 cs  55  -1.074596 -2.154596 -0.007798 -1.129325 7.60692E-12
 ba  56   0.066104 -2.113896  0.032902 -1.088625 1.08674E-10
 la  57  -0.961308 -2.131309  0.015490 -1.106038 1.03199E-11
 ce  58  -0.556753 -2.136753  0.010046 -1.111482 2.64240E-11
 pr  59  -1.389009 -2.149009 -0.002210 -1.123738 3.91013E-12
 nd  60  -0.717945 -2.167945 -0.021147 -1.142674 1.87674E-11
 pm  61   0.000000 -9.000000  0.000000  0.000000 0.00000E+00
 sm  62  -1.339980 -2.279980 -0.133182 -1.254709 4.67107E-12
 eu  63  -1.656764 -2.166764 -0.019965 -1.141493 2.27636E-12
 gd  64  -1.216551 -2.266551 -0.119752 -1.241280 6.49088E-12
 tb  65  -1.845153 -2.165153 -0.018354 -1.139882 1.54278E-12
 dy  66  -1.029883 -2.159883 -0.013085 -1.134613 1.03094E-11
 ho  67  -1.695288 -2.165288 -0.018489 -1.140017 2.26087E-12
 er  68  -1.242833 -2.162833 -0.016035 -1.137562 6.49861E-12
 tm  69  -2.039743 -2.159743 -0.012945 -1.134472 1.04770E-12
 yb  70  -1.266171 -2.186171 -0.039372 -1.160900 6.37148E-12
 lu  71  -2.048659 -2.138659  0.008139 -1.113388 1.06307E-12
 hf  72  -1.407804 -2.117804  0.028995 -1.092533 4.74324E-12
 ta  73  -2.252074 -2.132074  0.014724 -1.106803 6.88247E-13
  w  74  -1.469792 -2.119792  0.027006 -1.094522 4.23557E-12
 re  75  -1.901106 -2.161106 -0.014307 -1.135835 1.58911E-12
 os  76  -0.811017 -2.161017 -0.014218 -1.135746 1.99768E-11
 ir  77  -0.848502 -2.168502 -0.021704 -1.143231 1.85163E-11
 pt  78  -0.575949 -2.195949 -0.049150 -1.170678 3.51985E-11
 au  79  -1.362255 -2.162255 -0.015456 -1.136984 5.81303E-12
 hg  80  -0.933730 -2.103730  0.043068 -1.078459 1.58797E-11
 tl  81  -1.304496 -2.074496  0.072303 -1.049225 6.88991E-12
 pb  82  -0.089907 -2.129907  0.016892 -1.104636 1.14485E-10
 bi  83  -1.490589 -2.140589  0.006209 -1.115318 4.58966E-12
 po  84  -3.402540 -9.000000  0.000000  0.000000 5.62174E-14
#[ls/Fe]_Bisterzo =   0.0366, [hs/Fe]_Bisterzo =  -0.0463
#[hs/ls]_Bisterzo =  -0.0829, [Pb/hs]_Bisterzo =   0.0632
#[ls/Fe]_Thiswork =   0.0524, [hs/Fe]_Thiswork =   0.0195
#[hs/ls]_Thiswork =  -0.0330, [Pb/hs]_Thiswork =  -0.0026
# C/O = 3.5856E+01, c12/c13 = 2.39329E+04, n14/n15 = 2.75533E+03
# o16/o17 = 8.37090E+02, o16/o18 = 1.18020E+04
# mg24/mg25 = 7.7542E-01, mg24/mg26 = 7.5551E-01
#
#  TP   Mass     Mcore    Menv    log L
# 10 0.726230 0.650900 0.075330 4.074720
# El  Z   log e(X)   [X/H]    [X/Fe]     [X/O]      X(i)
  p   1  12.000000  0.000000  0.000000  0.000000 6.75803E-01
 he   2  11.063403  0.133403  2.280201  1.158674 3.10562E-01
 li   3   1.309135 -1.950865  0.195934 -0.925594 9.48238E-11
 be   4   0.000000 -1.300000  0.000000  0.000000 0.00000E+00
  b   5   0.000000 -2.790000  0.000000  0.000000 4.05599E-28
  c   6   9.340851  0.870851  3.017649  1.896122 1.76518E-02
  n   7   6.521240 -1.348760  0.798039 -0.323489 3.11850E-05
  o   8   7.773739 -0.956260  1.190538  0.000000 6.37077E-04
  f   9   5.387062  0.967062  3.113860  1.923322 3.10548E-06
 ne  10   7.799637 -0.170362  1.976436  0.785898 8.52939E-04
 na  11   5.682034 -0.557966  1.588832  0.398294 7.41194E-06
 mg  12   6.182064 -1.457936  0.688862 -0.501676 2.47810E-05
 al  13   4.488178 -1.961822  0.184977 -1.005562 5.56687E-07
 si  14   5.428383 -2.121617  0.025182 -1.165357 5.04932E-06
  p  15   3.348354 -2.061646  0.085153 -1.105385 4.63139E-08
  s  16   5.019963 -2.130037  0.016762 -1.173777 2.25089E-06
 cl  17   3.158438 -2.071562  0.075236 -1.115302 3.42335E-08
 ar  18   4.297460 -2.142540  0.004258 -1.186280 5.31268E-07
  k  19   2.968349 -2.111650  0.035148 -1.155390 2.43705E-08
 ca  20   4.143146 -2.146854 -0.000056 -1.190594 3.73604E-07
 sc  21   1.048331 -2.001669  0.145130 -1.045408 3.36882E-10
 ti  22   2.775183 -2.134817  0.011981 -1.178557 1.91240E-08
  v  23   1.800248 -2.159752 -0.012953 -1.203492 2.15618E-09
 cr  24   3.480937 -2.159063 -0.012264 -1.202803 1.05503E-07
 mn  25   3.350677 -2.129323  0.017476 -1.173062 8.25866E-08
 fe  26   5.398543 -2.141457  0.000000 -1.185196 9.37318E-06
 co  27   3.114346 -1.755654  0.385802 -0.799394 5.14119E-08
 ni  28   4.108119 -2.091881  0.049575 -1.135621 5.04736E-07
 cu  29   2.496428 -1.753572  0.387885 -0.797311 1.33622E-08
 zn  30   2.599700 -2.030300  0.111156 -1.074040 1.74461E-08
 ga  31   1.218327 -1.861673  0.279783 -0.905413 7.72791E-10
 ge  32   1.618178 -1.961822  0.179635 -1.005561 2.02169E-09
 as  33   0.252062 -2.047938  0.093518 -1.091678 8.97492E-11
 se  34   1.315435 -2.024565  0.116892 -1.068304 1.09446E-09
 br  35   0.512973 -2.027027  0.114429 -1.070767 1.74542E-10
 kr  36   1.205471 -2.044529  0.096928 -1.088269 9.01705E-10
 rb  37   0.478938 -2.041062  0.100395 -1.084802 1.72624E-10
 sr  38   0.834398 -2.045602  0.095855 -1.089342 4.01200E-10
  y  39   0.123005 -2.086995  0.054461 -1.130735 7.91217E-11
 zr  40   0.418824 -2.111176  0.030281 -1.154916 1.60433E-10
 nb  41  -0.715278 -2.125278  0.016179 -1.169017 1.19985E-11
 mo  42  -0.316888 -2.256888 -0.115431 -1.300628 3.10079E-11
 tc  43   0.000000 -9.000000  0.000000  0.000000 0.00000E+00
 ru  44  -0.513475 -2.273475 -0.132019 -1.317215 2.07733E-11
 rh  45  -1.101581 -2.161581 -0.020124 -1.205320 5.46034E-12
 pd  46  -0.548879 -2.198879 -0.057422 -1.242619 2.01607E-11
 ag  47  -0.958235 -2.158235 -0.016778 -1.201975 7.96192E-12
 cd  48  -0.458831 -2.168831 -0.027374 -1.212571 2.62022E-11
 in  49  -1.402974 -2.162974 -0.021518 -1.206714 3.04366E-12
 sn  50  -0.115645 -2.185645 -0.044189 -1.229385 6.09819E-11
 sb  51  -1.379704 -2.389704 -0.248247 -1.433443 3.40534E-12
 te  52  -0.425657 -2.605657 -0.464201 -1.649397 3.21036E-11
  i  53  -0.616948 -2.166948 -0.025491 -1.210688 2.05536E-11
 xe  54   0.054388 -2.185612 -0.044155 -1.229352 9.97674E-11
 cs  55  -1.071362 -2.151362 -0.009906 -1.195102 7.56028E-12
 ba  56   0.077980 -2.102020  0.039437 -1.145760 1.10178E-10
 la  57  -0.953351 -2.123351  0.018106 -1.167091 1.03688E-11
 ce  58  -0.549480 -2.129480  0.011976 -1.173220 2.65074E-11
 pr  59  -1.384521 -2.144521 -0.003064 -1.188260 3.89740E-12
 nd  60  -0.712513 -2.162513 -0.021056 -1.206253 1.87470E-11
 pm  61   0.000000 -9.000000  0.000000  0.000000 0.00000E+00
 sm  62  -1.335881 -2.275881 -0.134425 -1.319621 4.65168E-12
 eu  63  -1.655991 -2.165991 -0.024534 -1.209730 2.24962E-12
 gd  64  -1.214211 -2.264211 -0.122755 -1.307951 6.43782E-12
 tb  65  -1.844049 -2.164048 -0.022592 -1.207788 1.52582E-12
 dy  66  -1.027716 -2.157716 -0.016259 -1.201456 1.02211E-11
 ho  67  -1.694345 -2.164345 -0.022888 -1.208084 2.23519E-12
 er  68  -1.239990 -2.159990 -0.018534 -1.203730 6.45296E-12
 tm  69  -2.037825 -2.157825 -0.016368 -1.201564 1.03813E-12
 yb  70  -1.257267 -2.177267 -0.035810 -1.221007 6.41563E-12
 lu  71  -2.041726 -2.131726  0.009731 -1.175466 1.06559E-12
 hf  72  -1.395782 -2.105783  0.035674 -1.149522 4.81051E-12
 ta  73  -2.242992 -2.122993  0.018464 -1.166732 6.93300E-13
  w  74  -1.457773 -2.107773  0.033683 -1.151513 4.29563E-12
 re  75  -1.897448 -2.157448 -0.015991 -1.201187 1.58091E-12
 os  76  -0.808782 -2.158782 -0.017325 -1.202521 1.98087E-11
 ir  77  -0.848050 -2.168050 -0.026594 -1.211790 1.82853E-11
 pt  78  -0.574548 -2.194548 -0.053091 -1.238287 3.48354E-11
 au  79  -1.360824 -2.160824 -0.019367 -1.204563 5.75347E-12
 hg  80  -0.914467 -2.084467  0.056990 -1.128207 1.63758E-11
 tl  81  -1.280782 -2.050782  0.090675 -1.094522 7.17831E-12
 pb  82  -0.081636 -2.121636  0.019820 -1.165376 1.15110E-10
 bi  83  -1.484108 -2.134108  0.007349 -1.177848 4.59575E-12
 po  84  -3.324821 -9.000000  0.000000  0.000000 6.63262E-14
#[ls/Fe]_Bisterzo =   0.0424, [hs/Fe]_Bisterzo =  -0.0458
#[hs/ls]_Bisterzo =  -0.0882, [Pb/hs]_Bisterzo =   0.0656
#[ls/Fe]_Thiswork =   0.0602, [hs/Fe]_Thiswork =   0.0232
#[hs/ls]_Thiswork =  -0.0370, [Pb/hs]_Thiswork =  -0.0034
# C/O = 3.6907E+01, c12/c13 = 2.46852E+04, n14/n15 = 2.89146E+03
# o16/o17 = 9.63227E+02, o16/o18 = 1.36153E+04
# mg24/mg25 = 5.2099E-01, mg24/mg26 = 4.9709E-01
#
#  TP   Mass     Mcore    Menv    log L
# 11 0.726230 0.650900 0.075330 4.074720
# El  Z   log e(X)   [X/H]    [X/Fe]     [X/O]      X(i)
  p   1  12.000000  0.000000  0.000000  0.000000 6.75803E-01
 he   2  11.063403  0.133403  2.274859  1.089663 3.10562E-01
 li   3   1.309135 -1.950865  0.190592 -0.994604 9.48238E-11
 be   4   0.000000 -1.300000  0.000000  0.000000 0.00000E+00
  b   5   0.000000 -2.790000  0.000000  0.000000 4.05599E-28
  c   6   9.340851  0.870851  3.012307  1.827111 1.76518E-02
  n   7   6.521240 -1.348760  0.792697 -0.392499 3.11850E-05
  o   8   7.773739 -0.956260  1.185196  0.000000 6.37077E-04
  f   9   5.387062  0.967062  3.108518  1.923322 3.10548E-06
 ne  10   7.799637 -0.170362  1.971094  0.785898 8.52939E-04
 na  11   5.682034 -0.557966  1.583490  0.398294 7.41194E-06
 mg  12   6.182064 -1.457936  0.683520 -0.501676 2.47810E-05
 al  13   4.488178 -1.961822  0.179635 -1.005562 5.56687E-07
 si  14   5.428383 -2.121617  0.019840 -1.165357 5.04932E-06
  p  15   3.348354 -2.061646  0.079811 -1.105385 4.63139E-08
  s  16   5.019963 -2.130037  0.011420 -1.173777 2.25089E-06
 cl  17   3.158438 -2.071562  0.069894 -1.115302 3.42335E-08
 ar  18   4.297460 -2.142540 -0.001084 -1.186280 5.31268E-07
  k  19   2.968349 -2.111650  0.029806 -1.155390 2.43705E-08
 ca  20   4.143146 -2.146854 -0.005398 -1.190594 3.73604E-07
 sc  21   1.048331 -2.001669  0.139788 -1.045408 3.36882E-10
 ti  22   2.775183 -2.134817  0.006639 -1.178557 1.91240E-08
  v  23   1.800248 -2.159752 -0.018295 -1.203492 2.15618E-09
 cr  24   3.480937 -2.159063 -0.017606 -1.202803 1.05503E-07
 mn  25   3.350677 -2.129323  0.012134 -1.173062 8.25866E-08
 fe  26   5.398543 -2.141457  0.000000 -1.185196 9.37318E-06
 co  27   3.114346 -1.755654  0.385802 -0.799394 5.14119E-08
 ni  28   4.108119 -2.091881  0.049575 -1.135621 5.04736E-07
 cu  29   2.496428 -1.753572  0.387885 -0.797311 1.33622E-08
 zn  30   2.599700 -2.030300  0.111156 -1.074040 1.74461E-08
 ga  31   1.218327 -1.861673  0.279783 -0.905413 7.72791E-10
 ge  32   1.618178 -1.961822  0.179635 -1.005561 2.02169E-09
 as  33   0.252062 -2.047938  0.093518 -1.091678 8.97492E-11
 se  34   1.315435 -2.024565  0.116892 -1.068304 1.09446E-09
 br  35   0.512973 -2.027027  0.114429 -1.070767 1.74542E-10
 kr  36   1.205471 -2.044529  0.096928 -1.088269 9.01705E-10
 rb  37   0.478938 -2.041062  0.100395 -1.084802 1.72624E-10
 sr  38   0.834398 -2.045602  0.095855 -1.089342 4.01200E-10
  y  39   0.123005 -2.086995  0.054461 -1.130735 7.91217E-11
 zr  40   0.418824 -2.111176  0.030281 -1.154916 1.60433E-10
 nb  41  -0.715278 -2.125278  0.016179 -1.169017 1.19985E-11
 mo  42  -0.316888 -2.256888 -0.115431 -1.300628 3.10079E-11
 tc  43   0.000000 -9.000000  0.000000  0.000000 0.00000E+00
 ru  44  -0.513475 -2.273475 -0.132019 -1.317215 2.07733E-11
 rh  45  -1.101581 -2.161581 -0.020124 -1.205320 5.46034E-12
 pd  46  -0.548879 -2.198879 -0.057422 -1.242619 2.01607E-11
 ag  47  -0.958235 -2.158235 -0.016778 -1.201975 7.96192E-12
 cd  48  -0.458831 -2.168831 -0.027374 -1.212571 2.62022E-11
 in  49  -1.402974 -2.162974 -0.021518 -1.206714 3.04366E-12
 sn  50  -0.115645 -2.185645 -0.044189 -1.229385 6.09819E-11
 sb  51  -1.379704 -2.389704 -0.248247 -1.433443 3.40534E-12
 te  52  -0.425657 -2.605657 -0.464201 -1.649397 3.21036E-11
  i  53  -0.616948 -2.166948 -0.025491 -1.210688 2.05536E-11
 xe  54   0.054388 -2.185612 -0.044155 -1.229352 9.97674E-11
 cs  55  -1.071362 -2.151362 -0.009906 -1.195102 7.56028E-12
 ba  56   0.077980 -2.102020  0.039437 -1.145760 1.10178E-10
 la  57  -0.953351 -2.123351  0.018106 -1.167091 1.03688E-11
 ce  58  -0.549480 -2.129480  0.011976 -1.173220 2.65074E-11
 pr  59  -1.384521 -2.144521 -0.003064 -1.188260 3.89740E-12
 nd  60  -0.712513 -2.162513 -0.021056 -1.206253 1.87470E-11
 pm  61   0.000000 -9.000000  0.000000  0.000000 0.00000E+00
 sm  62  -1.335881 -2.275881 -0.134425 -1.319621 4.65168E-12
 eu  63  -1.655991 -2.165991 -0.024534 -1.209730 2.24962E-12
 gd  64  -1.214211 -2.264211 -0.122755 -1.307951 6.43782E-12
 tb  65  -1.844049 -2.164048 -0.022592 -1.207788 1.52582E-12
 dy  66  -1.027716 -2.157716 -0.016259 -1.201456 1.02211E-11
 ho  67  -1.694345 -2.164345 -0.022888 -1.208084 2.23519E-12
 er  68  -1.239990 -2.159990 -0.018534 -1.203730 6.45296E-12
 tm  69  -2.037825 -2.157825 -0.016368 -1.201564 1.03813E-12
 yb  70  -1.257267 -2.177267 -0.035810 -1.221007 6.41563E-12
 lu  71  -2.041726 -2.131726  0.009731 -1.175466 1.06559E-12
 hf  72  -1.395782 -2.105783  0.035674 -1.149522 4.81051E-12
 ta  73  -2.242992 -2.122993  0.018464 -1.166732 6.93300E-13
  w  74  -1.457773 -2.107773  0.033683 -1.151513 4.29563E-12
 re  75  -1.897448 -2.157448 -0.015991 -1.201187 1.58091E-12
 os  76  -0.808782 -2.158782 -0.017325 -1.202521 1.98087E-11
 ir  77  -0.848050 -2.168050 -0.026594 -1.211790 1.82853E-11
 pt  78  -0.574548 -2.194548 -0.053091 -1.238287 3.48354E-11
 au  79  -1.360824 -2.160824 -0.019367 -1.204563 5.75347E-12
 hg  80  -0.914467 -2.084467  0.056990 -1.128207 1.63758E-11
 tl  81  -1.280782 -2.050782  0.090675 -1.094522 7.17831E-12
 pb  82  -0.081636 -2.121636  0.019820 -1.165376 1.15110E-10
 bi  83  -1.484108 -2.134108  0.007349 -1.177848 4.59575E-12
 po  84  -3.324821 -9.000000  0.000000  0.000000 6.63262E-14
#[ls/Fe]_Bisterzo =   0.0424, [hs/Fe]_Bisterzo =  -0.0458
#[hs/ls]_Bisterzo =  -0.0882, [Pb/hs]_Bisterzo =   0.0656
#[ls/Fe]_Thiswork =   0.0602, [hs/Fe]_Thiswork =   0.0232
#[hs/ls]_Thiswork =  -0.0370, [Pb/hs]_Thiswork =  -0.0034
# C/O = 3.6907E+01, c12/c13 = 2.46852E+04, n14/n15 = 2.89146E+03
# o16/o17 = 9.63227E+02, o16/o18 = 1.36153E+04
# mg24/mg25 = 5.2099E-01, mg24/mg26 = 4.9709E-01
#
# Final abundances
# El  Z   log e(X)   [X/H]    [X/Fe]     [X/O]      X(i)
  p   1  12.000000  0.000000  0.000000  0.000000 6.75803E-01
 he   2  11.063403  0.133403  2.274859  1.089663 3.10562E-01
 li   3   1.347200 -1.912800  0.228657 -0.956539 1.03510E-10
 be   4   1.004197 -0.295803  1.845654  0.660457 6.10067E-11
  b   5   0.000000 -2.790000  0.000000  0.000000 1.00156E-27
  c   6   9.340799  0.870799  3.012256  1.827059 1.76497E-02
  n   7   6.554472 -1.315528  0.825929 -0.359268 3.36649E-05
  o   8   7.773739 -0.956260  1.185196  0.000000 6.37077E-04
  f   9   5.387054  0.967054  3.108511  1.923315 3.10543E-06
 ne  10   7.799636 -0.170363  1.971093  0.785897 8.52937E-04
 na  11   5.682126 -0.557874  1.583583  0.398386 7.41352E-06
 mg  12   6.182064 -1.457936  0.683520 -0.501676 2.47810E-05
 al  13   4.488178 -1.961822  0.179635 -1.005562 5.56687E-07
 si  14   5.428383 -2.121617  0.019840 -1.165357 5.04932E-06
  p  15   3.348354 -2.061646  0.079811 -1.105385 4.63139E-08
  s  16   5.019963 -2.130037  0.011420 -1.173777 2.25089E-06
 cl  17   3.158438 -2.071562  0.069894 -1.115302 3.42334E-08
 ar  18   4.297459 -2.142541 -0.001084 -1.186281 5.31268E-07
  k  19   2.968349 -2.111650  0.029806 -1.155390 2.43705E-08
 ca  20   4.143146 -2.146854 -0.005398 -1.190594 3.73604E-07
 sc  21   1.048331 -2.001669  0.139788 -1.045408 3.36882E-10
 ti  22   2.775183 -2.134817  0.006639 -1.178557 1.91240E-08
  v  23   1.800248 -2.159752 -0.018295 -1.203492 2.15618E-09
 cr  24   3.480936 -2.159064 -0.017607 -1.202804 1.05503E-07
 mn  25   3.350677 -2.129323  0.012134 -1.173062 8.25866E-08
 fe  26   5.398543 -2.141457  0.000000 -1.185196 9.37318E-06
 co  27   3.114347 -1.755653  0.385803 -0.799393 5.14119E-08
 ni  28   4.108118 -2.091882  0.049575 -1.135622 5.04736E-07
 cu  29   2.496428 -1.753572  0.387885 -0.797311 1.33622E-08
 zn  30   2.599700 -2.030300  0.111156 -1.074040 1.74461E-08
 ga  31   1.218327 -1.861673  0.279783 -0.905413 7.72791E-10
 ge  32   1.618177 -1.961823  0.179634 -1.005562 2.02169E-09
 as  33   0.252062 -2.047938  0.093518 -1.091678 8.97492E-11
 se  34   1.315434 -2.024565  0.116891 -1.068305 1.09446E-09
 br  35   0.512973 -2.027027  0.114429 -1.070767 1.74542E-10
 kr  36   1.205471 -2.044529  0.096928 -1.088269 9.01705E-10
 rb  37   0.478938 -2.041062  0.100395 -1.084802 1.72624E-10
 sr  38   0.834398 -2.045602  0.095855 -1.089342 4.01200E-10
  y  39   0.123005 -2.086995  0.054461 -1.130735 7.91217E-11
 zr  40   0.418824 -2.111176  0.030281 -1.154916 1.60433E-10
 nb  41  -0.715278 -2.125278  0.016179 -1.169017 1.19985E-11
 mo  42  -0.316888 -2.256888 -0.115431 -1.300628 3.10079E-11
 tc  43   0.000000 -9.000000  0.000000  0.000000 0.00000E+00
 ru  44  -0.513475 -2.273475 -0.132019 -1.317215 2.07733E-11
 rh  45  -1.101581 -2.161581 -0.020124 -1.205320 5.46034E-12
 pd  46  -0.548878 -2.198878 -0.057421 -1.242618 2.01607E-11
 ag  47  -0.958235 -2.158235 -0.016778 -1.201975 7.96192E-12
 cd  48  -0.458832 -2.168832 -0.027375 -1.212572 2.62022E-11
 in  49  -1.402974 -2.162974 -0.021518 -1.206714 3.04366E-12
 sn  50  -0.115646 -2.185646 -0.044190 -1.229386 6.09819E-11
 sb  51  -1.379704 -2.389704 -0.248247 -1.433443 3.40534E-12
 te  52  -0.425657 -2.605657 -0.464201 -1.649397 3.21036E-11
  i  53  -0.616948 -2.166948 -0.025491 -1.210688 2.05536E-11
 xe  54   0.054387 -2.185613 -0.044156 -1.229353 9.97674E-11
 cs  55  -1.071362 -2.151362 -0.009906 -1.195102 7.56028E-12
 ba  56   0.077980 -2.102020  0.039437 -1.145760 1.10178E-10
 la  57  -0.953351 -2.123351  0.018106 -1.167091 1.03688E-11
 ce  58  -0.549480 -2.129480  0.011976 -1.173220 2.65074E-11
 pr  59  -1.384521 -2.144521 -0.003064 -1.188260 3.89740E-12
 nd  60  -0.712513 -2.162513 -0.021056 -1.206253 1.87470E-11
 pm  61   0.000000 -9.000000  0.000000  0.000000 0.00000E+00
 sm  62  -1.335882 -2.275882 -0.134426 -1.319622 4.65168E-12
 eu  63  -1.655991 -2.165991 -0.024534 -1.209730 2.24962E-12
 gd  64  -1.214211 -2.264211 -0.122755 -1.307951 6.43782E-12
 tb  65  -1.844049 -2.164049 -0.022593 -1.207789 1.52582E-12
 dy  66  -1.027716 -2.157716 -0.016259 -1.201456 1.02211E-11
 ho  67  -1.694345 -2.164345 -0.022888 -1.208084 2.23519E-12
 er  68  -1.239990 -2.159990 -0.018534 -1.203730 6.45296E-12
 tm  69  -2.037826 -2.157825 -0.016369 -1.201565 1.03813E-12
 yb  70  -1.257267 -2.177267 -0.035810 -1.221007 6.41563E-12
 lu  71  -2.041727 -2.131727  0.009730 -1.175467 1.06559E-12
 hf  72  -1.395782 -2.105783  0.035674 -1.149522 4.81051E-12
 ta  73  -2.242992 -2.122993  0.018464 -1.166732 6.93300E-13
  w  74  -1.457773 -2.107773  0.033683 -1.151513 4.29563E-12
 re  75  -1.897449 -2.157449 -0.015992 -1.201188 1.58091E-12
 os  76  -0.808782 -2.158782 -0.017325 -1.202521 1.98087E-11
 ir  77  -0.848050 -2.168050 -0.026594 -1.211790 1.82853E-11
 pt  78  -0.574548 -2.194548 -0.053091 -1.238287 3.48354E-11
 au  79  -1.360824 -2.160824 -0.019367 -1.204563 5.75347E-12
 hg  80  -0.914467 -2.084467  0.056990 -1.128207 1.63758E-11
 tl  81  -1.280782 -2.050782  0.090675 -1.094522 7.17831E-12
 pb  82  -0.081637 -2.121637  0.019819 -1.165377 1.15110E-10
 bi  83  -1.484108 -2.134108  0.007349 -1.177848 4.59575E-12
 po  84  -3.324821 -9.000000  0.000000  0.000000 6.63262E-14
#[ls/Fe]_Bisterzo =   0.0424, [hs/Fe]_Bisterzo =  -0.0458
#[hs/ls]_Bisterzo =  -0.0882, [Pb/hs]_Bisterzo =   0.0656
#[ls/Fe]_Thiswork =   0.0602, [hs/Fe]_Thiswork =   0.0232
#[hs/ls]_Thiswork =  -0.0370, [Pb/hs]_Thiswork =  -0.0034
# C/O = 3.6903E+01, c12/c13 = 1.45698E+04, n14/n15 = 3.11061E+03
# o16/o17 = 9.63217E+02, o16/o18 = 1.36180E+04
# mg24/mg25 = 5.2099E-01, mg24/mg26 = 4.9709E-01
