# Final abundances
# El  Z   log e(X)   [X/H]    [X/Fe]     [X/O]      X(i)
  p   1  12.000000  0.000000  0.000000  0.000000 6.85579E-01
 he   2  11.043715  0.113715  0.092515  0.087017 3.01091E-01
 li   3   2.786048 -0.473952 -0.495153 -0.500650 2.88448E-09
 be   4   0.000000 -1.300000  0.000000  0.000000 0.00000E+00
  b   5   0.000000 -2.790000  0.000000  0.000000 7.01448E-28
  c   6   8.849483  0.379482  0.358282  0.352784 5.77642E-03
  n   7   8.251393  0.381393  0.360193  0.354695 1.69956E-03
  o   8   8.756698  0.026698  0.005497  0.000000 6.21423E-03
  f   9   4.897115  0.437115  0.415915  0.410417 1.01958E-06
 ne  10   8.121063  0.151063  0.129863  0.124365 1.81377E-03
 na  11   6.454906  0.144907  0.123706  0.118208 4.45699E-05
 mg  12   7.662076  0.022077  0.000876 -0.004622 7.59223E-04
 al  13   6.507256  0.037256  0.016055  0.010558 5.90101E-05
 si  14   7.572105  0.022105  0.000905 -0.004593 7.13168E-04
  p  15   5.510512  0.040513  0.019312  0.013814 6.82506E-06
  s  16   7.181548  0.021548  0.000348 -0.005150 3.31266E-04
 cl  17   5.262115  0.032115  0.010914  0.005417 4.40925E-06
 ar  18   6.461133  0.021133 -0.000067 -0.005565 7.85643E-05
  k  19   5.105389  0.025389  0.004188 -0.001309 3.38954E-06
 ca  20   6.310823  0.020823 -0.000377 -0.005875 5.57605E-05
 sc  21   3.095605  0.045605  0.024404  0.018907 3.81057E-08
 ti  22   4.935422  0.025422  0.004221 -0.001276 2.80579E-06
  v  23   3.978592  0.018592 -0.002609 -0.008106 3.29811E-07
 cr  24   5.642152  0.002152 -0.019048 -0.024546 1.55138E-05
 mn  25   5.504259  0.024259  0.003058 -0.002439 1.19324E-05
 fe  26   7.561201  0.021201  0.000000 -0.005497 1.38287E-03
 co  27   4.933289  0.063289  0.042089  0.036591 3.43752E-06
 ni  28   6.225972  0.025972  0.004771 -0.000726 6.71668E-05
 cu  29   4.342454  0.092454  0.071253  0.065756 9.50909E-07
 zn  30   4.686629  0.056629  0.035429  0.029931 2.16204E-06
 ga  31   3.266862  0.186862  0.165661  0.160164 8.76666E-08
 ge  32   3.740992  0.160992  0.139791  0.134294 2.72123E-07
 as  33   2.429662  0.129662  0.108461  0.102964 1.37047E-08
 se  34   3.585948  0.245948  0.224747  0.219250 2.06992E-07
 br  35   2.694817  0.154817  0.133616  0.128119 2.69142E-08
 kr  36   3.595876  0.345876  0.324675  0.319178 2.24753E-07
 rb  37   2.650758  0.290758  0.269557  0.264060 2.60111E-08
 sr  38   3.758091  0.878091  0.856890  0.851393 3.41422E-07
  y  39   3.115438  0.945437  0.924237  0.918739 7.88797E-08
 zr  40   3.533911  1.003911  0.982710  0.977213 2.12137E-07
 nb  41   2.325143  0.915143  0.893942  0.888445 1.33593E-08
 mo  42   2.737545  0.797545  0.776344  0.770847 3.56568E-08
 tc  43   1.247182 -9.000000  0.000000  0.000000 1.17762E-09
 ru  44   2.463174  0.703174  0.681973  0.676476 1.99707E-08
 rh  45   1.515089  0.455089  0.433888  0.428391 2.29154E-09
 pd  46   2.499953  0.849953  0.828753  0.823255 2.28862E-08
 ag  47   1.612328  0.412328  0.391127  0.385629 3.00481E-09
 cd  48   2.629168  0.919168  0.897967  0.892469 3.25517E-08
 in  49   1.514123  0.754123  0.732922  0.727425 2.55112E-09
 sn  50   3.044213  0.974213  0.953013  0.947515 8.93917E-08
 sb  51   1.563655  0.553655  0.532454  0.526957 3.03219E-09
 te  52   2.652627  0.472627  0.451426  0.445929 3.90009E-08
  i  53   1.785873  0.235873  0.214673  0.209175 5.27165E-09
 xe  54   2.811838  0.571838  0.550637  0.545140 5.78998E-08
 cs  55   1.689721  0.609721  0.588520  0.583023 4.42446E-09
 ba  56   3.367100  1.187100  1.165899  1.160402 2.17497E-07
 la  57   2.300111  1.130111  1.108910  1.103413 1.88551E-08
 ce  58   2.692151  1.112151  1.090950  1.085453 4.69068E-08
 pr  59   1.625543  0.865543  0.844342  0.838845 4.04646E-09
 nd  60   2.400078  0.950078  0.928877  0.923380 2.46468E-08
 pm  61   0.000000 -9.000000  0.000000  0.000000 2.70498E-31
 sm  62   1.619740  0.679740  0.658539  0.653041 4.26058E-09
 eu  63   0.751136  0.241136  0.219935  0.214438 5.82739E-10
 gd  64   1.523479  0.473479  0.452278  0.446780 3.56999E-09
 tb  65   0.639364  0.319364  0.298164  0.292666 4.71144E-10
 dy  66   1.635932  0.505932  0.484731  0.479234 4.77950E-09
 ho  67   0.753757  0.283757  0.262557  0.257059 6.36289E-10
 er  68   1.416716  0.496716  0.475515  0.470017 2.96963E-09
 tm  69   0.549929  0.429929  0.408728  0.403231 4.07608E-10
 yb  70   1.671916  0.751916  0.730715  0.725218 5.52917E-09
 lu  71   0.755889  0.665889  0.644688  0.639191 6.78332E-10
 hf  72   1.584883  0.874883  0.853682  0.848185 4.66761E-09
 ta  73   0.661137  0.781137  0.759936  0.754439 5.64012E-10
  w  74   1.531975  0.881975  0.860774  0.855277 4.25611E-09
 re  75   0.648619  0.388619  0.367418  0.361921 5.63912E-10
 os  76   1.668152  0.318152  0.296951  0.291454 6.02599E-09
 ir  77   1.402123  0.082123  0.060923  0.055425 3.29999E-09
 pt  78   1.820097  0.200097  0.178896  0.173399 8.76805E-09
 au  79   1.018420  0.218420  0.197220  0.191722 1.39769E-09
 hg  80   1.936439  0.766439  0.745238  0.739740 1.17854E-08
 tl  81   1.328156  0.558156  0.536955  0.531457 2.95936E-09
 pb  82   2.740061  0.700061  0.678860  0.673363 7.74547E-08
 bi  83   0.780050  0.130050  0.108850  0.103352 8.56548E-10
 po  84   0.098758 -9.000000  0.000000  0.000000 1.78444E-10
