# Initial mass = 2.500, Z =  0.0028, Y =  0.250, M_mix = 2.00E-03
# Final mass = 0.679, Mass expelled =   1.8210
# El  Z   log e(X)   [X/H]    [X/Fe]     X(i)         Net M(i)      Mass(i)
  p   1  12.000000  0.000000  0.000000  6.89613E-01 -1.15691E-01  1.25579E+00
 he   2  11.036227  0.106227  0.789622  2.97686E-01  8.65140E-02  5.42086E-01
  c   6   9.205062  0.735062  1.418457  1.31761E-02  2.30701E-02  2.39936E-02
  n   7   7.684986 -0.185014  0.498382  4.63956E-04  5.74332E-04  8.44863E-04
  o   8   8.138668 -0.591331  0.092064  1.50628E-03  5.34492E-04  2.74294E-03
  f   9   5.430399  0.970399  1.653794  3.50148E-06  6.23345E-06  6.37620E-06
 ne  10   8.219782  0.249782  0.933177  2.29007E-03  3.67955E-03  4.17021E-03
 na  11   6.377863  0.067863  0.751258  3.75446E-05  5.61388E-05  6.83687E-05
 mg  12   7.051706 -0.588294  0.095102  1.87304E-04  6.46663E-05  3.41081E-04
 al  13   5.885586 -0.584414  0.098982  1.41842E-05  5.08296E-06  2.58295E-05
 si  14   6.873386 -0.676614  0.006782  1.43556E-04  1.78168E-06  2.61416E-04
  p  15   4.902799 -0.567201  0.116195  1.69411E-06  7.03377E-07  3.08497E-06
  s  16   6.478158 -0.681842  0.001553  6.59681E-05 -6.25980E-07  1.20128E-04
 cl  17   4.597300 -0.632700  0.050695  9.59618E-07  1.78831E-07  1.74746E-06
 ar  18   5.755653 -0.684347 -0.000951  1.55702E-05 -3.12128E-07  2.83533E-05
  k  19   4.415690 -0.664310  0.019086  6.96611E-07  4.54612E-08  1.26853E-06
 ca  20   5.604824 -0.685176 -0.001781  1.10376E-05 -2.59723E-07  2.00995E-05
 sc  21   2.532086 -0.517914  0.165482  1.04718E-08  5.92722E-09  1.90691E-08
 ti  22   4.260921 -0.649079  0.034316  5.97176E-07  7.37650E-08  1.08746E-06
  v  23   3.271727 -0.688273 -0.004878  6.51550E-08 -2.09460E-09  1.18647E-07
 cr  24   4.939734 -0.700266 -0.016870  3.09635E-06 -1.80676E-08  5.63844E-06
 mn  25   4.820069 -0.659931  0.023464  2.48363E-06  2.00057E-07  4.52269E-06
 fe  26   6.856605 -0.683395  0.000000  2.74621E-04 -4.40492E-06  5.00086E-04
 co  27   4.398771 -0.471229  0.212166  1.00989E-06  7.00794E-07  1.83901E-06
 ni  28   5.527890 -0.672110  0.011285  1.35401E-05  4.20607E-07  2.46565E-05
 cu  29   3.797418 -0.452582  0.230813  2.72679E-07  2.02135E-07  4.96548E-07
 zn  30   4.078004 -0.551996  0.131400  5.35534E-07  2.48245E-07  9.75208E-07
 ga  31   2.855317 -0.224683  0.458713  3.41852E-08  4.04116E-08  6.22512E-08
 ge  32   3.375712 -0.204288  0.479108  1.18041E-07  1.48476E-07  2.14953E-07
 as  33   1.998336 -0.301664  0.381731  5.10612E-09  5.40352E-09  9.29824E-09
 se  34   3.313277 -0.026723  0.656673  1.11130E-07  1.61690E-07  2.02367E-07
 br  35   2.483266 -0.056734  0.626661  1.66334E-08  2.30709E-08  3.02894E-08
 kr  36   3.443718  0.193718  0.877113  1.59256E-07  2.51322E-07  2.90006E-07
 rb  37   2.680762  0.320762  1.004158  2.80357E-08  4.59516E-08  5.10530E-08
 sr  38   3.696565  0.816565  1.499960  2.98067E-07  5.25559E-07  5.42779E-07
  y  39   3.100128  0.930128  1.613523  7.65957E-08  1.36055E-07  1.39481E-07
 zr  40   3.507032  0.977032  1.660428  2.00580E-07  3.57203E-07  3.65256E-07
 nb  41   2.329206  0.919207  1.602602  1.35642E-08  2.40783E-08  2.47005E-08
 mo  42   2.757802  0.817802  1.501197  3.75791E-08  6.67846E-08  6.84316E-08
 ru  44   2.436523  0.676523  1.359919  1.88926E-08  3.32825E-08  3.44034E-08
 rh  45   1.382270  0.322270  1.005665  1.69768E-09  2.78365E-09  3.09148E-09
 pd  46   2.460518  0.810518  1.493913  2.10226E-08  3.72015E-08  3.82822E-08
 ag  47   1.662502  0.462502  1.145898  3.39266E-09  5.73263E-09  6.17804E-09
 cd  48   2.656834  0.946834  1.630229  3.48970E-08  6.21767E-08  6.35474E-08
 in  49   1.523967  0.763967  1.447362  2.62496E-09  4.61530E-09  4.78005E-09
 sn  50   3.115447  1.045447  1.728842  1.05945E-07  1.89778E-07  1.92926E-07
 sb  51   1.596480  0.586480  1.269876  3.28951E-09  5.80449E-09  5.99020E-09
 te  52   2.717397  0.537397  1.220792  4.55400E-08  8.12130E-08  8.29283E-08
  i  53   1.596545  0.046545  0.729941  3.42899E-09  5.07109E-09  6.24420E-09
 xe  54   2.862538  0.622538  1.305934  6.54523E-08  1.13731E-07  1.19189E-07
 cs  55   1.669236  0.589236  1.272632  4.24545E-09  7.31466E-09  7.73096E-09
 ba  56   3.709362  1.529362  2.212757  4.81132E-07  8.70737E-07  8.76141E-07
 la  57   2.717122  1.547122  2.230517  4.95437E-08  8.96843E-08  9.02191E-08
 ce  58   3.239573  1.659573  2.342969  1.66420E-07  3.01669E-07  3.03051E-07
 pr  59   2.216722  1.456722  2.140118  1.58783E-08  2.87031E-08  2.89143E-08
 nd  60   2.984787  1.534787  2.218182  9.52836E-08  1.72511E-07  1.73511E-07
 sm  62   2.180844  1.240844  1.924240  1.55999E-08  2.81544E-08  2.84075E-08
 eu  63   1.123782  0.613782  1.297178  1.38251E-09  2.38943E-09  2.51755E-09
 gd  64   2.046766  0.996766  1.680162  1.19813E-08  2.13582E-08  2.18179E-08
 tb  65   1.014257  0.694257  1.377653  1.12356E-09  1.95949E-09  2.04600E-09
 dy  66   2.168238  1.038238  1.721633  1.63771E-08  2.92524E-08  2.98227E-08
 ho  67   1.143321  0.673321  1.356716  1.56952E-09  2.73128E-09  2.85809E-09
 er  68   2.040631  1.120631  1.804027  1.25651E-08  2.25249E-08  2.28811E-08
 tm  69   1.061934  0.941934  1.625329  1.33289E-09  2.36918E-09  2.42720E-09
 yb  70   2.353477  1.433476  2.116872  2.67158E-08  4.83236E-08  4.86495E-08
 lu  71   1.378621  1.288621  1.972016  2.86235E-09  5.15627E-09  5.21235E-09
 hf  72   2.345424  1.635424  2.318819  2.70510E-08  4.90218E-08  4.92599E-08
 ta  73   1.417377  1.537377  2.220772  3.23650E-09  5.85792E-09  5.89367E-09
  w  74   2.281882  1.631882  2.315278  2.40696E-08  4.36170E-08  4.38307E-08
 re  75   1.349970  1.089970  1.773365  2.85175E-09  5.10476E-09  5.19304E-09
 os  76   2.250696  0.900696  1.584092  2.31804E-08  4.11022E-08  4.22115E-08
 ir  77   1.451731  0.131731  0.815126  3.72108E-09  5.72976E-09  6.77608E-09
 pt  78   2.225267  0.605267  1.288663  2.24193E-08  3.88588E-08  4.08255E-08
 au  79   1.440315  0.640315  1.323711  3.71411E-09  6.43961E-09  6.76340E-09
 hg  80   2.745764  1.575764  2.259159  7.64220E-08  1.38446E-07  1.39164E-07
 tl  81   2.478977  1.708977  2.392373  4.21277E-08  7.64009E-08  7.67145E-08
 pb  82   3.944937  1.904937  2.588332  1.24874E-06  2.26803E-06  2.27395E-06
 bi  83   1.884724  1.234724  1.918119  1.09641E-08  1.97225E-08  1.99657E-08
#  [Rb/Zr]  [ls/Fe]  [hs/Fe]  [hs/ls]  [Pb/hs]
   -0.6563   1.5913   2.2621   0.6708   0.3263
