# Initial mass = 3.750, Z =  0.0028, Y =  0.250, M_mix = 1.00E-03
# Final mass = 0.858, Mass expelled =   2.8920
# El  Z   log e(X)   [X/H]    [X/Fe]     X(i)         Net M(i)      Mass(i)
  p   1  12.000000  0.000000  0.000000  7.15401E-01 -1.09155E-01  2.06894E+00
 he   2  10.994699  0.064698  0.767307  2.80655E-01  8.81442E-02  8.11655E-01
  c   6   8.818648  0.348648  1.051257  5.61457E-03  1.47707E-02  1.62373E-02
  n   7   7.941250  0.071250  0.773859  8.68330E-04  2.08157E-03  2.51121E-03
  o   8   8.077454 -0.652546  0.050063  1.35717E-03  4.17625E-04  3.92495E-03
  f   9   4.815227  0.355227  1.057835  8.81096E-07  2.32143E-06  2.54813E-06
 ne  10   7.840003 -0.129997  0.572612  9.90863E-04  2.08633E-03  2.86558E-03
 na  11   6.058004 -0.251996  0.450613  1.86480E-05  3.45074E-05  5.39301E-05
 mg  12   7.148600 -0.491400  0.211209  2.42876E-04  2.63414E-04  7.02398E-04
 al  13   5.873274 -0.596726  0.105883  1.43033E-05  8.41692E-06  4.13652E-05
 si  14   6.876435 -0.673565  0.029043  1.49973E-04  2.13885E-05  4.33723E-04
  p  15   4.993607 -0.476393  0.226216  2.16618E-06  2.48228E-06  6.26458E-06
  s  16   6.462962 -0.697038  0.005571  6.60819E-05 -6.64790E-07  1.91109E-04
 cl  17   4.562105 -0.667895  0.034713  9.18009E-07  1.63673E-07  2.65488E-06
 ar  18   5.740100 -0.699900  0.002708  1.55842E-05 -4.55169E-07  4.50695E-05
  k  19   4.399978 -0.680022  0.022586  6.96982E-07  7.32721E-08  2.01567E-06
 ca  20   5.587768 -0.702232  0.000377  1.10094E-05 -4.94092E-07  3.18392E-05
 sc  21   2.535706 -0.514294  0.188314  1.09542E-08  1.08086E-08  3.16797E-08
 ti  22   4.223953 -0.686047  0.016562  5.68957E-07  3.55384E-08  1.64542E-06
  v  23   3.261173 -0.698827  0.003782  6.59688E-08 -9.73145E-10  1.90782E-07
 cr  24   4.921422 -0.718578 -0.015969  3.07951E-06 -7.73916E-08  8.90593E-06
 mn  25   4.775307 -0.704693 -0.002084  2.32418E-06 -1.43417E-07  6.72152E-06
 fe  26   6.837391 -0.702609  0.000000  2.72562E-04 -1.29519E-05  7.88249E-04
 co  27   4.492840 -0.377160  0.325449  1.30103E-06  1.95494E-06  3.76259E-06
 ni  28   5.581846 -0.618154  0.084455  1.59046E-05  7.50606E-06  4.59960E-05
 cu  29   4.093210 -0.156790  0.545819  5.58969E-07  1.14897E-06  1.61654E-06
 zn  30   4.106406 -0.523594  0.179015  5.93107E-07  5.60750E-07  1.71527E-06
 ga  31   2.906748 -0.173252  0.529356  3.99220E-08  8.07701E-08  1.15455E-07
 ge  32   3.354870 -0.225130  0.477479  1.16717E-07  2.31971E-07  3.37546E-07
 as  33   1.954193 -0.345807  0.356802  4.78511E-09  7.65319E-09  1.38385E-08
 se  34   3.213897 -0.126103  0.576505  9.17050E-08  2.00610E-07  2.65211E-07
 br  35   2.382584 -0.157416  0.545192  1.36849E-08  2.81127E-08  3.95767E-08
 kr  36   3.700551  0.450551  1.153160  2.98452E-07  8.01687E-07  8.63122E-07
 rb  37   2.946811  0.586811  1.289419  5.36665E-08  1.47102E-07  1.55204E-07
 sr  38   3.296375  0.416375  1.118984  1.23046E-07  3.28501E-07  3.55849E-07
  y  39   2.723972  0.553972  1.256581  3.34190E-08  9.12062E-08  9.66476E-08
 zr  40   3.178440  0.648440  1.351049  9.76423E-08  2.69592E-07  2.82382E-07
 nb  41   1.937613  0.527613  1.230221  5.71144E-09  1.55294E-08  1.65175E-08
 mo  42   2.511137  0.571137  1.273746  2.20915E-08  6.12731E-08  6.38887E-08
 ru  44   2.129236  0.369236  1.071845  9.65936E-09  2.61548E-08  2.79349E-08
 rh  45   1.043064 -0.016936  0.685673  8.06481E-10  1.84347E-09  2.33234E-09
 pd  46   2.014151  0.364151  1.066759  7.80304E-09  2.08501E-08  2.25664E-08
 ag  47   1.221133  0.021133  0.723742  1.27384E-09  2.97657E-09  3.68395E-09
 cd  48   2.125407  0.415407  1.118016  1.06489E-08  2.86198E-08  3.07967E-08
 in  49   0.989117  0.229117  0.931725  7.94724E-10  2.03669E-09  2.29834E-09
 sn  50   2.590055  0.520055  1.222663  3.27817E-08  8.98064E-08  9.48046E-08
 sb  51   1.108378  0.098378  0.800987  1.10911E-09  2.91259E-09  3.20753E-09
 te  52   2.224086  0.044086  0.746694  1.51714E-08  4.11515E-08  4.38757E-08
  i  53   1.231137 -0.318863  0.383746  1.53356E-09  2.57200E-09  4.43507E-09
 xe  54   2.541150  0.301150  1.003759  3.23952E-08  8.50191E-08  9.36870E-08
 cs  55   1.206000  0.126000  0.828609  1.51576E-09  3.72243E-09  4.38358E-09
 ba  56   3.309928  1.129928  1.832536  1.98963E-07  5.66819E-07  5.75402E-07
 la  57   2.260320  1.090320  1.792928  1.79527E-08  5.10699E-08  5.19193E-08
 ce  58   2.812492  1.232492  1.935101  6.45758E-08  1.84559E-07  1.86753E-07
 pr  59   1.760268  1.000268  1.702877  5.75830E-09  1.63175E-08  1.66530E-08
 nd  60   2.478114  1.028114  1.730723  3.07815E-08  8.74321E-08  8.90201E-08
 sm  62   1.738753  0.798753  1.501362  5.84757E-09  1.65092E-08  1.69112E-08
 eu  63   0.705768  0.195768  0.898376  5.47769E-10  1.38068E-09  1.58415E-09
 gd  64   1.621632  0.571632  1.274240  4.66995E-09  1.27754E-08  1.35055E-08
 tb  65   0.618805  0.298805  1.001414  4.68907E-10  1.21869E-09  1.35608E-09
 dy  66   1.745848  0.615848  1.318456  6.42379E-09  1.76719E-08  1.85776E-08
 ho  67   0.734398  0.264398  0.967006  6.35020E-10  1.63508E-09  1.83648E-09
 er  68   1.593353  0.673353  1.375962  4.65406E-09  1.28939E-08  1.34596E-08
 tm  69   0.650057  0.530057  1.232665  5.35628E-10  1.45689E-09  1.54904E-09
 yb  70   1.935322  1.015322  1.717930  1.05818E-08  3.00850E-08  3.06024E-08
 lu  71   0.995591  0.905591  1.608200  1.22924E-09  3.46590E-09  3.55497E-09
 hf  72   1.930470  1.220470  1.923079  1.07938E-08  3.08375E-08  3.12157E-08
 ta  73   0.984483  1.104483  1.807091  1.23916E-09  3.52685E-09  3.58364E-09
  w  74   1.868166  1.218166  1.920775  9.63154E-09  2.75150E-08  2.78544E-08
 re  75   0.976731  0.716731  1.419340  1.25261E-09  3.48235E-09  3.62255E-09
 os  76   1.885846  0.535846  1.238455  1.03804E-08  2.82584E-08  3.00202E-08
 ir  77   1.144163 -0.175837  0.526772  1.90127E-09  3.83678E-09  5.49847E-09
 pt  78   1.839149  0.219149  0.921758  9.55978E-09  2.45235E-08  2.76469E-08
 au  79   1.050178  0.250178  0.952786  1.56913E-09  4.02371E-09  4.53794E-09
 hg  80   2.286767  1.116767  1.819376  2.75528E-08  7.85412E-08  7.96826E-08
 tl  81   2.119797  1.349797  2.052405  1.91131E-08  5.47772E-08  5.52752E-08
 pb  82   3.717179  1.677179  2.379788  7.66759E-07  2.20807E-06  2.21747E-06
 bi  83   2.330390  1.680390  2.382998  3.17383E-08  9.14010E-08  9.17872E-08
#  [Rb/Zr]  [ls/Fe]  [hs/Fe]  [hs/ls]  [Pb/hs]
   -0.0616   1.2422   1.8535   0.6113   0.5263
