# Initial mass = 3.000, Z =  0.0028, Y =  0.250, M_mix = 1.00E-03
# Final mass = 0.748, Mass expelled =   2.2520
# El  Z   log e(X)   [X/H]    [X/Fe]     X(i)     Net M(i) Mass(i) 
  p   1  12.000000  0.000000  0.000000  7.06687E-01 -1.04624E-01  1.59146E+00
 he   2  11.005250  0.075250  0.769980  2.84055E-01  7.62942E-02  6.39692E-01
  c   6   9.078499  0.608499  1.303229  1.00889E-02  2.15781E-02  2.27202E-02
  n   7   8.130568  0.260568  0.955298  1.32641E-03  2.65252E-03  2.98708E-03
  o   8   8.091693 -0.638307  0.056424  1.38533E-03  3.88605E-04  3.11976E-03
  f   9   5.292848  0.832848  1.527578  2.61410E-06  5.71042E-06  5.88695E-06
 ne  10   7.974709  0.004709  0.699440  1.33474E-03  2.39903E-03  3.00583E-03
 na  11   6.026767 -0.283233  0.411498  1.71425E-05  2.34804E-05  3.86048E-05
 mg  12   7.058171 -0.581829  0.112902  1.94820E-04  9.68970E-05  4.38734E-04
 al  13   5.961330 -0.508670  0.186061  1.73050E-05  1.33139E-05  3.89708E-05
 si  14   6.869717 -0.680284  0.014447  1.45872E-04  7.41999E-06  3.28505E-04
  p  15   4.878841 -0.591159  0.103572  1.64288E-06  7.54475E-07  3.69976E-06
  s  16   6.466515 -0.693485  0.001246  6.58132E-05 -1.12296E-06  1.48211E-04
 cl  17   4.580270 -0.649730  0.045001  9.45561E-07  1.89500E-07  2.12940E-06
 ar  18   5.744469 -0.695531 -0.000801  1.55500E-05 -4.31446E-07  3.50186E-05
  k  19   4.404958 -0.675042  0.019689  6.96433E-07  5.58213E-08  1.56837E-06
 ca  20   5.592803 -0.697197 -0.002467  1.10021E-05 -4.01184E-07  2.47767E-05
 sc  21   2.554858 -0.495142  0.199589  1.13087E-08  9.21486E-09  2.54672E-08
 ti  22   4.233867 -0.676133  0.018598  5.75003E-07  4.12906E-08  1.29491E-06
  v  23   3.259461 -0.700539 -0.005808  6.49088E-08 -3.14489E-09  1.46175E-07
 cr  24   4.928359 -0.711641 -0.016911  3.09097E-06 -3.44417E-08  6.96087E-06
 mn  25   4.788092 -0.691908  0.002822  2.36445E-06 -2.09752E-08  5.32475E-06
 fe  26   6.845269 -0.694731  0.000000  2.74170E-04 -6.46379E-06  6.17431E-04
 co  27   4.566070 -0.303930  0.390801  1.52123E-06  2.01820E-06  3.42581E-06
 ni  28   5.539395 -0.660605  0.034126  1.42478E-05  2.11395E-06  3.20860E-05
 cu  29   3.923198 -0.326802  0.367929  3.73296E-07  4.76566E-07  8.40662E-07
 zn  30   4.041878 -0.588122  0.106608  5.04989E-07  2.38214E-07  1.13724E-06
 ga  31   2.776472 -0.303528  0.391203  2.92156E-08  3.87848E-08  6.57935E-08
 ge  32   3.251269 -0.328731  0.366000  9.08262E-08  1.22330E-07  2.04541E-07
 as  33   1.886728 -0.413272  0.281459  4.04673E-09  4.29671E-09  9.11324E-09
 se  34   3.161193 -0.178807  0.515924  8.02354E-08  1.30385E-07  1.80690E-07
 br  35   2.339010 -0.200990  0.493741  1.22277E-08  1.86098E-08  2.75368E-08
 kr  36   3.518893  0.268893  0.963624  1.94041E-07  3.89141E-07  4.36981E-07
 rb  37   2.819471  0.459471  1.154202  3.95405E-08  8.27364E-08  8.90451E-08
 sr  38   3.461143  0.581143  1.275874  1.77629E-07  3.78725E-07  4.00021E-07
  y  39   2.913748  0.743748  1.438478  5.11029E-08  1.10846E-07  1.15084E-07
 zr  40   3.316371  0.786371  1.481102  1.32509E-07  2.88451E-07  2.98411E-07
 nb  41   2.181425  0.771425  1.466156  9.89089E-09  2.15048E-08  2.22743E-08
 mo  42   2.622910  0.682910  1.377641  2.82278E-08  6.15322E-08  6.35690E-08
 ru  44   2.073968  0.313968  1.008699  8.40150E-09  1.75341E-08  1.89202E-08
 rh  45   1.017322 -0.042678  0.652052  7.50808E-10  1.31013E-09  1.69082E-09
 pd  46   2.050488  0.400488  1.095218  8.38064E-09  1.75367E-08  1.88732E-08
 ag  47   1.282475  0.082475  0.777206  1.44922E-09  2.71281E-09  3.26365E-09
 cd  48   2.288062  0.578062  1.272793  1.52981E-08  3.27562E-08  3.44514E-08
 in  49   1.186565  0.426565  1.121296  1.23692E-09  2.58180E-09  2.78555E-09
 sn  50   2.820493  0.750493  1.445224  5.50486E-08  1.20077E-07  1.23970E-07
 sb  51   1.316614  0.306614  1.001345  1.76965E-09  3.75558E-09  3.98525E-09
 te  52   2.419016  0.239016  0.933747  2.34765E-08  5.07477E-08  5.28690E-08
  i  53   1.353619 -0.196381  0.498349  2.00845E-09  3.07227E-09  4.52303E-09
 xe  54   2.622135  0.382135  1.076866  3.85606E-08  8.00887E-08  8.68385E-08
 cs  55   1.349075  0.269075  0.963806  2.08154E-09  4.17278E-09  4.68762E-09
 ba  56   3.333838  1.153838  1.848569  2.07664E-07  4.60976E-07  4.67659E-07
 la  57   2.328974  1.158974  1.853705  2.07712E-08  4.61154E-08  4.67768E-08
 ce  58   2.869608  1.289608  1.984339  7.27550E-08  1.62135E-07  1.63844E-07
 pr  59   1.845894  1.085894  1.780625  6.92783E-09  1.53402E-08  1.56015E-08
 nd  60   2.548496  1.098496  1.793227  3.57560E-08  7.92860E-08  8.05225E-08
 sm  62   1.784013  0.844013  1.538743  6.41080E-09  1.41241E-08  1.44371E-08
 eu  63   0.758150  0.248150  0.942881  6.10461E-10  1.21631E-09  1.37476E-09
 gd  64   1.678705  0.628705  1.323436  5.26093E-09  1.12791E-08  1.18476E-08
 tb  65   0.658626  0.338626  1.033356  5.07673E-10  1.03629E-09  1.14328E-09
 dy  66   1.797648  0.667648  1.362379  7.14939E-09  1.53952E-08  1.61004E-08
 ho  67   0.784513  0.314513  1.009244  7.04011E-10  1.42860E-09  1.58543E-09
 er  68   1.662008  0.742008  1.436739  5.38475E-09  1.16860E-08  1.21264E-08
 tm  69   0.689981  0.569981  1.264711  5.80049E-10  1.23452E-09  1.30627E-09
 yb  70   1.989156  1.069156  1.763886  1.18323E-08  2.62434E-08  2.66463E-08
 lu  71   1.025455  0.935455  1.630186  1.30070E-09  2.85983E-09  2.92918E-09
 hf  72   1.965241  1.255241  1.949972  1.15511E-08  2.57185E-08  2.60130E-08
 ta  73   0.999041  1.119041  1.813771  1.26579E-09  2.80633E-09  2.85056E-09
  w  74   1.904221  1.254221  1.948951  1.03378E-08  2.30164E-08  2.32807E-08
 re  75   0.989521  0.729521  1.424252  1.27433E-09  2.76063E-09  2.86980E-09
 os  76   1.898419  0.548419  1.243150  1.05552E-08  2.23984E-08  2.37703E-08
 ir  77   1.146285 -0.173715  0.521016  1.88731E-09  2.95626E-09  4.25023E-09
 pt  78   1.859922  0.239922  0.934653  9.90599E-09  1.98761E-08  2.23083E-08
 au  79   1.068121  0.268121  0.962852  1.61540E-09  3.23746E-09  3.63788E-09
 hg  80   2.337547  1.167547  1.862278  3.05931E-08  6.80068E-08  6.88956E-08
 tl  81   2.162728  1.392728  2.087459  2.08420E-08  4.65485E-08  4.69362E-08
 pb  82   3.586503  1.546503  2.241234  5.60609E-07  1.25517E-06  1.26249E-06
 bi  83   1.752422  1.102422  1.797153  8.28504E-09  1.83571E-08  1.86579E-08
#  [Rb/Zr]  [ls/Fe]  [hs/Fe]  [hs/ls]  [Pb/hs]
   -0.3269   1.3985   1.8955   0.4971   0.3457
