# Initial mass = 6.500, Z =  0.0028, Y =  0.250, M_mix = 0.00E+00
# Final mass = 1.028, Mass expelled =   5.4720
# El  Z   log e(X)   [X/H]    [X/Fe]     X(i)         Net M(i)      Mass(i)
  p   1  12.000000  0.000000  0.000000  6.52793E-01 -5.49125E-01  3.57208E+00
 he   2  11.127794  0.197794  0.854503  3.47933E-01  5.34921E-01  1.90389E+00
  c   6   7.555902 -0.914099 -0.257390  2.79767E-04 -1.24421E-03  1.53088E-03
  n   7   8.503213  0.633213  1.289922  2.88984E-03  1.50003E-02  1.58132E-02
  o   8   7.670059 -1.059940 -0.403232  4.84694E-04 -3.98402E-03  2.65224E-03
  f   9   2.749990 -1.710010 -1.053301  6.91853E-09 -3.91091E-07  3.78582E-08
 ne  10   7.345813 -0.624187  0.032522  2.89767E-04  1.11176E-04  1.58561E-03
 na  11   5.543217 -0.766783 -0.110075  5.20081E-06 -8.29115E-06  2.84588E-05
 mg  12   6.977258 -0.662742 -0.006033  1.49372E-04 -1.32460E-05  8.17364E-04
 al  13   6.058888 -0.411111  0.245597  2.00114E-05  4.71605E-05  1.09503E-04
 si  14   6.901240 -0.648760  0.007949  1.44892E-04  1.26660E-05  7.92851E-04
  p  15   4.828361 -0.641639  0.015069  1.35106E-06  2.36413E-07  7.39298E-06
  s  16   6.503608 -0.656392  0.000317  6.62147E-05 -5.31349E-07  3.62327E-04
 cl  17   4.584781 -0.645219  0.011489  8.82570E-07  1.15767E-07  4.82942E-06
 ar  18   5.783348 -0.656652  0.000057  1.57094E-05 -1.76318E-07  8.59616E-05
  k  19   4.428292 -0.651708  0.005001  6.78832E-07  3.93211E-08  3.71457E-06
 ca  20   5.633052 -0.656948 -0.000239  1.11500E-05 -1.65717E-07  6.10125E-05
 sc  21   2.427135 -0.622864  0.033844  7.78464E-09  3.10701E-09  4.25975E-08
 ti  22   4.254454 -0.655546  0.001163  5.56937E-07  1.47043E-09  3.04756E-06
  v  23   3.299858 -0.660142 -0.003433  6.58035E-08 -2.74591E-09  3.60077E-07
 cr  24   4.964458 -0.675542 -0.018834  3.10272E-06 -1.93977E-08  1.69781E-05
 mn  25   4.828477 -0.651523  0.005186  2.39698E-06  1.27038E-07  1.31163E-05
 fe  26   6.883291 -0.656709  0.000000  2.76434E-04 -3.32028E-06  1.51264E-03
 co  27   4.309615 -0.560385  0.096324  7.78555E-07  8.39971E-07  4.26025E-06
 ni  28   5.555741 -0.644258  0.012450  1.36660E-05  1.95315E-06  7.47806E-05
 cu  29   3.739354 -0.510646  0.146063  2.25818E-07  3.50978E-07  1.23567E-06
 zn  30   3.998702 -0.631298  0.025411  4.22333E-07  1.26527E-07  2.31101E-06
 ga  31   2.524718 -0.555282  0.101427  1.51151E-08  1.70827E-08  8.27096E-08
 ge  32   2.975675 -0.604325  0.052383  4.44801E-08  4.36358E-08  2.43395E-07
 as  33   1.685074 -0.614926  0.041783  2.34963E-09  1.15374E-09  1.28571E-08
 se  34   2.731946 -0.608054  0.048655  2.75847E-08  2.87114E-08  1.50944E-07
 br  35   1.952262 -0.587738  0.068971  4.63603E-09  3.67719E-09  2.53683E-08
 kr  36   2.687326 -0.562674  0.094035  2.64165E-08  2.83081E-08  1.44551E-07
 rb  37   1.863348 -0.496652  0.160057  4.04080E-09  6.78200E-09  2.21113E-08
 sr  38   2.283338 -0.596663  0.060046  1.08957E-08  7.87544E-09  5.96214E-08
  y  39   1.560967 -0.609033  0.047676  2.09515E-09  1.16894E-09  1.14646E-08
 zr  40   1.902039 -0.627961  0.028747  4.71480E-09  1.59934E-09  2.57994E-08
 nb  41   0.772054 -0.637946  0.018762  3.55970E-10  7.82221E-11  1.94787E-09
 mo  42   1.185850 -0.754150 -0.097441  9.53159E-10  2.66630E-10  5.21569E-09
 ru  44   0.981343 -0.778657 -0.121948  6.27019E-10  6.29790E-11  3.43105E-09
 rh  45   0.396417 -0.663583 -0.006875  1.66025E-10 -1.65247E-11  9.08487E-10
 pd  46   0.942272 -0.707728 -0.051019  6.03408E-10  5.43785E-11  3.30185E-09
 ag  47   0.539450 -0.660550 -0.003842  2.41912E-10 -1.46915E-11  1.32375E-09
 cd  48   1.022149 -0.687851 -0.031142  7.66078E-10  7.29607E-11  4.19198E-09
 in  49   0.082318 -0.677682 -0.020973  8.98761E-11 -3.27688E-12  4.91802E-10
 sn  50   1.356720 -0.713280 -0.056571  1.74793E-09  1.07527E-10  9.56467E-09
 sb  51   0.109389 -0.900611 -0.243902  1.01440E-10 -2.97762E-12  5.55080E-10
 te  52   1.059096 -1.120904 -0.464195  9.46808E-10  2.64690E-11  5.18093E-09
  i  53   0.881772 -0.668228 -0.011519  6.25983E-10 -9.97515E-11  3.42538E-09
 xe  54   1.549486 -0.690514 -0.033805  3.01331E-09  8.80132E-11  1.64888E-08
 cs  55   0.418887 -0.661113 -0.004404  2.25811E-10 -1.53364E-11  1.23564E-09
 ba  56   1.530707 -0.649293  0.007416  3.01842E-09  2.77648E-10  1.65168E-08
 la  57   0.516335 -0.653664  0.003044  2.95374E-10  9.21374E-12  1.61629E-09
 ce  58   0.924707 -0.655293  0.001416  7.62976E-10  2.26725E-11  4.17500E-09
 pr  59   0.102482 -0.657518 -0.000809  1.15540E-10 -2.57178E-12  6.32236E-10
 nd  60   0.769760 -0.680240 -0.023531  5.49744E-10  3.58535E-12  3.00820E-09
 sm  62   0.154630 -0.785370 -0.128662  1.39020E-10  1.63980E-13  7.60718E-10
 eu  63  -0.166088 -0.676088 -0.019379  6.71380E-11 -1.76104E-11  3.67379E-10
 gd  64   0.395187 -0.654813  0.001896  2.52985E-10  2.99971E-12  1.38433E-09
 tb  65  -0.350286 -0.670286 -0.013578  4.59432E-11 -8.55674E-12  2.51401E-10
 dy  66   0.474743 -0.655257  0.001452  3.13987E-10  4.55147E-12  1.71814E-09
 ho  67  -0.199683 -0.669683 -0.012975  6.74423E-11 -1.20275E-11  3.69044E-10
 er  68   0.259199 -0.660801 -0.004092  1.96745E-10  6.37090E-12  1.07659E-09
 tm  69  -0.545529 -0.665529 -0.008821  3.11532E-11 -3.87999E-12  1.70470E-10
 yb  70   0.208145 -0.711855 -0.055146  1.80970E-10  1.11752E-11  9.90269E-10
 lu  71  -0.570662 -0.660663 -0.003954  3.04515E-11 -1.89329E-12  1.66631E-10
 hf  72   0.057524 -0.652476  0.004232  1.31963E-10  6.60172E-12  7.22103E-10
 ta  73  -0.782940 -0.662940 -0.006231  1.93165E-11 -1.75011E-12  1.05700E-10
  w  74  -0.004201 -0.654201  0.002508  1.17911E-10  3.07776E-12  6.45210E-10
 re  75  -0.409414 -0.669414 -0.012706  4.69784E-11 -8.21196E-12  2.57066E-10
 os  76   0.690044 -0.659956 -0.003247  6.03446E-10 -3.14424E-11  3.30206E-09
 ir  77   0.648455 -0.671545 -0.014837  5.54066E-10 -1.12278E-10  3.03185E-09
 pt  78   0.937487 -0.682513 -0.025805  1.09398E-09  7.64335E-11  5.98627E-09
 au  79   0.137781 -0.662219 -0.005510  1.75182E-10 -1.43785E-11  9.58599E-10
 hg  80   0.492830 -0.677170 -0.020461  4.04069E-10  5.13340E-11  2.21107E-09
 tl  81   0.122019 -0.647981  0.008728  1.75299E-10  1.70157E-11  9.59235E-10
 pb  82   1.387020 -0.652980  0.003729  3.27134E-09  1.14197E-10  1.79008E-08
 bi  83  -0.004578 -0.654578  0.002131  1.33919E-10  1.97931E-12  7.32806E-10
#  [Rb/Zr]  [ls/Fe]  [hs/Fe]  [hs/ls]  [Pb/hs]
    0.1313   0.0455   0.0040  -0.0415  -0.0002
