# Final abundances
# El  Z   log e(X)   [X/H]    [X/Fe]     [X/O]      X(i)
  p   1  12.000000  0.000000  0.000000  0.000000 6.49284E-01
 he   2  11.134438  0.204437  0.859240  1.296609 3.51396E-01
 li   3   1.408961 -1.851039 -1.196236 -0.758867 1.14646E-10
 be   4   0.000000 -1.300000  0.000000  0.000000 8.22586E-24
  b   5   0.000000 -2.790000  0.000000  0.000000 4.62984E-26
  c   6   7.840654 -0.629346  0.025456  0.462826 5.36053E-04
  n   7   8.482666  0.612666  1.267468  1.704838 2.74148E-03
  o   8   7.637827 -1.092172 -0.437370  0.000000 4.47605E-04
  f   9   2.662007 -1.797993 -1.143190 -0.705821 5.61940E-09
 ne  10   7.344720 -0.625279  0.029523  0.466893 2.87485E-04
 na  11   5.200929 -1.109071 -0.454268 -0.016899 2.35203E-06
 mg  12   6.957165 -0.682835 -0.028033  0.409337 1.41852E-04
 al  13   6.255352 -0.214648  0.440155  0.877524 3.12896E-05
 si  14   6.907121 -0.642879  0.011923  0.449293 1.46078E-04
  p  15   4.840322 -0.629678  0.025124  0.462494 1.38132E-06
  s  16   6.505770 -0.654230  0.000572  0.437942 6.61874E-05
 cl  17   4.588995 -0.641005  0.013797  0.451167 8.86385E-07
 ar  18   5.785554 -0.654446  0.000356  0.437726 1.57045E-05
  k  19   4.432388 -0.647612  0.007191  0.444561 6.81581E-07
 ca  20   5.635102 -0.654898 -0.000095  0.437274 1.11425E-05
 sc  21   2.441795 -0.608205  0.046598  0.483968 8.00863E-09
 ti  22   4.256937 -0.653063  0.001739  0.439109 5.57118E-07
  v  23   3.302121 -0.657879 -0.003077  0.434293 6.57918E-08
 cr  24   4.966528 -0.673471 -0.018669  0.418701 3.10079E-06
 mn  25   4.830952 -0.649048  0.005754  0.443124 2.39772E-06
 fe  26   6.885198 -0.654802  0.000000  0.437370 2.76157E-04
 co  27   4.318678 -0.551322  0.103481  0.540851 7.90700E-07
 ni  28   5.565153 -0.634847  0.019955  0.457325 1.38903E-05
 cu  29   3.805343 -0.444657  0.210145  0.647515 2.61460E-07
 zn  30   4.021541 -0.608459  0.046343  0.483713 4.42744E-07
 ga  31   2.596896 -0.483104  0.171699  0.609068 1.77520E-08
 ge  32   3.046123 -0.533877  0.120925  0.558295 5.20322E-08
 as  33   1.729722 -0.570278  0.084524  0.521894 2.59004E-09
 se  34   2.816570 -0.523430  0.131373  0.568743 3.33390E-08
 br  35   2.023554 -0.516446  0.138356  0.575726 5.43372E-09
 kr  36   2.796433 -0.453567  0.201236  0.638606 3.37786E-08
 rb  37   2.032899 -0.327101  0.327701  0.765071 5.93850E-09
 sr  38   2.361382 -0.518619  0.136184  0.573554 1.29706E-08
  y  39   1.628091 -0.541909  0.112893  0.550263 2.43218E-09
 zr  40   1.946873 -0.583127  0.071675  0.509045 5.19944E-09
 nb  41   0.808755 -0.601245  0.053557  0.490927 3.85277E-10
 mo  42   1.220465 -0.719535 -0.064733  0.372637 1.02669E-09
 tc  43  -1.133377 -9.000000  0.000000  0.000000 4.64327E-12
 ru  44   0.995517 -0.764483 -0.109681  0.327689 6.44337E-10
 rh  45   0.401587 -0.658413 -0.003611  0.433759 1.67110E-10
 pd  46   0.955860 -0.694140 -0.039338  0.398032 6.19239E-10
 ag  47   0.544895 -0.655105 -0.000303  0.437067 2.43648E-10
 cd  48   1.034412 -0.675588 -0.020785  0.416584 7.83782E-10
 in  49   0.089221 -0.670779 -0.015977  0.421393 9.08252E-11
 sn  50   1.366051 -0.703949 -0.049147  0.388223 1.77629E-09
 sb  51   0.114017 -0.895983 -0.241181  0.196189 1.01976E-10
 te  52   1.064738 -1.115262 -0.460459 -0.023090 9.54032E-10
  i  53   0.883044 -0.666956 -0.012153  0.425216 6.24444E-10
 xe  54   1.553484 -0.686516 -0.031714  0.405656 3.02483E-09
 cs  55   0.421442 -0.658558 -0.003756  0.433614 2.25922E-10
 ba  56   1.537243 -0.642757  0.012045  0.449415 3.04771E-09
 la  57   0.520583 -0.649417  0.005386  0.442755 2.96674E-10
 ce  58   0.928714 -0.651286  0.003516  0.440886 7.65906E-10
 pr  59   0.105548 -0.654452  0.000350  0.437720 1.15733E-10
 nd  60   0.772792 -0.677208 -0.022406  0.414964 5.50621E-10
 pm  61   0.000000 -9.000000  0.000000  0.000000 3.25051E-32
 sm  62   0.157316 -0.782684 -0.127881  0.309488 1.39131E-10
 eu  63  -0.165615 -0.675615 -0.020813  0.416557 6.68499E-11
 gd  64   0.398005 -0.651994  0.002808  0.440178 2.53262E-10
 tb  65  -0.349248 -0.669248 -0.014446  0.422924 4.58056E-11
 dy  66   0.477577 -0.652423  0.002380  0.439749 3.14344E-10
 ho  67  -0.198676 -0.668676 -0.013874  0.423496 6.72355E-11
 er  68   0.262169 -0.657831 -0.003029  0.434341 1.97031E-10
 tm  69  -0.543935 -0.663935 -0.009133  0.428237 3.10997E-11
 yb  70   0.211136 -0.708864 -0.054062  0.383308 1.81241E-10
 lu  71  -0.569037 -0.659037 -0.004235  0.433135 3.04013E-11
 hf  72   0.060162 -0.649838  0.004964  0.442334 1.32054E-10
 ta  73  -0.781342 -0.661342 -0.006539  0.430831 1.92835E-11
  w  74  -0.002100 -0.652100  0.002702  0.440072 1.17846E-10
 re  75  -0.408462 -0.668462 -0.013659  0.423711 4.68284E-11
 os  76   0.691960 -0.658040 -0.003237  0.434132 6.02857E-10
 ir  77   0.649195 -0.670805 -0.016003  0.421367 5.52028E-10
 pt  78   0.940699 -0.679301 -0.024499  0.412871 1.09618E-09
 au  79   0.139561 -0.660439 -0.005637  0.431733 1.74956E-10
 hg  80   0.494736 -0.675264 -0.020462  0.416908 4.03664E-10
 tl  81   0.122713 -0.647287  0.007515  0.444885 1.74635E-10
 pb  82   1.390429 -0.649571  0.005231  0.442601 3.27939E-09
 bi  83  -0.001174 -0.651174  0.003628  0.440998 1.34247E-10
 po  84   0.000000 -9.000000  0.000000  0.000000 0.00000E+00
#[ls/Fe]_Thiswork =   0.1069, [hs/Fe]_Thiswork =   0.0070
#[hs/ls]_Thiswork =  -0.0999, [Pb/hs]_Thiswork =  -0.0018
# He/H =  1.3628E-01, C/O =  1.5952E+00, c12/c13 = 6.83792E+00
# o16/o17 = 2.06682E+02, o16/o18 = 5.11403E+05
# mg24/mg25 =  1.1256E-02, mg24/mg26 =  8.1081E-02 al26/al27 = 
# si28/si29 =  1.9488E+01, si28/si30 =  2.8348E+01
# cl36/cl35 =  5.2788E-04, cl37/cl35 =  3.4851E-01
