 #pulse    Mcore         M_csh         t_csh         Ddredge       lambda        DMh           THeshell       Tbce       THshell     interpulse       Mtot         MaxL          MaxLHe       maxR	   Mbol		Teff
   1   7.459593E-01  6.786406E-03  1.133452E+02  0.000000E+00  0.000000E+00  5.354762E-03  2.023490E+08  3.494778E+06  6.524824E+07  0.000000E+00  3.499971E+00  9.282885E+03  4.020202E+04  2.504510E+02 -5.199208E+00  3.626692E+03
   2   7.477081E-01  9.190857E-03  6.798891E+01  0.000000E+00  0.000000E+00  1.712620E-03  2.283115E+08  4.205146E+06  6.789409E+07  1.624863E+04  3.499969E+00  1.055769E+04  3.644848E+05  2.754821E+02 -5.338922E+00  3.575024E+03
   3   7.499636E-01  9.226441E-03  5.637661E+01  2.090931E-04  9.406087E-02  2.222955E-03  2.423854E+08  4.886938E+06  6.963367E+07  1.980008E+04  3.499964E+00  1.139737E+04  9.400286E+05  2.915115E+02 -5.422012E+00  3.543791E+03
   4   7.525048E-01  9.220004E-03  5.735458E+01  1.310647E-03  4.765506E-01  2.750278E-03  2.546398E+08  5.644693E+06  7.116318E+07  2.169159E+04  3.499955E+00  1.214076E+04  2.104079E+06  3.055007E+02 -5.490615E+00  3.519602E+03
   5   7.546793E-01  9.287834E-03  5.965574E+01  2.593994E-03  7.443006E-01  3.485143E-03  2.668785E+08  6.589236E+06  7.254905E+07  2.375838E+04  3.499939E+00  1.285689E+04  5.077224E+06  3.189733E+02 -5.552839E+00  3.495325E+03
   6   7.564030E-01  9.384096E-03  5.783110E+01  3.678024E-03  8.518478E-01  4.317701E-03  2.782081E+08  7.724377E+06  7.364165E+07  2.633071E+04  3.499913E+00  1.351327E+04  1.171450E+07  3.313721E+02 -5.606901E+00  3.474462E+03
   7   7.577891E-01  9.489834E-03  6.470871E+01  4.511118E-03  8.908087E-01  5.064070E-03  2.878680E+08  9.159790E+06  7.446102E+07  2.860450E+04  3.499870E+00  1.409188E+04  2.441986E+07  3.417226E+02 -5.652423E+00  3.458781E+03
   8   7.589542E-01  9.618461E-03  6.471942E+01  5.280733E-03  9.303175E-01  5.676270E-03  2.961906E+08  1.071458E+07  7.506546E+07  3.035088E+04  3.499805E+00  1.459382E+04  4.553560E+07  3.511044E+02 -5.690423E+00  3.443966E+03
   9   7.599590E-01  9.809673E-03  7.395667E+01  5.944312E-03  9.457109E-01  6.285548E-03  3.042781E+08  1.238120E+07  7.554672E+07  3.198505E+04  3.499716E+00  1.505524E+04  8.073661E+07  3.581461E+02 -5.724220E+00  3.438138E+03
  10   7.608190E-01  1.002932E-02  7.717897E+01  6.439626E-03  9.464071E-01  6.804287E-03  3.111908E+08  1.320681E+07  7.588228E+07  3.340305E+04  3.499514E+00  1.542844E+04  1.331104E+08  3.786119E+02 -5.750805E+00  3.364683E+03
  11   7.615620E-01  1.018989E-02  7.857220E+01  6.924033E-03  9.640012E-01  7.182598E-03  3.169994E+08  1.389555E+07  7.609812E+07  3.432756E+04  3.499083E+00  1.574805E+04  1.940988E+08  3.975738E+02 -5.773068E+00  3.300857E+03
  12   7.622936E-01  1.046628E-02  7.008215E+01  7.368445E-03  9.624883E-01  7.655621E-03  3.215849E+08  1.463814E+07  7.627810E+07  3.556228E+04  3.498204E+00  1.605216E+04  2.914835E+08  4.148317E+02 -5.793834E+00  3.251214E+03
  13   7.629262E-01  1.066315E-02  8.933502E+01  7.716298E-03  9.644060E-01  8.001089E-03  3.184736E+08  1.527696E+07  7.637966E+07  3.641306E+04  3.496472E+00  1.632288E+04  3.960086E+08  4.324669E+02 -5.811993E+00  3.205465E+03
  14   7.634914E-01  1.082677E-02  9.137254E+01  7.994533E-03  9.653519E-01  8.281469E-03  3.317799E+08  1.584471E+07  7.643985E+07  3.699636E+04  3.493128E+00  1.655428E+04  5.108318E+08  4.483683E+02 -5.827276E+00  3.163285E+03
  15   7.640214E-01  1.093197E-02  8.930968E+01  8.181274E-03  9.597324E-01  8.524537E-03  3.134402E+08  1.630184E+07  7.643542E+07  3.744763E+04  3.486320E+00  1.676938E+04  5.748829E+08  4.645908E+02 -5.841293E+00  3.120676E+03
  16   7.644762E-01  1.104593E-02  9.174125E+01  8.365273E-03  9.686383E-01  8.636117E-03  3.366872E+08  1.672266E+07  7.642453E+07  3.738549E+04  3.473683E+00  1.695937E+04  7.165524E+08  4.793863E+02 -5.853525E+00  3.086066E+03
  17   7.649407E-01  1.126254E-02  9.393785E+01  8.603990E-03  9.744360E-01  8.829713E-03  3.390597E+08  1.723373E+07  7.640843E+07  3.764538E+04  3.452442E+00  1.714722E+04  8.707440E+08  4.900713E+02 -5.865485E+00  3.063644E+03
  18   7.653506E-01  1.125050E-02  9.258938E+01  8.681238E-03  9.630891E-01  9.013951E-03  3.428331E+08  1.765479E+07  7.635350E+07  3.790450E+04  3.411454E+00  1.731747E+04  9.631646E+08  5.035889E+02 -5.876211E+00  3.033517E+03
  19   7.656909E-01  1.125616E-02  9.474001E+01  8.727133E-03  9.673683E-01  9.021521E-03  3.441735E+08  1.776426E+07  7.627620E+07  3.752054E+04  3.311461E+00  1.745239E+04  1.037919E+09  5.207516E+02 -5.884638E+00  2.994881E+03
  20   7.660599E-01  1.125968E-02  9.239140E+01  8.699596E-03  9.564109E-01  9.096086E-03  3.456248E+08  1.731947E+07  7.616402E+07  3.761607E+04  2.657349E+00  1.744512E+04  1.109790E+09  5.990998E+02 -5.884185E+00  2.822283E+03
  21   7.663335E-01  1.119810E-02  9.138570E+01  8.486807E-03  9.457906E-01  8.973241E-03  3.451104E+08  1.067950E+07  7.569202E+07  3.752402E+04  1.791221E+00  1.719840E+04  1.139994E+09  8.075400E+02 -5.868721E+00  2.492832E+03
