#
# Initial mass = 3.000, Z =  0.0140, Y =  0.280, M_mix = 1.00E-03
#
#Initial isotopic abundance ratios: 
#  c12/c13   n14/n15   o16/o17   o16/o18   mg24/mg25 mg24/m26 al26/al27 si28/si29 si28/si30 cl36/cl35 cl37/cl35  s33/s32  s34/s32   s36/s32   ar36/ar40 ar38/ar40  k40/k39  k41/k39  ca42/ca40 ca43/ca40 ca44/ca40 ca46/ca40 ca48/ca40 ti46/ti48 ti47/ti48 ti49/ti48 ti50/ti48 cr53/cr52 cr54/cr52 fe54/fe56 fe57/fe56 fe58/fe56 fe60/fe56 ni60/ni58 ni61/ni58 ni62/ni58
#
  8.940E+01 4.350E+02 2.632E+03 5.000E+02 7.899E+00 7.174E+00 0.000E+00 1.969E+01 2.987E+01 0.000E+00 3.196E-01 8.006E-03 4.519E-02 2.107E-04 3.439E+03 6.252E+02 1.578E-04 7.217E-02 6.674E-03 1.393E-03 2.152E-02 4.126E-05 1.929E-03 1.119E-01 1.009E-01 7.339E-02 7.027E-02 1.134E-01 2.823E-02 6.370E-02 2.309E-02 3.073E-03 0.000E+00 3.852E-01 1.674E-02 5.339E-02
#
# During TP-AGB
#
  1.943E+01 2.892E+03 3.225E+02 7.158E+02 7.978E+00 7.111E+00 5.494E-06 1.969E+01 2.987E+01 9.691E-17 3.196E-01 8.006E-03 4.519E-02 2.107E-04 3.437E+03 6.249E+02 1.229E-04 7.217E-02 6.674E-03 1.393E-03 2.152E-02 4.126E-05 1.929E-03 1.119E-01 1.009E-01 7.339E-02 7.027E-02 1.134E-01 2.823E-02 6.370E-02 2.309E-02 3.073E-03 1.245E-32 3.852E-01 1.674E-02 5.339E-02
  1.943E+01 2.891E+03 3.225E+02 7.158E+02 7.978E+00 7.111E+00 5.277E-06 1.969E+01 2.987E+01 8.689E-17 3.196E-01 8.006E-03 4.519E-02 2.107E-04 3.437E+03 6.249E+02 1.229E-04 7.217E-02 6.674E-03 1.393E-03 2.152E-02 4.126E-05 1.929E-03 1.119E-01 1.009E-01 7.339E-02 7.027E-02 1.134E-01 2.823E-02 6.370E-02 2.309E-02 3.073E-03 1.243E-32 3.852E-01 1.674E-02 5.339E-02
  1.944E+01 2.890E+03 3.226E+02 7.158E+02 7.978E+00 7.111E+00 5.017E-06 1.969E+01 2.987E+01 7.622E-17 3.196E-01 8.006E-03 4.519E-02 2.107E-04 3.437E+03 6.249E+02 1.229E-04 7.217E-02 6.674E-03 1.393E-03 2.152E-02 4.126E-05 1.929E-03 1.119E-01 1.009E-01 7.339E-02 7.027E-02 1.134E-01 2.823E-02 6.370E-02 2.309E-02 3.073E-03 1.236E-32 3.852E-01 1.674E-02 5.339E-02
  1.966E+01 2.846E+03 3.251E+02 7.130E+02 7.977E+00 7.112E+00 4.665E-06 1.969E+01 2.987E+01 6.486E-17 3.196E-01 8.006E-03 4.519E-02 2.107E-04 3.437E+03 6.249E+02 1.229E-04 7.217E-02 6.674E-03 1.393E-03 2.152E-02 4.126E-05 1.929E-03 1.119E-01 1.009E-01 7.339E-02 7.027E-02 1.134E-01 2.823E-02 6.370E-02 2.309E-02 3.073E-03 1.204E-32 3.852E-01 1.674E-02 5.339E-02
  1.966E+01 2.845E+03 3.252E+02 7.130E+02 7.977E+00 7.112E+00 4.355E-06 1.969E+01 2.987E+01 5.510E-17 3.196E-01 8.006E-03 4.519E-02 2.107E-04 3.437E+03 6.249E+02 1.229E-04 7.217E-02 6.674E-03 1.393E-03 2.152E-02 4.126E-05 1.929E-03 1.119E-01 1.009E-01 7.339E-02 7.027E-02 1.134E-01 2.823E-02 6.370E-02 2.309E-02 3.073E-03 1.182E-32 3.852E-01 1.674E-02 5.339E-02
  1.993E+01 2.794E+03 3.282E+02 7.098E+02 7.976E+00 7.112E+00 4.023E-06 1.969E+01 2.987E+01 4.624E-17 3.196E-01 8.006E-03 4.519E-02 2.107E-04 3.437E+03 6.249E+02 1.229E-04 7.217E-02 6.674E-03 1.393E-03 2.152E-02 4.126E-05 1.929E-03 1.119E-01 1.009E-01 7.339E-02 7.027E-02 1.134E-01 2.823E-02 6.370E-02 2.309E-02 3.073E-03 1.148E-32 3.852E-01 1.674E-02 5.339E-02
  2.020E+01 2.741E+03 3.314E+02 7.066E+02 7.976E+00 7.113E+00 3.751E-06 1.969E+01 2.987E+01 3.879E-17 3.196E-01 8.006E-03 4.519E-02 2.107E-04 3.437E+03 6.249E+02 1.229E-04 7.217E-02 6.674E-03 1.393E-03 2.152E-02 4.126E-05 1.929E-03 1.119E-01 1.009E-01 7.339E-02 7.027E-02 1.134E-01 2.823E-02 6.370E-02 2.309E-02 3.073E-03 1.115E-32 3.852E-01 1.674E-02 5.339E-02
  2.047E+01 2.693E+03 3.345E+02 7.036E+02 7.975E+00 7.114E+00 4.386E-06 1.969E+01 2.987E+01 3.267E-17 3.196E-01 8.006E-03 4.519E-02 2.107E-04 3.437E+03 6.249E+02 1.229E-04 7.217E-02 6.674E-03 1.393E-03 2.152E-02 4.126E-05 1.929E-03 1.119E-01 1.009E-01 7.339E-02 7.027E-02 1.134E-01 2.823E-02 6.370E-02 2.309E-02 3.073E-03 1.083E-32 3.852E-01 1.674E-02 5.339E-02
  2.071E+01 2.651E+03 3.373E+02 7.009E+02 7.974E+00 7.114E+00 1.129E-05 1.969E+01 2.987E+01 2.765E-17 3.196E-01 8.006E-03 4.519E-02 2.107E-04 3.437E+03 6.249E+02 1.229E-04 7.217E-02 6.674E-03 1.393E-03 2.152E-02 4.126E-05 1.929E-03 1.119E-01 1.009E-01 7.339E-02 7.027E-02 1.134E-01 2.823E-02 6.370E-02 2.309E-02 3.073E-03 1.054E-32 3.852E-01 1.674E-02 5.339E-02
  2.094E+01 2.612E+03 3.401E+02 6.983E+02 7.974E+00 7.115E+00 4.006E-05 1.969E+01 2.987E+01 2.489E-17 3.196E-01 8.006E-03 4.519E-02 2.107E-04 3.437E+03 6.249E+02 1.228E-04 7.217E-02 6.674E-03 1.393E-03 2.152E-02 4.126E-05 1.929E-03 1.119E-01 1.009E-01 7.339E-02 7.027E-02 1.134E-01 2.823E-02 6.370E-02 2.309E-02 3.073E-03 1.027E-32 3.852E-01 1.674E-02 5.339E-02
  2.110E+01 2.586E+03 3.420E+02 6.966E+02 7.974E+00 7.116E+00 1.545E-04 1.969E+01 2.987E+01 3.854E-13 3.196E-01 8.006E-03 4.519E-02 2.107E-04 3.437E+03 6.249E+02 1.228E-04 7.217E-02 6.674E-03 1.393E-03 2.152E-02 4.126E-05 1.929E-03 1.119E-01 1.009E-01 7.339E-02 7.027E-02 1.134E-01 2.823E-02 6.370E-02 2.309E-02 3.073E-03 7.737E-27 3.852E-01 1.674E-02 5.339E-02
  2.168E+01 2.586E+03 3.422E+02 6.966E+02 7.976E+00 7.117E+00 3.223E-04 1.969E+01 2.987E+01 2.948E-06 3.197E-01 8.006E-03 4.519E-02 2.107E-04 3.437E+03 6.248E+02 1.274E-04 7.218E-02 6.675E-03 1.393E-03 2.152E-02 4.128E-05 1.929E-03 1.119E-01 1.009E-01 7.340E-02 7.027E-02 1.134E-01 2.823E-02 6.370E-02 2.310E-02 3.074E-03 5.573E-11 3.852E-01 1.675E-02 5.339E-02
  2.361E+01 2.558E+03 3.446E+02 6.956E+02 7.979E+00 7.120E+00 5.109E-04 1.969E+01 2.987E+01 1.946E-05 3.203E-01 8.009E-03 4.519E-02 2.110E-04 3.414E+03 6.209E+02 1.549E-04 7.225E-02 6.677E-03 1.393E-03 2.152E-02 4.261E-05 1.929E-03 1.119E-01 1.009E-01 7.350E-02 7.040E-02 1.134E-01 2.826E-02 6.370E-02 2.311E-02 3.083E-03 8.474E-09 3.853E-01 1.678E-02 5.341E-02
  2.693E+01 2.531E+03 3.472E+02 6.954E+02 7.982E+00 7.124E+00 7.576E-04 1.969E+01 2.987E+01 4.642E-05 3.215E-01 8.014E-03 4.520E-02 2.118E-04 3.343E+03 6.080E+02 2.152E-04 7.240E-02 6.683E-03 1.394E-03 2.153E-02 4.704E-05 1.929E-03 1.120E-01 1.009E-01 7.371E-02 7.084E-02 1.134E-01 2.831E-02 6.369E-02 2.314E-02 3.101E-03 2.013E-08 3.854E-01 1.684E-02 5.348E-02
  3.162E+01 2.508E+03 3.499E+02 6.960E+02 7.984E+00 7.130E+00 1.071E-03 1.969E+01 2.986E+01 8.313E-05 3.236E-01 8.022E-03 4.520E-02 2.134E-04 3.216E+03 5.853E+02 3.135E-04 7.265E-02 6.694E-03 1.396E-03 2.154E-02 5.532E-05 1.929E-03 1.121E-01 1.010E-01 7.403E-02 7.161E-02 1.134E-01 2.840E-02 6.368E-02 2.319E-02 3.128E-03 3.351E-08 3.856E-01 1.693E-02 5.358E-02
  3.749E+01 2.492E+03 3.522E+02 6.973E+02 7.981E+00 7.135E+00 1.405E-03 1.969E+01 2.984E+01 1.311E-04 3.265E-01 8.034E-03 4.521E-02 2.155E-04 3.055E+03 5.562E+02 4.525E-04 7.300E-02 6.709E-03 1.399E-03 2.156E-02 6.688E-05 1.930E-03 1.122E-01 1.010E-01 7.447E-02 7.268E-02 1.134E-01 2.851E-02 6.366E-02 2.326E-02 3.165E-03 5.019E-08 3.858E-01 1.706E-02 5.373E-02
  4.415E+01 2.476E+03 3.545E+02 6.986E+02 7.972E+00 7.141E+00 1.728E-03 1.969E+01 2.983E+01 1.873E-04 3.300E-01 8.050E-03 4.522E-02 2.180E-04 2.886E+03 5.258E+02 6.230E-04 7.344E-02 6.727E-03 1.402E-03 2.158E-02 8.033E-05 1.930E-03 1.123E-01 1.010E-01 7.499E-02 7.391E-02 1.134E-01 2.865E-02 6.364E-02 2.335E-02 3.211E-03 7.290E-08 3.862E-01 1.723E-02 5.391E-02
  5.148E+01 2.466E+03 3.565E+02 7.001E+02 7.954E+00 7.145E+00 2.027E-03 1.969E+01 2.981E+01 2.527E-04 3.341E-01 8.070E-03 4.523E-02 2.209E-04 2.716E+03 4.953E+02 8.253E-04 7.396E-02 6.747E-03 1.405E-03 2.161E-02 9.526E-05 1.930E-03 1.125E-01 1.010E-01 7.562E-02 7.525E-02 1.133E-01 2.882E-02 6.361E-02 2.346E-02 3.267E-03 1.073E-07 3.865E-01 1.742E-02 5.412E-02
  5.928E+01 2.458E+03 3.582E+02 7.017E+02 7.929E+00 7.148E+00 2.318E-03 1.969E+01 2.979E+01 3.239E-04 3.386E-01 8.093E-03 4.524E-02 2.239E-04 2.557E+03 4.668E+02 1.053E-03 7.456E-02 6.770E-03 1.409E-03 2.163E-02 1.109E-04 1.931E-03 1.126E-01 1.011E-01 7.634E-02 7.662E-02 1.133E-01 2.901E-02 6.358E-02 2.359E-02 3.333E-03 1.584E-07 3.870E-01 1.764E-02 5.435E-02
  6.746E+01 2.452E+03 3.597E+02 7.033E+02 7.894E+00 7.150E+00 2.540E-03 1.968E+01 2.976E+01 4.016E-04 3.434E-01 8.120E-03 4.526E-02 2.272E-04 2.412E+03 4.407E+02 1.305E-03 7.523E-02 6.794E-03 1.414E-03 2.166E-02 1.268E-04 1.931E-03 1.128E-01 1.011E-01 7.714E-02 7.798E-02 1.133E-01 2.923E-02 6.355E-02 2.375E-02 3.409E-03 2.364E-07 3.875E-01 1.789E-02 5.461E-02
  7.547E+01 2.449E+03 3.610E+02 7.047E+02 7.850E+00 7.149E+00 2.674E-03 1.968E+01 2.973E+01 4.798E-04 3.483E-01 8.149E-03 4.528E-02 2.305E-04 2.287E+03 4.183E+02 1.568E-03 7.591E-02 6.818E-03 1.418E-03 2.169E-02 1.418E-04 1.931E-03 1.129E-01 1.012E-01 7.798E-02 7.927E-02 1.133E-01 2.946E-02 6.352E-02 2.392E-02 3.494E-03 3.525E-07 3.880E-01 1.816E-02 5.488E-02
  8.379E+01 2.447E+03 3.620E+02 7.063E+02 7.803E+00 7.147E+00 2.812E-03 1.967E+01 2.970E+01 5.512E-04 3.534E-01 8.179E-03 4.530E-02 2.339E-04 2.168E+03 3.970E+02 1.841E-03 7.665E-02 6.844E-03 1.423E-03 2.171E-02 1.572E-04 1.932E-03 1.131E-01 1.012E-01 7.886E-02 8.059E-02 1.133E-01 2.970E-02 6.348E-02 2.410E-02 3.586E-03 4.884E-07 3.885E-01 1.844E-02 5.517E-02
  9.290E+01 2.448E+03 3.630E+02 7.081E+02 7.738E+00 7.142E+00 2.870E-03 1.967E+01 2.966E+01 6.397E-04 3.593E-01 8.215E-03 4.533E-02 2.379E-04 2.051E+03 3.762E+02 2.158E-03 7.745E-02 6.873E-03 1.428E-03 2.174E-02 1.740E-04 1.932E-03 1.133E-01 1.012E-01 7.990E-02 8.204E-02 1.133E-01 2.999E-02 6.343E-02 2.432E-02 3.703E-03 7.280E-07 3.892E-01 1.877E-02 5.553E-02
  1.018E+02 2.448E+03 3.639E+02 7.098E+02 7.663E+00 7.135E+00 2.866E-03 1.966E+01 2.962E+01 7.247E-04 3.652E-01 8.253E-03 4.537E-02 2.421E-04 1.948E+03 3.578E+02 2.481E-03 7.825E-02 6.903E-03 1.433E-03 2.177E-02 1.902E-04 1.933E-03 1.135E-01 1.013E-01 8.099E-02 8.347E-02 1.134E-01 3.031E-02 6.339E-02 2.456E-02 3.836E-03 1.086E-06 3.899E-01 1.913E-02 5.591E-02
  1.107E+02 2.449E+03 3.649E+02 7.115E+02 7.582E+00 7.125E+00 2.857E-03 1.965E+01 2.957E+01 8.048E-04 3.712E-01 8.291E-03 4.540E-02 2.464E-04 1.854E+03 3.409E+02 2.810E-03 7.908E-02 6.934E-03 1.439E-03 2.179E-02 2.064E-04 1.934E-03 1.136E-01 1.013E-01 8.211E-02 8.489E-02 1.134E-01 3.064E-02 6.334E-02 2.480E-02 3.979E-03 1.526E-06 3.907E-01 1.950E-02 5.632E-02
  1.198E+02 2.450E+03 3.658E+02 7.132E+02 7.494E+00 7.114E+00 2.837E-03 1.964E+01 2.952E+01 8.846E-04 3.773E-01 8.331E-03 4.544E-02 2.510E-04 1.765E+03 3.251E+02 3.151E-03 7.991E-02 6.967E-03 1.445E-03 2.182E-02 2.229E-04 1.934E-03 1.138E-01 1.014E-01 8.328E-02 8.636E-02 1.134E-01 3.099E-02 6.329E-02 2.506E-02 4.135E-03 2.087E-06 3.915E-01 1.990E-02 5.677E-02
  1.292E+02 2.451E+03 3.667E+02 7.150E+02 7.392E+00 7.100E+00 2.794E-03 1.963E+01 2.946E+01 9.711E-04 3.841E-01 8.375E-03 4.549E-02 2.561E-04 1.680E+03 3.099E+02 3.518E-03 8.078E-02 7.002E-03 1.452E-03 2.185E-02 2.401E-04 1.935E-03 1.140E-01 1.014E-01 8.456E-02 8.790E-02 1.134E-01 3.138E-02 6.323E-02 2.535E-02 4.320E-03 2.885E-06 3.924E-01 2.034E-02 5.727E-02
  1.398E+02 2.452E+03 3.677E+02 7.170E+02 7.270E+00 7.081E+00 2.779E-03 1.961E+01 2.939E+01 1.089E-03 3.919E-01 8.425E-03 4.555E-02 2.621E-04 1.590E+03 2.940E+02 3.941E-03 8.168E-02 7.044E-03 1.460E-03 2.188E-02 2.599E-04 1.936E-03 1.142E-01 1.015E-01 8.605E-02 8.968E-02 1.134E-01 3.184E-02 6.317E-02 2.569E-02 4.542E-03 3.929E-06 3.935E-01 2.086E-02 5.788E-02
#
#Final isotopic abundance ratios: 
#
  1.543E+02 2.456E+03 3.692E+02 7.199E+02 7.119E+00 7.057E+00 2.854E-03 1.959E+01 2.929E+01 1.255E-03 4.027E-01 8.489E-03 4.563E-02 2.706E-04 1.472E+03 2.729E+02 4.505E-03 8.282E-02 7.102E-03 1.471E-03 2.193E-02 2.886E-04 1.937E-03 1.145E-01 1.016E-01 8.803E-02 9.226E-02 1.135E-01 3.246E-02 6.308E-02 2.612E-02 4.842E-03 5.284E-06 3.950E-01 2.156E-02 5.872E-02
