# Initial mass = 6.000, Z =  0.0006, Y =  0.400, M_mix = 0.00E+00
# Final mass = 1.258, Mass expelled =   4.7420
  species    A      yield       mass(i)_lost    mass(i)_0        <X(i)>           X0(i)   log10(<X(i)>/X0(i)) 
      n      1   0.0000000E+00  0.0000000E+00  0.0000000E+00  0.0000000E+00  0.0000000E+00  0.0000000E+00
      p      1  -5.1738548E-01  2.3247881E+00  2.8421736E+00  4.9025476E-01  5.9939992E-01 -8.7294862E-02
      d      2  -9.2640876E-06  5.0869364E-11  9.2641385E-06  1.0727407E-11  1.9537597E-06 -5.2603769E+00
    he3      3  -5.3089756E-05  5.8362607E-06  5.8926016E-05  1.2307594E-06  1.2427197E-05 -1.0042000E+00
    he4      4   5.0211728E-01  2.3987966E+00  1.8966793E+00  5.0586176E-01  4.0000001E-01  1.0197186E-01
    li7      7   1.1643771E-07  1.2295222E-07  6.5145040E-09  2.5928346E-08  1.3738757E-09  1.2758274E+00
    be7      7   1.0503361E-07  1.0503361E-07  0.0000000E+00  2.2149644E-08  0.0000000E+00  0.0000000E+00
     b8      8   2.0583933E-22  2.0583933E-22  0.0000000E+00  4.3407706E-23  0.0000000E+00  0.0000000E+00
    c12     12   4.1093180E-04  8.9802174E-04  4.8708994E-04  1.8937617E-04  1.0272479E-04  2.6565009E-01
    c13     13   2.8227828E-04  2.8817818E-04  5.8998853E-06  6.0771443E-05  1.2442558E-06  1.6887898E+00
    c14     14   7.3342904E-10  7.3342904E-10  0.0000000E+00  1.5466661E-10  0.0000000E+00  0.0000000E+00
    n13     13   0.0000000E+00  0.0000000E+00  0.0000000E+00  0.0000000E+00  0.0000000E+00  0.0000000E+00
    n14     14   1.2564118E-02  1.2708064E-02  1.4394656E-04  2.6798954E-03  3.0357594E-05  1.9458505E+00
    n15     15   3.8181602E-06  4.1627204E-06  3.4456019E-07  8.7784065E-07  7.2665983E-08  1.0820845E+00
    o14     14   0.0000000E+00  0.0000000E+00  0.0000000E+00  0.0000000E+00  0.0000000E+00  0.0000000E+00
    o15     15   0.0000000E+00  0.0000000E+00  0.0000000E+00  0.0000000E+00  0.0000000E+00  0.0000000E+00
    o16     16   2.0002318E-03  3.1918923E-03  1.1916606E-03  6.7311100E-04  2.5131516E-04  4.2786801E-01
    o17     17   1.8218958E-05  1.8699968E-05  4.8100912E-07  3.9434772E-06  1.0144238E-07  1.5896599E+00
    o18     18  -2.6422153E-06  4.5405187E-08  2.6876205E-06  9.5751131E-09  5.6680551E-07 -1.7722901E+00
    o19     19   0.0000000E+00  0.0000000E+00  0.0000000E+00  0.0000000E+00  0.0000000E+00  0.0000000E+00
    f17     17   0.0000000E+00  0.0000000E+00  0.0000000E+00  0.0000000E+00  0.0000000E+00  0.0000000E+00
    f18     18   0.0000000E+00  0.0000000E+00  0.0000000E+00  0.0000000E+00  0.0000000E+00  0.0000000E+00
    f19     19  -6.1207714E-08  8.2678229E-09  6.9475540E-08  1.7435308E-09  1.4652037E-08 -9.2446840E-01
    f20     20   0.0000000E+00  0.0000000E+00  0.0000000E+00  0.0000000E+00  0.0000000E+00  0.0000000E+00
   ne19     19   0.0000000E+00  0.0000000E+00  0.0000000E+00  0.0000000E+00  0.0000000E+00  0.0000000E+00
   ne20     20   2.3149216E-05  2.6431575E-04  2.4116653E-04  5.5739300E-05  5.0860792E-05  3.9778370E-02
   ne21     21  -5.5725451E-07  4.9758619E-08  6.0701313E-07  1.0493172E-08  1.2801597E-07 -1.0863574E+00
   ne22     22   1.7635677E-05  3.7141766E-05  1.9506089E-05  7.8325111E-06  4.1137350E-06  2.7966473E-01
   ne23     23   0.0000000E+00  0.0000000E+00  0.0000000E+00  0.0000000E+00  0.0000000E+00  0.0000000E+00
   na21     21   0.0000000E+00  0.0000000E+00  0.0000000E+00  0.0000000E+00  0.0000000E+00  0.0000000E+00
   na22     22   2.7309061E-10  2.7309061E-10  0.0000000E+00  5.7589752E-11  0.0000000E+00  0.0000000E+00
   na23     23   1.2502669E-06  6.8066065E-06  5.5563396E-06  1.4353873E-06  1.1718038E-06  8.8114202E-02
   na24     24   0.0000000E+00  0.0000000E+00  0.0000000E+00  0.0000000E+00  0.0000000E+00  0.0000000E+00
   mg23     23   0.0000000E+00  0.0000000E+00  0.0000000E+00  0.0000000E+00  0.0000000E+00  0.0000000E+00
   mg24     24  -1.0161226E-04  1.3426641E-05  1.1503889E-04  2.8314300E-06  2.4261117E-05 -9.3290496E-01
   mg25     25   1.0017071E-04  1.1534130E-04  1.5170588E-05  2.4323346E-05  3.1993995E-06  8.8095486E-01
   mg26     26  -3.2122261E-07  1.7050004E-05  1.7371227E-05  3.5955302E-06  3.6635033E-06 -8.1336312E-03
   mg27     27   0.0000000E+00  0.0000000E+00  0.0000000E+00  0.0000000E+00  0.0000000E+00  0.0000000E+00
   al25     25   0.0000000E+00  0.0000000E+00  0.0000000E+00  0.0000000E+00  0.0000000E+00  0.0000000E+00
   al-6     26   0.0000000E+00  0.0000000E+00  0.0000000E+00  0.0000000E+00  0.0000000E+00  0.0000000E+00
   al*6     26   0.0000000E+00  0.0000000E+00  0.0000000E+00  0.0000000E+00  0.0000000E+00  0.0000000E+00
   al27     27   9.7637558E-06  2.0342273E-05  1.0578518E-05  4.2898087E-06  2.2309555E-06  2.8394702E-01
   al28     28   0.0000000E+00  0.0000000E+00  0.0000000E+00  0.0000000E+00  0.0000000E+00  0.0000000E+00
   si27     27   0.0000000E+00  0.0000000E+00  0.0000000E+00  0.0000000E+00  0.0000000E+00  0.0000000E+00
   si28     28   3.6898564E-06  1.3106702E-04  1.2737716E-04  2.7639608E-05  2.6863196E-05  1.2374185E-02
   si29     29   1.3816589E-08  6.7127157E-06  6.6988991E-06  1.4155875E-06  1.4127637E-06  8.6719374E-04
   si30     30   3.7500286E-08  4.6058030E-06  4.5683028E-06  9.7127861E-07  9.6343183E-07  3.5228357E-03
    p31     31   6.8300778E-09  1.1145664E-06  1.1077364E-06  2.3504143E-07  2.3361595E-07  2.6418946E-03
    p32     32   4.3479679E-31  4.3479679E-31  0.0000000E+00  9.1690593E-32  0.0000000E+00  0.0000000E+00
    p33     33   3.0778770E-27  3.0778770E-27  0.0000000E+00  6.4906728E-28  0.0000000E+00  0.0000000E+00
    s32     32  -1.9648724E-08  6.1020033E-05  6.1039682E-05  1.2867995E-05  1.2872958E-05 -1.6748863E-04
    s33     33   8.9249852E-10  5.0485170E-07  5.0395920E-07  1.0646388E-07  1.0628242E-07  7.4079377E-04
    s34     34  -4.3103228E-09  2.9266275E-06  2.9309379E-06  6.1717157E-07  6.1811988E-07 -6.6681649E-04
    s35     35   1.9671857E-20  1.9671857E-20  0.0000000E+00  4.1484307E-21  0.0000000E+00  0.0000000E+00
    s36     36   7.9914475E-10  1.5267089E-08  1.4467944E-08  3.2195464E-09  3.0512155E-09  2.3321822E-02
   cl35     35   5.5824216E-09  6.3175389E-07  6.2617147E-07  1.3322520E-07  1.3205637E-07  3.8269996E-03
   cl36     36   0.0000000E+00  0.0000000E+00  0.0000000E+00  0.0000000E+00  0.0000000E+00  0.0000000E+00
   cl37     37   2.1740519E-08  2.3330347E-07  2.1156295E-07  4.9199382E-08  4.4617551E-08  4.2453900E-02
   ar36     36  -2.2308086E-08  1.1637943E-05  1.1660251E-05  2.4542269E-06  2.4590877E-06 -8.5930590E-04
   ar37     37   2.7373344E-23  2.7373344E-23  0.0000000E+00  5.7725315E-24  0.0000000E+00  0.0000000E+00
   ar38     38   4.2100510E-09  2.2420295E-06  2.2378194E-06  4.7280253E-07  4.7194470E-07  7.8870193E-04
   ar39     39   2.7273850E-11  2.7273850E-11  0.0000000E+00  5.7515498E-12  0.0000000E+00  0.0000000E+00
   ar40     40   5.4583715E-10  4.3134003E-09  3.7675632E-09  9.0961627E-10  7.9455986E-10  5.8731642E-02
    k39     39   9.9157660E-10  6.0805246E-07  6.0706088E-07  1.2822700E-07  1.2802606E-07  6.8109500E-04
    k40     40  -9.8278295E-11  0.0000000E+00  9.8278295E-11  0.0000000E+00  2.0726391E-11  0.0000000E+00
    k41     41   7.6882714E-09  5.3743900E-08  4.6055629E-08  1.1333594E-08  9.7128980E-09  6.7018837E-02
   ca40     40  -1.3998942E-08  1.0496637E-05  1.0510636E-05  2.2135464E-06  2.2166396E-06 -6.0646556E-04
   ca41     41   0.0000000E+00  0.0000000E+00  0.0000000E+00  0.0000000E+00  0.0000000E+00  0.0000000E+00
   ca42     42   6.7252870E-10  7.4330622E-08  7.3658093E-08  1.5674951E-08  1.5534116E-08  3.9196182E-03
   ca43     43   7.0734529E-11  1.5805563E-08  1.5734829E-08  3.3331007E-09  3.3183953E-09  1.9203182E-03
   ca44     44   6.0992988E-11  2.4885367E-07  2.4879267E-07  5.2478629E-08  5.2469112E-08  7.8789744E-05
   ca45     45   3.3844959E-18  3.3844959E-18  0.0000000E+00  7.1372752E-19  0.0000000E+00  0.0000000E+00
   ca46     46   1.9225571E-10  6.9101325E-10  4.9875754E-10  1.4572191E-10  1.0518542E-10  1.4156930E-01
   ca47     47   0.0000000E+00  0.0000000E+00  0.0000000E+00  0.0000000E+00  0.0000000E+00  0.0000000E+00
   ca48     48  -2.1671553E-12  2.4328433E-08  2.4330600E-08  5.1304161E-09  5.1311990E-09 -6.6273140E-05
   sc45     45   2.0898128E-10  7.2280399E-09  7.0190587E-09  1.5242598E-09  1.4802837E-09  1.2714049E-02
   sc46     46   8.1730693E-25  8.1730693E-25  0.0000000E+00  1.7235490E-25  0.0000000E+00  0.0000000E+00
   sc47     47   0.0000000E+00  0.0000000E+00  0.0000000E+00  0.0000000E+00  0.0000000E+00  0.0000000E+00
   sc48     48  -3.0544045E-34  4.4265935E-30  4.4268989E-30  9.3348658E-31  9.3361043E-31  0.0000000E+00
   ti46     46  -5.3649529E-11  4.2829239E-08  4.2882888E-08  9.0318935E-09  9.0437826E-09 -5.7131652E-04
   ti47     47  -3.4937386E-10  3.9163666E-08  3.9513040E-08  8.2588922E-09  8.3330987E-09 -3.8847642E-03
   ti48     48  -1.5338912E-09  3.9831636E-07  3.9985025E-07  8.3997548E-08  8.4326388E-08 -1.6969003E-03
   ti49     49   1.6593340E-09  3.1613943E-08  2.9954609E-08  6.6667956E-09  6.3172743E-09  2.3387369E-02
   ti50     50   4.9937121E-10  2.9766078E-08  2.9266706E-08  6.2771148E-09  6.1721988E-09  7.3201722E-03
    v51     51  -6.7583983E-10  6.3823173E-08  6.4499012E-08  1.3459125E-08  1.3602514E-08 -4.6023894E-03
   cr52     52  -2.6386715E-09  2.6413622E-06  2.6440009E-06  5.5701440E-07  5.5760631E-07 -4.6127397E-04
   cr53     53  -2.9858711E-09  3.0258695E-07  3.0557283E-07  6.3809985E-08  6.4443753E-08 -4.2921696E-03
   cr54     54   5.8468430E-09  8.3345491E-08  7.7498647E-08  1.7576021E-08  1.6344069E-08  3.1560354E-02
   mn55     55   6.5081394E-08  2.3741459E-06  2.3090645E-06  5.0066342E-07  4.8696990E-07  1.2043725E-02
   fe54     54  -1.0993881E-07  1.5104651E-05  1.5214589E-05  3.1852912E-06  3.2086793E-06 -3.1771888E-03
   fe55     55   2.8299774E-14  2.8299774E-14  0.0000000E+00  5.9678985E-15  0.0000000E+00  0.0000000E+00
   fe56     56  -3.1903619E-07  2.4735084E-04  2.4766987E-04  5.2161711E-05  5.2232310E-05 -5.8738724E-04
   fe57     57   1.7412322E-07  5.9961008E-06  5.8219775E-06  1.2644666E-06  1.2278254E-06  1.2770759E-02
   fe58     58   1.3019968E-07  9.1860056E-07  7.8840088E-07  1.9371585E-07  1.6626973E-07  6.6351950E-02
   fe59     59   1.1146634E-21  1.1146634E-21  0.0000000E+00  2.3506189E-22  0.0000000E+00  0.0000000E+00
   fe60     60   0.0000000E+00  0.0000000E+00  0.0000000E+00  0.0000000E+00  0.0000000E+00  0.0000000E+00
   co59     59   4.4644594E-08  6.5266408E-07  6.0801949E-07  1.3763477E-07  1.2822821E-07  3.0744575E-02
   co60     60   3.4746923E-13  3.4746923E-13  0.0000000E+00  7.3274828E-14  0.0000000E+00  0.0000000E+00
   ni58     58  -3.7431164E-08  8.6620621E-06  8.6994933E-06  1.8266685E-06  1.8346788E-06 -1.9003246E-03
   ni59     59   0.0000000E+00  0.0000000E+00  0.0000000E+00  0.0000000E+00  0.0000000E+00  0.0000000E+00
   ni60     60   1.4423449E-08  3.4810216E-06  3.4665982E-06  7.3408302E-07  7.3108788E-07  1.7756114E-03
   ni61     61   1.6304440E-08  1.6951095E-07  1.5320651E-07  3.5746723E-08  3.2310474E-08  4.3892894E-02
   ni62     62   1.8659875E-08  5.1514212E-07  4.9648224E-07  1.0863393E-07  1.0470558E-07  1.5995700E-02
   ni63     63   0.0000000E+00  0.0000000E+00  0.0000000E+00  0.0000000E+00  0.0000000E+00  0.0000000E+00
   ni64     64   8.3155243E-09  1.3883131E-07  1.3051579E-07  2.9276952E-08  2.7525115E-08  2.6796706E-02
   cu63     63   3.9417642E-09  1.1166986E-07  1.0772810E-07  2.3549106E-08  2.2719307E-08  1.5579336E-02
   cu64     64   0.0000000E+00  0.0000000E+00  0.0000000E+00  0.0000000E+00  0.0000000E+00  0.0000000E+00
   cu65     65   2.7730529E-09  5.2313545E-08  4.9540493E-08  1.1031958E-08  1.0447838E-08  2.3626164E-02
   zn64     64  -8.3704776E-10  1.8373257E-07  1.8456961E-07  3.8745796E-08  3.8924792E-08 -2.0017345E-03
   zn65     65   3.7192129E-18  3.7192129E-18  0.0000000E+00  7.8431317E-19  0.0000000E+00  0.0000000E+00
   zn66     66   1.1747971E-09  1.1037378E-07  1.0919898E-07  2.3275787E-08  2.3029507E-08  4.6196994E-03
   zn67     67   4.3718629E-10  1.6727249E-08  1.6290063E-08  3.5274672E-09  3.4354914E-09  1.1474128E-02
   zn68     68   2.0032758E-09  7.7613088E-08  7.5609812E-08  1.6367164E-08  1.5945725E-08  1.1329141E-02
   zn69     69   0.0000000E+00  0.0000000E+00  0.0000000E+00  0.0000000E+00  0.0000000E+00  0.0000000E+00
   zn70     70   4.4193538E-12  2.5781179E-09  2.5736986E-09  5.4367733E-10  5.4277993E-10  7.1743212E-04
   ga69     69   4.3354165E-10  7.3653776E-09  6.9318360E-09  1.5532218E-09  1.4618888E-09  2.6319096E-02
   ga70     70   0.0000000E+00  0.0000000E+00  0.0000000E+00  0.0000000E+00  0.0000000E+00  0.0000000E+00
   ga71     71   1.5303536E-10  4.8868865E-09  4.7338511E-09  1.0305539E-09  9.9834507E-10  1.3790027E-02
   ge70     70   4.6019011E-10  8.1703986E-09  7.7102085E-09  1.7229858E-09  1.6260437E-09  2.5149472E-02
   ge71     71   2.4242919E-32  2.4242919E-32  0.0000000E+00  5.1123829E-33  0.0000000E+00  0.0000000E+00
   ge72     72   4.0353854E-10  1.0883630E-08  1.0480091E-08  2.2951561E-09  2.2101980E-09  1.6381007E-02
   ge73     73   1.1471468E-10  3.0970906E-09  2.9823759E-09  6.5311906E-10  6.2896788E-10  1.6363855E-02
   ge74     74   5.2140603E-10  1.4711220E-08  1.4189814E-08  3.1023240E-09  2.9925593E-09  1.5644414E-02
   as75     75   5.7576166E-13  2.0808533E-09  2.0802775E-09  4.3881343E-10  4.3871992E-10  9.2558359E-05
   se76     76   2.6307845E-10  2.4288962E-09  2.1658177E-09  5.1220922E-10  4.5675991E-10  4.9759399E-02
   se77     77   3.8992587E-11  1.8258444E-09  1.7868518E-09  3.8503678E-10  3.7683795E-10  9.3475739E-03
   se78     78   4.5211479E-10  6.0910326E-09  5.6389178E-09  1.2844860E-09  1.1892191E-09  3.3467539E-02
   se79     79   0.0000000E+00  0.0000000E+00  0.0000000E+00  0.0000000E+00  0.0000000E+00  0.0000000E+00
   se80     80   4.5020876E-10  1.2520825E-08  1.2070617E-08  2.6404103E-09  2.5456315E-09  1.5875874E-02
   br79     79   2.4441560E-11  1.9546502E-09  1.9302087E-09  4.1219955E-10  4.0707113E-10  5.4372349E-03
   br80     80   0.0000000E+00  0.0000000E+00  0.0000000E+00  0.0000000E+00  0.0000000E+00  0.0000000E+00
   br81     81   8.1129548E-11  2.0064332E-09  1.9253037E-09  4.2311962E-10  4.0603673E-10  1.7897850E-02
   kr80     80   5.9264538E-11  5.1927745E-10  4.6001292E-10  1.0950600E-10  9.7014383E-11  5.2601788E-02
   kr81     81   0.0000000E+00  0.0000000E+00  0.0000000E+00  0.0000000E+00  0.0000000E+00  0.0000000E+00
   kr82     82   3.0769320E-10  2.6703142E-09  2.3626210E-09  5.6311983E-10  4.9826471E-10  5.3140700E-02
   kr83     83   1.8834267E-11  2.3879132E-09  2.3690789E-09  5.0356669E-10  4.9962673E-10  3.4113326E-03
   kr84     84   5.5745897E-10  1.2373822E-08  1.1816363E-08  2.6094100E-09  2.4920106E-09  1.9992391E-02
   kr-5     85   2.7557869E-13  2.7557869E-13  0.0000000E+00  5.8114443E-14  0.0000000E+00  0.0000000E+00
   kr*5     85   0.0000000E+00  0.0000000E+00  0.0000000E+00  0.0000000E+00  0.0000000E+00  0.0000000E+00
   kr86     86   1.2406389E-09  4.8991318E-09  3.6584928E-09  1.0331362E-09  7.7155748E-10  1.2678930E-01
   rb85     85   1.5201795E-10  2.9239953E-09  2.7719773E-09  6.1661648E-10  5.8459587E-10  2.3159336E-02
   rb86     86   2.8818126E-29  2.8818126E-29  0.0000000E+00  6.0772091E-30  0.0000000E+00  0.0000000E+00
   rb87     87   3.9592796E-10  1.5635793E-09  1.1676513E-09  3.2972991E-10  2.4625171E-10  1.2677908E-01
   sr86     86   1.3340967E-10  1.0283367E-09  8.9492708E-10  2.1685718E-10  1.8873555E-10  6.0320094E-02
   sr87     87   2.0080992E-11  6.5276645E-10  6.3268546E-10  1.3765636E-10  1.3343014E-10  1.3542348E-02
   sr88     88   6.5176753E-10  8.3243501E-09  7.6725826E-09  1.7554513E-09  1.6181085E-09  3.5381127E-02
   sr89     89   1.1964921E-22  1.1964921E-22  0.0000000E+00  2.5231803E-23  0.0000000E+00  0.0000000E+00
   sr90     90   7.4178088E-13  7.4178088E-13  0.0000000E+00  1.5642785E-13  0.0000000E+00  0.0000000E+00
    y89     89   1.6474089E-10  2.1713191E-09  2.0065782E-09  4.5789100E-10  4.2317710E-10  3.4239948E-02
    y90     90   1.8759072E-16  1.8759072E-16  0.0000000E+00  3.9559410E-17  0.0000000E+00  0.0000000E+00
    y91     91   1.3572045E-22  1.3572045E-22  0.0000000E+00  2.8620931E-23  0.0000000E+00  0.0000000E+00
   zr90     90   1.0802204E-10  2.2892408E-09  2.1812188E-09  4.8275850E-10  4.6000792E-10  2.0964582E-02
   zr91     91   3.2305603E-11  5.1326654E-10  4.8096094E-10  1.0823841E-10  1.0143222E-10  2.8205480E-02
   zr92     92   6.9937167E-11  8.1316143E-10  7.4322426E-10  1.7148069E-10  1.5674220E-10  3.9029241E-02
   zr93     93   0.0000000E+00  0.0000000E+00  0.0000000E+00  0.0000000E+00  0.0000000E+00  0.0000000E+00
   zr94     94   6.2282568E-11  8.3184409E-10  7.6956153E-10  1.7542053E-10  1.6229661E-10  3.3770937E-02
   zr95     95   3.4292889E-22  3.4292889E-22  0.0000000E+00  7.2317353E-23  0.0000000E+00  0.0000000E+00
   zr96     96   9.0114263E-11  2.1673352E-10  1.2661926E-10  4.5705086E-11  2.6703355E-11  2.3339871E-01
   nb93     93   1.3301610E-11  3.4562253E-10  3.3232092E-10  7.2885392E-11  7.0084785E-11  1.7016748E-02
   nb94     94   6.7400783E-14  6.7400783E-14  0.0000000E+00  1.4213577E-14  0.0000000E+00  0.0000000E+00
   nb95     95   4.1314052E-22  4.1314052E-22  0.0000000E+00  8.7123685E-23  0.0000000E+00  0.0000000E+00
   mo94     94   8.1836621E-12  1.1233584E-10  1.0415218E-10  2.3689549E-11  2.1965166E-11  3.2822274E-02
   mo95     95   1.6686694E-11  1.9887125E-10  1.8218456E-10  4.1938265E-11  3.8421794E-11  3.8032863E-02
   mo96     96   4.9970583E-12  1.9878607E-10  1.9378901E-10  4.1920301E-11  4.0869114E-11  1.1029177E-02
   mo97     97   2.5208932E-12  1.1525884E-10  1.1273795E-10  2.4305957E-11  2.3775860E-11  9.5764380E-03
   mo98     98   1.2089413E-11  3.0151465E-10  2.8942523E-10  6.3583853E-11  6.1038306E-11  1.7744357E-02
   tc99     99   0.0000000E+00  0.0000000E+00  0.0000000E+00  0.0000000E+00  0.0000000E+00  0.0000000E+00
   ru99     99  -8.4841162E-13  1.0020630E-10  1.0105471E-10  2.1131654E-11  2.1311924E-11 -3.6891804E-03
  ru100    100   8.2742632E-12  1.0906947E-10  1.0079521E-10  2.3000732E-11  2.1257196E-11  3.4235641E-02
  ru101    101  -6.2303634E-12  1.3160800E-10  1.3783837E-10  2.7753692E-11  2.9069410E-11 -2.0115457E-02
  ru102    102   1.0679374E-11  2.6811825E-10  2.5743888E-10  5.6541175E-11  5.4292550E-11  1.7624564E-02
  rh103    103  -5.1396942E-12  1.5926183E-10  1.6440152E-10  3.3585371E-11  3.4671443E-11 -1.3821795E-02
  pd104    104   1.1389188E-11  8.3331883E-11  7.1942695E-11  1.7573151E-11  1.5172349E-11  6.3796803E-02
  pd105    105  -6.5473321E-12  1.3904819E-10  1.4559552E-10  2.9322690E-11  3.0705351E-11 -2.0010244E-02
  pd106    106   8.5060431E-12  1.8839975E-10  1.7989371E-10  3.9730021E-11  3.7938666E-11  2.0036688E-02
  pd107    107   0.0000000E+00  0.0000000E+00  0.0000000E+00  0.0000000E+00  0.0000000E+00  0.0000000E+00
  pd108    108   4.4283466E-12  1.8188034E-10  1.7745200E-10  3.8355197E-11  3.7423724E-11  1.0677233E-02
  ag107    107  -2.3206437E-12  1.1989060E-10  1.2221124E-10  2.5282708E-11  2.5773727E-11 -8.3536310E-03
  ag108    108   0.0000000E+00  0.0000000E+00  0.0000000E+00  0.0000000E+00  0.0000000E+00  0.0000000E+00
  ag109    109  -1.5133797E-12  1.1414827E-10  1.1566165E-10  2.4071757E-11  2.4392452E-11 -5.7476903E-03
  cd108    108   5.1724072E-12  1.2025374E-11  6.8529665E-12  2.5359287E-12  1.4452557E-12  2.4419233E-01
  cd109    109   2.5512008E-20  2.5512008E-20  0.0000000E+00  5.3800102E-21  0.0000000E+00  0.0000000E+00
  cd110    110   8.5966650E-12  1.0655066E-10  9.7953992E-11  2.2469561E-11  2.0657996E-11  3.6506373E-02
  cd111    111  -1.4434912E-12  9.9853674E-11  1.0129717E-10  2.1057291E-11  2.1363057E-11 -6.2608849E-03
  cd112    112   6.6019551E-12  1.9928481E-10  1.9268286E-10  4.2025477E-11  4.0635832E-11  1.4603513E-02
  cd113    113   6.0285110E-14  9.8510339E-11  9.8450054E-11  2.0774008E-11  2.0762616E-11  2.3818914E-04
  cd114    114   9.6949393E-12  2.4321406E-10  2.3351912E-10  5.1289341E-11  4.9247991E-11  1.7638583E-02
  in115    115  -4.4122345E-13  8.7608677E-11  8.8049901E-11  1.8475048E-11  1.8569276E-11 -2.2094124E-03
  sn116    116   1.2587903E-11  2.8806840E-10  2.7548050E-10  6.0748295E-11  5.8097433E-11  1.9377185E-02
  sn117    117   1.3123252E-12  1.4807566E-10  1.4676334E-10  3.1226417E-11  3.0951641E-11  3.8384432E-03
  sn118    118   1.4510865E-11  4.6203755E-10  4.4752668E-10  9.7435164E-11  9.4381100E-11  1.3830651E-02
  sn119    119   3.6329689E-12  1.7059130E-10  1.6695834E-10  3.5974546E-11  3.5210664E-11  9.3210731E-03
  sn120    120   2.1744551E-11  6.6030326E-10  6.3855871E-10  1.3924573E-10  1.3466878E-10  1.4514948E-02
  sb121    121  -1.8769708E-13  9.8287663E-11  9.8475360E-11  2.0727049E-11  2.0767952E-11 -8.5624540E-04
  te122    122   4.5943388E-12  7.0053623E-11  6.5459284E-11  1.4773013E-11  1.3805029E-11  2.9431747E-02
  te123    123   1.4759825E-12  2.4509787E-11  2.3033804E-11  5.1686602E-12  4.8577119E-12  2.6946206E-02
  te124    124   4.8618193E-12  1.2853318E-10  1.2367136E-10  2.7105269E-11  2.6081659E-11  1.6718546E-02
  te125    125  -4.6458393E-12  1.8130457E-10  1.8595041E-10  3.8233777E-11  3.9215992E-11 -1.1015951E-02
  te126    126   1.0814349E-11  5.1028581E-10  4.9947146E-10  1.0760983E-10  1.0533598E-10  9.2752120E-03
   i127    127  -2.9331093E-11  5.9709687E-10  6.2642797E-10  1.2591668E-10  1.3211046E-10 -2.0853940E-02
  xe128    128   2.9360722E-11  9.7019663E-11  6.7658941E-11  2.0459651E-11  1.4268925E-11  1.5650700E-01
  xe129    129  -3.8331505E-11  8.1104590E-10  8.4937740E-10  1.7103456E-10  1.7912936E-10 -2.0082951E-02
  xe130    130   4.5756343E-11  1.8318856E-10  1.3743222E-10  3.8631078E-11  2.8983755E-11  1.2478220E-01
  xe131    131  -1.9425683E-11  6.6710781E-10  6.8653350E-10  1.4068069E-10  1.4478642E-10 -1.2493367E-02
  xe132    132   2.8808678E-11  8.7430496E-10  8.4549628E-10  1.8437472E-10  1.7831085E-10  1.4523610E-02
  xe133    133   0.0000000E+00  0.0000000E+00  0.0000000E+00  0.0000000E+00  0.0000000E+00  0.0000000E+00
  xe134    134   1.1950191E-11  3.2888145E-10  3.1693126E-10  6.9355008E-11  6.6839187E-11  1.6046645E-02
  cs133    133  -1.8442747E-12  2.2044574E-10  2.2229002E-10  4.6487928E-11  4.6879830E-11 -3.6458452E-03
  cs134    134   2.4601409E-17  2.4601409E-17  0.0000000E+00  5.1879817E-18  0.0000000E+00  0.0000000E+00
  cs135    135   0.0000000E+00  0.0000000E+00  0.0000000E+00  0.0000000E+00  0.0000000E+00  0.0000000E+00
  cs136    136   4.6589146E-33  4.6589146E-33  0.0000000E+00  9.8247882E-34  0.0000000E+00  0.0000000E+00
  cs137    137   0.0000000E+00  0.0000000E+00  0.0000000E+00  0.0000000E+00  0.0000000E+00  0.0000000E+00
  ba134    134   1.1409533E-11  7.9556105E-11  6.8146572E-11  1.6776910E-11  1.4371766E-11  6.7201860E-02
  ba135    135  -2.0106139E-12  1.8523741E-10  1.8724802E-10  3.9063142E-11  3.9489655E-11 -4.7161821E-03
  ba136    136   1.1431689E-11  2.3618207E-10  2.2475038E-10  4.9806426E-11  4.7398710E-11  2.1518867E-02
  ba137    137   2.4778235E-11  3.4854514E-10  3.2376690E-10  7.3501719E-11  6.8280791E-11  3.1998958E-02
  ba138    138   4.4150683E-11  2.1260180E-09  2.0818673E-09  4.4833784E-10  4.3905521E-10  9.0861926E-03
  la139    139   4.2565673E-12  2.8980329E-10  2.8554673E-10  6.1114148E-11  6.0220350E-11  6.3984981E-03
  ce140    140   9.7359343E-12  6.6420019E-10  6.5446426E-10  1.4006753E-10  1.3802318E-10  6.3853869E-03
  ce141    141   2.7166280E-27  2.7166280E-27  0.0000000E+00  5.7288654E-28  0.0000000E+00  0.0000000E+00
  ce142    142   1.9594326E-12  8.5370447E-11  8.3411014E-11  1.8003047E-11  1.7590956E-11  1.0056571E-02
  pr141    141  -6.8729744E-14  1.1272595E-10  1.1279468E-10  2.3771816E-11  2.3787824E-11 -2.9240275E-04
  nd142    142   1.8483270E-12  1.5231134E-10  1.5046302E-10  3.2119644E-11  3.1731881E-11  5.2748737E-03
  nd143    143  -1.1198958E-12  6.6241568E-11  6.7361464E-11  1.3969120E-11  1.4206189E-11 -7.3085772E-03
  nd144    144   1.7656571E-12  1.3564448E-10  1.3387882E-10  2.8604910E-11  2.8234363E-11  5.6625986E-03
  nd145    145  -1.1344710E-12  4.8649369E-11  4.9783840E-11  1.0259251E-11  1.0499158E-11 -1.0038833E-02
  nd146    146   2.5178817E-12  1.0050707E-10  9.7989186E-11  2.1195080E-11  2.0665421E-11  1.0990816E-02
  nd147    147   1.4786572E-34  1.4786572E-34  0.0000000E+00  3.1182143E-35  0.0000000E+00  0.0000000E+00
  nd148    148  -2.2897309E-13  3.2917086E-11  3.3146059E-11  6.9416040E-12  6.9903345E-12 -3.0381214E-03
  pm147    147   1.2418891E-17  1.2418891E-17  0.0000000E+00  2.6189142E-18  0.0000000E+00  0.0000000E+00
  pm148    148   0.0000000E+00  0.0000000E+00  0.0000000E+00  0.0000000E+00  0.0000000E+00  0.0000000E+00
  sm147    147  -1.2281270E-12  2.5451932E-11  2.6680059E-11  5.3673411E-12  5.6266884E-12 -2.0493660E-02
  sm148    148   1.5596829E-12  2.1701356E-11  2.0141673E-11  4.5764143E-12  4.2477766E-12  3.2363649E-02
  sm149    149  -1.7286016E-12  2.3203672E-11  2.4932273E-11  4.8932247E-12  5.2580895E-12 -3.1232843E-02
  sm150    150   1.9446398E-12  1.5348091E-11  1.3403451E-11  3.2366282E-12  2.8267193E-12  5.8810096E-02
  sm151    151   1.1193015E-15  1.1193015E-15  0.0000000E+00  2.3603997E-16  0.0000000E+00  0.0000000E+00
  sm152    152  -2.9466013E-14  4.9199821E-11  4.9229287E-11  1.0375332E-11  1.0382206E-11 -2.8766249E-04
  eu151    151  -2.8055440E-12  2.9669184E-11  3.2474728E-11  6.2566814E-12  6.8487546E-12 -3.9267555E-02
  eu152    152   1.1296496E-18  1.1296496E-18  0.0000000E+00  2.3822220E-19  0.0000000E+00  0.0000000E+00
  eu153    153  -2.2675750E-12  3.3652376E-11  3.5919951E-11  7.0966631E-12  7.5753345E-12 -2.8347619E-02
  eu154    154   2.5307300E-17  2.5307300E-17  0.0000000E+00  5.3368411E-18  0.0000000E+00  0.0000000E+00
  eu155    155   1.9258975E-17  1.9258975E-17  0.0000000E+00  4.0613613E-18  0.0000000E+00  0.0000000E+00
  gd152    152   4.5078481E-13  9.2497277E-13  4.7418796E-13  1.9505964E-13  1.0000382E-13  2.9015085E-01
  gd153    153   2.7447245E-23  2.7447245E-23  0.0000000E+00  5.7881158E-24  0.0000000E+00  0.0000000E+00
  gd154    154   2.5242065E-12  7.7607703E-12  5.2365638E-12  1.6366027E-12  1.1043645E-12  1.7083085E-01
  gd155    155  -2.2228226E-12  3.3558122E-11  3.5780944E-11  7.0767866E-12  7.5460185E-12 -2.7881771E-02
  gd156    156   1.1688983E-12  5.0977660E-11  4.9808761E-11  1.0750244E-11  1.0504414E-11  1.0046453E-02
  gd157    157  -1.1236671E-12  3.7200434E-11  3.8324101E-11  7.8448827E-12  8.0823586E-12 -1.2951628E-02
  gd158    158   2.7918362E-12  6.4009499E-11  6.1217663E-11  1.3498419E-11  1.2910494E-11  1.9339999E-02
  tb159    159  -2.3550085E-12  4.3824704E-11  4.6179713E-11  9.2418191E-12  9.7390663E-12 -2.2759866E-02
  dy160    160   2.7075417E-12  9.6955135E-12  6.9879718E-12  2.0446043E-12  1.4737277E-12  1.4219199E-01
  dy161    161  -3.8892362E-12  5.3140790E-11  5.7030027E-11  1.1206409E-11  1.2027341E-11 -3.0703127E-02
  dy162    162   1.7643109E-12  7.9157458E-11  7.7393147E-11  1.6692843E-11  1.6321821E-11  9.7617013E-03
  dy163    163  -3.0232483E-12  7.3076163E-11  7.6099411E-11  1.5410409E-11  1.6048978E-11 -1.7633198E-02
  dy164    164   5.1512267E-12  9.2063204E-11  8.6911978E-11  1.9414425E-11  1.8329293E-11  2.4978824E-02
  ho165    165  -3.3755221E-12  6.4319126E-11  6.7694648E-11  1.3563713E-11  1.4276457E-11 -2.2241851E-02
  er166    166   1.5715484E-12  6.5879399E-11  6.4307851E-11  1.3892745E-11  1.3562198E-11  1.0458045E-02
  er167    167  -1.4466657E-12  4.2713978E-11  4.4160644E-11  9.0075872E-12  9.3132542E-12 -1.4493008E-02
  er168    168   3.8638016E-12  5.6270863E-11  5.2407061E-11  1.1866483E-11  1.1052381E-11  3.0866154E-02
  er169    169   2.9917737E-35  2.9917737E-35  0.0000000E+00  6.3090972E-36  0.0000000E+00  0.0000000E+00
  er170    170  -4.5514287E-13  2.8853593E-11  2.9308736E-11  6.0846887E-12  6.1810630E-12 -6.8248301E-03
  tm169    169  -9.2488517E-13  3.0046209E-11  3.0971094E-11  6.3361890E-12  6.5316459E-12 -1.3194523E-02
  tm170    170   2.5046776E-22  2.5046776E-22  0.0000000E+00  5.2819012E-23  0.0000000E+00  0.0000000E+00
  tm171    171   4.5233094E-18  4.5233094E-18  0.0000000E+00  9.5388225E-19  0.0000000E+00  0.0000000E+00
  yb170    170   2.2614094E-12  8.1190939E-12  5.8576846E-12  1.7121666E-12  1.2353558E-12  1.4175397E-01
  yb171    171  -5.3131458E-13  2.7328490E-11  2.7859805E-11  5.7630727E-12  5.8754906E-12 -8.3900485E-03
  yb172    172   1.5120682E-12  4.4649302E-11  4.3137233E-11  9.4157113E-12  9.0974225E-12  1.4934734E-02
  yb173    173  -5.8221483E-13  3.1623957E-11  3.2206172E-11  6.6689072E-12  6.7921172E-12 -7.9505192E-03
  yb174    174   2.0139654E-12  6.6457388E-11  6.4443423E-11  1.4014633E-11  1.3590789E-11  1.3337103E-02
  lu175    175  -1.4862885E-12  2.7599424E-11  2.9085713E-11  5.8202076E-12  6.1340286E-12 -2.2807332E-02
  lu176    176   9.3830260E-13  1.7872955E-12  8.4899291E-13  3.7690752E-13  1.7904829E-13  3.2326460E-01
  lu177    177  -1.5390612E-38 -1.5390612E-38  0.0000000E+00  0.0000000E+00  0.0000000E+00  0.0000000E+00
  hf176    176  -3.5173340E-13  6.1807018E-12  6.5324352E-12  1.3033955E-12  1.3776573E-12 -2.4064958E-02
  hf177    177  -8.6000478E-13  2.2619705E-11  2.3479709E-11  4.7700771E-12  4.9517508E-12 -1.6233420E-02
  hf178    178   1.7312367E-12  3.6373279E-11  3.4642043E-11  7.6704511E-12  7.3058304E-12  2.1151312E-02
  hf179    179  -7.9467682E-14  1.7314081E-11  1.7393548E-11  3.6512191E-12  3.6682107E-12 -2.0164018E-03
  hf180    180   1.6245061E-12  4.6669113E-11  4.5044607E-11  9.8416518E-12  9.4996780E-12  1.5359112E-02
  ta181    181  -6.0369071E-13  1.8481326E-11  1.9085017E-11  3.8973694E-12  4.0249327E-12 -1.3987108E-02
  ta182    182   2.2295591E-28  2.2295591E-28  0.0000000E+00  4.7017273E-29  0.0000000E+00  0.0000000E+00
  ta183    183   0.0000000E+00  0.0000000E+00  0.0000000E+00  0.0000000E+00  0.0000000E+00  0.0000000E+00
   w182    182   6.8993422E-13  3.0639102E-11  2.9949168E-11  6.4612196E-12  6.3161269E-12  9.8636411E-03
   w183    183   5.3530097E-14  1.6314802E-11  1.6261272E-11  3.4404896E-12  3.4294193E-12  1.3996228E-03
   w184    184   6.1266617E-13  3.5619747E-11  3.5007081E-11  7.5115452E-12  7.3828148E-12  7.5072651E-03
   w185    185   1.2070981E-23  1.2070981E-23  0.0000000E+00  2.5455465E-24  0.0000000E+00  0.0000000E+00
   w186    186  -2.1044277E-13  3.2626180E-11  3.2836622E-11  6.8802572E-12  6.9250764E-12 -2.8199374E-03
  re185    185  -6.9854365E-13  1.5990979E-11  1.6689523E-11  3.3722016E-12  3.5197353E-12 -1.8596500E-02
  re186    186   0.0000000E+00  0.0000000E+00  0.0000000E+00  0.0000000E+00  0.0000000E+00  0.0000000E+00
  re187    187  -1.9270453E-12  2.8508310E-11  3.0435356E-11  6.0118750E-12  6.4186616E-12 -2.8434530E-02
  os186    186   7.4348253E-13  9.9937870E-12  9.2503045E-12  2.1075047E-12  1.9508420E-12  3.3546429E-02
  os187    187  -1.6464174E-13  7.2321888E-12  7.3968305E-12  1.5251347E-12  1.5599538E-12 -9.8035214E-03
  os188    188  -4.1523729E-13  7.7617773E-11  7.8033011E-11  1.6368152E-11  1.6456765E-11 -2.3448314E-03
  os189    189  -6.2262487E-12  8.9421331E-11  9.5647580E-11  1.8857303E-11  2.0171588E-11 -2.9260542E-02
  os190    190   2.7966934E-12  1.5916440E-10  1.5636771E-10  3.3564825E-11  3.2977152E-11  7.6712351E-03
  os191    191   1.4892955E-31  1.4892955E-31  0.0000000E+00  3.1406485E-32  0.0000000E+00  0.0000000E+00
  os192    192  -6.3942185E-12  2.3901842E-10  2.4541263E-10  5.0404559E-11  5.1756276E-11 -1.1493227E-02
  ir191    191  -1.3803209E-11  1.9311933E-10  2.0692253E-10  4.0725291E-11  4.3638908E-11 -3.0009681E-02
  ir192    192   9.7300999E-24  9.7300999E-24  0.0000000E+00  2.0518980E-24  0.0000000E+00  0.0000000E+00
  ir193    193  -1.8231722E-11  3.3324354E-10  3.5147527E-10  7.0274897E-11  7.4124339E-11 -2.3160638E-02
  pt192    192   1.2281613E-11  2.0982908E-11  8.7012949E-12  4.4249071E-12  1.8350588E-12  3.8225418E-01
  pt193    193   5.3100906E-17  5.3100906E-17  0.0000000E+00  1.1197998E-17  0.0000000E+00  0.0000000E+00
  pt194    194   1.1434853E-11  3.8207665E-10  3.7064180E-10  8.0572889E-11  7.8166466E-11  1.3168477E-02
  pt195    195  -1.1964513E-11  3.7035192E-10  3.8231643E-10  7.8100360E-11  8.0628587E-11 -1.3836037E-02
  pt196    196   2.1716406E-11  3.0843161E-10  2.8671521E-10  6.5042520E-11  6.0466777E-11  3.1680502E-02
  au197    197  -3.0169756E-12  1.6977923E-10  1.7279621E-10  3.5803298E-11  3.6441839E-11 -7.6772613E-03
  hg198    198   1.2023989E-11  5.2616370E-11  4.0592380E-11  1.1095818E-11  8.5607259E-12  1.1264874E-01
  hg199    199  -3.9318548E-13  6.8636652E-11  6.9029837E-11  1.4474200E-11  1.4558041E-11 -2.5083581E-03
  hg200    200   3.1333408E-12  9.8130400E-11  9.4997059E-11  2.0693884E-11  2.0034396E-11  1.4065785E-02
  hg201    201  -2.3731017E-14  5.4450576E-11  5.4474307E-11  1.1482619E-11  1.1488354E-11 -2.1682322E-04
  hg202    202   2.2914448E-12  1.2631801E-10  1.2402657E-10  2.6638129E-11  2.6156570E-11  7.9228953E-03
  tl203    203   6.8900441E-13  4.9748997E-11  4.9059992E-11  1.0491143E-11  1.0346502E-11  6.0292492E-03
  tl204    204   4.9171391E-17  4.9171391E-17  0.0000000E+00  1.0369336E-17  0.0000000E+00  0.0000000E+00
  tl205    205   1.1602247E-12  1.1942736E-10  1.1826713E-10  2.5185019E-11  2.4941936E-11  4.2121224E-03
  pb204    204   8.6577273E-13  6.2962968E-11  6.2097195E-11  1.3277724E-11  1.3095982E-11  5.9855925E-03
  pb205    205   0.0000000E+00  0.0000000E+00  0.0000000E+00  0.0000000E+00  0.0000000E+00  0.0000000E+00
  pb206    206   3.0087599E-12  5.8650385E-10  5.8349509E-10  1.2368280E-10  1.2305613E-10  2.2060331E-03
  pb207    207   3.0604408E-12  6.5189187E-10  6.4883143E-10  1.3747192E-10  1.3683525E-10  2.0160242E-03
  pb208    208   5.5082605E-12  1.8716158E-09  1.8661075E-09  3.9468911E-10  3.9355255E-10  1.2524194E-03
  bi209    209   1.4178936E-13  1.2992508E-10  1.2978330E-10  2.7398795E-11  2.7370635E-11  4.4656216E-04
  bi210    210   0.0000000E+00  0.0000000E+00  0.0000000E+00  0.0000000E+00  0.0000000E+00  0.0000000E+00
  po210    210   0.0000000E+00  0.0000000E+00  0.0000000E+00  0.0000000E+00  0.0000000E+00  0.0000000E+00
