# Initial mass = 1.100, Z =  0.0002, Y =  0.250, M_mix = 2.00E-03
# Final mass = 0.703, Mass expelled =   0.3967
  species    A      yield       mass(i)_lost    mass(i)_0        <X(i)>         
  X0(i)   log10(<X(i)>/X0(i)) 
      n      1   0.0000000E+00  0.0000000E+00  0.0000000E+00  0.0000000E+00  0.0000000E+00  0.0000000E+00
      p      1  -1.5841991E-02  2.8151470E-01  2.9735669E-01  7.0965326E-01  7.4977738E-01 -2.3886109E-02
      d      2   1.7372050E-18  1.7372050E-18  0.0000000E+00  4.3792141E-18  0.0000000E+00  0.0000000E+00
    he3      3   8.0926322E-05  8.0926322E-05  0.0000000E+00  2.0400222E-04  0.0000000E+00  0.0000000E+00
    he4      4   1.4169656E-02  1.1331765E-01  9.9147998E-02  2.8565556E-01  2.4999915E-01  5.7904165E-02
    li7      7   1.5313046E-11  7.2025698E-11  5.6712652E-11  1.8156519E-10  1.4299950E-10  1.0369808E-01
    be7      7   6.1431144E-17  6.1431144E-17  0.0000000E+00  1.5485802E-16  0.0000000E+00  0.0000000E+00
     b8      8   6.8148617E-28  6.8148617E-28  0.0000000E+00  1.7179170E-27  0.0000000E+00  0.0000000E+00
    c12     12   1.3619232E-03  1.3775377E-03  1.5614551E-05  3.4725508E-03  3.9371691E-05  1.9454645E+00
    c13     13   6.0138882E-07  7.9060652E-07  1.8921772E-07  1.9929917E-06  4.7710762E-07  6.2088913E-01
    c14     14   1.0924066E-09  1.0924066E-09  0.0000000E+00  2.7537812E-09  0.0000000E+00  0.0000000E+00
    n13     13   0.0000000E+00  0.0000000E+00  0.0000000E+00  0.0000000E+00  0.0000000E+00  0.0000000E+00
    n14     14   1.8925241E-05  2.3541825E-05  4.6165846E-06  5.9345148E-05  1.1640600E-05  7.0740992E-01
    n15     15   1.2568106E-08  2.3939304E-08  1.1371198E-08  6.0347134E-08  2.8672188E-08  3.2319584E-01
    o14     14   0.0000000E+00  0.0000000E+00  0.0000000E+00  0.0000000E+00  0.0000000E+00  0.0000000E+00
    o15     15   0.0000000E+00  0.0000000E+00  0.0000000E+00  0.0000000E+00  0.0000000E+00  0.0000000E+00
    o16     16   7.0754206E-05  1.0845927E-04  3.7705064E-05  2.7340837E-04  9.5072355E-05  4.5875752E-01
    o17     17   1.0458231E-07  1.1980262E-07  1.5220305E-08  3.0200312E-07  3.8377614E-08  8.9593345E-01
    o18     18  -2.6435458E-09  8.2192848E-08  8.4836394E-08  2.0719493E-07  2.1391281E-07 -1.3857711E-02
    o19     19   0.0000000E+00  0.0000000E+00  0.0000000E+00  0.0000000E+00  0.0000000E+00  0.0000000E+00
    f17     17   0.0000000E+00  0.0000000E+00  0.0000000E+00  0.0000000E+00  0.0000000E+00  0.0000000E+00
    f18     18   0.0000000E+00  0.0000000E+00  0.0000000E+00  0.0000000E+00  0.0000000E+00  0.0000000E+00
    f19     19   1.7390117E-07  1.7634423E-07  2.4430562E-09  4.4453540E-07  6.1601044E-09  1.8583183E+00
    f20     20   0.0000000E+00  0.0000000E+00  0.0000000E+00  0.0000000E+00  0.0000000E+00  0.0000000E+00
   ne19     19   0.0000000E+00  0.0000000E+00  0.0000000E+00  0.0000000E+00  0.0000000E+00  0.0000000E+00
   ne20     20   1.0221911E-06  8.7566750E-06  7.7344839E-06  2.2074168E-05  1.9502304E-05  5.3798392E-02
   ne21     21   1.1475395E-07  1.3422165E-07  1.9467707E-08  3.3835116E-07  4.9087333E-08  8.3839822E-01
   ne22     22   1.3436782E-04  1.3499342E-04  6.2559417E-07  3.4029665E-04  1.5774197E-06  2.3339107E+00
   ne23     23   0.0000000E+00  0.0000000E+00  0.0000000E+00  0.0000000E+00  0.0000000E+00  0.0000000E+00
   na21     21   0.0000000E+00  0.0000000E+00  0.0000000E+00  0.0000000E+00  0.0000000E+00  0.0000000E+00
   na22     22   1.4070880E-25  1.4070880E-25  0.0000000E+00  3.5470423E-25  0.0000000E+00  0.0000000E+00
   na23     23   1.6580276E-06  1.8674039E-06  2.0937625E-07  4.7074245E-06  5.2793689E-07  9.5020133E-01
   na24     24   0.0000000E+00  0.0000000E+00  0.0000000E+00  0.0000000E+00  0.0000000E+00  0.0000000E+00
   mg23     23   0.0000000E+00  0.0000000E+00  0.0000000E+00  0.0000000E+00  0.0000000E+00  0.0000000E+00
   mg24     24   1.3618130E-06  5.0513013E-06  3.6894883E-06  1.2733517E-05  9.3029503E-06  1.3632768E-01
   mg25     25   2.7520741E-07  7.6175206E-07  4.8654465E-07  1.9202544E-06  1.2268100E-06  1.9458145E-01
   mg26     26   3.4152202E-07  8.9863471E-07  5.5711268E-07  2.2653135E-06  1.4047455E-06  2.0753065E-01
   mg27     27   0.0000000E+00  0.0000000E+00  0.0000000E+00  0.0000000E+00  0.0000000E+00  0.0000000E+00
   al25     25   0.0000000E+00  0.0000000E+00  0.0000000E+00  0.0000000E+00  0.0000000E+00  0.0000000E+00
   al-6     26   0.0000000E+00  0.0000000E+00  0.0000000E+00  0.0000000E+00  0.0000000E+00  0.0000000E+00
   al*6     26   0.0000000E+00  0.0000000E+00  0.0000000E+00  0.0000000E+00  0.0000000E+00  0.0000000E+00
   al27     27   6.8498821E-08  4.2376371E-07  3.5526489E-07  1.0682401E-06  8.9579135E-07  7.6461986E-02
   al28     28   0.0000000E+00  0.0000000E+00  0.0000000E+00  0.0000000E+00  0.0000000E+00  0.0000000E+00
   si27     27   0.0000000E+00  0.0000000E+00  0.0000000E+00  0.0000000E+00  0.0000000E+00  0.0000000E+00
   si28     28   4.8080892E-08  4.1333114E-06  4.0852306E-06  1.0419412E-05  1.0300805E-05  4.9720295E-03
   si29     29   3.4987551E-09  2.1835369E-07  2.1485494E-07  5.5043449E-07  5.4175126E-07  6.9056968E-03
   si30     30   7.5289108E-09  1.5404200E-07  1.4651309E-07  3.8831507E-07  3.6942902E-07  2.1653254E-02
    p31     31   1.2436967E-08  5.3226636E-08  4.0789669E-08  1.3417578E-07  1.0285012E-07  1.1546932E-01
    p32     32   0.0000000E+00  0.0000000E+00  0.0000000E+00  0.0000000E+00  0.0000000E+00  0.0000000E+00
    p33     33   0.0000000E+00  0.0000000E+00  0.0000000E+00  0.0000000E+00  0.0000000E+00  0.0000000E+00
    s32     32  -3.8678536E-09  1.9538079E-06  1.9576757E-06  4.9252353E-06  4.9362297E-06 -9.6838572E-04
    s33     33   3.2427927E-10  1.6486993E-08  1.6162714E-08  4.1561055E-08  4.0753871E-08  8.5176760E-03
    s34     34   1.5532606E-09  9.5551300E-08  9.3998040E-08  2.4086944E-07  2.3701368E-07  7.0082573E-03
    s35     35   0.0000000E+00  0.0000000E+00  0.0000000E+00  0.0000000E+00  0.0000000E+00  0.0000000E+00
    s36     36   3.8495401E-10  8.4894825E-10  4.6399423E-10  2.1400619E-09  1.1699497E-09  2.6225913E-01
   cl35     35  -1.1064394E-10  1.9971525E-08  2.0082169E-08  5.0344998E-08  5.0636675E-08 -2.5088526E-03
   cl36     36   0.0000000E+00  0.0000000E+00  0.0000000E+00  0.0000000E+00  0.0000000E+00  0.0000000E+00
   cl37     37   1.0374328E-09  7.8225408E-09  6.7851080E-09  1.9719366E-08  1.7108476E-08  6.1681602E-02
   ar36     36  -2.7223166E-09  3.7123718E-07  3.7395949E-07  9.3582912E-07  9.4292932E-07 -3.2825747E-03
   ar37     37   0.0000000E+00  0.0000000E+00  0.0000000E+00  0.0000000E+00  0.0000000E+00  0.0000000E+00
   ar38     38   7.5025497E-10  7.2521551E-08  7.1771296E-08  1.8281516E-07  1.8096949E-07  4.4068107E-03
   ar39     39   5.1113844E-14  5.1113844E-14  0.0000000E+00  1.2884977E-13  0.0000000E+00  0.0000000E+00
   ar40     40   3.9089926E-10  5.1173088E-10  1.2083161E-10  1.2899911E-09  3.0467381E-10  6.2675160E-01
    k39     39   1.4341417E-10  1.9612786E-08  1.9469372E-08  4.9440676E-08  4.9091526E-08  3.0778334E-03
    k40     40  -3.1517219E-12  0.0000000E+00  3.1517219E-12  0.0000000E+00  7.9469868E-12  0.0000000E+00
    k41     41   1.1192680E-10  1.5890028E-09  1.4770760E-09  4.0056203E-09  3.7244097E-09  3.1612296E-02
   ca40     40  -2.1053097E-09  3.3497972E-07  3.3708503E-07  8.4442991E-07  8.4995133E-07 -2.8304374E-03
   ca41     41   0.0000000E+00  0.0000000E+00  0.0000000E+00  0.0000000E+00  0.0000000E+00  0.0000000E+00
   ca42     42   1.2161361E-10  2.4839397E-09  2.3623261E-09  6.2616121E-09  5.9565455E-09  2.1691669E-02
   ca43     43   2.9394154E-11  5.3403265E-10  5.0463850E-10  1.3462104E-09  1.2724332E-09  2.4477925E-02
   ca44     44   1.0464873E-10  8.0837568E-09  7.9791080E-09  2.0377849E-08  2.0119119E-08  5.5493438E-03
   ca45     45   0.0000000E+00  0.0000000E+00  0.0000000E+00  0.0000000E+00  0.0000000E+00  0.0000000E+00
   ca46     46   1.0523829E-10  1.2123413E-10  1.5995847E-11  3.0561173E-10  4.0333122E-11  8.7950820E-01
   ca47     47   0.0000000E+00  0.0000000E+00  0.0000000E+00  0.0000000E+00  0.0000000E+00  0.0000000E+00
   ca48     48  -1.3644086E-12  7.7895185E-10  7.8031626E-10  1.9636122E-09  1.9675475E-09 -8.6949940E-04
   sc45     45   2.6826694E-11  2.5193883E-10  2.2511214E-10  6.3509720E-10  5.6761457E-10  4.8786670E-02
   sc46     46   0.0000000E+00  0.0000000E+00  0.0000000E+00  0.0000000E+00  0.0000000E+00  0.0000000E+00
   sc47     47   0.0000000E+00  0.0000000E+00  0.0000000E+00  0.0000000E+00  0.0000000E+00  0.0000000E+00
   sc48     48  -2.4779421E-34  1.4173161E-31  1.4197941E-31  3.5728257E-31  3.5799746E-31  0.0000000E+00
   ti46     46   1.3787749E-11  1.3891032E-09  1.3753154E-09  3.5017054E-09  3.4678229E-09  4.2226845E-03
   ti47     47   3.9560577E-12  1.2712084E-09  1.2672523E-09  3.2045115E-09  3.1953447E-09  1.2441596E-03
   ti48     48  -1.0081980E-10  1.2722871E-08  1.2823691E-08  3.2072307E-08  3.2334611E-08 -3.5374742E-03
   ti49     49   8.7535201E-11  1.0482170E-09  9.6068176E-10  2.6423861E-09  2.4223346E-09  3.7762139E-02
   ti50     50   4.0985915E-10  1.3484847E-09  9.3862551E-10  3.3993126E-09  2.3667204E-09  1.5724418E-01
    v51     51  -4.6418425E-12  2.0639253E-09  2.0685671E-09  5.2028231E-09  5.2158393E-09 -1.0851483E-03
   cr52     52  -4.6329518E-10  8.4333465E-08  8.4796760E-08  2.1259109E-07  2.1381287E-07 -2.4887796E-03
   cr53     53  -5.5677241E-11  9.7444559E-09  9.8001331E-09  2.4564205E-08  2.4710786E-08 -2.5838688E-03
   cr54     54   2.6800584E-10  2.7534970E-09  2.4854911E-09  6.9411223E-09  6.2671028E-09  4.4362884E-02
   mn55     55   1.4711077E-10  7.4202305E-08  7.4055194E-08  1.8705207E-07  1.8672829E-07  7.5242243E-04
   fe54     54  -5.2810378E-09  4.8266344E-07  4.8794448E-07  1.2167168E-06  1.2303394E-06 -4.8354226E-03
   fe55     55   1.3390817E-34  1.3390817E-34  0.0000000E+00  3.3756095E-34  0.0000000E+00  0.0000000E+00
   fe56     56  -5.4475095E-08  7.8887861E-06  7.9432612E-06  1.9886360E-05  2.0028732E-05 -3.0981593E-03
   fe57     57   7.0517814E-09  1.9377296E-07  1.8672118E-07  4.8847045E-07  4.7081269E-07  1.5990162E-02
   fe58     58   1.2447376E-08  3.7732594E-08  2.5285217E-08  9.5117791E-08  6.3756033E-08  1.7374051E-01
   fe59     59   0.0000000E+00  0.0000000E+00  0.0000000E+00  0.0000000E+00  0.0000000E+00  0.0000000E+00
   fe60     60   0.0000000E+00  0.0000000E+00  0.0000000E+00  0.0000000E+00  0.0000000E+00  0.0000000E+00
   co59     59   3.2166980E-09  2.2716796E-08  1.9500098E-08  5.7265385E-08  4.9169000E-08  6.6200793E-02
   co60     60   1.4689492E-15  1.4689492E-15  0.0000000E+00  3.7029845E-15  0.0000000E+00  0.0000000E+00
   ni58     58  -3.0460683E-09  2.7596172E-07  2.7900779E-07  6.9565505E-07  7.0351103E-07 -4.8769917E-03
   ni59     59   0.0000000E+00  0.0000000E+00  0.0000000E+00  0.0000000E+00  0.0000000E+00  0.0000000E+00
   ni60     60   2.1705304E-09  1.1335100E-07  1.1118047E-07  2.8573962E-07  2.8033872E-07  8.2873385E-03
   ni61     61   1.2679813E-09  6.1815717E-09  4.9135904E-09  1.5582748E-08  1.2389493E-08  9.9590510E-02
   ni62     62   2.7123495E-09  1.8635255E-08  1.5922906E-08  4.6976478E-08  4.0149203E-08  6.8203501E-02
   ni63     63   0.0000000E+00  0.0000000E+00  0.0000000E+00  0.0000000E+00  0.0000000E+00  0.0000000E+00
   ni64     64   5.7773448E-09  9.9633617E-09  4.1860169E-09  2.5116030E-08  1.0554935E-08  3.7649545E-01
   cu63     63   1.6992008E-09  5.1541922E-09  3.4549914E-09  1.2992889E-08  8.7116732E-09  1.7360416E-01
   cu64     64   0.0000000E+00  0.0000000E+00  0.0000000E+00  0.0000000E+00  0.0000000E+00  0.0000000E+00
   cu65     65   1.2590771E-09  2.8478819E-09  1.5888049E-09  7.1790516E-09  4.0061314E-09  2.5334191E-01
   zn64     64   6.3601124E-11  5.9830558E-09  5.9194547E-09  1.5082321E-08  1.4925755E-08  4.5318408E-03
   zn65     65   0.0000000E+00  0.0000000E+00  0.0000000E+00  0.0000000E+00  0.0000000E+00  0.0000000E+00
   zn66     66   1.3036752E-09  4.8058397E-09  3.5021646E-09  1.2114748E-08  8.8306189E-09  1.3732323E-01
   zn67     67   2.9017655E-10  8.1262097E-10  5.2244442E-10  2.0484867E-09  1.3173304E-09  1.9173849E-01
   zn68     68   1.9514319E-09  4.3763402E-09  2.4249083E-09  1.1032049E-08  6.1143446E-09  2.5630629E-01
   zn69     69   0.0000000E+00  0.0000000E+00  0.0000000E+00  0.0000000E+00  0.0000000E+00  0.0000000E+00
   zn70     70   8.1082502E-12  9.0651334E-11  8.2543083E-11  2.2851741E-10  2.0813029E-10  4.0584020E-02
   ga69     69   3.0067082E-10  5.2298632E-10  2.2231551E-10  1.3183643E-09  5.6056293E-10  3.7141109E-01
   ga70     70   0.0000000E+00  0.0000000E+00  0.0000000E+00  0.0000000E+00  0.0000000E+00  0.0000000E+00
   ga71     71   3.1807545E-10  4.6989590E-10  1.5182045E-10  1.1845319E-09  3.8281142E-10  4.9056187E-01
   ge70     70   5.0135074E-10  7.4862666E-10  2.4727589E-10  1.8871673E-09  6.2349986E-10  4.8097402E-01
   ge71     71   0.0000000E+00  0.0000000E+00  0.0000000E+00  0.0000000E+00  0.0000000E+00  0.0000000E+00
   ge72     72   5.8390248E-10  9.2001284E-10  3.3611033E-10  2.3192042E-09  8.4749363E-10  4.3720254E-01
   ge73     73   1.7087420E-10  2.6652694E-10  9.5652743E-11  6.7187150E-10  2.4118596E-10  4.4493422E-01
   ge74     74   8.0927143E-10  1.2643498E-09  4.5507839E-10  3.1872223E-09  1.1474686E-09  4.4367158E-01
   as75     75   7.4330181E-11  1.4104856E-10  6.6718381E-11  3.5556072E-10  1.6822871E-10  3.2501370E-01
   se76     76   2.7113453E-10  3.4059444E-10  6.9459910E-11  8.5858376E-10  1.7514140E-10  6.9039387E-01
   se77     77   1.0831025E-10  1.6561708E-10  5.7306822E-11  4.1749398E-10  1.4449771E-10  4.6078932E-01
   se78     78   7.4874129E-10  9.2958824E-10  1.8084692E-10  2.3433422E-09  4.5600090E-10  7.1087003E-01
   se79     79   0.0000000E+00  0.0000000E+00  0.0000000E+00  0.0000000E+00  0.0000000E+00  0.0000000E+00
   se80     80   1.0281984E-09  1.4153202E-09  3.8712178E-10  3.5677943E-09  9.7611774E-10  5.6289762E-01
   br79     79   1.6816230E-10  2.3006921E-10  6.1906910E-11  5.7996746E-10  1.5609669E-10  5.7000995E-01
   br80     80   0.0000000E+00  0.0000000E+00  0.0000000E+00  0.0000000E+00  0.0000000E+00  0.0000000E+00
   br81     81   1.3878299E-10  2.0053072E-10  6.1747739E-11  5.0550564E-10  1.5569536E-10  5.1145035E-01
   kr80     80   1.0698213E-13  1.4860248E-11  1.4753266E-11  3.7460292E-11  3.7199986E-11  3.0283264E-03
   kr81     81   0.0000000E+00  0.0000000E+00  0.0000000E+00  0.0000000E+00  0.0000000E+00  0.0000000E+00
   kr82     82   5.3735849E-10  6.1312999E-10  7.5771472E-11  1.5456020E-09  1.9105584E-10  9.0793741E-01
   kr83     83   1.8194177E-10  2.5792343E-10  7.5981672E-11  6.5018346E-10  1.9158586E-10  5.3067249E-01
   kr84     84   1.4006328E-09  1.7796007E-09  3.7896786E-10  4.4860866E-09  9.5555786E-10  6.7161071E-01
   kr-5     85   3.1867064E-21  3.1867064E-21  0.0000000E+00  8.0331734E-21  0.0000000E+00  0.0000000E+00
   kr*5     85   0.0000000E+00  0.0000000E+00  0.0000000E+00  0.0000000E+00  0.0000000E+00  0.0000000E+00
   kr86     86   4.7725868E-09  4.8899205E-09  1.1733362E-10  1.2326702E-08  2.9585373E-10  1.6197699E+00
   rb85     85   4.0217699E-10  4.6368434E-10  6.1507362E-11  1.1688736E-09  1.5508925E-10  8.7718582E-01
   rb86     86   0.0000000E+00  0.0000000E+00  0.0000000E+00  0.0000000E+00  0.0000000E+00  0.0000000E+00
   rb87     87   6.3214389E-10  6.5805172E-10  2.5907842E-11  1.6588424E-09  6.5325960E-11  1.4047195E+00
   sr86     86   4.0772988E-10  4.3643139E-10  2.8701501E-11  1.1001733E-09  7.2370103E-11  1.1819019E+00
   sr87     87   2.7107386E-10  2.9136507E-10  2.0291215E-11  7.3448442E-10  5.1163778E-11  1.1570201E+00
   sr88     88   3.9683368E-09  4.2144062E-09  2.4606958E-10  1.0623840E-08  6.2045818E-10  1.2335690E+00
   sr89     89   0.0000000E+00  0.0000000E+00  0.0000000E+00  0.0000000E+00  0.0000000E+00  0.0000000E+00
   sr90     90   4.7907737E-18  4.7907737E-18  0.0000000E+00  1.2076769E-17  0.0000000E+00  0.0000000E+00
    y89     89   1.0999134E-09  1.1586078E-09  5.8694355E-11  2.9206637E-09  1.4799632E-10  1.2952306E+00
    y90     90   1.2115498E-21  1.2115498E-21  0.0000000E+00  3.0541219E-21  0.0000000E+00  0.0000000E+00
    y91     91   0.0000000E+00  0.0000000E+00  0.0000000E+00  0.0000000E+00  0.0000000E+00  0.0000000E+00
   zr90     90   1.0236102E-09  1.0935649E-09  6.9954743E-11  2.7567011E-09  1.7638910E-10  1.1939180E+00
   zr91     91   2.6472596E-10  2.8015068E-10  1.5424707E-11  7.0621475E-10  3.8893007E-11  1.2590653E+00
   zr92     92   4.1681147E-10  4.4064771E-10  2.3836240E-11  1.1108019E-09  6.0102472E-11  1.2667444E+00
   zr93     93   0.0000000E+00  0.0000000E+00  0.0000000E+00  0.0000000E+00  0.0000000E+00  0.0000000E+00
   zr94     94   4.8317245E-10  5.0785376E-10  2.4681309E-11  1.2802176E-09  6.2233295E-11  1.3132610E+00
   zr95     95   0.0000000E+00  0.0000000E+00  0.0000000E+00  0.0000000E+00  0.0000000E+00  0.0000000E+00
   zr96     96   6.9421358E-11  7.3482234E-11  4.0608749E-12  1.8523688E-10  1.0239394E-11  1.2574533E+00
   nb93     93   1.4714864E-10  1.5780674E-10  1.0658097E-11  3.9780537E-10  2.6874119E-11  1.1703365E+00
   nb94     94   3.8767067E-16  3.8767067E-16  0.0000000E+00  9.7725537E-16  0.0000000E+00  0.0000000E+00
   nb95     95   0.0000000E+00  0.0000000E+00  0.0000000E+00  0.0000000E+00  0.0000000E+00  0.0000000E+00
   mo94     94   4.3391289E-14  3.3836955E-12  3.3403042E-12  8.5297516E-12  8.4224919E-12  5.4957215E-03
   mo95     95   6.0612883E-11  6.6455577E-11  5.8426961E-12  1.6752381E-10  1.4732210E-11  1.0558087E+00
   mo96     96   1.1858080E-10  1.2479581E-10  6.2150090E-12  3.1459016E-10  1.5670987E-11  1.3026489E+00
   mo97     97   3.9155526E-11  4.2771158E-11  3.6156308E-12  1.0781920E-10  9.1167213E-12  1.0728575E+00
   mo98     98   1.3186684E-10  1.4114904E-10  9.2822026E-12  3.5581399E-10  2.3404839E-11  1.1819173E+00
   tc99     99   0.0000000E+00  0.0000000E+00  0.0000000E+00  0.0000000E+00  0.0000000E+00  0.0000000E+00
   ru99     99   1.6671723E-11  1.9912677E-11  3.2409539E-12  5.0196652E-11  8.1719831E-12  7.8834730E-01
  ru100    100   6.2868162E-11  6.6100785E-11  3.2326210E-12  1.6662943E-10  8.1509712E-12  1.3105425E+00
  ru101    101   1.3486930E-11  1.7907608E-11  4.4206769E-12  4.5142196E-11  1.1146624E-11  6.0743940E-01
  ru102    102   8.5263629E-11  9.3519845E-11  8.2562152E-12  2.3574848E-10  2.0817837E-11  1.0540134E+00
  rh103    103   1.4285709E-11  1.9558313E-11  5.2726044E-12  4.9303360E-11  1.3294738E-11  5.6919676E-01
  pd104    104   4.6341934E-11  4.8649265E-11  2.3073299E-12  1.2263697E-10  5.8178735E-12  1.3238572E+00
  pd105    105   1.1685275E-11  1.6354711E-11  4.6694358E-12  4.1227594E-11  1.1773864E-11  5.4426903E-01
  pd106    106   5.3063630E-11  5.8833056E-11  5.7694275E-12  1.4830866E-10  1.4547465E-11  1.0083792E+00
  pd107    107   0.0000000E+00  0.0000000E+00  0.0000000E+00  0.0000000E+00  0.0000000E+00  0.0000000E+00
  pd108    108   6.6644391E-11  7.2335561E-11  5.6911706E-12  1.8234630E-10  1.4350143E-11  1.1040407E+00
  ag107    107   1.0448371E-11  1.4367864E-11  3.9194919E-12  3.6219069E-11  9.8828992E-12  5.6405294E-01
  ag108    108   0.0000000E+00  0.0000000E+00  0.0000000E+00  0.0000000E+00  0.0000000E+00  0.0000000E+00
  ag109    109   1.6712541E-11  2.0421956E-11  3.7094152E-12  5.1480462E-11  9.3531953E-12  7.4068248E-01
  cd108    108   2.0358606E-15  2.2182119E-13  2.1978533E-13  5.5917548E-13  5.5418311E-13  3.8948362E-03
  cd109    109   0.0000000E+00  0.0000000E+00  0.0000000E+00  0.0000000E+00  0.0000000E+00  0.0000000E+00
  cd110    110   5.7088702E-11  6.0230244E-11  3.1415443E-12  1.5183074E-10  7.9213242E-12  1.2825620E+00
  cd111    111   1.8902517E-11  2.2151276E-11  3.2487583E-12  5.5839798E-11  8.1916609E-12  8.3357191E-01
  cd112    112   7.1668657E-11  7.7848276E-11  6.1796197E-12  1.9624297E-10  1.5581755E-11  1.1001778E+00
  cd113    113   2.1031579E-11  2.4189012E-11  3.1574333E-12  6.0976606E-11  7.9613876E-12  8.8417447E-01
  cd114    114   1.0293839E-10  1.1042742E-10  7.4890242E-12  2.7836974E-10  1.8883384E-11  1.1685423E+00
  in115    115   1.9727841E-11  2.2551704E-11  2.8238631E-12  5.6849213E-11  7.1202987E-12  9.0222627E-01
  sn116    116   1.4355948E-10  1.5239442E-10  8.8349328E-12  3.8416179E-10  2.2277060E-11  1.2366563E+00
  sn117    117   4.1267687E-11  4.5974578E-11  4.7068907E-12  1.1589451E-10  1.1868306E-11  9.8967421E-01
  sn118    118   1.9752297E-10  2.1187567E-10  1.4352701E-11  5.3410443E-10  3.6189971E-11  1.1690381E+00
  sn119    119   5.6684650E-11  6.2039270E-11  5.3546208E-12  1.5639101E-10  1.3501540E-11  1.0638285E+00
  sn120    120   3.0802247E-10  3.2850184E-10  2.0479375E-11  8.2810026E-10  5.1638221E-11  1.2051117E+00
  sb121    121   2.1920611E-11  2.5078821E-11  3.1582098E-12  6.3219673E-11  7.9633453E-12  8.9975667E-01
  te122    122   3.7922897E-11  4.0022225E-11  2.0993290E-12  1.0088959E-10  5.2934050E-12  1.2801113E+00
  te123    123   1.3927729E-11  1.4666450E-11  7.3872196E-13  3.6971759E-11  1.8626687E-12  1.2977346E+00
  te124    124   7.2855888E-11  7.6822222E-11  3.9663329E-12  1.9365645E-10  1.0001008E-11  1.2869883E+00
  te125    125   2.4451389E-11  3.0415098E-11  5.9637091E-12  7.6671565E-11  1.5037341E-11  7.0746326E-01
  te126    126   1.3563696E-10  1.5165610E-10  1.6019143E-11  3.8230061E-10  4.0391860E-11  9.7611117E-01
   i127    127   1.7554187E-11  3.7644433E-11  2.0090245E-11  9.4895550E-11  5.0657041E-11  2.7260610E-01
   i128    128   0.0000000E+00  0.0000000E+00  0.0000000E+00  0.0000000E+00  0.0000000E+00  0.0000000E+00
   i129    129   2.6632991E-14  2.6632991E-14  0.0000000E+00  6.7137485E-14  0.0000000E+00  0.0000000E+00
  xe128    128   4.2801832E-11  4.4971780E-11  2.1699482E-12  1.1336661E-10  5.4714692E-12  1.3163813E+00
  xe129    129   1.6344773E-11  4.3585767E-11  2.7240994E-11  1.0987270E-10  6.8687472E-11  2.0401227E-01
  xe130    130   8.6418366E-11  9.0825993E-11  4.4076262E-12  2.2895770E-10  1.1113718E-11  1.3138959E+00
  xe131    131   3.2709131E-11  5.4726969E-11  2.2017839E-11  1.3795788E-10  5.5517424E-11  3.9531723E-01
  xe132    132   1.6971606E-10  1.9683291E-10  2.7116849E-11  4.9618409E-10  6.8374445E-11  8.6074907E-01
  xe133    133   0.0000000E+00  0.0000000E+00  0.0000000E+00  0.0000000E+00  0.0000000E+00  0.0000000E+00
  xe134    134   9.0486160E-12  1.9212732E-11  1.0164116E-11  4.8432203E-11  2.5628560E-11  2.7641004E-01
  cs133    133   2.2435786E-11  2.9564958E-11  7.1291727E-12  7.4528501E-11  1.7976029E-11  6.1762869E-01
  cs134    134   0.0000000E+00  0.0000000E+00  0.0000000E+00  0.0000000E+00  0.0000000E+00  0.0000000E+00
  cs135    135   0.0000000E+00  0.0000000E+00  0.0000000E+00  0.0000000E+00  0.0000000E+00  0.0000000E+00
  cs136    136   0.0000000E+00  0.0000000E+00  0.0000000E+00  0.0000000E+00  0.0000000E+00  0.0000000E+00
  cs137    137   0.0000000E+00  0.0000000E+00  0.0000000E+00  0.0000000E+00  0.0000000E+00  0.0000000E+00
  ba134    134   2.4705068E-11  2.6890632E-11  2.1855649E-12  6.7786957E-11  5.5108461E-12  1.0899279E+00
  ba135    135   5.9506303E-11  6.5511631E-11  6.0053273E-12  1.6514427E-10  1.5142280E-11  1.0376723E+00
  ba136    136   1.6988520E-10  1.7709323E-10  7.2080211E-12  4.4642351E-10  1.8174842E-11  1.3902766E+00
  ba137    137   1.5312568E-10  1.6350966E-10  1.0383987E-11  4.1218154E-10  2.6182959E-11  1.1970699E+00
  ba138    138   1.9873181E-09  2.0540871E-09  6.6769056E-11  5.1780229E-09  1.6835647E-10  1.4879344E+00
  la139    139   2.3748317E-10  2.4664137E-10  9.1582080E-12  6.2174321E-10  2.3092190E-11  1.4301460E+00
  ce140    140   7.3656503E-10  7.5755480E-10  2.0989790E-11  1.9096738E-09  5.2925220E-11  1.5572965E+00
  ce141    141   0.0000000E+00  0.0000000E+00  0.0000000E+00  0.0000000E+00  0.0000000E+00  0.0000000E+00
  ce142    142   1.4485104E-11  1.7160270E-11  2.6751656E-12  4.3258275E-11  6.7453621E-12  8.0706394E-01
  pr141    141   6.8934185E-11  7.2551673E-11  3.6174863E-12  1.8289109E-10  9.1213998E-12  1.3021311E+00
  nd142    142   2.1009378E-10  2.1491932E-10  4.8255462E-12  5.4177701E-10  1.2167492E-11  1.6486195E+00
  nd143    143   3.0304710E-11  3.2465156E-11  2.1604441E-12  8.1839431E-11  5.4475049E-12  1.1767651E+00
  nd144    144   9.6960225E-11  1.0125389E-10  4.2936687E-12  2.5524477E-10  1.0826377E-11  1.3724738E+00
  nd145    145   1.7773380E-11  1.9370063E-11  1.5966824E-12  4.8828809E-11  4.0259939E-12  1.0838031E+00
  nd146    146   9.0181709E-11  9.3324397E-11  3.1426873E-12  2.3525579E-10  7.9242064E-12  1.4725846E+00
  nd147    147   0.0000000E+00  0.0000000E+00  0.0000000E+00  0.0000000E+00  0.0000000E+00  0.0000000E+00
  nd148    148   7.1969739E-12  8.2599934E-12  1.0630195E-12  2.0822113E-11  2.6803765E-12  8.9032906E-01
  pm147    147   5.5362365E-37  5.5362365E-37  0.0000000E+00  1.3955961E-36  0.0000000E+00  0.0000000E+00
  pm148    148   0.0000000E+00  0.0000000E+00  0.0000000E+00  0.0000000E+00  0.0000000E+00  0.0000000E+00
  sm147    147   1.0678248E-11  1.1533921E-11  8.5567220E-13  2.9075157E-11  2.1575556E-12  1.1295601E+00
  sm148    148   2.4453391E-11  2.5099365E-11  6.4597448E-13  6.3271458E-11  1.6288083E-12  1.5893379E+00
  sm149    149   3.9434155E-12  4.7430350E-12  7.9961959E-13  1.1956427E-11  2.0162205E-12  7.7306342E-01
  sm150    150   1.8724090E-11  1.9153960E-11  4.2986944E-13  4.8284047E-11  1.0839048E-12  1.6488127E+00
  sm151    151   5.6802569E-16  5.6802569E-16  0.0000000E+00  1.4319014E-15  0.0000000E+00  0.0000000E+00
  sm152    152   1.6985137E-11  1.8564077E-11  1.5789400E-12  4.6797049E-11  3.9812572E-12  1.0701983E+00
  eu151    151   2.7487899E-12  3.7903508E-12  1.0415609E-12  9.5548638E-12  2.6262694E-12  5.6088525E-01
  eu152    152   3.4902764E-24  3.4902764E-24  0.0000000E+00  8.7984252E-24  0.0000000E+00  0.0000000E+00
  eu153    153   3.2325223E-12  4.3845656E-12  1.1520433E-12  1.1052784E-11  2.9048480E-12  5.8034825E-01
  eu154    154   3.6613070E-24  3.6613070E-24  0.0000000E+00  9.2295653E-24  0.0000000E+00  0.0000000E+00
  eu155    155   4.0452028E-29  4.0452028E-29  0.0000000E+00  1.0197304E-28  0.0000000E+00  0.0000000E+00
  gd152    152   1.2656383E-15  1.6473403E-14  1.5207765E-14  4.1526797E-14  3.8345995E-14  3.4608405E-02
  gd153    153   0.0000000E+00  0.0000000E+00  0.0000000E+00  0.0000000E+00  0.0000000E+00  0.0000000E+00
  gd154    154   1.9965247E-12  2.1644717E-12  1.6794710E-13  5.4562847E-12  4.2347435E-13  1.1100700E+00
  gd155    155   5.6206398E-12  6.7682296E-12  1.1475898E-12  1.7061618E-11  2.8936187E-12  7.7057892E-01
  gd156    156   1.3249707E-11  1.4847156E-11  1.5974496E-12  3.7427290E-11  4.0279286E-12  9.6810669E-01
  gd157    157   6.2093204E-12  7.4384483E-12  1.2291278E-12  1.8751131E-11  3.0992142E-12  7.8177589E-01
  gd158    158   2.5131446E-11  2.7094802E-11  1.9633559E-12  6.8301635E-11  4.9505517E-12  1.1397775E+00
  gd159    159   0.0000000E+00  0.0000000E+00  0.0000000E+00  0.0000000E+00  0.0000000E+00  0.0000000E+00
  gd160    160   7.3970474E-13  2.4893958E-12  1.7496911E-12  6.2753661E-12  4.4118017E-12  1.5302309E-01
  tb159    159   5.3285909E-12  6.8097090E-12  1.4811183E-12  1.7166180E-11  3.7346020E-12  6.6242933E-01
  tb160    160   0.0000000E+00  0.0000000E+00  0.0000000E+00  0.0000000E+00  0.0000000E+00  0.0000000E+00
  tb161    161   0.0000000E+00  0.0000000E+00  0.0000000E+00  0.0000000E+00  0.0000000E+00  0.0000000E+00
  dy160    160   5.8939195E-12  6.1180379E-12  2.2411843E-13  1.5422589E-11  5.6510889E-13  1.4360253E+00
  dy161    161   3.9238283E-12  5.7528856E-12  1.8290571E-12  1.4502098E-11  4.6119211E-12  4.9754900E-01
  dy162    162   1.8001366E-11  2.0483492E-11  2.4821258E-12  5.1635585E-11  6.2586169E-12  9.1647077E-01
  dy163    163   7.6726923E-12  1.0113355E-11  2.4406618E-12  2.5494138E-11  6.1540673E-12  6.1727810E-01
  dy164    164   3.8202407E-11  4.0989805E-11  2.7874005E-12  1.0332870E-10  7.0283597E-12  1.1673670E+00
  ho165    165   7.1110262E-12  9.2820890E-12  2.1710630E-12  2.3398651E-11  5.4742803E-12  6.3086385E-01
  er166    166   1.6333030E-11  1.8395487E-11  2.0624559E-12  4.6372059E-11  5.2004304E-12  9.5021713E-01
  er167    167   6.5582483E-12  7.9745290E-12  1.4162807E-12  2.0102503E-11  3.5711156E-12  7.5044620E-01
  er168    168   2.5668866E-11  2.7349621E-11  1.6807536E-12  6.8943989E-11  4.2379772E-12  1.2113379E+00
  er169    169   0.0000000E+00  0.0000000E+00  0.0000000E+00  0.0000000E+00  0.0000000E+00  0.0000000E+00
  er170    170   5.7791046E-12  6.7190745E-12  9.3996978E-13  1.6937705E-11  2.3701098E-12  8.5408610E-01
  tm169    169   6.3219365E-12  7.3152213E-12  9.9328488E-13  1.8440496E-11  2.5045426E-12  8.6704415E-01
  tm170    170   0.0000000E+00  0.0000000E+00  0.0000000E+00  0.0000000E+00  0.0000000E+00  0.0000000E+00
  tm171    171   0.0000000E+00  0.0000000E+00  0.0000000E+00  0.0000000E+00  0.0000000E+00  0.0000000E+00
  yb170    170   7.8794436E-12  8.0673081E-12  1.8786471E-13  2.0336385E-11  4.7369611E-13  1.6327740E+00
  yb171    171   1.1478837E-11  1.2372341E-11  8.9350359E-13  3.1188680E-11  2.2529465E-12  1.1412462E+00
  yb172    172   2.8935878E-11  3.0319421E-11  1.3835419E-12  7.6430376E-11  3.4885656E-12  1.3406191E+00
  yb173    173   1.2951820E-11  1.3984722E-11  1.0329023E-12  3.5253234E-11  2.6044368E-12  1.1314852E+00
  yb174    174   6.0276187E-11  6.2342936E-11  2.0667498E-12  1.5715651E-10  5.2112572E-12  1.4793900E+00
  lu175    175   7.8536986E-12  8.7865236E-12  9.3282500E-13  2.2149411E-11  2.3520944E-12  9.7390741E-01
  lu176    176   5.8914909E-12  5.9187195E-12  2.7228452E-14  1.4920138E-11  6.8655849E-14  2.3370953E+00
  lu177    177   0.0000000E+00  0.0000000E+00  0.0000000E+00  0.0000000E+00  0.0000000E+00  0.0000000E+00
  hf176    176  -8.3376502E-16  2.0867748E-13  2.0951124E-13  5.2604232E-13  5.2827729E-13 -1.8412578E-03
  hf177    177   6.4178459E-12  7.1708828E-12  7.5303690E-13  1.8076641E-11  1.8987633E-12  9.7864693E-01
  hf178    178   3.0970441E-11  3.2081431E-11  1.1109884E-12  8.0872121E-11  2.8013288E-12  1.4604348E+00
  hf179    179   1.0827480E-11  1.1385314E-11  5.5783411E-13  2.8700542E-11  1.4065644E-12  1.3097305E+00
  hf180    180   6.3619734E-11  6.5064371E-11  1.4446395E-12  1.6401680E-10  3.6426218E-12  1.6534743E+00
  hf181    181   0.0000000E+00  0.0000000E+00  0.0000000E+00  0.0000000E+00  0.0000000E+00  0.0000000E+00
  hf182    182   1.2772853E-11  1.2772853E-11  0.0000000E+00  3.2198307E-11  0.0000000E+00  0.0000000E+00
  ta181    181   1.5066812E-11  1.5678899E-11  6.1208666E-13  3.9523981E-11  1.5433609E-12  1.4083933E+00
  ta182    182   1.1718917E-19  1.1718917E-19  0.0000000E+00  2.9541504E-19  0.0000000E+00  0.0000000E+00
  ta183    183   0.0000000E+00  0.0000000E+00  0.0000000E+00  0.0000000E+00  0.0000000E+00  0.0000000E+00
   w182    182   2.8584312E-11  2.9544832E-11  9.6051953E-13  7.4477764E-11  2.4219255E-12  1.4878659E+00
   w183    183   1.8332084E-11  1.8853617E-11  5.2153247E-13  4.7526930E-11  1.3150308E-12  1.5580039E+00
   w184    184   4.5230108E-11  4.6352883E-11  1.1227739E-12  1.1684816E-10  2.8310457E-12  1.6156751E+00
   w185    185   0.0000000E+00  0.0000000E+00  0.0000000E+00  0.0000000E+00  0.0000000E+00  0.0000000E+00
   w186    186   2.0370402E-11  2.1423517E-11  1.0531165E-12  5.4005238E-11  2.6554065E-12  1.3083049E+00
  re185    185   9.1061568E-12  9.6414135E-12  5.3525684E-13  2.4304451E-11  1.3496364E-12  1.2554691E+00
  re186    186   0.0000000E+00  0.0000000E+00  0.0000000E+00  0.0000000E+00  0.0000000E+00  0.0000000E+00
  re187    187   4.3749370E-12  5.3510412E-12  9.7610396E-13  1.3489113E-11  2.4612213E-12  7.3883271E-01
  os186    186   1.7279081E-11  1.7575750E-11  2.9666937E-13  4.4305636E-11  7.4804426E-13  1.7725317E+00
  os187    187   5.0799738E-12  5.3172054E-12  2.3723168E-13  1.3403819E-11  5.9817364E-13  1.3504013E+00
  os188    188   3.7577722E-11  4.0080359E-11  2.5026359E-12  1.0103613E-10  6.3103325E-12  1.2044245E+00
  os189    189   7.5037901E-12  1.0571338E-11  3.0675482E-12  2.6648642E-11  7.7347443E-12  5.3722918E-01
  os190    190   3.7570405E-11  4.2585348E-11  5.0149442E-12  1.0735081E-10  1.2645054E-11  9.2888463E-01
  os191    191   0.0000000E+00  0.0000000E+00  0.0000000E+00  0.0000000E+00  0.0000000E+00  0.0000000E+00
  os192    192   8.2285593E-12  1.6099268E-11  7.8707084E-12  4.0583661E-11  1.9845792E-11  3.1068277E-01
  ir191    191   7.0759050E-12  1.3712302E-11  6.6363972E-12  3.4566506E-11  1.6733507E-11  3.1506854E-01
  ir192    192   0.0000000E+00  0.0000000E+00  0.0000000E+00  0.0000000E+00  0.0000000E+00  0.0000000E+00
  ir193    193   8.7961253E-12  2.0068469E-11  1.1272344E-11  5.0589380E-11  2.8422929E-11  2.5039053E-01
  pt192    192   9.2626011E-12  9.5416539E-12  2.7905317E-13  2.4052973E-11  7.0362547E-13  1.5338273E+00
  pt193    193   5.1623019E-17  5.1623019E-17  0.0000000E+00  1.3013331E-16  0.0000000E+00  0.0000000E+00
  pt194    194   3.0207243E-11  4.2094151E-11  1.1886908E-11  1.0611258E-10  2.9972538E-11  5.4904336E-01
  pt195    195   1.2266038E-11  2.4528124E-11  1.2262086E-11  6.1831450E-11  3.0918535E-11  3.0099055E-01
  pt196    196   5.4927722E-11  6.4123075E-11  9.1953537E-12  1.6164395E-10  2.3185851E-11  8.4333640E-01
  au197    197   1.7709646E-11  2.3251522E-11  5.5418751E-12  5.8613343E-11  1.3973696E-11  6.2268519E-01
  hg198    198   6.4240911E-11  6.5542745E-11  1.3018358E-12  1.6522271E-10  3.2825459E-12  1.7018590E+00
  hg199    199   2.8144169E-11  3.0358049E-11  2.2138806E-12  7.6527756E-11  5.5822434E-12  1.1370102E+00
  hg200    200   9.4811256E-11  9.7857909E-11  3.0466534E-12  2.4668403E-10  7.6820598E-12  1.5066634E+00
  hg201    201   3.8369245E-11  4.0116209E-11  1.7469653E-12  1.0112650E-10  4.4049282E-12  1.3609263E+00
  hg202    202   1.6042574E-10  1.6440335E-10  3.9776086E-12  4.1443438E-10  1.0029438E-11  1.6161792E+00
  tl203    203   7.7737629E-11  7.9311072E-11  1.5734402E-12  1.9993045E-10  3.9673894E-12  1.7023741E+00
  tl204    204   1.0158547E-30  1.0158547E-30  0.0000000E+00  2.5608062E-30  0.0000000E+00  0.0000000E+00
  tl205    205   1.3518529E-10  1.3897834E-10  3.7930449E-12  3.5034203E-10  9.5640666E-12  1.5638497E+00
  pb204    204   7.9091379E-11  8.1082967E-11  1.9915864E-12  2.0439710E-10  5.0217343E-12  1.6096210E+00
  pb205    205   0.0000000E+00  0.0000000E+00  0.0000000E+00  0.0000000E+00  0.0000000E+00  0.0000000E+00
  pb206    206   3.7074130E-09  3.7261261E-09  1.8713031E-11  9.3929637E-09  4.7184430E-11  2.2990041E+00
  pb207    207   1.2712318E-09  1.2920404E-09  2.0808619E-11  3.2570258E-09  5.2468405E-11  1.7929233E+00
  pb208    208   2.4846596E-08  2.4906445E-08  5.9848376E-11  6.2785134E-08  1.5090615E-10  2.6191499E+00
  bi209    209   4.5746432E-10  4.6162665E-10  4.1623371E-12  1.1636865E-09  1.0495227E-11  2.0448444E+00
  bi210    210   0.0000000E+00  0.0000000E+00  0.0000000E+00  0.0000000E+00  0.0000000E+00  0.0000000E+00
  po210    210   0.0000000E+00  0.0000000E+00  0.0000000E+00  0.0000000E+00  0.0000000E+00  0.0000000E+00
