# Initial mass = 5.000, Z =  0.0002, Y =  0.250, M_mix = 0.00E+00
# Final mass = 0.940, Mass expelled =   4.0602
  species    A      yield       mass(i)_lost    mass(i)_0        <X(i)>         
  X0(i)   log10(<X(i)>/X0(i)) 
      n      1   6.6462319E-38  6.6462319E-38  0.0000000E+00  1.6369101E-38  0.0000000E+00  0.0000000E+00
      p      1  -3.8041544E-01  2.6636281E+00  3.0440435E+00  6.5602887E-01  7.4977738E-01 -5.8009375E-02
      d      2   2.0167022E-17  2.0167022E-17  0.0000000E+00  4.9669652E-18  0.0000000E+00  0.0000000E+00
    he3      3   1.3725306E-06  1.3725306E-06  0.0000000E+00  3.3804255E-07  0.0000000E+00  0.0000000E+00
    he4      4   3.6761522E-01  1.3825942E+00  1.0149790E+00  3.4052116E-01  2.4999915E-01  1.3420561E-01
    li7      7   3.4616758E-09  4.0422439E-09  5.8056798E-10  9.9557018E-10  1.4299950E-10  8.4273738E-01
    be7      7   4.5715577E-11  4.5715577E-11  0.0000000E+00  1.1259356E-11  0.0000000E+00  0.0000000E+00
     b8      8   9.9880006E-25  9.9880006E-25  0.0000000E+00  2.4599592E-25  0.0000000E+00  0.0000000E+00
    c12     12   9.4732753E-04  1.1071739E-03  1.5984631E-04  2.7268747E-04  3.9371691E-05  8.4048110E-01
    c13     13   1.9620711E-04  1.9814413E-04  1.9370234E-06  4.8801208E-05  4.7710762E-07  2.0098143E+00
    c14     14   9.7441362E-09  9.7441362E-09  0.0000000E+00  2.3998976E-09  0.0000000E+00  0.0000000E+00
    n13     13   0.0000000E+00  0.0000000E+00  0.0000000E+00  0.0000000E+00  0.0000000E+00  0.0000000E+00
    n14     14   1.1611760E-02  1.1659020E-02  4.7260019E-05  2.8715169E-03  1.1640600E-05  2.3921361E+00
    n15     15   2.0828423E-07  3.2469131E-07  1.1640707E-07  7.9968700E-08  2.8672188E-08  4.4545925E-01
    o14     14   0.0000000E+00  0.0000000E+00  0.0000000E+00  0.0000000E+00  0.0000000E+00  0.0000000E+00
    o15     15   0.0000000E+00  0.0000000E+00  0.0000000E+00  0.0000000E+00  0.0000000E+00  0.0000000E+00
    o16     16  -9.8218094E-05  2.8776901E-04  3.8598711E-04  7.0875052E-05  9.5072355E-05 -1.2756091E-01
    o17     17   9.9380281E-07  1.1496132E-06  1.5581041E-07  2.8313991E-07  3.8377614E-08  8.6792314E-01
    o18     18  -8.6646486E-07  2.0061410E-09  8.6847098E-07  4.9409538E-10  2.1391281E-07 -2.6364260E+00
    o19     19   0.0000000E+00  0.0000000E+00  0.0000000E+00  0.0000000E+00  0.0000000E+00  0.0000000E+00
    f17     17   0.0000000E+00  0.0000000E+00  0.0000000E+00  0.0000000E+00  0.0000000E+00  0.0000000E+00
    f18     18  -1.2274303E-36 -1.2274303E-36  0.0000000E+00 -3.0230559E-37  0.0000000E+00  0.0000000E+00
    f19     19   4.6033275E-09  2.9612918E-08  2.5009591E-08  7.2934090E-09  6.1601044E-09  7.3342480E-02
    f20     20   0.0000000E+00  0.0000000E+00  0.0000000E+00  0.0000000E+00  0.0000000E+00  0.0000000E+00
   ne19     19   0.0000000E+00  0.0000000E+00  0.0000000E+00  0.0000000E+00  0.0000000E+00  0.0000000E+00
   ne20     20   2.5342451E-06  8.1712235E-05  7.9177989E-05  2.0125026E-05  1.9502304E-05  1.3650477E-02
   ne21     21  -1.6611955E-07  3.3171577E-08  1.9929112E-07  8.1698763E-09  4.9087333E-08 -7.7875400E-01
   ne22     22   1.0889485E-04  1.1529906E-04  6.4042133E-06  2.8397173E-05  1.5774197E-06  1.2553279E+00
   ne23     23   0.0000000E+00  0.0000000E+00  0.0000000E+00  0.0000000E+00  0.0000000E+00  0.0000000E+00
   na21     21   0.0000000E+00  0.0000000E+00  0.0000000E+00  0.0000000E+00  0.0000000E+00  0.0000000E+00
   na22     22   5.0191771E-11  5.0191771E-11  0.0000000E+00  1.2361804E-11  0.0000000E+00  0.0000000E+00
   na23     23   2.7207259E-06  4.8641127E-06  2.1433868E-06  1.1979894E-06  5.2793689E-07  3.5587099E-01
   na24     24  -2.4694883E-35 -2.4694883E-35  0.0000000E+00 -6.0821386E-36  0.0000000E+00  0.0000000E+00
   mg23     23   0.0000000E+00  0.0000000E+00  0.0000000E+00  0.0000000E+00  0.0000000E+00  0.0000000E+00
   mg24     24  -3.0335446E-05  7.4338818E-06  3.7769329E-05  1.8309016E-06  9.3029503E-06 -7.0595574E-01
   mg25     25   3.5409670E-05  4.0390434E-05  4.9807627E-06  9.9478193E-06  1.2268100E-06  9.0895057E-01
   mg26     26   1.0244212E-05  1.5947380E-05  5.7031680E-06  3.9277033E-06  1.4047455E-06  4.4654101E-01
   mg27     27   0.0000000E+00  0.0000000E+00  0.0000000E+00  0.0000000E+00  0.0000000E+00  0.0000000E+00
   al25     25   0.0000000E+00  0.0000000E+00  0.0000000E+00  0.0000000E+00  0.0000000E+00  0.0000000E+00
   al-6     26   0.0000000E+00  0.0000000E+00  0.0000000E+00  0.0000000E+00  0.0000000E+00  0.0000000E+00
   al*6     26   0.0000000E+00  0.0000000E+00  0.0000000E+00  0.0000000E+00  0.0000000E+00  0.0000000E+00
   al27     27   3.3196416E-06  6.9564917E-06  3.6368501E-06  1.7133245E-06  8.9579135E-07  2.8163278E-01
   al28     28   0.0000000E+00  0.0000000E+00  0.0000000E+00  0.0000000E+00  0.0000000E+00  0.0000000E+00
   si27     27   0.0000000E+00  0.0000000E+00  0.0000000E+00  0.0000000E+00  0.0000000E+00  0.0000000E+00
   si28     28   1.4010766E-06  4.3221622E-05  4.1820545E-05  1.0645116E-05  1.0300805E-05  1.4279254E-02
   si29     29   1.5310820E-07  2.3525802E-06  2.1994720E-06  5.7942037E-07  5.4175126E-07  2.9193798E-02
   si30     30   2.3370683E-07  1.7335627E-06  1.4998559E-06  4.2696169E-07  3.6942902E-07  6.2857918E-02
    p31     31   6.2893662E-08  4.8045791E-07  4.1756425E-07  1.1833268E-07  1.0285012E-07  6.0899876E-02
    p32     32  -1.3396826E-27 -1.3396826E-27  0.0000000E+00 -3.2995236E-28  0.0000000E+00  0.0000000E+00
    p33     33   1.4845135E-28  1.4845135E-28  0.0000000E+00  3.6562299E-29  0.0000000E+00  0.0000000E+00
    s32     32  -9.0320100E-08  1.9950427E-05  2.0040747E-05  4.9136197E-06  4.9362297E-06 -1.9938289E-03
    s33     33   1.3407941E-09  1.6679866E-07  1.6545786E-07  4.1081083E-08  4.0753871E-08  3.4729682E-03
    s34     34   1.9923732E-08  9.8218266E-07  9.6225892E-07  2.4190319E-07  2.3701368E-07  8.8681784E-03
    s35     35   4.4917866E-23  4.4917866E-23  0.0000000E+00  1.1062887E-23  0.0000000E+00  0.0000000E+00
    s36     36   4.5088608E-09  9.2587742E-09  4.7499134E-09  2.2803570E-09  1.1699497E-09  2.8983563E-01
   cl35     35   9.9275610E-10  2.0657411E-07  2.0558136E-07  5.0877439E-08  5.0636675E-08  2.0600818E-03
   cl36     36   0.0000000E+00  0.0000000E+00  0.0000000E+00  0.0000000E+00  0.0000000E+00  0.0000000E+00
   cl37     37   9.7008979E-09  7.9160117E-08  6.9459219E-08  1.9496461E-08  1.7108476E-08  5.6744460E-02
   ar36     36  -3.0740011E-08  3.7974869E-06  3.8282269E-06  9.3528860E-07  9.4292932E-07 -3.5335075E-03
   ar37     37   1.7593994E-22  1.7593994E-22  0.0000000E+00  4.3332505E-23  0.0000000E+00  0.0000000E+00
   ar38     38   1.1558711E-08  7.4628213E-07  7.3472341E-07  1.8380291E-07  1.8096949E-07  6.7469929E-03
   ar39     39   3.8521183E-11  3.8521183E-11  0.0000000E+00  9.4874386E-12  0.0000000E+00  0.0000000E+00
   ar40     40   3.8805208E-09  5.1174749E-09  1.2369543E-09  1.2603903E-09  3.0467381E-10  6.1666995E-01
    k39     39   2.6712428E-09  2.0197939E-07  1.9930815E-07  4.9745797E-08  4.9091526E-08  5.7498715E-03
    k40     40  -3.2264212E-11  0.0000000E+00  3.2264212E-11  0.0000000E+00  7.9469868E-12  0.0000000E+00
    k41     41   1.3106884E-09  1.6431530E-08  1.5120841E-08  4.0469454E-09  3.7244097E-09  3.6069870E-02
   ca40     40  -2.2549102E-08  3.4281938E-06  3.4507430E-06  8.4433486E-07  8.4995133E-07 -2.8793199E-03
   ca41     41   0.0000000E+00  0.0000000E+00  0.0000000E+00  0.0000000E+00  0.0000000E+00  0.0000000E+00
   ca42     42   9.1409547E-10  2.5097254E-08  2.4183159E-08  6.1812395E-09  5.9565455E-09  1.6081071E-02
   ca43     43   2.6206326E-10  5.4280527E-09  5.1659894E-09  1.3368830E-09  1.2724332E-09  2.1458412E-02
   ca44     44   6.3985084E-10  8.2322060E-08  8.1682209E-08  2.0275220E-08  2.0119119E-08  3.3565720E-03
   ca45     45  -2.9901509E-19 -2.9901509E-19  0.0000000E+00 -7.3644866E-20  0.0000000E+00  0.0000000E+00
   ca46     46   9.4847719E-10  1.1122269E-09  1.6374964E-10  2.7393199E-10  4.0333122E-11  8.3198088E-01
   ca47     47  -3.3363595E-32 -3.3363595E-32  0.0000000E+00 -8.2171684E-33  0.0000000E+00  0.0000000E+00
   ca48     48   1.8935964E-11  8.0070404E-09  7.9881044E-09  1.9720656E-09  1.9675475E-09  9.9613948E-04
   sc45     45   3.6594883E-10  2.6704241E-09  2.3044753E-09  6.5770267E-10  5.6761457E-10  6.3976057E-02
   sc46     46   9.4073228E-26  9.4073228E-26  0.0000000E+00  2.3169433E-26  0.0000000E+00  0.0000000E+00
   sc47     47  -5.4733477E-30 -5.4733477E-30  0.0000000E+00 -1.3480388E-30  0.0000000E+00  0.0000000E+00
   sc48     48   3.4568938E-33  1.4569014E-30  1.4534445E-30  3.5882238E-31  3.5799746E-31  0.0000000E+00
   ti46     46  -9.8587805E-13  1.4078132E-08  1.4079118E-08  3.4673238E-09  3.4678229E-09 -6.2545005E-05
   ti47     47  -3.4537706E-11  1.2938338E-08  1.2972875E-08  3.1866021E-09  3.1953447E-09 -1.1898462E-03
   ti48     48  -1.1974066E-09  1.3007885E-07  1.3127625E-07  3.2037310E-08  3.2334611E-08 -4.0116403E-03
   ti49     49   4.9818194E-10  1.0332690E-08  9.8345083E-09  2.5448534E-09  2.4223346E-09  2.1428647E-02
   ti50     50   1.3048949E-09  1.0913613E-08  9.6087183E-09  2.6879297E-09  2.3667204E-09  5.5270962E-02
    v51     51  -1.8482105E-10  2.0991120E-08  2.1175941E-08  5.1699334E-09  5.2158393E-09 -3.8392681E-03
   cr52     52  -6.1317564E-09  8.6193347E-07  8.6806523E-07  2.1228685E-07  2.1381287E-07 -3.1107520E-03
   cr53     53  -9.3565689E-10  9.9388409E-08  1.0032407E-07  2.4478517E-08  2.4710786E-08 -4.1014720E-03
   cr54     54   3.9255319E-09  2.9369529E-08  2.5443997E-08  7.2334640E-09  6.2671028E-09  6.2279485E-02
   mn55     55   1.7432171E-09  7.5984696E-07  7.5810374E-07  1.8714381E-07  1.8672829E-07  9.6535304E-04
   fe54     54  -5.9663307E-08  4.9354285E-06  4.9950918E-06  1.2155539E-06  1.2303394E-06 -5.2507170E-03
   fe55     55  -1.2223306E-15 -1.2223306E-15  0.0000000E+00 -3.0104959E-16  0.0000000E+00  0.0000000E+00
   fe56     56  -6.6206121E-07  8.0653183E-05  8.1315244E-05  1.9864190E-05  2.0028732E-05 -3.5825993E-03
   fe57     57   5.0906692E-08  1.9623733E-06  1.9114666E-06  4.8331577E-07  4.7081269E-07  1.1382803E-02
   fe58     58   1.9641428E-07  4.5525931E-07  2.5884503E-07  1.1212648E-07  6.3756033E-08  2.4518692E-01
   fe59     59   2.8375769E-23  2.8375769E-23  0.0000000E+00  6.9887097E-24  0.0000000E+00  0.0000000E+00
   fe60     60   0.0000000E+00  0.0000000E+00  0.0000000E+00  0.0000000E+00  0.0000000E+00  0.0000000E+00
   co59     59   7.5404273E-08  2.7502696E-07  1.9962269E-07  6.7736792E-08  4.9169000E-08  1.3913327E-01
   co60     60  -1.5085274E-14 -1.5085274E-14  0.0000000E+00 -3.7153741E-15  0.0000000E+00  0.0000000E+00
   ni58     58  -3.1496256E-08  2.8247093E-06  2.8562056E-06  6.9570177E-07  7.0351103E-07 -4.8478302E-03
   ni59     59   0.0000000E+00  0.0000000E+00  0.0000000E+00  0.0000000E+00  0.0000000E+00  0.0000000E+00
   ni60     60   1.6006777E-07  1.2982233E-06  1.1381555E-06  3.1974130E-07  2.8033872E-07  5.7115655E-02
   ni61     61   3.5168096E-08  8.5468571E-08  5.0300475E-08  2.1050178E-08  1.2389493E-08  2.3020226E-01
   ni62     62   7.7817404E-08  2.4082036E-07  1.6300295E-07  5.9311997E-08  4.0149203E-08  1.6946560E-01
   ni63     63   0.0000000E+00  0.0000000E+00  0.0000000E+00  0.0000000E+00  0.0000000E+00  0.0000000E+00
   ni64     64   8.4909232E-08  1.2776152E-07  4.2852296E-08  3.1466573E-08  1.0554935E-08  4.7439396E-01
   cu63     63   4.6539814E-08  8.1908595E-08  3.5368782E-08  2.0173388E-08  8.7116732E-09  3.6467725E-01
   cu64     64  -6.1886008E-37 -6.1886008E-37  0.0000000E+00 -1.5241995E-37  0.0000000E+00  0.0000000E+00
   cu65     65   1.4371166E-08  3.0635778E-08  1.6264613E-08  7.5453306E-09  4.0061314E-09  2.7495310E-01
   zn64     64  -5.3419313E-10  6.0063321E-08  6.0597515E-08  1.4793083E-08  1.4925755E-08 -3.8776079E-03
   zn65     65  -2.3906187E-19 -2.3906187E-19  0.0000000E+00 -5.8878897E-20  0.0000000E+00  0.0000000E+00
   zn66     66   1.3185293E-08  4.9036988E-08  3.5851695E-08  1.2077392E-08  8.8306189E-09  1.3598199E-01
   zn67     67   2.8947018E-09  8.2429708E-09  5.3482689E-09  2.0301734E-09  1.3173304E-09  1.8783844E-01
   zn68     68   1.7337538E-08  4.2161346E-08  2.4823809E-08  1.0383980E-08  6.1143446E-09  2.3001394E-01
   zn69     69   0.0000000E+00  0.0000000E+00  0.0000000E+00  0.0000000E+00  0.0000000E+00  0.0000000E+00
   zn70     70   8.9625252E-11  9.3461960E-10  8.4499435E-10  2.3018883E-10  2.0813029E-10  4.3748975E-02
   ga69     69   2.4591389E-09  4.7349848E-09  2.2758460E-09  1.1661864E-09  5.6056293E-10  3.1814361E-01
   ga70     70   0.0000000E+00  0.0000000E+00  0.0000000E+00  0.0000000E+00  0.0000000E+00  0.0000000E+00
   ga71     71   2.1528144E-09  3.7070020E-09  1.5541876E-09  9.1300295E-10  3.8281142E-10  3.7748730E-01
   ge70     70   3.6775767E-09  6.2089422E-09  2.5313656E-09  1.5292094E-09  6.2349986E-10  3.8963059E-01
   ge71     71  -1.2443044E-27 -1.2443044E-27  0.0000000E+00 -3.0646156E-28  0.0000000E+00  0.0000000E+00
   ge72     72   3.5380583E-09  6.9788229E-09  3.4407646E-09  1.7188244E-09  8.4749363E-10  3.0709505E-01
   ge73     73   1.0323427E-09  2.0115407E-09  9.7919806E-10  4.9542531E-10  2.4118596E-10  3.1262618E-01
   ge74     74   4.3996979E-09  9.0583399E-09  4.6586419E-09  2.2309918E-09  1.1474686E-09  2.8875721E-01
   as75     75   3.9721082E-10  1.0802076E-09  6.8299677E-10  2.6604591E-10  1.6822871E-10  1.9905648E-01
   se76     76   1.4119046E-09  2.1229665E-09  7.1106182E-10  5.2286853E-10  1.7514140E-10  4.7500372E-01
   se77     77   5.4969773E-10  1.1363482E-09  5.8665051E-10  2.7987287E-10  1.4449771E-10  2.8709990E-01
   se78     78   3.5147625E-09  5.3660942E-09  1.8513318E-09  1.3216231E-09  4.5600090E-10  4.6214196E-01
   se79     79   0.0000000E+00  0.0000000E+00  0.0000000E+00  0.0000000E+00  0.0000000E+00  0.0000000E+00
   se80     80   4.2414001E-09  8.2043696E-09  3.9629695E-09  2.0206661E-09  9.7611774E-10  3.1599236E-01
   br79     79   7.7380580E-10  1.4075474E-09  6.3374161E-10  3.4666692E-10  1.5609669E-10  3.4651873E-01
   br80     80   0.0000000E+00  0.0000000E+00  0.0000000E+00  0.0000000E+00  0.0000000E+00  0.0000000E+00
   br81     81   5.6645655E-10  1.1985688E-09  6.3211225E-10  2.9519726E-10  1.5569536E-10  2.7783665E-01
   kr80     80   5.7884392E-12  1.5681778E-10  1.5102934E-10  3.8622879E-11  3.7199986E-11  1.6301828E-02
   kr81     81   0.0000000E+00  0.0000000E+00  0.0000000E+00  0.0000000E+00  0.0000000E+00  0.0000000E+00
   kr82     82   1.9123523E-09  2.6880256E-09  7.7567325E-10  6.6203776E-10  1.9105584E-10  5.3972244E-01
   kr83     83   6.5668537E-10  1.4345105E-09  7.7782514E-10  3.5330769E-10  1.9158586E-10  2.6578963E-01
   kr84     84   4.1544173E-09  8.0339149E-09  3.8794976E-09  1.9786845E-09  9.5555786E-10  3.1611958E-01
   kr-5     85   1.2984121E-13  1.2984121E-13  0.0000000E+00  3.1978780E-14  0.0000000E+00  0.0000000E+00
   kr*5     85   0.0000000E+00  0.0000000E+00  0.0000000E+00  0.0000000E+00  0.0000000E+00  0.0000000E+00
   kr86     86   7.8856868E-09  9.0868326E-09  1.2011454E-09  2.2380093E-09  2.9585373E-10  8.7878484E-01
   rb85     85   1.4355119E-09  2.0651634E-09  6.2965144E-10  5.0863208E-10  1.5508925E-10  5.1582211E-01
   rb86     86  -1.9476979E-26 -1.9476979E-26  0.0000000E+00 -4.7970135E-27  0.0000000E+00  0.0000000E+00
   rb87     87   1.9899928E-09  2.2552116E-09  2.6521882E-10  5.5543936E-10  6.5325960E-11  9.2955089E-01
   sr86     86   7.3342221E-10  1.0272397E-09  2.9381755E-10  2.5300037E-10  7.2370103E-11  5.4356200E-01
   sr87     87   3.3713626E-10  5.4485760E-10  2.0772135E-10  1.3419377E-10  5.1163778E-11  4.1876975E-01
   sr88     88   3.8627102E-09  6.3817271E-09  2.5190168E-09  1.5717649E-09  6.2045818E-10  4.0367511E-01
   sr89     89   1.3408525E-24  1.3408525E-24  0.0000000E+00  3.3024052E-25  0.0000000E+00  0.0000000E+00
   sr90     90   2.3443096E-13  2.3443096E-13  0.0000000E+00  5.7738346E-14  0.0000000E+00  0.0000000E+00
    y89     89   8.9779201E-10  1.4986467E-09  6.0085464E-10  3.6910386E-10  1.4799632E-10  3.9689767E-01
    y90     90   5.9285768E-17  5.9285768E-17  0.0000000E+00  1.4601579E-17  0.0000000E+00  0.0000000E+00
    y91     91   6.4439937E-25  6.4439937E-25  0.0000000E+00  1.5871006E-25  0.0000000E+00  0.0000000E+00
   zr90     90   6.0087613E-10  1.3170035E-09  7.1612738E-10  3.2436673E-10  1.7638910E-10  2.6456460E-01
   zr91     91   1.6090386E-10  3.1880673E-10  1.5790287E-10  7.8519372E-11  3.8893007E-11  3.0510533E-01
   zr92     92   2.5980718E-10  5.0381899E-10  2.4401181E-10  1.2408631E-10  6.0102472E-11  3.1483158E-01
   zr93     93   0.0000000E+00  0.0000000E+00  0.0000000E+00  0.0000000E+00  0.0000000E+00  0.0000000E+00
   zr94     94   2.7461941E-10  5.2728222E-10  2.5266281E-10  1.2986510E-10  6.2233295E-11  3.1946969E-01
   zr95     95   2.4475526E-24  2.4475526E-24  0.0000000E+00  6.0281131E-25  0.0000000E+00  0.0000000E+00
   zr96     96   2.8487782E-10  3.2644903E-10  4.1571219E-11  8.0401609E-11  1.0239394E-11  8.9499050E-01
   nb93     93   9.3796353E-11  2.0290339E-10  1.0910704E-10  4.9973373E-11  2.6874119E-11  2.6940441E-01
   nb94     94   3.5091971E-16  3.5091971E-16  0.0000000E+00  8.6428529E-17  0.0000000E+00  0.0000000E+00
   nb95     95   2.9382667E-24  2.9382667E-24  0.0000000E+00  7.2366998E-25  0.0000000E+00  0.0000000E+00
   mo94     94   5.8733921E-13  3.4782066E-11  3.4194727E-11  8.5665260E-12  8.4224919E-12  7.3641026E-03
   mo95     95   4.4956691E-11  1.0476843E-10  5.9811739E-11  2.5803569E-11  1.4732210E-11  2.4341190E-01
   mo96     96   8.6622043E-11  1.5024515E-10  6.3623107E-11  3.7004098E-11  1.5670987E-11  3.7315351E-01
   mo97     97   3.4946743E-11  7.1959994E-11  3.7013250E-11  1.7723132E-11  9.1167213E-12  2.8870180E-01
   mo98     98   1.0259761E-10  1.9761962E-10  9.5022004E-11  4.8672025E-11  2.3404839E-11  3.1797373E-01
   tc99     99   0.0000000E+00  0.0000000E+00  0.0000000E+00  0.0000000E+00  0.0000000E+00  0.0000000E+00
   ru99     99   1.2158937E-11  4.5336616E-11  3.3177679E-11  1.1166021E-11  8.1719831E-12  1.3557100E-01
  ru100    100   4.3558653E-11  7.6651026E-11  3.3092373E-11  1.8878493E-11  8.1509712E-12  3.6475796E-01
  ru101    101   7.7495892E-12  5.3004101E-11  4.5254512E-11  1.3054458E-11  1.1146624E-11  6.8615474E-02
  ru102    102   5.0455133E-11  1.3497409E-10  8.4518954E-11  3.3242964E-11  2.0817837E-11  2.0326415E-01
  rh103    103   6.9209326E-12  6.0896635E-11  5.3975702E-11  1.4998320E-11  1.3294738E-11  5.2362848E-02
  pd104    104   2.5724489E-11  4.9344646E-11  2.3620158E-11  1.2153165E-11  5.8178735E-12  3.1992513E-01
  pd105    105   4.7492565E-12  5.2550318E-11  4.7801062E-11  1.2942695E-11  1.1773864E-11  4.1105691E-02
  pd106    106   2.6225584E-11  8.5287277E-11  5.9061693E-11  2.1005527E-11  1.4547465E-11  1.5954627E-01
  pd107    107   0.0000000E+00  0.0000000E+00  0.0000000E+00  0.0000000E+00  0.0000000E+00  0.0000000E+00
  pd108    108   2.9180616E-11  8.7441186E-11  5.8260570E-11  2.1536018E-11  1.4350143E-11  1.7630918E-01
  ag107    107   4.2935343E-12  4.4417411E-11  4.0123876E-11  1.0939629E-11  9.8828992E-12  4.4118203E-02
  ag108    108   0.0000000E+00  0.0000000E+00  0.0000000E+00  0.0000000E+00  0.0000000E+00  0.0000000E+00
  ag109    109   6.4691759E-12  4.4442495E-11  3.7973319E-11  1.0945807E-11  9.3531953E-12  6.8287790E-02
  cd108    108   6.0264250E-13  2.8525871E-12  2.2499446E-12  7.0256783E-13  5.5418311E-13  1.0303498E-01
  cd109    109  -1.0960293E-25 -1.0960293E-25  0.0000000E+00 -2.6994266E-26  0.0000000E+00  0.0000000E+00
  cd110    110   2.3733925E-11  5.5893946E-11  3.2160021E-11  1.3766202E-11  7.9213242E-12  2.4001637E-01
  cd111    111   6.8456456E-12  4.0103216E-11  3.3257570E-11  9.8770792E-12  8.1916609E-12  8.1256583E-02
  cd112    112   2.6608833E-11  8.9869660E-11  6.3260827E-11  2.2134130E-11  1.5581755E-11  1.5244606E-01
  cd113    113   7.2275207E-12  3.9550196E-11  3.2322676E-11  9.7408756E-12  7.9613876E-12  8.7609231E-02
  cd114    114   3.4621972E-11  1.1128719E-10  7.6665216E-11  2.7409084E-11  1.8883384E-11  1.6181467E-01
  in115    115   6.0488385E-12  3.4956753E-11  2.8907914E-11  8.6095497E-12  7.1202987E-12  8.2482226E-02
  sn116    116   4.2860236E-11  1.3330353E-10  9.0443299E-11  3.2831522E-11  2.2277060E-11  1.6843317E-01
  sn117    117   1.1507927E-11  5.9692418E-11  4.8184491E-11  1.4701733E-11  1.1868306E-11  9.2979819E-02
  sn118    118   5.2434182E-11  1.9936293E-10  1.4692875E-10  4.9101386E-11  3.6189971E-11  1.3250557E-01
  sn119    119   1.4258313E-11  6.9073622E-11  5.4815309E-11  1.7012242E-11  1.3501540E-11  1.0037827E-01
  sn120    120   7.0325482E-11  2.7997304E-10  2.0964756E-10  6.8954967E-11  5.1638221E-11  1.2559427E-01
  sb121    121   4.5594015E-12  3.6890026E-11  3.2330624E-11  9.0856983E-12  7.9633453E-12  5.7262741E-02
  te122    122   8.7193985E-12  3.0210251E-11  2.1490853E-11  7.4405265E-12  5.2934050E-12  1.4786851E-01
  te123    123   3.1308454E-12  1.0693150E-11  7.5623049E-12  2.6336316E-12  1.8626687E-12  1.5041940E-01
  te124    124   1.5505947E-11  5.6109339E-11  4.0603392E-11  1.3819251E-11  1.0001008E-11  1.4044075E-01
  te125    125   3.9350537E-12  6.4985607E-11  6.1050554E-11  1.6005400E-11  1.5037341E-11  2.7095461E-02
  te126    126   2.6886188E-11  1.9087430E-10  1.6398811E-10  4.7010711E-11  4.0391860E-11  6.5902956E-02
   i127    127  -1.8983565E-12  2.0376568E-10  2.0566404E-10  5.0185748E-11  5.0657041E-11 -4.0593762E-03
   i128    128   0.0000000E+00  0.0000000E+00  0.0000000E+00  0.0000000E+00  0.0000000E+00  0.0000000E+00
   i129    129   1.1636601E-14  1.1636601E-14  0.0000000E+00  2.8659955E-15  0.0000000E+00  0.0000000E+00
  xe128    128   1.1683399E-11  3.3897180E-11  2.2213781E-11  8.3485857E-12  5.4714692E-12  1.8350899E-01
  xe129    129  -4.0023540E-12  2.7486394E-10  2.7886629E-10  6.7696640E-11  6.8687472E-11 -6.3104178E-03
  xe130    130   2.1061024E-11  6.6181935E-11  4.5120910E-11  1.6300045E-11  1.1113718E-11  1.6632944E-01
  xe131    131   1.6929513E-12  2.2708979E-10  2.2539684E-10  5.5930274E-11  5.5517424E-11  3.2176361E-03
  xe132    132   3.1389696E-11  3.0898514E-10  2.7759545E-10  7.6100404E-11  6.8374445E-11  4.6493180E-02
  xe133    133  -6.6820888E-32 -6.6820888E-32  0.0000000E+00 -1.6457415E-32  0.0000000E+00  0.0000000E+00
  xe134    134   2.5763489E-11  1.2981365E-10  1.0405016E-10  3.1971991E-11  2.5628560E-11  9.6045516E-02
  cs133    133   3.0840261E-12  7.6065439E-11  7.2981413E-11  1.8734268E-11  1.7976029E-11  1.7942959E-02
  cs134    134  -1.7502366E-17 -1.7502366E-17  0.0000000E+00 -4.3106830E-18  0.0000000E+00  0.0000000E+00
  cs135    135   0.0000000E+00  0.0000000E+00  0.0000000E+00  0.0000000E+00  0.0000000E+00  0.0000000E+00
  cs136    136  -2.9841689E-29 -2.9841689E-29  0.0000000E+00 -7.3497527E-30  0.0000000E+00  0.0000000E+00
  cs137    137   0.0000000E+00  0.0000000E+00  0.0000000E+00  0.0000000E+00  0.0000000E+00  0.0000000E+00
  ba134    134   4.6131987E-12  2.6986847E-11  2.2373648E-11  6.6466299E-12  5.5108461E-12  8.1383228E-02
  ba135    135   1.4139724E-11  7.5616319E-11  6.1476595E-11  1.8623653E-11  1.5142280E-11  8.9873597E-02
  ba136    136   3.2922991E-11  1.0671158E-10  7.3788586E-11  2.6282150E-11  1.8174842E-11  1.6019025E-01
  ba137    137   1.0406747E-10  2.1036844E-10  1.0630097E-10  5.1811951E-11  2.6182959E-11  2.9641122E-01
  ba138    138   1.8216506E-10  8.6568053E-10  6.8351547E-10  2.1320971E-10  1.6835647E-10  1.0257719E-01
  la139    139   1.7746568E-11  1.1149923E-10  9.3752665E-11  2.7461309E-11  2.3092190E-11  7.5256094E-02
  ce140    140   3.5431602E-11  2.5030428E-10  2.1487268E-10  6.1647805E-11  5.2925220E-11  6.6254891E-02
  ce141    141   1.3174784E-28  1.3174784E-28  0.0000000E+00  3.2448366E-29  0.0000000E+00  0.0000000E+00
  ce142    142   5.0331874E-12  3.2418884E-11  2.7385696E-11  7.9844941E-12  6.7453621E-12  7.3242165E-02
  pr141    141   3.1922485E-12  4.0224494E-11  3.7032245E-11  9.9069494E-12  9.1213998E-12  3.5878435E-02
  nd142    142   6.2974174E-12  5.5696583E-11  4.9399165E-11  1.3717593E-11  1.2167492E-11  5.2076809E-02
  nd143    143   1.1055254E-12  2.3222013E-11  2.2116487E-11  5.7193833E-12  5.4475049E-12  2.1151608E-02
  nd144    144   3.9940690E-12  4.7948402E-11  4.3954333E-11  1.1809282E-11  1.0826377E-11  3.7740353E-02
  nd145    145   4.9664786E-13  1.6841901E-11  1.6345253E-11  4.1480166E-12  4.0259939E-12  1.2967378E-02
  nd146    146   3.5316056E-12  3.5703326E-11  3.2171720E-11  8.7934243E-12  7.9242064E-12  4.5202214E-02
  nd147    147  -1.2059384E-30 -1.2059384E-30  0.0000000E+00 -2.9701235E-31  0.0000000E+00  0.0000000E+00
  nd148    148   2.9123839E-13  1.1173379E-11  1.0882141E-11  2.7519079E-12  2.6803765E-12  1.1438125E-02
  pm147    147  -5.2105207E-18 -5.2105207E-18  0.0000000E+00 -1.2833067E-18  0.0000000E+00  0.0000000E+00
  pm148    148  -4.2736819E-34 -4.2736819E-34  0.0000000E+00 -1.0525714E-34  0.0000000E+00  0.0000000E+00
  sm147    147   1.9558313E-13  8.9551084E-12  8.7595252E-12  2.2055667E-12  2.1575556E-12  9.5582064E-03
  sm148    148   9.6563816E-13  7.5784856E-12  6.6128474E-12  1.8665163E-12  1.6288083E-12  5.9161812E-02
  sm149    149  -1.4129236E-13  8.0444219E-12  8.1857143E-12  1.9812724E-12  2.0162205E-12 -7.5938790E-03
  sm150    150   9.4268994E-13  5.3432675E-12  4.4005776E-12  1.3160011E-12  1.0839048E-12  8.4265128E-02
  sm151    151   5.0173785E-16  5.0173785E-16  0.0000000E+00  1.2357374E-16  0.0000000E+00  0.0000000E+00
  sm152    152   5.3125213E-13  1.6694878E-11  1.6163626E-11  4.1118059E-12  3.9812572E-12  1.4012402E-02
  eu151    151  -3.7563615E-13  1.0286833E-11  1.0662469E-11  2.5335591E-12  2.6262694E-12 -1.5608266E-02
  eu152    152   1.0348724E-19  1.0348724E-19  0.0000000E+00  2.5488023E-20  0.0000000E+00  0.0000000E+00
  eu153    153  -2.7028900E-13  1.1523190E-11  1.1793479E-11  2.8380633E-12  2.9048480E-12 -1.0101330E-02
  eu154    154   5.6928671E-18  5.6928671E-18  0.0000000E+00  1.4021045E-18  0.0000000E+00  0.0000000E+00
  eu155    155  -1.9777520E-18 -1.9777520E-18  0.0000000E+00 -4.8710345E-19  0.0000000E+00  0.0000000E+00
  gd152    152   6.4263468E-14  2.1994551E-13  1.5568204E-13  5.4170701E-14  3.8345995E-14  1.5004447E-01
  gd153    153   1.4908618E-26  1.4908618E-26  0.0000000E+00  3.6718652E-27  0.0000000E+00  0.0000000E+00
  gd154    154   3.9598674E-13  2.1152628E-12  1.7192761E-12  5.2097118E-13  4.2347435E-13  8.9986555E-02
  gd155    155  -1.8192912E-13  1.1565960E-11  1.1747889E-11  2.8485972E-12  2.8936187E-12 -6.8102623E-03
  gd156    156   4.9643102E-13  1.6849539E-11  1.6353108E-11  4.1498974E-12  4.0279286E-12  1.2955619E-02
  gd157    157  -2.7379141E-14  1.2555213E-11  1.2582592E-11  3.0922417E-12  3.0992142E-12 -9.7816659E-04
  gd158    158   1.0673303E-12  2.1166223E-11  2.0098893E-11  5.2130600E-12  4.9505517E-12  2.2439128E-02
  gd159    159  -1.5455368E-38 -1.5455368E-38  0.0000000E+00  0.0000000E+00  0.0000000E+00  0.0000000E+00
  gd160    160  -2.5747460E-13  1.7654132E-11  1.7911606E-11  4.3480618E-12  4.4118017E-12 -6.3202409E-03
  tb159    159  -2.4494122E-13  1.4917281E-11  1.5162222E-11  3.6739990E-12  3.7346020E-12 -7.1052886E-03
  tb160    160   1.1938300E-28  1.1938300E-28  0.0000000E+00  2.9403013E-29  0.0000000E+00  0.0000000E+00
  tb161    161  -5.1934905E-33 -5.1934905E-33  0.0000000E+00 -1.2791123E-33  0.0000000E+00  0.0000000E+00
  dy160    160   5.1562357E-13  2.8099259E-12  2.2943023E-12  6.9206078E-13  5.6510889E-13  8.8012084E-02
  dy161    161  -4.8049932E-13  1.8243575E-11  1.8724074E-11  4.4932365E-12  4.6119211E-12 -1.1322590E-02
  dy162    162   7.4986545E-13  2.6159411E-11  2.5409546E-11  6.4428398E-12  6.2586169E-12  1.2598996E-02
  dy163    163  -3.0202230E-13  2.4683058E-11  2.4985080E-11  6.0792261E-12  6.1540673E-12 -5.3139701E-03
  dy164    164   1.7488302E-12  3.0283477E-11  2.8534647E-11  7.4585615E-12  7.0283597E-12  2.5801105E-02
  ho165    165  -3.7235839E-13  2.1852836E-11  2.2225194E-11  5.3821669E-12  5.4742803E-12 -7.3698405E-03
  er166    166   5.9874501E-13  2.1712127E-11  2.1113382E-11  5.3475115E-12  5.2004304E-12  1.2112455E-02
  er167    167  -8.2176453E-14  1.4416302E-11  1.4498479E-11  3.5506121E-12  3.5711156E-12 -2.5007296E-03
  er168    168   1.1919389E-12  1.8397828E-11  1.7205889E-11  4.5312278E-12  4.2379772E-12  2.9057272E-02
  er169    169  -4.4533430E-31 -4.4533430E-31  0.0000000E+00 -1.0968203E-31  0.0000000E+00  0.0000000E+00
  er170    170   1.3379662E-13  9.7562765E-12  9.6224799E-12  2.4028876E-12  2.3701098E-12  5.9650131E-03
  tm169    169   1.1042382E-14  1.0179309E-11  1.0168266E-11  2.5070768E-12  2.5045426E-12  4.3921804E-04
  tm170    170  -7.0702952E-23 -7.0702952E-23  0.0000000E+00 -1.7413533E-23  0.0000000E+00  0.0000000E+00
  tm171    171  -2.8265264E-18 -2.8265264E-18  0.0000000E+00 -6.9614931E-19  0.0000000E+00  0.0000000E+00
  yb170    170   5.0397598E-13  2.4271490E-12  1.9231730E-12  5.9778604E-13  4.7369611E-13  1.0104593E-01
  yb171    171   2.7851246E-13  9.4253173E-12  9.1468048E-12  2.3213751E-12  2.2529465E-12  1.2994410E-02
  yb172    172   1.0899823E-12  1.5253314E-11  1.4163332E-11  3.7567610E-12  3.4885656E-12  3.2166678E-02
  yb173    173   3.1514635E-13  1.0888978E-11  1.0573832E-11  2.6818623E-12  2.6044368E-12  1.2722647E-02
  yb174    174   2.2708051E-12  2.3428143E-11  2.1157338E-11  5.7701517E-12  5.2112572E-12  4.4244744E-02
  lu175    175   1.8478274E-14  9.5678170E-12  9.5493388E-12  2.3564716E-12  2.3520944E-12  8.0746063E-04
  lu176    176   3.4490924E-13  6.2364718E-13  2.7873794E-13  1.5359898E-13  6.8655849E-14  3.4971076E-01
  lu177    177  -5.6807616E-32 -5.6807616E-32  0.0000000E+00 -1.3991230E-32  0.0000000E+00  0.0000000E+00
  hf176    176  -6.1605018E-14  2.0831635E-12  2.1447685E-12  5.1306539E-13  5.2827729E-13 -1.2689226E-02
  hf177    177   6.3189037E-14  7.7720348E-12  7.7088457E-12  1.9141858E-12  1.8987633E-12  3.5132838E-03
  hf178    178   1.1963408E-12  1.2569539E-11  1.1373198E-11  3.0957702E-12  2.8013288E-12  4.3404639E-02
  hf179    179   3.1863141E-13  6.0291845E-12  5.7105531E-12  1.4849366E-12  1.4065644E-12  2.3548298E-02
  hf180    180   2.1445588E-12  1.6933347E-11  1.4788788E-11  4.1705389E-12  3.6426218E-12  5.8778081E-02
  hf181    181   2.3394048E-27  2.3394048E-27  0.0000000E+00  5.7617541E-28  0.0000000E+00  0.0000000E+00
  hf182    182   7.2342983E-13  7.2342983E-13  0.0000000E+00  1.7817459E-13  0.0000000E+00  0.0000000E+00
  ta181    181   4.1582753E-13  6.6817645E-12  6.2659370E-12  1.6456616E-12  1.5433609E-12  2.7873063E-02
  ta182    182   6.6373724E-21  6.6373724E-21  0.0000000E+00  1.6347281E-21  0.0000000E+00  0.0000000E+00
  ta183    183  -1.9726911E-33 -1.9726911E-33  0.0000000E+00 -4.8585698E-34  0.0000000E+00  0.0000000E+00
   w182    182   7.9491448E-13  1.0627762E-11  9.8328472E-12  2.6175269E-12  2.4219255E-12  3.3730365E-02
   w183    183   6.0042206E-13  5.9393545E-12  5.3389324E-12  1.4628123E-12  1.3150308E-12  4.6252672E-02
   w184    184   1.5146296E-12  1.3008476E-11  1.1493847E-11  3.2038766E-12  2.8310457E-12  5.3728908E-02
   w185    185  -3.7708939E-25 -3.7708939E-25  0.0000000E+00 -9.2873895E-26  0.0000000E+00  0.0000000E+00
   w186    186   6.1901352E-13  1.1399779E-11  1.0780765E-11  2.8076682E-12  2.6554065E-12  2.4214773E-02
  re185    185   2.1453412E-13  5.6939635E-12  5.4794294E-12  1.4023746E-12  1.3496364E-12  1.6647253E-02
  re186    186  -1.5244894E-33 -1.5244894E-33  0.0000000E+00 -3.7546874E-34  0.0000000E+00  0.0000000E+00
  re187    187  -1.6351417E-13  9.8288721E-12  9.9923863E-12  2.4207671E-12  2.4612213E-12 -7.1976827E-03
  os186    186   6.2536868E-13  3.6623760E-12  3.0370073E-12  9.0201192E-13  7.4804426E-13  8.1285007E-02
  os187    187   1.2306107E-13  2.5516041E-12  2.4285430E-12  6.2843827E-13  5.9817364E-13  2.1435348E-02
  os188    188   1.1456495E-12  2.6765156E-11  2.5619507E-11  6.5920294E-12  6.3103325E-12  1.8966926E-02
  os189    189  -8.3819063E-13  3.0564329E-11  3.1402519E-11  7.5277328E-12  7.7347443E-12 -1.1781772E-02
  os190    190   1.1826269E-12  5.2520661E-11  5.1338035E-11  1.2935391E-11  1.2645054E-11  9.8588327E-03
  os191    191  -8.7984710E-30 -8.7984710E-30  0.0000000E+00 -2.1669883E-30  0.0000000E+00  0.0000000E+00
  os192    192  -1.2047585E-12  7.9367762E-11  8.0572521E-11  1.9547601E-11  1.9845792E-11 -6.5749851E-03
  ir191    191  -2.1928639E-12  6.5744007E-11  6.7936871E-11  1.6192188E-11  1.6733507E-11 -1.4281407E-02
  ir192    192   2.1023420E-26  2.1023420E-26  0.0000000E+00  5.1778888E-27  0.0000000E+00  0.0000000E+00
  ir193    193  -3.0772190E-12  1.1231788E-10  1.1539510E-10  2.7662936E-11  2.8422929E-11 -1.1770546E-02
  pt192    192   1.7589946E-12  4.6156646E-12  2.8566700E-12  1.1367988E-12  7.0362547E-13  2.0834202E-01
  pt193    193   1.3473872E-16  1.3473872E-16  0.0000000E+00  3.3184997E-17  0.0000000E+00  0.0000000E+00
  pt194    194   1.2161799E-12  1.2290258E-10  1.2168640E-10  3.0269856E-11  2.9972538E-11  4.2868196E-03
  pt195    195  -2.2914032E-12  1.2323569E-10  1.2552709E-10  3.0351898E-11  3.0918535E-11 -8.0330214E-03
  pt196    196   3.1599376E-12  9.7292868E-11  9.4132931E-11  2.3962403E-11  2.3185851E-11  1.4307307E-02
  au197    197  -4.4809295E-13  5.6284134E-11  5.6732227E-11  1.3862301E-11  1.3973696E-11 -3.4759662E-03
  hg198    198   2.9542818E-12  1.6281188E-11  1.3326906E-11  4.0099174E-12  3.2825459E-12  8.6924642E-02
  hg199    199   4.6159430E-13  2.3125111E-11  2.2663517E-11  5.6955174E-12  5.5822434E-12  8.7243989E-03
  hg200    200   2.4950840E-12  3.3683709E-11  3.1188625E-11  8.2960097E-12  7.6820598E-12  3.3391558E-02
  hg201    201   8.2512122E-13  1.8708823E-11  1.7883701E-11  4.6078232E-12  4.4049282E-12  1.9556979E-02
  hg202    202   3.4981046E-12  4.4216922E-11  4.0718817E-11  1.0890251E-11  1.0029438E-11  3.5761256E-02
  tl203    203   1.8042928E-12  1.7911615E-11  1.6107322E-11  4.4114777E-12  3.9673894E-12  4.6079271E-02
  tl204    204  -1.2760303E-17 -1.2760303E-17  0.0000000E+00 -3.1427536E-18  0.0000000E+00  0.0000000E+00
  tl205    205   3.8335932E-12  4.2663033E-11  3.8829440E-11  1.0507540E-11  9.5640666E-12  4.0858455E-02
  pb204    204   1.0994521E-12  2.1487341E-11  2.0387889E-11  5.2921487E-12  5.0217343E-12  2.2778282E-02
  pb205    205   0.0000000E+00  0.0000000E+00  0.0000000E+00  0.0000000E+00  0.0000000E+00  0.0000000E+00
  pb206    206   1.0613441E-11  2.0217893E-10  1.9156549E-10  4.9794942E-11  4.7184430E-11  2.3386486E-02
  pb207    207   1.0995552E-11  2.2401360E-10  2.1301805E-10  5.5172637E-11  5.2468405E-11  2.1825904E-02
  pb208    208   2.2081670E-11  6.3475009E-10  6.1266842E-10  1.5633353E-10  1.5090615E-10  1.5345219E-02
  bi209    209   9.4815475E-13  4.3558043E-11  4.2609888E-11  1.0727974E-11  1.0495227E-11  9.5258942E-03
  bi210    210   0.0000000E+00  0.0000000E+00  0.0000000E+00  0.0000000E+00  0.0000000E+00  0.0000000E+00
  po210    210   0.0000000E+00  0.0000000E+00  0.0000000E+00  0.0000000E+00  0.0000000E+00  0.0000000E+00
