# Initial mass = 2.750, Z =  0.0300, Y =  0.300, M_mix = 1.00E-03
# Final mass = 0.670, Mass expelled =   2.0800
# El  Z   log e(X)   [X/H]    [X/Fe]     X(i)     Net M(i) Mass(i) 
  p   1  12.000000  0.000000  0.000000  6.40110E-01 -7.44005E-02  1.33143E+00
 he   2  11.111222  0.181222 -0.171054  3.28399E-01  5.64815E-02  6.83070E-01
  c   6   9.120848  0.650847  0.298572  1.00745E-02  1.03982E-02  2.09549E-02
  n   7   8.611992  0.741992  0.389716  3.64025E-03  4.47966E-03  7.57173E-03
  o   8   9.065524  0.335525 -0.016751  1.18144E-02 -1.01426E-03  2.45739E-02
  f   9   5.360149  0.900149  0.547873  2.76472E-06  4.11886E-06  5.75062E-06
 ne  10   8.507833  0.537834  0.185558  4.12619E-03  2.97358E-03  8.58247E-03
 na  11   6.875858  0.565858  0.213582  1.09696E-04  8.83762E-05  2.28168E-04
 mg  12   7.994323  0.354323  0.002048  1.52340E-03  8.97725E-06  3.16867E-03
 al  13   6.845610  0.375610  0.023334  1.20082E-04  1.26222E-05  2.49771E-04
 si  14   7.903345  0.353345  0.001069  1.42768E-03  1.75554E-06  2.96957E-03
  p  15   5.843509  0.373509  0.021233  1.37183E-05  1.31061E-06  2.85341E-05
  s  16   7.512671  0.352672  0.000396  6.62975E-04 -1.33493E-06  1.37899E-03
 cl  17   5.599650  0.369650  0.017374  8.95565E-06  6.97282E-07  1.86278E-05
 ar  18   6.792151  0.352151 -0.000124  1.57196E-04 -7.08562E-07  3.26968E-04
  k  19   5.438734  0.358734  0.006458  6.81841E-06  2.01392E-07  1.41823E-05
 ca  20   6.642006  0.352006 -0.000270  1.11611E-04 -5.79312E-07  2.32150E-04
 sc  21   3.436028  0.386028  0.033752  7.79130E-08  1.18358E-08  1.62059E-07
 ti  22   5.266490  0.356490  0.004214  5.61462E-06  9.11614E-08  1.16784E-05
  v  23   4.307788  0.347788 -0.004488  6.57141E-07 -1.32776E-08  1.36685E-06
 cr  24   5.973280  0.333280 -0.018996  3.10488E-05 -7.68268E-08  6.45815E-05
 mn  25   5.841760  0.361760  0.009484  2.42342E-05  9.97177E-07  5.04070E-05
 fe  26   7.892276  0.352276  0.000000  2.76729E-03 -1.07544E-05  5.75596E-03
 co  27   5.271086  0.401086  0.048810  6.98617E-06  1.52003E-06  1.45312E-05
 ni  28   6.555797  0.355797  0.003521  1.34022E-04  1.72842E-06  2.78767E-04
 cu  29   4.687504  0.437504  0.085228  1.96511E-06  7.22092E-07  4.08743E-06
 zn  30   5.046307  0.416306  0.064031  4.62103E-06  1.30211E-06  9.61174E-06
 ga  31   3.733472  0.653472  0.301196  2.39686E-07  2.48900E-07  4.98547E-07
 ge  32   4.220744  0.640744  0.288468  7.66858E-07  8.35196E-07  1.59506E-06
 as  33   2.867927  0.567927  0.215651  3.51019E-08  2.84922E-08  7.30118E-08
 se  34   4.102761  0.762761  0.410486  6.35277E-07  8.56410E-07  1.32138E-06
 br  35   3.278480  0.738480  0.386204  9.63478E-08  1.17892E-07  2.00403E-07
 kr  36   4.091363  0.841363  0.489088  6.56738E-07  9.23833E-07  1.36601E-06
 rb  37   3.092114  0.732115  0.379839  6.70985E-08  8.12541E-08  1.39565E-07
 sr  38   4.283829  1.403829  1.051553  1.06961E-06  2.02795E-06  2.22480E-06
  y  39   3.568482  1.398482  1.046206  2.09030E-07  3.95619E-07  4.34782E-07
 zr  40   3.873530  1.343530  0.991255  4.32946E-07  8.08471E-07  9.00528E-07
 nb  41   2.633383  1.223383  0.871107  2.53642E-08  4.56456E-08  5.27576E-08
 mo  42   3.013440  1.073440  0.721164  6.28397E-08  1.11881E-07  1.30707E-07
 ru  44   2.740604  0.980604  0.628329  3.53201E-08  6.06536E-08  7.34657E-08
 rh  45   1.780579  0.720579  0.368303  3.94289E-09  4.68243E-09  8.20121E-09
 pd  46   2.709830  1.059830  0.707554  3.46456E-08  5.97096E-08  7.20628E-08
 ag  47   1.992455  0.792455  0.440180  6.73198E-09  8.91126E-09  1.40025E-08
 cd  48   2.828007  1.118007  0.765731  4.80408E-08  8.42560E-08  9.99248E-08
 in  49   1.708155  0.948155  0.595879  3.72357E-09  5.86175E-09  7.74503E-09
 sn  50   3.168729  1.098729  0.746453  1.11176E-07  1.95271E-07  2.31246E-07
 sb  51   1.676700  0.666700  0.314424  3.67282E-09  5.51659E-09  7.63946E-09
 te  52   2.731203  0.551203  0.198927  4.36363E-08  7.11559E-08  9.07635E-08
  i  53   2.011145  0.461145  0.108869  8.26827E-09  3.78818E-09  1.71980E-08
 xe  54   2.910396  0.670396  0.318120  6.78315E-08  7.87009E-08  1.41090E-07
 cs  55   1.727632  0.647632  0.295356  4.50783E-09  4.61761E-09  9.37629E-09
 ba  56   3.260715  1.080715  0.728440  1.58952E-07  2.68846E-07  3.30620E-07
 la  57   2.162173  0.992173  0.639897  1.28141E-08  2.05401E-08  2.66534E-08
 ce  58   2.545160  0.965160  0.612884  3.12207E-08  4.91434E-08  6.49391E-08
 pr  59   1.530980  0.770980  0.418704  3.03886E-09  3.90603E-09  6.32083E-09
 nd  60   2.277316  0.827316  0.475040  1.73459E-08  2.46499E-08  3.60795E-08
 sm  62   1.541043  0.601043  0.248767  3.31872E-09  4.00984E-09  6.90294E-09
 eu  63   0.926187  0.416187  0.063911  8.14182E-10  2.29002E-10  1.69350E-09
 gd  64   1.574806  0.524806  0.172530  3.75139E-09  2.54832E-09  7.80289E-09
 tb  65   0.764958  0.444958  0.092683  5.87415E-10  2.32944E-10  1.22182E-09
 dy  66   1.677612  0.547612  0.195336  4.91203E-09  3.69856E-09  1.02170E-08
 ho  67   0.907685  0.437685  0.085409  8.46797E-10  3.11745E-10  1.76134E-09
 er  68   1.458900  0.538900  0.186625  3.05552E-09  2.28438E-09  6.35548E-09
 tm  69   0.626276  0.506276  0.154000  4.53720E-10  2.80496E-10  9.43737E-10
 yb  70   1.597551  0.677551  0.325275  4.35004E-09  5.32365E-09  9.04809E-09
 lu  71   0.728615  0.638615  0.286339  5.94793E-10  5.96112E-10  1.23717E-09
 hf  72   1.491736  0.781736  0.429461  3.51679E-09  4.59312E-09  7.31491E-09
 ta  73   0.602926  0.722926  0.370650  4.60548E-10  5.49215E-10  9.57939E-10
  w  74   1.420416  0.770416  0.418140  3.07363E-09  3.95049E-09  6.39315E-09
 re  75   0.734505  0.474505  0.122229  6.41646E-10  3.25515E-10  1.33462E-09
 os  76   1.820989  0.470989  0.118713  7.99949E-09  3.95842E-09  1.66389E-08
 ir  77   1.680186  0.360186  0.007910  5.84485E-09  1.97385E-10  1.21573E-08
 pt  78   2.011927  0.391927  0.039651  1.27330E-08  4.00411E-09  2.64846E-08
 au  79   1.218340  0.418340  0.066064  2.06789E-09  6.00059E-10  4.30121E-09
 hg  80   1.879288  0.709288  0.357012  9.64700E-09  1.18500E-08  2.00658E-08
 tl  81   1.455564  0.685565  0.333289  3.70514E-09  4.12250E-09  7.70669E-09
 pb  82   2.662456  0.622456  0.270180  6.04839E-08  5.81460E-08  1.25806E-07
 bi  83   1.021403  0.371403  0.019127  1.39413E-09  1.19769E-10  2.89978E-09
#  [Rb/Zr]  [ls/Fe]  [hs/Fe]  [hs/ls]  [Pb/hs]
   -0.6114   1.0297   0.6604  -0.3693  -0.3902
