# Initial abundances
# El  Z   log e(X)   [X/H]    [X/Fe]     [X/O]      X(i)
  p   1  12.000000  0.000000  0.000000  0.000000 7.54992E-01
 he   2  10.922963 -0.007037  2.178469  2.178463 2.51091E-01
 li   3   1.040214 -2.219786 -0.034281 -0.034287 5.70319E-11
 be   4   0.000000 -1.300000  0.000000  0.000000 0.00000E+00
  b   5   0.000000 -2.790000  0.000000  0.000000 0.00000E+00
  c   6   6.284689 -2.185311  0.000195  0.000189 1.73281E-05
  n   7   5.684475 -2.185524 -0.000019 -0.000025 5.07344E-06
  o   8   6.544500 -2.185500  0.000006  0.000000 4.19831E-05
  f   9   2.234510 -2.185490  0.000016  0.000010 2.44175E-09
 ne  10   5.784503 -2.185497  0.000009  0.000002 9.20250E-06
 na  11   4.054493 -2.185506  0.000000 -0.000007 1.95216E-07
 mg  12   5.454495 -2.185505  0.000001 -0.000005 5.18409E-06
 al  13   4.264493 -2.185506  0.000000 -0.000007 3.71578E-07
 si  14   5.364496 -2.185504  0.000002 -0.000004 4.86932E-06
  p  15   3.224507 -2.185493  0.000013  0.000007 3.89033E-08
  s  16   4.974492 -2.175508  0.009998  0.009992 2.26467E-06
 cl  17   3.044502 -2.185498  0.000008  0.000002 2.94196E-08
 ar  18   4.254495 -2.185505  0.000001 -0.000005 5.37617E-07
  k  19   2.893927 -2.186073 -0.000567 -0.000574 2.29384E-08
 ca  20   4.104494 -2.185506  0.000000 -0.000006 3.81841E-07
 sc  21   0.864499 -2.185501  0.000005 -0.000001 2.46473E-10
 ti  22   2.724504 -2.185496  0.000010  0.000003 1.90118E-08
  v  23   1.773415 -2.186585 -0.001080 -0.001086 2.26451E-09
 cr  24   3.435211 -2.204789 -0.019283 -0.019289 1.06087E-07
 mn  25   3.294506 -2.185494  0.000012  0.000006 8.10702E-08
 fe  26   5.354494 -2.185506  0.000000 -0.000006 9.46152E-06
 co  27   2.684498 -2.185502  0.000004 -0.000002 2.13471E-08
 ni  28   4.014499 -2.185501  0.000005 -0.000001 4.54536E-07
 cu  29   2.064504 -2.185496  0.000010  0.000003 5.52172E-09
 zn  30   2.444505 -2.185495  0.000010  0.000004 1.36340E-08
 ga  31   0.894501 -2.185499  0.000007  0.000000 4.09599E-10
 ge  32   1.360128 -2.219872 -0.034366 -0.034372 1.24677E-09
 as  33   0.114492 -2.185508 -0.000002 -0.000008 7.30440E-11
 se  34   1.110576 -2.229424 -0.043918 -0.043925 7.62896E-10
 br  35   0.354499 -2.185501  0.000005 -0.000001 1.35379E-10
 kr  36   1.062928 -2.187072 -0.001566 -0.001572 7.25510E-10
 rb  37   0.334499 -2.185501  0.000005 -0.000001 1.38288E-10
 sr  38   0.692071 -2.187929 -0.002423 -0.002429 3.22966E-10
  y  39   0.024498 -2.185502  0.000004 -0.000002 7.04550E-11
 zr  40   0.344502 -2.185498  0.000008  0.000002 1.51041E-10
 nb  41  -0.775493 -2.185493  0.000013  0.000007 1.16690E-11
 mo  42  -0.366675 -2.306675 -0.121170 -0.121176 3.08892E-11
 tc  43   0.000000 -9.000000  0.000000  0.000000 0.00000E+00
 ru  44  -0.556439 -2.316439 -0.130934 -0.130940 2.10215E-11
 rh  45  -1.125499 -2.185499  0.000007  0.000001 5.77330E-12
 pd  46  -0.594683 -2.244683 -0.059177 -0.059183 2.02685E-11
 ag  47  -0.985498 -2.185498  0.000007  0.000001 8.35366E-12
 cd  48  -0.515215 -2.225215 -0.039709 -0.039715 2.57084E-11
 in  49  -1.444536 -2.204536 -0.019030 -0.019037 3.08998E-12
 sn  50  -0.177930 -2.247930 -0.062424 -0.062430 5.90256E-11
 sb  51  -1.418026 -2.428026 -0.242520 -0.242526 3.48307E-12
 te  52  -0.472878 -2.652878 -0.467372 -0.467378 3.21704E-11
  i  53  -0.635500 -2.185500  0.000006  0.000000 2.20018E-11
 xe  54   0.017418 -2.222582 -0.037076 -0.037082 1.02363E-10
 cs  55  -1.105499 -2.185499  0.000007  0.000000 7.80773E-12
 ba  56  -0.006402 -2.186402 -0.000896 -0.000902 1.01353E-10
 la  57  -1.015905 -2.185905 -0.000400 -0.000406 1.00299E-11
 ce  58  -0.607405 -2.187405 -0.001899 -0.001905 2.59159E-11
 pr  59  -1.425498 -2.185498  0.000008  0.000002 3.96205E-12
 nd  60  -0.760503 -2.210503 -0.024997 -0.025003 1.87527E-11
 pm  61   0.000000 -9.000000  0.000000  0.000000 0.00000E+00
 sm  62  -1.375217 -2.315217 -0.129712 -0.129718 4.74676E-12
 eu  63  -1.675514 -2.185514 -0.000008 -0.000015 2.40275E-12
 gd  64  -1.242631 -2.292631 -0.107125 -0.107131 6.73662E-12
 tb  65  -1.865514 -2.185514 -0.000008 -0.000014 1.62241E-12
 dy  66  -1.056156 -2.186156 -0.000650 -0.000657 1.06950E-11
 ho  67  -1.715497 -2.185497  0.000009  0.000003 2.37840E-12
 er  68  -1.273119 -2.193119 -0.007613 -0.007619 6.67963E-12
 tm  69  -2.065498 -2.185498  0.000008  0.000001 1.08818E-12
 yb  70  -1.326529 -2.246529 -0.061023 -0.061029 6.11083E-12
 lu  71  -2.095501 -2.185501  0.000005 -0.000001 1.05181E-12
 hf  72  -1.476206 -2.186206 -0.000700 -0.000706 4.46571E-12
 ta  73  -2.305553 -2.185554 -0.000048 -0.000054 6.70629E-13
  w  74  -1.536028 -2.186028 -0.000522 -0.000528 4.00770E-12
 re  75  -1.925500 -2.185500  0.000006  0.000000 1.65569E-12
 os  76  -0.835583 -2.185583 -0.000077 -0.000083 2.08055E-11
 ir  77  -0.865499 -2.185500  0.000006  0.000000 1.96234E-11
 pt  78  -0.597843 -2.217843 -0.032337 -0.032343 3.68847E-11
 au  79  -1.385500 -2.185500  0.000006  0.000000 6.07262E-12
 hg  80  -1.047105 -2.217105 -0.031599 -0.031605 1.34799E-11
 tl  81  -1.415503 -2.185503  0.000003 -0.000003 5.88064E-12
 pb  82  -0.145496 -2.185496  0.000010  0.000003 1.11013E-10
 bi  83  -1.535495 -2.185495  0.000011  0.000005 4.56134E-12
 po  84   0.000000 -9.000000  0.000000  0.000000 0.00000E+00
#[ls/Fe]_Bisterzo =   0.0000, [hs/Fe]_Bisterzo =  -0.0517
#[hs/ls]_Bisterzo =  -0.0517, [Pb/hs]_Bisterzo =   0.0517
#[ls/Fe]_Thiswork =  -0.0008, [hs/Fe]_Thiswork =  -0.0011
#[hs/ls]_Thiswork =  -0.0003, [Pb/hs]_Thiswork =   0.0011
# C/O = 5.4978E-01, c12/c13 = 8.94392E+01, n14/n15 = 4.47610E+02
# o16/o17 = 2.63226E+03, o16/o18 = 4.98812E+02
# mg24/mg25 = 7.8990E+00, mg24/mg26 = 7.1742E+00
#
# During TP-AGB
#  TP   Mass     Mcore    Menv    log L
#  1 1.149220 0.585040 0.564180 3.585040
# El  Z   log e(X)   [X/H]    [X/Fe]     [X/O]      X(i)
  p   1  12.000000  0.000000  0.000000  0.000000 7.29960E-01
 he   2  10.978712  0.048712  2.234218  2.234211 2.76017E-01
 li   3   0.812315 -2.447685 -0.262179 -0.262185 3.26268E-11
 be   4   0.000000 -1.300000  0.000000  0.000000 0.00000E+00
  b   5   0.000000 -2.790000  0.000000  0.000000 9.35691E-28
  c   6   6.077698 -2.392303 -0.206797 -0.206803 1.04020E-05
  n   7   6.153292 -1.716708  0.468798  0.468791 1.44369E-05
  o   8   6.543684 -2.186316 -0.000810  0.000000 4.05149E-05
  f   9   2.223238 -2.196762 -0.011256 -0.010447 2.30030E-09
 ne  10   5.795326 -2.174674  0.010832  0.011642 9.12191E-06
 na  11   4.236543 -2.003457  0.182049  0.182858 2.87025E-07
 mg  12   5.469070 -2.170930  0.014576  0.015386 5.18327E-06
 al  13   4.280482 -2.169518  0.015988  0.016798 3.72731E-07
 si  14   5.379145 -2.170856  0.014650  0.015460 4.86937E-06
  p  15   3.239698 -2.170301  0.015204  0.016014 3.89524E-08
  s  16   4.989142 -2.160858  0.024648  0.025457 2.26471E-06
 cl  17   3.059152 -2.170848  0.014657  0.015467 2.94200E-08
 ar  18   4.269145 -2.170855  0.014651  0.015461 5.37625E-07
  k  19   2.908525 -2.171474  0.014031  0.014841 2.29360E-08
 ca  20   4.119147 -2.170853  0.014653  0.015463 3.81849E-07
 sc  21   0.879149 -2.170851  0.014655  0.015465 2.46476E-10
 ti  22   2.739154 -2.170846  0.014660  0.015470 1.90120E-08
  v  23   1.788066 -2.171934  0.013572  0.014381 2.26454E-09
 cr  24   3.449862 -2.190138 -0.004632 -0.003823 1.06089E-07
 mn  25   3.309156 -2.170844  0.014662  0.015472 8.10713E-08
 fe  26   5.369144 -2.170856  0.000000  0.015460 9.46165E-06
 co  27   2.699148 -2.170852  0.000004  0.015464 2.13474E-08
 ni  28   4.029150 -2.170850  0.000005  0.015465 4.54542E-07
 cu  29   2.079154 -2.170846  0.000010  0.015470 5.52180E-09
 zn  30   2.459155 -2.170845  0.000010  0.015471 1.36342E-08
 ga  31   0.909151 -2.170849  0.000007  0.015467 4.09605E-10
 ge  32   1.374780 -2.205220 -0.034365 -0.018905 1.24679E-09
 as  33   0.129143 -2.170857 -0.000002  0.015458 7.30450E-11
 se  34   1.125226 -2.214774 -0.043918 -0.028458 7.62907E-10
 br  35   0.369149 -2.170851  0.000005  0.015465 1.35381E-10
 kr  36   1.077578 -2.172422 -0.001567  0.013893 7.25521E-10
 rb  37   0.344186 -2.175814 -0.004959  0.010501 1.36719E-10
 sr  38   0.708882 -2.171118 -0.000262  0.015198 3.24581E-10
  y  39   0.039149 -2.170851  0.000005  0.015465 7.04561E-11
 zr  40   0.359153 -2.170847  0.000008  0.015468 1.51043E-10
 nb  41  -0.760842 -2.170842  0.000013  0.015473 1.16692E-11
 mo  42  -0.352025 -2.292025 -0.121170 -0.105710 3.08897E-11
 tc  43   0.000000 -9.000000  0.000000  0.000000 0.00000E+00
 ru  44  -0.541790 -2.301790 -0.130934 -0.115474 2.10219E-11
 rh  45  -1.110848 -2.170848  0.000007  0.015467 5.77338E-12
 pd  46  -0.580033 -2.230033 -0.059178 -0.043718 2.02688E-11
 ag  47  -0.970848 -2.170848  0.000007  0.015467 8.35378E-12
 cd  48  -0.500566 -2.210566 -0.039710 -0.024250 2.57088E-11
 in  49  -1.429886 -2.189886 -0.019030 -0.003570 3.09003E-12
 sn  50  -0.163279 -2.233279 -0.062423 -0.046963 5.90265E-11
 sb  51  -1.403375 -2.413375 -0.242519 -0.227059 3.48312E-12
 te  52  -0.458227 -2.638227 -0.467372 -0.451912 3.21708E-11
  i  53  -0.620850 -2.170850  0.000006  0.015466 2.20021E-11
 xe  54   0.032068 -2.207932 -0.037076 -0.021616 1.02364E-10
 cs  55  -1.090849 -2.170849  0.000007  0.015467 7.80784E-12
 ba  56   0.008248 -2.171752 -0.000896  0.014564 1.01354E-10
 la  57  -1.001255 -2.171255 -0.000400  0.015060 1.00301E-11
 ce  58  -0.592754 -2.172754 -0.001899  0.013561 2.59162E-11
 pr  59  -1.410848 -2.170848  0.000008  0.015468 3.96211E-12
 nd  60  -0.745853 -2.195853 -0.024998 -0.009538 1.87530E-11
 pm  61   0.000000 -9.000000  0.000000  0.000000 0.00000E+00
 sm  62  -1.360567 -2.300567 -0.129712 -0.114252 4.74683E-12
 eu  63  -1.660864 -2.170864 -0.000008  0.015452 2.40279E-12
 gd  64  -1.227981 -2.277981 -0.107125 -0.091665 6.73672E-12
 tb  65  -1.850863 -2.170863 -0.000008  0.015452 1.62244E-12
 dy  66  -1.041507 -2.171507 -0.000651  0.014809 1.06951E-11
 ho  67  -1.700847 -2.170847  0.000009  0.015469 2.37843E-12
 er  68  -1.258469 -2.178469 -0.007613  0.007847 6.67973E-12
 tm  69  -2.050847 -2.170847  0.000009  0.015469 1.08820E-12
 yb  70  -1.311879 -2.231879 -0.061024 -0.045564 6.11091E-12
 lu  71  -2.081478 -2.171478 -0.000623  0.014838 1.05031E-12
 hf  72  -1.461405 -2.171405 -0.000549  0.014911 4.46733E-12
 ta  73  -2.290903 -2.170903 -0.000048  0.015412 6.70639E-13
  w  74  -1.521377 -2.171377 -0.000521  0.014939 4.00776E-12
 re  75  -1.924136 -2.184136 -0.013281  0.002179 1.60583E-12
 os  76  -0.819870 -2.169870  0.000986  0.016446 2.08568E-11
 ir  77  -0.850849 -2.170849  0.000006  0.015466 1.96237E-11
 pt  78  -0.583194 -2.203194 -0.032338 -0.016878 3.68853E-11
 au  79  -1.370850 -2.170850  0.000006  0.015466 6.07271E-12
 hg  80  -1.032454 -2.202455 -0.031599 -0.016139 1.34801E-11
 tl  81  -1.400852 -2.170852  0.000003  0.015463 5.88073E-12
 pb  82  -0.130846 -2.170846  0.000010  0.015470 1.11015E-10
 bi  83  -1.520844 -2.170845  0.000011  0.015471 4.56140E-12
 po  84   0.000000 -9.000000  0.000000  0.000000 7.39233E-26
#[ls/Fe]_Bisterzo =   0.0000, [hs/Fe]_Bisterzo =  -0.0517
#[hs/ls]_Bisterzo =  -0.0517, [Pb/hs]_Bisterzo =   0.0517
#[ls/Fe]_Thiswork =  -0.0001, [hs/Fe]_Thiswork =  -0.0011
#[hs/ls]_Thiswork =  -0.0010, [Pb/hs]_Thiswork =   0.0011
# C/O = 3.4199E-01, c12/c13 = 2.17291E+01, n14/n15 = 2.82695E+03
# o16/o17 = 2.58241E+02, o16/o18 = 7.03360E+02
# mg24/mg25 = 8.0655E+00, mg24/mg26 = 7.0558E+00
#
#  TP   Mass     Mcore    Menv    log L
#  2 1.149210 0.590850 0.558360 3.755720
# El  Z   log e(X)   [X/H]    [X/Fe]     [X/O]      X(i)
  p   1  12.000000  0.000000  0.000000  0.000000 7.26765E-01
 he   2  10.984210  0.054210  2.225065  2.240525 2.78310E-01
 li   3   1.124483 -2.135517  0.035339  0.050799 6.66559E-11
 be   4   0.000000 -1.300000  0.000000  0.000000 0.00000E+00
  b   5   0.000000 -2.790000  0.000000  0.000000 2.02551E-27
  c   6   7.993074 -0.476926  1.693929  1.709389 8.52288E-04
  n   7   6.153514 -1.716486  0.454370  0.469830 1.43811E-05
  o   8   6.812881 -1.917119  0.253737  0.000000 7.49734E-05
  f   9   2.964183 -1.455817  0.715038  0.461301 1.26131E-08
 ne  10   5.897389 -2.072611  0.098245 -0.155492 1.14880E-05
 na  11   4.259449 -1.980551  0.190304 -0.063433 3.01246E-07
 mg  12   5.470592 -2.169407  0.001448 -0.252289 5.17871E-06
 al  13   4.291897 -2.158103  0.012753 -0.240984 3.80982E-07
 si  14   5.384267 -2.165733  0.005123 -0.248614 4.90558E-06
  p  15   3.261023 -2.148977  0.021878 -0.231859 4.07337E-08
  s  16   4.990698 -2.159302  0.011554 -0.242183 2.26289E-06
 cl  17   3.066012 -2.163988  0.006868 -0.246869 2.97576E-08
 ar  18   4.270521 -2.169479  0.001377 -0.252360 5.36969E-07
  k  19   2.913609 -2.166391  0.004464 -0.249273 2.31045E-08
 ca  20   4.119987 -2.170013  0.000842 -0.252895 3.80913E-07
 sc  21   0.898461 -2.151539  0.019317 -0.234420 2.56556E-10
 ti  22   2.741575 -2.168425  0.002431 -0.251306 1.90347E-08
  v  23   1.788942 -2.171058 -0.000202 -0.253939 2.25919E-09
 cr  24   3.451194 -2.188806 -0.017951 -0.271688 1.05949E-07
 mn  25   3.309655 -2.170345  0.000511 -0.253226 8.08093E-08
 fe  26   5.370193 -2.169807  0.000000 -0.252688 9.44301E-06
 co  27   2.756618 -2.113382  0.056425 -0.196264 2.42611E-08
 ni  28   4.043138 -2.156862  0.012945 -0.239744 4.67366E-07
 cu  29   2.245356 -2.004644  0.165163 -0.087526 8.06077E-09
 zn  30   2.500850 -2.129150  0.040657 -0.212032 1.49424E-08
 ga  31   1.069713 -2.010287  0.159520 -0.093169 5.90232E-10
 ge  32   1.505290 -2.074710  0.095097 -0.157591 1.67648E-09
 as  33   0.194375 -2.105625  0.064182 -0.188506 8.45118E-11
 se  34   1.236314 -2.103686  0.066121 -0.186568 9.80966E-10
 br  35   0.451618 -2.088382  0.081425 -0.171263 1.62975E-10
 kr  36   1.147814 -2.102186  0.067621 -0.185068 8.49142E-10
 rb  37   0.415207 -2.104793  0.065014 -0.187675 1.60304E-10
 sr  38   0.751507 -2.128493  0.041314 -0.211375 3.56487E-10
  y  39   0.064664 -2.145336  0.024471 -0.228218 7.43924E-11
 zr  40   0.374145 -2.155855  0.013952 -0.238737 1.55664E-10
 nb  41  -0.749700 -2.159699  0.010108 -0.242581 1.19200E-11
 mo  42  -0.345422 -2.285422 -0.115615 -0.368303 3.12256E-11
 tc  43   0.000000 -9.000000  0.000000  0.000000 0.00000E+00
 ru  44  -0.538343 -2.298343 -0.128536 -0.381225 2.10966E-11
 rh  45  -1.109888 -2.169888 -0.000081 -0.252769 5.76084E-12
 pd  46  -0.577663 -2.227664 -0.057857 -0.310545 2.02905E-11
 ag  47  -0.969895 -2.169895 -0.000088 -0.252777 8.33547E-12
 cd  48  -0.497933 -2.207933 -0.038126 -0.290815 2.57519E-11
 in  49  -1.428127 -2.188127 -0.018320 -0.271009 3.08899E-12
 sn  50  -0.159583 -2.229583 -0.059776 -0.312464 5.92703E-11
 sb  51  -1.401411 -2.411411 -0.241604 -0.494292 3.48359E-12
 te  52  -0.455689 -2.635689 -0.465883 -0.718571 3.22177E-11
  i  53  -0.620459 -2.170459 -0.000652 -0.253340 2.19255E-11
 xe  54   0.033378 -2.206622 -0.036815 -0.289504 1.02224E-10
 cs  55  -1.090004 -2.170004 -0.000197 -0.252885 7.78881E-12
 ba  56   0.013852 -2.166148  0.003659 -0.249029 1.02221E-10
 la  57  -0.996480 -2.166480  0.003327 -0.249362 1.00966E-11
 ce  58  -0.588224 -2.168224  0.001583 -0.251106 2.60734E-11
 pr  59  -1.408284 -2.168284  0.001523 -0.251166 3.96812E-12
 nd  60  -0.743141 -2.193141 -0.023334 -0.276023 1.87879E-11
 pm  61   0.000000 -9.000000  0.000000  0.000000 0.00000E+00
 sm  62  -1.358719 -2.298719 -0.128912 -0.381600 4.74621E-12
 eu  63  -1.660421 -2.170421 -0.000614 -0.253303 2.39471E-12
 gd  64  -1.226984 -2.276984 -0.107177 -0.359865 6.72264E-12
 tb  65  -1.850309 -2.170309 -0.000502 -0.253191 1.61739E-12
 dy  66  -1.040560 -2.170560 -0.000753 -0.253441 1.06715E-11
 ho  67  -1.700360 -2.170360 -0.000553 -0.253242 2.37068E-12
 er  68  -1.257517 -2.177517 -0.007710 -0.260398 6.66508E-12
 tm  69  -2.050119 -2.170119 -0.000312 -0.253001 1.08525E-12
 yb  70  -1.309759 -2.229759 -0.059952 -0.312641 6.11393E-12
 lu  71  -2.079967 -2.169967 -0.000160 -0.252849 1.04935E-12
 hf  72  -1.458760 -2.168760  0.001047 -0.251642 4.47493E-12
 ta  73  -2.288931 -2.168931  0.000876 -0.251812 6.70744E-13
  w  74  -1.518590 -2.168590  0.001217 -0.251472 4.01590E-12
 re  75  -1.923256 -2.183256 -0.013449 -0.266137 1.60204E-12
 os  76  -0.819242 -2.169241  0.000566 -0.252123 2.07956E-11
 ir  77  -0.850578 -2.170578 -0.000772 -0.253460 1.95500E-11
 pt  78  -0.582702 -2.202702 -0.032895 -0.285583 3.67655E-11
 au  79  -1.370359 -2.170359 -0.000552 -0.253241 6.05295E-12
 hg  80  -1.029283 -2.199283 -0.029476 -0.282164 1.35195E-11
 tl  81  -1.395229 -2.165229  0.004578 -0.248111 5.93128E-12
 pb  82  -0.126259 -2.166259  0.003548 -0.249140 1.11703E-10
 bi  83  -1.518278 -2.168278  0.001529 -0.251160 4.56836E-12
 po  84  -4.107275 -9.000000  0.000000  0.000000 1.17707E-14
#[ls/Fe]_Bisterzo =   0.0192, [hs/Fe]_Bisterzo =  -0.0496
#[hs/ls]_Bisterzo =  -0.0689, [Pb/hs]_Bisterzo =   0.0532
#[ls/Fe]_Thiswork =   0.0266, [hs/Fe]_Thiswork =   0.0029
#[hs/ls]_Thiswork =  -0.0237, [Pb/hs]_Thiswork =   0.0007
# C/O = 1.5142E+01, c12/c13 = 1.87194E+03, n14/n15 = 1.59280E+03
# o16/o17 = 3.77431E+02, o16/o18 = 1.29860E+03
# mg24/mg25 = 8.0287E+00, mg24/mg26 = 7.0257E+00
#
#  TP   Mass     Mcore    Menv    log L
#  3 1.149170 0.596500 0.552670 3.827910
# El  Z   log e(X)   [X/H]    [X/Fe]     [X/O]      X(i)
  p   1  12.000000  0.000000  0.000000  0.000000 7.22518E-01
 he   2  10.990850  0.060850  2.230657  1.977969 2.80947E-01
 li   3   1.258403 -2.001597  0.168210 -0.084479 9.02014E-11
 be   4   0.000000 -1.300000  0.000000  0.000000 0.00000E+00
  b   5   0.000000 -2.790000  0.000000  0.000000 2.51148E-27
  c   6   8.437428 -0.032572  2.137235  1.884547 2.35719E-03
  n   7   6.187369 -1.682631  0.487176  0.234488 1.54562E-05
  o   8   7.097208 -1.632792  0.537015  0.000000 1.43446E-04
  f   9   3.442339 -0.977661  1.192146  0.655131 3.77081E-08
 ne  10   6.051912 -1.918087  0.251719 -0.285295 1.63013E-05
 na  11   4.292436 -1.947564  0.222243 -0.314772 3.23119E-07
 mg  12   5.473820 -2.166180  0.003627 -0.533388 5.18685E-06
 al  13   4.304157 -2.145843  0.023964 -0.513051 3.89600E-07
 si  14   5.389139 -2.160861  0.008945 -0.528069 4.93192E-06
  p  15   3.287011 -2.122989  0.046818 -0.490197 4.29928E-08
  s  16   4.992853 -2.157147  0.012660 -0.524355 2.26085E-06
 cl  17   3.074767 -2.155233  0.014574 -0.522441 3.01862E-08
 ar  18   4.272460 -2.167540  0.002267 -0.534748 5.36221E-07
  k  19   2.920127 -2.159873  0.009934 -0.527081 2.33168E-08
 ca  20   4.121369 -2.168631  0.001176 -0.535839 3.79894E-07
 sc  21   0.915268 -2.134732  0.035075 -0.501940 2.65121E-10
 ti  22   2.744884 -2.165116  0.004691 -0.532324 1.90681E-08
  v  23   1.790168 -2.169832 -0.000025 -0.537040 2.25233E-09
 cr  24   3.453092 -2.186908 -0.017101 -0.554116 1.05791E-07
 mn  25   3.311516 -2.168484  0.001323 -0.535692 8.06820E-08
 fe  26   5.371768 -2.168231  0.000000 -0.535439 9.42194E-06
 co  27   2.803479 -2.066521  0.101711 -0.433729 2.68674E-08
 ni  28   4.058738 -2.141262  0.026970 -0.508470 4.81629E-07
 cu  29   2.362446 -1.887554  0.280677 -0.254762 1.04935E-08
 zn  30   2.567071 -2.062929  0.105302 -0.430137 1.73020E-08
 ga  31   1.227915 -1.852085  0.316146 -0.219293 8.44654E-10
 ge  32   1.649817 -1.930183  0.238048 -0.297391 2.32477E-09
 as  33   0.279722 -2.020278  0.147954 -0.387486 1.02263E-10
 se  34   1.369793 -1.970207  0.198025 -0.337415 1.32613E-09
 br  35   0.558995 -1.981005  0.187227 -0.348213 2.07468E-10
 kr  36   1.242935 -2.007065  0.161167 -0.374273 1.05089E-09
 rb  37   0.485124 -2.034876  0.133355 -0.402084 1.87204E-10
 sr  38   0.848606 -2.031394  0.136837 -0.398602 4.43197E-10
  y  39   0.110929 -2.099072  0.069160 -0.466280 8.22711E-11
 zr  40   0.397232 -2.132768  0.035464 -0.499976 1.63203E-10
 nb  41  -0.735053 -2.145053  0.023179 -0.512261 1.22568E-11
 mo  42  -0.335186 -2.275186 -0.106955 -0.642394 3.17835E-11
 tc  43   0.000000 -9.000000  0.000000  0.000000 0.00000E+00
 ru  44  -0.530781 -2.290781 -0.122549 -0.657989 2.13417E-11
 rh  45  -1.107654 -2.167654  0.000578 -0.534862 5.75672E-12
 pd  46  -0.571153 -2.221153 -0.052921 -0.588361 2.04766E-11
 ag  47  -0.967503 -2.167503  0.000729 -0.534711 8.33256E-12
 cd  48  -0.492259 -2.202259 -0.034028 -0.569467 2.59381E-11
 in  49  -1.425110 -2.185110 -0.016878 -0.552318 3.09234E-12
 sn  50  -0.154704 -2.224704 -0.056473 -0.591912 5.95897E-11
 sb  51  -1.398944 -2.408944 -0.240712 -0.776152 3.48296E-12
 te  52  -0.452244 -2.632244 -0.464012 -0.999452 3.22845E-11
  i  53  -0.619994 -2.169994 -0.001763 -0.537202 2.18207E-11
 xe  54   0.035353 -2.204647 -0.036416 -0.571855 1.02090E-10
 cs  55  -1.088520 -2.168520 -0.000288 -0.535728 7.76978E-12
 ba  56   0.020655 -2.159345  0.008886 -0.526553 1.03228E-10
 la  57  -0.990603 -2.160604  0.007628 -0.527812 1.01743E-11
 ce  58  -0.582837 -2.162837  0.005394 -0.530045 2.62445E-11
 pr  59  -1.405127 -2.165127  0.003105 -0.532335 3.97372E-12
 nd  60  -0.739132 -2.189132 -0.020900 -0.556340 1.88513E-11
 pm  61   0.000000 -9.000000  0.000000  0.000000 0.00000E+00
 sm  62  -1.356010 -2.296010 -0.127779 -0.663218 4.74799E-12
 eu  63  -1.659871 -2.169871 -0.001640 -0.537079 2.38373E-12
 gd  64  -1.225532 -2.275532 -0.107300 -0.642740 6.70574E-12
 tb  65  -1.849551 -2.169551 -0.001320 -0.536759 1.61075E-12
 dy  66  -1.039009 -2.169009 -0.000778 -0.536217 1.06471E-11
 ho  67  -1.699600 -2.169600 -0.001369 -0.536808 2.36096E-12
 er  68  -1.255738 -2.175738 -0.007507 -0.542946 6.65334E-12
 tm  69  -2.048795 -2.168795 -0.000563 -0.536003 1.08221E-12
 yb  70  -1.305876 -2.225876 -0.057644 -0.593084 6.13279E-12
 lu  71  -2.077598 -2.167598  0.000634 -0.534806 1.04893E-12
 hf  72  -1.454963 -2.164963  0.003269 -0.532171 4.48786E-12
 ta  73  -2.286194 -2.166194  0.002038 -0.533402 6.71040E-13
  w  74  -1.514732 -2.164732  0.003499 -0.531940 4.02805E-12
 re  75  -1.922117 -2.182117 -0.013886 -0.549325 1.59686E-12
 os  76  -0.818457 -2.168457 -0.000225 -0.535665 2.07114E-11
 ir  77  -0.850303 -2.170303 -0.002071 -0.537511 1.94481E-11
 pt  78  -0.581787 -2.201787 -0.033556 -0.568995 3.66277E-11
 au  79  -1.369164 -2.169164 -0.000933 -0.536372 6.03416E-12
 hg  80  -1.022978 -2.192978 -0.024746 -0.560186 1.36370E-11
 tl  81  -1.389975 -2.159975  0.008257 -0.527183 5.96840E-12
 pb  82  -0.120768 -2.160768  0.007464 -0.527976 1.12463E-10
 bi  83  -1.514978 -2.164979  0.003253 -0.532187 4.57630E-12
 po  84  -3.764745 -9.000000  0.000000  0.000000 2.57507E-14
#[ls/Fe]_Bisterzo =   0.0523, [hs/Fe]_Bisterzo =  -0.0470
#[hs/ls]_Bisterzo =  -0.0993, [Pb/hs]_Bisterzo =   0.0545
#[ls/Fe]_Thiswork =   0.0805, [hs/Fe]_Thiswork =   0.0073
#[hs/ls]_Thiswork =  -0.0732, [Pb/hs]_Thiswork =   0.0002
# C/O = 2.1889E+01, c12/c13 = 4.95020E+03, n14/n15 = 1.42030E+03
# o16/o17 = 6.90835E+02, o16/o18 = 2.49216E+03
# mg24/mg25 = 7.9255E+00, mg24/mg26 = 6.9453E+00
#
#  TP   Mass     Mcore    Menv    log L
#  4 1.148990 0.602130 0.546860 3.875640
# El  Z   log e(X)   [X/H]    [X/Fe]     [X/O]      X(i)
  p   1  12.000000  0.000000  0.000000  0.000000 7.17736E-01
 he   2  10.997915  0.067915  2.236146  1.700707 2.83664E-01
 li   3   1.346194 -1.913806  0.254426 -0.281014 1.09678E-10
 be   4   0.000000 -1.300000  0.000000  0.000000 0.00000E+00
  b   5   0.000000 -2.790000  0.000000  0.000000 2.85748E-27
  c   6   8.699025  0.229025  2.397256  1.861817 4.27670E-03
  n   7   6.249935 -1.620065  0.548167  0.012727 1.77331E-05
  o   8   7.317986 -1.412013  0.756218  0.000000 2.36910E-04
  f   9   3.792929 -0.627071  1.541160  0.784942 8.39732E-08
 ne  10   6.301950 -1.668049  0.500182 -0.256036 2.87989E-05
 na  11   4.333377 -1.906623  0.261609 -0.494610 3.52712E-07
 mg  12   5.480381 -2.159619  0.008612 -0.747606 5.23095E-06
 al  13   4.315594 -2.134406  0.033825 -0.722393 3.97349E-07
 si  14   5.393812 -2.156188  0.012043 -0.744175 4.95229E-06
  p  15   3.308760 -2.101240  0.066991 -0.689227 4.49016E-08
  s  16   4.995404 -2.154596  0.013636 -0.742583 2.25912E-06
 cl  17   3.083867 -2.146133  0.022099 -0.734120 3.06213E-08
 ar  18   4.274805 -2.165195  0.003036 -0.753182 5.35555E-07
  k  19   2.926606 -2.153394  0.014838 -0.741381 2.35107E-08
 ca  20   4.123258 -2.166742  0.001490 -0.754729 3.79026E-07
 sc  21   0.930099 -2.119900  0.048331 -0.707887 2.72515E-10
 ti  22   2.748448 -2.161551  0.006680 -0.749538 1.90980E-08
  v  23   1.791620 -2.168380 -0.000148 -0.756367 2.24492E-09
 cr  24   3.455452 -2.184548 -0.016316 -0.772535 1.05664E-07
 mn  25   3.314846 -2.165154  0.003078 -0.753141 8.07650E-08
 fe  26   5.373858 -2.166142  0.000000 -0.754128 9.40475E-06
 co  27   2.838814 -2.031186  0.134955 -0.619173 2.89519E-08
 ni  28   4.071587 -2.128413  0.037729 -0.716400 4.92808E-07
 cu  29   2.439278 -1.810722  0.355419 -0.398709 1.24414E-08
 zn  30   2.621257 -2.008743  0.157398 -0.596730 1.94715E-08
 ga  31   1.334651 -1.745349  0.420793 -0.333336 1.07283E-09
 ge  32   1.749877 -1.830123  0.336019 -0.418110 2.90775E-09
 as  33   0.347006 -1.952994  0.213147 -0.540981 1.18610E-10
 se  34   1.466340 -1.873660  0.292482 -0.461647 1.64532E-09
 br  35   0.640449 -1.899551  0.266590 -0.487538 2.48611E-10
 kr  36   1.318105 -1.931895  0.234246 -0.519882 1.24120E-09
 rb  37   0.537001 -1.982999  0.183142 -0.570986 2.09560E-10
 sr  38   0.934311 -1.945689  0.220452 -0.533676 5.36313E-10
  y  39   0.155194 -2.054806  0.111336 -0.642793 9.04960E-11
 zr  40   0.419255 -2.110745  0.055397 -0.698732 1.70557E-10
 nb  41  -0.721498 -2.131498  0.034643 -0.719485 1.25617E-11
 mo  42  -0.325255 -2.265255 -0.099114 -0.853242 3.23034E-11
 tc  43   0.000000 -9.000000  0.000000  0.000000 0.00000E+00
 ru  44  -0.523319 -2.283319 -0.117178 -0.871306 2.15679E-11
 rh  45  -1.105419 -2.165419  0.000722 -0.753406 5.74812E-12
 pd  46  -0.563997 -2.213997 -0.047856 -0.801984 2.06790E-11
 ag  47  -0.964791 -2.164791  0.001350 -0.752778 8.32925E-12
 cd  48  -0.485375 -2.195375 -0.029234 -0.783362 2.61781E-11
 in  49  -1.421465 -2.181465 -0.015323 -0.769452 3.09777E-12
 sn  50  -0.149446 -2.219445 -0.053304 -0.807432 5.99164E-11
 sb  51  -1.396451 -2.406451 -0.240309 -0.994438 3.47983E-12
 te  52  -0.448663 -2.628663 -0.462521 -1.216650 3.23364E-11
  i  53  -0.619542 -2.169542 -0.003401 -0.757529 2.16989E-11
 xe  54   0.037753 -2.202247 -0.036105 -0.790234 1.01976E-10
 cs  55  -1.086646 -2.166646 -0.000504 -0.754633 7.75175E-12
 ba  56   0.027330 -2.152670  0.013472 -0.740657 1.04134E-10
 la  57  -0.984982 -2.154982  0.011160 -0.742969 1.02387E-11
 ce  58  -0.577670 -2.157670  0.008471 -0.745657 2.63828E-11
 pr  59  -1.402002 -2.162002  0.004139 -0.749989 3.97592E-12
 nd  60  -0.734954 -2.184954 -0.018812 -0.772941 1.89076E-11
 pm  61   0.000000 -9.000000  0.000000  0.000000 0.00000E+00
 sm  62  -1.352934 -2.292934 -0.126792 -0.880921 4.75010E-12
 eu  63  -1.659301 -2.169301 -0.003159 -0.757288 2.37107E-12
 gd  64  -1.223843 -2.273843 -0.107701 -0.861830 6.68733E-12
 tb  65  -1.848658 -2.168658 -0.002516 -0.756644 1.60339E-12
 dy  66  -1.037060 -2.167060 -0.000918 -0.755047 1.06242E-11
 ho  67  -1.698699 -2.168699 -0.002558 -0.756686 2.35020E-12
 er  68  -1.253520 -2.173520 -0.007379 -0.761507 6.64315E-12
 tm  69  -2.047119 -2.167119 -0.000978 -0.755106 1.07920E-12
 yb  70  -1.300885 -2.220885 -0.054744 -0.808872 6.16262E-12
 lu  71  -2.074473 -2.164473  0.001668 -0.752460 1.04951E-12
 hf  72  -1.450014 -2.160014  0.006127 -0.748001 4.50924E-12
 ta  73  -2.282775 -2.162775  0.003366 -0.750762 6.71867E-13
  w  74  -1.510308 -2.160308  0.005833 -0.748295 4.04237E-12
 re  75  -1.920949 -2.180949 -0.014807 -0.768936 1.59056E-12
 os  76  -0.817567 -2.167567 -0.001425 -0.755554 2.06166E-11
 ir  77  -0.850015 -2.170015 -0.003873 -0.758002 1.93322E-11
 pt  78  -0.580374 -2.200374 -0.034232 -0.788361 3.65039E-11
 au  79  -1.367431 -2.167431 -0.001289 -0.755418 6.01821E-12
 hg  80  -1.014348 -2.184348 -0.018207 -0.772335 1.38187E-11
 tl  81  -1.384607 -2.154607  0.011534 -0.742594 6.00263E-12
 pb  82  -0.115505 -2.155505  0.010636 -0.743492 1.13081E-10
 bi  83  -1.511464 -2.161464  0.004677 -0.749451 4.58295E-12
 po  84  -3.597151 -9.000000  0.000000  0.000000 3.76270E-14
#[ls/Fe]_Bisterzo =   0.0834, [hs/Fe]_Bisterzo =  -0.0448
#[hs/ls]_Bisterzo =  -0.1282, [Pb/hs]_Bisterzo =   0.0555
#[ls/Fe]_Thiswork =   0.1291, [hs/Fe]_Thiswork =   0.0110
#[hs/ls]_Thiswork =  -0.1180, [Pb/hs]_Thiswork =  -0.0004
# C/O = 2.4046E+01, c12/c13 = 8.19940E+03, n14/n15 = 1.44171E+03
# o16/o17 = 1.12536E+03, o16/o18 = 4.12758E+03
# mg24/mg25 = 7.5578E+00, mg24/mg26 = 6.7096E+00
#
#  TP   Mass     Mcore    Menv    log L
#  5 1.145840 0.607680 0.538160 3.911000
# El  Z   log e(X)   [X/H]    [X/Fe]     [X/O]      X(i)
  p   1  12.000000  0.000000  0.000000  0.000000 7.12510E-01
 he   2  11.005509  0.075509  2.241651  1.487522 2.86566E-01
 li   3   1.416315 -1.843685  0.322457 -0.431672 1.27958E-10
 be   4   0.000000 -1.300000  0.000000  0.000000 0.00000E+00
  b   5   0.000000 -2.790000  0.000000  0.000000 3.13724E-27
  c   6   8.878561  0.408561  2.574702  1.820574 6.41904E-03
  n   7   6.334153 -1.535847  0.630294 -0.123834 2.13711E-05
  o   8   7.488092 -1.241907  0.924234  0.000000 3.47949E-04
  f   9   4.105343 -0.314657  1.851485  0.927250 1.71152E-07
 ne  10   6.594419 -1.375581  0.790561 -0.133674 5.60622E-05
 na  11   4.405473 -1.834527  0.331614 -0.592620 4.13373E-07
 mg  12   5.495469 -2.144531  0.021611 -0.902624 5.37644E-06
 al  13   4.326325 -2.123675  0.042467 -0.881768 4.04324E-07
 si  14   5.398277 -2.151723  0.014419 -0.909816 4.96703E-06
  p  15   3.325934 -2.084065  0.082076 -0.842158 4.63727E-08
  s  16   4.998302 -2.151698  0.014443 -0.909791 2.25769E-06
 cl  17   3.093467 -2.136533  0.029608 -0.894626 3.10778E-08
 ar  18   4.277495 -2.162505  0.003636 -0.920598 5.34958E-07
  k  19   2.932902 -2.147098  0.019044 -0.905190 2.36803E-08
 ca  20   4.125576 -2.164424  0.001717 -0.922517 3.78278E-07
 sc  21   0.944684 -2.105316  0.060826 -0.863409 2.79770E-10
 ti  22   2.752181 -2.157819  0.008323 -0.915912 1.91226E-08
  v  23   1.793156 -2.166844 -0.000703 -0.924937 2.23646E-09
 cr  24   3.458239 -2.181761 -0.015620 -0.939854 1.05570E-07
 mn  25   3.319561 -2.160439  0.005702 -0.918532 8.10521E-08
 fe  26   5.376430 -2.163570  0.000000 -0.921663 9.39170E-06
 co  27   2.867653 -2.002347  0.161223 -0.760440 3.07144E-08
 ni  28   4.081635 -2.118365  0.045206 -0.876458 5.00670E-07
 cu  29   2.491263 -1.758737  0.404834 -0.516829 1.39214E-08
 zn  30   2.661999 -1.968001  0.195569 -0.726094 2.12308E-08
 ga  31   1.407955 -1.672045  0.491526 -0.430138 1.26084E-09
 ge  32   1.819336 -1.760664  0.402906 -0.518757 3.38721E-09
 as  33   0.397110 -1.902890  0.260680 -0.660983 1.32145E-10
 se  34   1.535563 -1.804437  0.359133 -0.562530 1.91558E-09
 br  35   0.700859 -1.839141  0.324430 -0.597234 2.83634E-10
 kr  36   1.375072 -1.874928  0.288642 -0.633021 1.40487E-09
 rb  37   0.581142 -1.938858  0.224713 -0.696950 2.30291E-10
 sr  38   1.001446 -1.878554  0.285016 -0.636647 6.21411E-10
  y  39   0.194949 -2.015051  0.148520 -0.773144 9.84488E-11
 zr  40   0.439362 -2.090638  0.072932 -0.848731 1.77338E-10
 nb  41  -0.709167 -2.119166  0.044404 -0.877259 1.28294E-11
 mo  42  -0.316458 -2.256458 -0.092887 -1.014551 3.27245E-11
 tc  43   0.000000 -9.000000  0.000000  0.000000 0.00000E+00
 ru  44  -0.516558 -2.276558 -0.112987 -1.034651 2.17468E-11
 rh  45  -1.103314 -2.163314  0.000256 -0.921407 5.73398E-12
 pd  46  -0.557192 -2.207192 -0.043622 -0.965285 2.08527E-11
 ag  47  -0.962112 -2.162112  0.001458 -0.920205 8.31975E-12
 cd  48  -0.477959 -2.187959 -0.024388 -0.946052 2.64351E-11
 in  49  -1.417313 -2.177313 -0.013742 -0.935405 3.10475E-12
 sn  50  -0.143750 -2.213750 -0.050180 -0.971843 6.02653E-11
 sb  51  -1.393882 -2.403882 -0.240311 -1.161975 3.47498E-12
 te  52  -0.445061 -2.625061 -0.461490 -1.383154 3.23683E-11
  i  53  -0.619065 -2.169065 -0.005495 -0.927158 2.15646E-11
 xe  54   0.040380 -2.199620 -0.036049 -0.957712 1.01848E-10
 cs  55  -1.084393 -2.164392 -0.000822 -0.922485 7.73532E-12
 ba  56   0.033970 -2.146030  0.017540 -0.904123 1.04968E-10
 la  57  -0.979743 -2.149743  0.013827 -0.907836 1.02875E-11
 ce  58  -0.572785 -2.152785  0.010785 -0.910878 2.64870E-11
 pr  59  -1.398986 -2.158986  0.004585 -0.917079 3.97448E-12
 nd  60  -0.730803 -2.180804 -0.017233 -0.938896 1.89501E-11
 pm  61   0.000000 -9.000000  0.000000  0.000000 0.00000E+00
 sm  62  -1.349831 -2.289831 -0.126260 -1.047924 4.74932E-12
 eu  63  -1.658691 -2.168691 -0.005121 -0.926784 2.35711E-12
 gd  64  -1.222109 -2.272109 -0.108538 -1.030202 6.66518E-12
 tb  65  -1.847749 -2.167749 -0.004178 -0.925842 1.59505E-12
 dy  66  -1.034992 -2.164992 -0.001422 -0.923085 1.05972E-11
 ho  67  -1.697689 -2.167689 -0.004119 -0.925782 2.33852E-12
 er  68  -1.250957 -2.170958 -0.007387 -0.929050 6.63380E-12
 tm  69  -2.045181 -2.165181 -0.001611 -0.923274 1.07613E-12
 yb  70  -1.294816 -2.214816 -0.051246 -0.972909 6.20384E-12
 lu  71  -2.070615 -2.160615  0.002956 -0.918708 1.05117E-12
 hf  72  -1.443911 -2.153911  0.009660 -0.912004 4.53976E-12
 ta  73  -2.278509 -2.158509  0.005061 -0.916602 6.73557E-13
  w  74  -1.504882 -2.154882  0.008688 -0.912975 4.06338E-12
 re  75  -1.919458 -2.179458 -0.015888 -0.937551 1.58441E-12
 os  76  -0.816584 -2.166584 -0.003013 -0.924676 2.05128E-11
 ir  77  -0.849712 -2.169713 -0.006142 -0.927805 1.92048E-11
 pt  78  -0.578997 -2.198997 -0.035426 -0.957089 3.63531E-11
 au  79  -1.365507 -2.165507 -0.001937 -0.923600 6.00090E-12
 hg  80  -1.002614 -2.172614 -0.009044 -0.930707 1.40937E-11
 tl  81  -1.378129 -2.148129  0.015441 -0.906222 6.04847E-12
 pb  82  -0.110516 -2.150516  0.013055 -0.908608 1.13554E-10
 bi  83  -1.507782 -2.157782  0.005788 -0.915875 4.58831E-12
 po  84  -3.495230 -9.000000  0.000000  0.000000 4.72332E-14
#[ls/Fe]_Bisterzo =   0.1107, [hs/Fe]_Bisterzo =  -0.0432
#[hs/ls]_Bisterzo =  -0.1539, [Pb/hs]_Bisterzo =   0.0563
#[ls/Fe]_Thiswork =   0.1688, [hs/Fe]_Thiswork =   0.0141
#[hs/ls]_Thiswork =  -0.1548, [Pb/hs]_Thiswork =  -0.0010
# C/O = 2.4574E+01, c12/c13 = 1.08380E+04, n14/n15 = 1.52429E+03
# o16/o17 = 1.59205E+03, o16/o18 = 6.09303E+03
# mg24/mg25 = 6.6065E+00, mg24/mg26 = 6.0719E+00
#
#  TP   Mass     Mcore    Menv    log L
#  6 1.062870 0.613220 0.449650 3.937850
# El  Z   log e(X)   [X/H]    [X/Fe]     [X/O]      X(i)
  p   1  12.000000  0.000000  0.000000  0.000000 7.07276E-01
 he   2  11.013010  0.083010  2.246580  1.324917 2.89417E-01
 li   3   1.473864 -1.786136  0.377434 -0.544229 1.45015E-10
 be   4   0.000000 -1.300000  0.000000  0.000000 0.00000E+00
  b   5   0.000000 -2.790000  0.000000  0.000000 3.40208E-27
  c   6   9.008119  0.538118  2.701689  1.780025 8.58670E-03
  n   7   6.424397 -1.445603  0.717967 -0.203696 2.61138E-05
  o   8   7.620711 -1.109288  1.054282  0.000000 4.68741E-04
  f   9   4.371786 -0.048214  2.115356  1.061074 3.13778E-07
 ne  10   6.858799 -1.111200  1.052370 -0.001912 1.02294E-04
 na  11   4.536335 -1.703664  0.459906 -0.594376 5.54630E-07
 mg  12   5.524549 -2.115451  0.048119 -1.006163 5.70654E-06
 al  13   4.335854 -2.114146  0.049425 -1.004858 4.10258E-07
 si  14   5.402344 -2.147656  0.015914 -1.038368 4.97694E-06
  p  15   3.338987 -2.071012  0.092558 -0.961724 4.74366E-08
  s  16   5.001268 -2.148732  0.014839 -1.039443 2.25646E-06
 cl  17   3.103236 -2.126764  0.036807 -1.017476 3.15514E-08
 ar  18   4.280254 -2.159746  0.003824 -1.050458 5.34414E-07
  k  19   2.938740 -2.141260  0.022310 -1.031972 2.38245E-08
 ca  20   4.128015 -2.161985  0.001585 -1.052697 3.77615E-07
 sc  21   0.958822 -2.091178  0.072393 -0.981889 2.86905E-10
 ti  22   2.755823 -2.154177  0.009394 -1.044888 1.91420E-08
  v  23   1.794554 -2.165446 -0.001876 -1.056158 2.22719E-09
 cr  24   3.461168 -2.178832 -0.015261 -1.069543 1.05504E-07
 mn  25   3.324715 -2.155285  0.008285 -1.045997 8.14171E-08
 fe  26   5.379197 -2.160803  0.000000 -1.051515 9.38230E-06
 co  27   2.893279 -1.976721  0.184083 -0.867433 3.23419E-08
 ni  28   4.089205 -2.110795  0.050008 -1.001507 5.05731E-07
 cu  29   2.525710 -1.724290  0.436513 -0.615002 1.49598E-08
 zn  30   2.691032 -1.938968  0.221836 -0.829679 2.25319E-08
 ga  31   1.459190 -1.620810  0.539994 -0.511521 1.40830E-09
 ge  32   1.867893 -1.712107  0.448697 -0.602818 3.76009E-09
 as  33   0.433447 -1.866553  0.294250 -0.757265 1.42622E-10
 se  34   1.584914 -1.755086  0.405718 -0.645797 2.13034E-09
 br  35   0.744913 -1.795087  0.365716 -0.685799 3.11609E-10
 kr  36   1.417400 -1.832600  0.328204 -0.723311 1.53731E-09
 rb  37   0.618258 -1.901742  0.259061 -0.792454 2.48994E-10
 sr  38   1.052696 -1.827304  0.333499 -0.718016 6.94110E-10
  y  39   0.229549 -1.980451  0.180353 -0.871162 1.05830E-10
 zr  40   0.457407 -2.072593  0.088210 -0.963305 1.83504E-10
 nb  41  -0.697895 -2.107895  0.052908 -0.998607 1.30700E-11
 mo  42  -0.309139 -2.249139 -0.088336 -1.139851 3.30361E-11
 tc  43   0.000000 -9.000000  0.000000  0.000000 0.00000E+00
 ru  44  -0.510877 -2.270877 -0.110073 -1.161588 2.18713E-11
 rh  45  -1.101499 -2.161499 -0.000695 -1.052210 5.71571E-12
 pd  46  -0.551311 -2.201311 -0.040507 -1.092022 2.09817E-11
 ag  47  -0.959751 -2.159751  0.001052 -1.050463 8.30366E-12
 cd  48  -0.470992 -2.180992 -0.020189 -1.071704 2.66652E-11
 in  49  -1.413160 -2.173160 -0.012357 -1.063872 3.11156E-12
 sn  50  -0.137844 -2.207844 -0.047041 -1.098556 6.06418E-11
 sb  51  -1.391288 -2.401288 -0.240484 -1.292000 3.47013E-12
 te  52  -0.441584 -2.621584 -0.460780 -1.512295 3.23888E-11
  i  53  -0.618611 -2.168611 -0.007808 -1.059323 2.14285E-11
 xe  54   0.042864 -2.197136 -0.036333 -1.087848 1.01680E-10
 cs  55  -1.082122 -2.162122 -0.001318 -1.052834 7.71877E-12
 ba  56   0.040433 -2.139567  0.021236 -1.030279 1.05759E-10
 la  57  -0.975040 -2.145041  0.015763 -1.035752 1.03231E-11
 ce  58  -0.568369 -2.148369  0.012434 -1.039081 2.65612E-11
 pr  59  -1.396241 -2.156241  0.004562 -1.046953 3.97030E-12
 nd  60  -0.726977 -2.176977 -0.016174 -1.067689 1.89774E-11
 pm  61   0.000000 -9.000000  0.000000  0.000000 0.00000E+00
 sm  62  -1.346985 -2.286985 -0.126182 -1.177697 4.74543E-12
 eu  63  -1.658118 -2.168118 -0.007315 -1.058830 2.34288E-12
 gd  64  -1.220506 -2.270506 -0.109702 -1.161217 6.64070E-12
 tb  65  -1.846918 -2.166918 -0.006115 -1.057630 1.58636E-12
 dy  66  -1.033144 -2.163144 -0.002341 -1.053856 1.05642E-11
 ho  67  -1.696765 -2.166765 -0.005962 -1.057477 2.32629E-12
 er  68  -1.248515 -2.168515 -0.007712 -1.059227 6.62221E-12
 tm  69  -2.043348 -2.163348 -0.002545 -1.054060 1.07275E-12
 yb  70  -1.288636 -2.208636 -0.047833 -1.099348 6.24653E-12
 lu  71  -2.066525 -2.156524  0.004279 -1.047236 1.05332E-12
 hf  72  -1.437175 -2.147175  0.013628 -1.037887 4.57686E-12
 ta  73  -2.273659 -2.153659  0.007144 -1.044371 6.76120E-13
  w  74  -1.498569 -2.148570  0.012234 -1.039281 4.09260E-12
 re  75  -1.917643 -2.177643 -0.016839 -1.068354 1.57936E-12
 os  76  -0.815504 -2.165504 -0.004701 -1.056216 2.04129E-11
 ir  77  -0.849414 -2.169414 -0.008611 -1.060126 1.90768E-11
 pt  78  -0.577860 -2.197860 -0.037056 -1.088572 3.61807E-11
 au  79  -1.363915 -2.163915 -0.003112 -1.054627 5.97869E-12
 hg  80  -0.989672 -2.159672  0.001132 -1.050384 1.44134E-11
 tl  81  -1.369879 -2.139879  0.020925 -1.030591 6.11920E-12
 pb  82  -0.105937 -2.145937  0.014866 -1.036649 1.13915E-10
 bi  83  -1.504184 -2.154184  0.006619 -1.044896 4.59250E-12
 po  84  -3.427014 -9.000000  0.000000  0.000000 5.48606E-14
#[ls/Fe]_Bisterzo =   0.1343, [hs/Fe]_Bisterzo =  -0.0422
#[hs/ls]_Bisterzo =  -0.1765, [Pb/hs]_Bisterzo =   0.0571
#[ls/Fe]_Thiswork =   0.2007, [hs/Fe]_Thiswork =   0.0165
#[hs/ls]_Thiswork =  -0.1842, [Pb/hs]_Thiswork =  -0.0016
# C/O = 2.4401E+01, c12/c13 = 1.25344E+04, n14/n15 = 1.62584E+03
# o16/o17 = 2.03337E+03, o16/o18 = 8.25070E+03
# mg24/mg25 = 5.1809E+00, mg24/mg26 = 4.9961E+00
#
#  TP   Mass     Mcore    Menv    log L
#  7 0.676910 0.619400 0.057510 3.952200
# El  Z   log e(X)   [X/H]    [X/Fe]     [X/O]      X(i)
  p   1  12.000000  0.000000  0.000000  0.000000 7.02811E-01
 he   2  11.019521  0.089520  2.250324  1.198809 2.91934E-01
 li   3   1.532508 -1.727492  0.433311 -0.618204 1.64933E-10
 be   4   0.000000 -1.300000  0.000000  0.000000 0.00000E+00
  b   5   0.000000 -2.790000  0.000000  0.000000 3.67119E-27
  c   6   9.091249  0.621249  2.782053  1.730537 1.03325E-02
  n   7   6.530260 -1.339740  0.821064 -0.230452 3.31118E-05
  o   8   7.707762 -1.022238  1.138566  0.000000 5.69158E-04
  f   9   4.565262  0.145262  2.306065  1.167500 4.86797E-07
 ne  10   7.053833 -0.916166  1.244637  0.106071 1.59269E-04
 na  11   4.707477 -1.532523  0.628281 -0.510285 8.17323E-07
 mg  12   5.564497 -2.075503  0.085300 -1.053266 6.21685E-06
 al  13   4.343636 -2.106364  0.054439 -1.084126 4.15038E-07
 si  14   5.405609 -2.144391  0.016412 -1.122153 4.98284E-06
  p  15   3.347865 -2.062135  0.098669 -1.039897 4.81105E-08
  s  16   5.003837 -2.146163  0.014640 -1.123926 2.25551E-06
 cl  17   3.111578 -2.118422  0.042381 -1.096184 3.19601E-08
 ar  18   4.282646 -2.157354  0.003449 -1.135116 5.33973E-07
  k  19   2.943468 -2.136532  0.024271 -1.114294 2.39332E-08
 ca  20   4.130148 -2.159852  0.000952 -1.137614 3.77079E-07
 sc  21   0.970575 -2.079425  0.081379 -1.057187 2.92915E-10
 ti  22   2.758878 -2.151122  0.009681 -1.128884 1.91554E-08
  v  23   1.795708 -2.164292 -0.003489 -1.142055 2.21902E-09
 cr  24   3.463745 -2.176255 -0.015451 -1.154017 1.05461E-07
 mn  25   3.329023 -2.150977  0.009827 -1.128739 8.17098E-08
 fe  26   5.381662 -2.158338  0.000000 -1.136100 9.37615E-06
 co  27   2.915245 -1.954755  0.203583 -0.932517 3.38050E-08
 ni  28   4.094482 -2.105517  0.052820 -1.083280 5.08682E-07
 cu  29   2.546555 -1.703445  0.454892 -0.681208 1.55962E-08
 zn  30   2.708678 -1.921322  0.237016 -0.899084 2.33181E-08
 ga  31   1.491022 -1.588978  0.569360 -0.566740 1.50583E-09
 ge  32   1.898347 -1.681653  0.476685 -0.659415 4.00775E-09
 as  33   0.456747 -1.843253  0.315085 -0.821015 1.49532E-10
 se  34   1.616032 -1.723968  0.434369 -0.701730 2.27414E-09
 br  35   0.773059 -1.766941  0.391397 -0.744703 3.30374E-10
 kr  36   1.445175 -1.804825  0.353513 -0.782587 1.62849E-09
 rb  37   0.645199 -1.874801  0.283536 -0.852563 2.63257E-10
 sr  38   1.086497 -1.793503  0.364835 -0.771265 7.45553E-10
  y  39   0.255098 -1.954902  0.203436 -0.932664 1.11534E-10
 zr  40   0.471516 -2.058484  0.099853 -1.036247 1.88366E-10
 nb  41  -0.688741 -2.098741  0.059597 -1.076503 1.32642E-11
 mo  42  -0.303668 -2.243668 -0.085330 -1.221430 3.32437E-11
 tc  43   0.000000 -9.000000  0.000000  0.000000 0.00000E+00
 ru  44  -0.506727 -2.266727 -0.108390 -1.244489 2.19418E-11
 rh  45  -1.100111 -2.160111 -0.001773 -1.137873 5.69781E-12
 pd  46  -0.546982 -2.196982 -0.038644 -1.174744 2.10581E-11
 ag  47  -0.957955 -2.157955  0.000382 -1.135718 8.28544E-12
 cd  48  -0.465671 -2.175671 -0.017333 -1.153433 2.68235E-11
 in  49  -1.409853 -2.169853 -0.011515 -1.147615 3.11555E-12
 sn  50  -0.132777 -2.202777 -0.044440 -1.180539 6.09661E-11
 sb  51  -1.388966 -2.398966 -0.240628 -1.376728 3.46671E-12
 te  52  -0.438580 -2.618580 -0.460242 -1.596342 3.24078E-11
  i  53  -0.618173 -2.168173 -0.009835 -1.145935 2.13148E-11
 xe  54   0.044896 -2.195104 -0.036766 -1.172866 1.01512E-10
 cs  55  -1.080230 -2.160230 -0.001892 -1.137992 7.70353E-12
 ba  56   0.045866 -2.134134  0.024204 -1.111896 1.06414E-10
 la  57  -0.971258 -2.141258  0.017079 -1.119020 1.03476E-11
 ce  58  -0.564844 -2.144844  0.013494 -1.122606 2.66085E-11
 pr  59  -1.394016 -2.154016  0.004321 -1.131778 3.96549E-12
 nd  60  -0.723922 -2.173922 -0.015584 -1.151684 1.89907E-11
 pm  61   0.000000 -9.000000  0.000000  0.000000 0.00000E+00
 sm  62  -1.344712 -2.284712 -0.126375 -1.262475 4.74021E-12
 eu  63  -1.657599 -2.167599 -0.009262 -1.145362 2.33088E-12
 gd  64  -1.219188 -2.269188 -0.110850 -1.246950 6.61882E-12
 tb  65  -1.846204 -2.166204 -0.007866 -1.143966 1.57894E-12
 dy  66  -1.031674 -2.161674 -0.003337 -1.139437 1.05331E-11
 ho  67  -1.695992 -2.165992 -0.007654 -1.143754 2.31572E-12
 er  68  -1.246534 -2.166534 -0.008197 -1.144297 6.61048E-12
 tm  69  -2.041845 -2.161845 -0.003508 -1.139607 1.06967E-12
 yb  70  -1.283626 -2.203626 -0.045288 -1.181388 6.27912E-12
 lu  71  -2.063117 -2.153117  0.005221 -1.130879 1.05491E-12
 hf  72  -1.431506 -2.141506  0.016831 -1.119268 4.60771E-12
 ta  73  -2.269442 -2.149442  0.008896 -1.127204 6.78407E-13
  w  74  -1.492872 -2.142872  0.015465 -1.120635 4.12046E-12
 re  75  -1.915869 -2.175869 -0.017531 -1.153631 1.57581E-12
 os  76  -0.814448 -2.164448 -0.006111 -1.142210 2.03333E-11
 ir  77  -0.849088 -2.169088 -0.010750 -1.146850 1.89706E-11
 pt  78  -0.576919 -2.196918 -0.038581 -1.174681 3.60303E-11
 au  79  -1.362672 -2.162672 -0.004334 -1.140434 5.95798E-12
 hg  80  -0.978894 -2.148894  0.009443 -1.126657 1.46823E-11
 tl  81  -1.361414 -2.131414  0.026924 -1.109176 6.20025E-12
 pb  82  -0.102188 -2.142188  0.016150 -1.119950 1.14177E-10
 bi  83  -1.501157 -2.151157  0.007181 -1.128919 4.59543E-12
 po  84  -3.383114 -9.000000  0.000000  0.000000 6.03129E-14
#[ls/Fe]_Bisterzo =   0.1516, [hs/Fe]_Bisterzo =  -0.0416
#[hs/ls]_Bisterzo =  -0.1933, [Pb/hs]_Bisterzo =   0.0578
#[ls/Fe]_Thiswork =   0.2227, [hs/Fe]_Thiswork =   0.0183
#[hs/ls]_Thiswork =  -0.2044, [Pb/hs]_Thiswork =  -0.0021
# C/O = 2.4182E+01, c12/c13 = 1.25985E+04, n14/n15 = 1.83110E+03
# o16/o17 = 2.34119E+03, o16/o18 = 1.00658E+04
# mg24/mg25 = 3.9266E+00, mg24/mg26 = 3.9209E+00
#
#  TP   Mass     Mcore    Menv    log L
#  8 0.635660 0.627360 0.008300 3.967480
# El  Z   log e(X)   [X/H]    [X/Fe]     [X/O]      X(i)
  p   1  12.000000  0.000000  0.000000  0.000000 7.02782E-01
 he   2  11.019576  0.089576  2.247913  1.111814 2.91959E-01
 li   3   1.832204 -1.427796  0.730541 -0.405558 3.28841E-10
 be   4   0.000000 -1.300000  0.000000  0.000000 0.00000E+00
  b   5   0.000000 -2.790000  0.000000  0.000000 6.16774E-27
  c   6   9.090450  0.620450  2.778788  1.642688 1.03131E-02
  n   7   6.757852 -1.112148  1.046189 -0.089911 5.59187E-05
  o   8   7.707649 -1.022350  1.135987  0.000000 5.68987E-04
  f   9   4.564759  0.144759  2.303097  1.167109 4.86214E-07
 ne  10   7.053716 -0.916284  1.242054  0.106067 1.59220E-04
 na  11   4.736523 -1.503477  0.654861 -0.481126 8.73821E-07
 mg  12   5.564515 -2.075485  0.082853 -1.053134 6.21686E-06
 al  13   4.343674 -2.106326  0.052011 -1.083976 4.15057E-07
 si  14   5.405627 -2.144373  0.013964 -1.122023 4.98284E-06
  p  15   3.347882 -2.062118  0.096220 -1.039767 4.81105E-08
  s  16   5.003854 -2.146146  0.012192 -1.123796 2.25551E-06
 cl  17   3.111548 -2.118452  0.039886 -1.096101 3.19567E-08
 ar  18   4.282667 -2.157333  0.001005 -1.134983 5.33977E-07
  k  19   2.943485 -2.136515  0.021823 -1.114164 2.39332E-08
 ca  20   4.130166 -2.159834 -0.001496 -1.137484 3.77079E-07
 sc  21   0.970593 -2.079406  0.078931 -1.057056 2.92915E-10
 ti  22   2.758895 -2.151105  0.007233 -1.128755 1.91554E-08
  v  23   1.795726 -2.164274 -0.005937 -1.141924 2.21902E-09
 cr  24   3.463762 -2.176238 -0.017900 -1.153887 1.05461E-07
 mn  25   3.329041 -2.150959  0.007379 -1.128608 8.17098E-08
 fe  26   5.381680 -2.158320  0.000000 -1.135970 9.37615E-06
 co  27   2.915262 -1.954738  0.203582 -0.932387 3.38050E-08
 ni  28   4.094500 -2.105500  0.052820 -1.083149 5.08682E-07
 cu  29   2.546572 -1.703428  0.454892 -0.681078 1.55962E-08
 zn  30   2.708696 -1.921304  0.237016 -0.898953 2.33181E-08
 ga  31   1.491039 -1.588961  0.569359 -0.566610 1.50583E-09
 ge  32   1.898364 -1.681636  0.476684 -0.659286 4.00775E-09
 as  33   0.456765 -1.843235  0.315085 -0.820884 1.49532E-10
 se  34   1.616050 -1.723950  0.434370 -0.701600 2.27414E-09
 br  35   0.773077 -1.766923  0.391397 -0.744573 3.30374E-10
 kr  36   1.445192 -1.804808  0.353512 -0.782457 1.62849E-09
 rb  37   0.645216 -1.874784  0.283536 -0.852434 2.63257E-10
 sr  38   1.086515 -1.793485  0.364835 -0.771134 7.45553E-10
  y  39   0.255116 -1.954885  0.203435 -0.932534 1.11534E-10
 zr  40   0.471533 -2.058467  0.099853 -1.036117 1.88366E-10
 nb  41  -0.688724 -2.098723  0.059597 -1.076373 1.32642E-11
 mo  42  -0.303650 -2.243650 -0.085330 -1.221300 3.32438E-11
 tc  43   0.000000 -9.000000  0.000000  0.000000 0.00000E+00
 ru  44  -0.506710 -2.266710 -0.108390 -1.244360 2.19418E-11
 rh  45  -1.100093 -2.160093 -0.001773 -1.137743 5.69781E-12
 pd  46  -0.546965 -2.196965 -0.038645 -1.174614 2.10581E-11
 ag  47  -0.957937 -2.157937  0.000383 -1.135587 8.28544E-12
 cd  48  -0.465653 -2.175653 -0.017334 -1.153303 2.68235E-11
 in  49  -1.409835 -2.169835 -0.011515 -1.147485 3.11555E-12
 sn  50  -0.132759 -2.202759 -0.044439 -1.180409 6.09661E-11
 sb  51  -1.388947 -2.398947 -0.240628 -1.376597 3.46671E-12
 te  52  -0.438561 -2.618562 -0.460242 -1.596211 3.24078E-11
  i  53  -0.618155 -2.168154 -0.009835 -1.145804 2.13148E-11
 xe  54   0.044914 -2.195086 -0.036766 -1.172735 1.01512E-10
 cs  55  -1.080212 -2.160212 -0.001892 -1.137861 7.70353E-12
 ba  56   0.045884 -2.134116  0.024204 -1.111766 1.06414E-10
 la  57  -0.971241 -2.141241  0.017079 -1.118891 1.03476E-11
 ce  58  -0.564827 -2.144827  0.013493 -1.122477 2.66085E-11
 pr  59  -1.393999 -2.153999  0.004321 -1.131649 3.96549E-12
 nd  60  -0.723905 -2.173905 -0.015585 -1.151554 1.89907E-11
 pm  61   0.000000 -9.000000  0.000000  0.000000 0.00000E+00
 sm  62  -1.344694 -2.284694 -0.126374 -1.262344 4.74021E-12
 eu  63  -1.657581 -2.167581 -0.009261 -1.145231 2.33088E-12
 gd  64  -1.219171 -2.269171 -0.110851 -1.246820 6.61882E-12
 tb  65  -1.846187 -2.166187 -0.007867 -1.143836 1.57894E-12
 dy  66  -1.031657 -2.161657 -0.003337 -1.139307 1.05331E-11
 ho  67  -1.695974 -2.165974 -0.007654 -1.143624 2.31572E-12
 er  68  -1.246516 -2.166516 -0.008196 -1.144166 6.61048E-12
 tm  69  -2.041827 -2.161827 -0.003507 -1.139477 1.06967E-12
 yb  70  -1.283607 -2.203608 -0.045288 -1.181257 6.27912E-12
 lu  71  -2.063099 -2.153099  0.005221 -1.130749 1.05491E-12
 hf  72  -1.431489 -2.141489  0.016831 -1.119139 4.60771E-12
 ta  73  -2.269423 -2.149424  0.008896 -1.127073 6.78407E-13
  w  74  -1.492855 -2.142855  0.015465 -1.120505 4.12046E-12
 re  75  -1.915852 -2.175852 -0.017532 -1.153501 1.57581E-12
 os  76  -0.814430 -2.164430 -0.006110 -1.142080 2.03333E-11
 ir  77  -0.849071 -2.169071 -0.010751 -1.146720 1.89706E-11
 pt  78  -0.576900 -2.196900 -0.038580 -1.174550 3.60303E-11
 au  79  -1.362655 -2.162655 -0.004335 -1.140304 5.95798E-12
 hg  80  -0.978876 -2.148876  0.009444 -1.126526 1.46823E-11
 tl  81  -1.361396 -2.131396  0.026924 -1.109046 6.20025E-12
 pb  82  -0.102171 -2.142171  0.016149 -1.119821 1.14177E-10
 bi  83  -1.501139 -2.151139  0.007181 -1.128788 4.59543E-12
 po  84  -3.383097 -9.000000  0.000000  0.000000 6.03129E-14
#[ls/Fe]_Bisterzo =   0.1516, [hs/Fe]_Bisterzo =  -0.0416
#[hs/ls]_Bisterzo =  -0.1933, [Pb/hs]_Bisterzo =   0.0578
#[ls/Fe]_Thiswork =   0.2227, [hs/Fe]_Thiswork =   0.0183
#[hs/ls]_Thiswork =  -0.2044, [Pb/hs]_Thiswork =  -0.0021
# C/O = 2.4144E+01, c12/c13 = 5.37758E+03, n14/n15 = 3.03547E+03
# o16/o17 = 2.33593E+03, o16/o18 = 1.00844E+04
# mg24/mg25 = 3.9274E+00, mg24/mg26 = 3.9202E+00
#
#  TP   Mass     Mcore    Menv    log L
#  9 0.634670 0.634580 0.000090 2.128170
# El  Z   log e(X)   [X/H]    [X/Fe]     [X/O]      X(i)
  p   1  12.000000  0.000000  0.000000  0.000000 7.02782E-01
 he   2  11.019576  0.089576  2.247896  1.111926 2.91959E-01
 li   3   1.832204 -1.427796  0.730524 -0.405446 3.28841E-10
 be   4   0.000000 -1.300000  0.000000  0.000000 0.00000E+00
  b   5   0.000000 -2.790000  0.000000  0.000000 6.16774E-27
  c   6   9.090450  0.620450  2.778770  1.642800 1.03131E-02
  n   7   6.757852 -1.112148  1.046172 -0.089798 5.59187E-05
  o   8   7.707649 -1.022350  1.135970  0.000000 5.68987E-04
  f   9   4.564759  0.144759  2.303079  1.167109 4.86214E-07
 ne  10   7.053716 -0.916284  1.242036  0.106067 1.59220E-04
 na  11   4.736523 -1.503477  0.654843 -0.481126 8.73821E-07
 mg  12   5.564515 -2.075485  0.082835 -1.053134 6.21686E-06
 al  13   4.343674 -2.106326  0.051994 -1.083976 4.15057E-07
 si  14   5.405627 -2.144373  0.013947 -1.122023 4.98284E-06
  p  15   3.347882 -2.062118  0.096202 -1.039767 4.81105E-08
  s  16   5.003854 -2.146146  0.012174 -1.123796 2.25551E-06
 cl  17   3.111526 -2.118474  0.039846 -1.096123 3.19550E-08
 ar  18   4.282669 -2.157331  0.000988 -1.134981 5.33978E-07
  k  19   2.943485 -2.136515  0.021805 -1.114164 2.39332E-08
 ca  20   4.130166 -2.159834 -0.001514 -1.137484 3.77079E-07
 sc  21   0.970593 -2.079406  0.078913 -1.057056 2.92915E-10
 ti  22   2.758895 -2.151105  0.007215 -1.128755 1.91554E-08
  v  23   1.795726 -2.164274 -0.005954 -1.141924 2.21902E-09
 cr  24   3.463762 -2.176238 -0.017918 -1.153887 1.05461E-07
 mn  25   3.329041 -2.150959  0.007361 -1.128608 8.17098E-08
 fe  26   5.381680 -2.158320  0.000000 -1.135970 9.37615E-06
 co  27   2.915262 -1.954738  0.203582 -0.932387 3.38050E-08
 ni  28   4.094500 -2.105500  0.052820 -1.083149 5.08682E-07
 cu  29   2.546572 -1.703428  0.454892 -0.681078 1.55962E-08
 zn  30   2.708696 -1.921304  0.237016 -0.898953 2.33181E-08
 ga  31   1.491039 -1.588961  0.569359 -0.566610 1.50583E-09
 ge  32   1.898364 -1.681636  0.476684 -0.659286 4.00775E-09
 as  33   0.456765 -1.843235  0.315085 -0.820884 1.49532E-10
 se  34   1.616050 -1.723950  0.434370 -0.701600 2.27414E-09
 br  35   0.773077 -1.766923  0.391397 -0.744573 3.30374E-10
 kr  36   1.445192 -1.804808  0.353512 -0.782457 1.62849E-09
 rb  37   0.645216 -1.874784  0.283536 -0.852434 2.63257E-10
 sr  38   1.086515 -1.793485  0.364835 -0.771134 7.45553E-10
  y  39   0.255116 -1.954885  0.203435 -0.932534 1.11534E-10
 zr  40   0.471533 -2.058467  0.099853 -1.036117 1.88366E-10
 nb  41  -0.688724 -2.098723  0.059597 -1.076373 1.32642E-11
 mo  42  -0.303650 -2.243650 -0.085330 -1.221300 3.32438E-11
 tc  43   0.000000 -9.000000  0.000000  0.000000 0.00000E+00
 ru  44  -0.506710 -2.266710 -0.108390 -1.244360 2.19418E-11
 rh  45  -1.100093 -2.160093 -0.001773 -1.137743 5.69781E-12
 pd  46  -0.546965 -2.196965 -0.038645 -1.174614 2.10581E-11
 ag  47  -0.957937 -2.157937  0.000383 -1.135587 8.28544E-12
 cd  48  -0.465653 -2.175653 -0.017334 -1.153303 2.68235E-11
 in  49  -1.409835 -2.169835 -0.011515 -1.147485 3.11555E-12
 sn  50  -0.132759 -2.202759 -0.044439 -1.180409 6.09661E-11
 sb  51  -1.388947 -2.398947 -0.240628 -1.376597 3.46671E-12
 te  52  -0.438561 -2.618562 -0.460242 -1.596211 3.24078E-11
  i  53  -0.618155 -2.168154 -0.009835 -1.145804 2.13148E-11
 xe  54   0.044914 -2.195086 -0.036766 -1.172735 1.01512E-10
 cs  55  -1.080212 -2.160212 -0.001892 -1.137861 7.70353E-12
 ba  56   0.045884 -2.134116  0.024204 -1.111766 1.06414E-10
 la  57  -0.971241 -2.141241  0.017079 -1.118891 1.03476E-11
 ce  58  -0.564827 -2.144827  0.013493 -1.122477 2.66085E-11
 pr  59  -1.393999 -2.153999  0.004321 -1.131649 3.96549E-12
 nd  60  -0.723905 -2.173905 -0.015585 -1.151554 1.89907E-11
 pm  61   0.000000 -9.000000  0.000000  0.000000 0.00000E+00
 sm  62  -1.344694 -2.284694 -0.126374 -1.262344 4.74021E-12
 eu  63  -1.657581 -2.167581 -0.009261 -1.145231 2.33088E-12
 gd  64  -1.219171 -2.269171 -0.110851 -1.246820 6.61882E-12
 tb  65  -1.846187 -2.166187 -0.007867 -1.143836 1.57894E-12
 dy  66  -1.031657 -2.161657 -0.003337 -1.139307 1.05331E-11
 ho  67  -1.695974 -2.165974 -0.007654 -1.143624 2.31572E-12
 er  68  -1.246516 -2.166516 -0.008196 -1.144166 6.61048E-12
 tm  69  -2.041827 -2.161827 -0.003507 -1.139477 1.06967E-12
 yb  70  -1.283607 -2.203608 -0.045288 -1.181257 6.27912E-12
 lu  71  -2.063099 -2.153099  0.005221 -1.130749 1.05491E-12
 hf  72  -1.431489 -2.141489  0.016831 -1.119139 4.60771E-12
 ta  73  -2.269423 -2.149424  0.008896 -1.127073 6.78407E-13
  w  74  -1.492855 -2.142855  0.015465 -1.120505 4.12046E-12
 re  75  -1.915852 -2.175852 -0.017532 -1.153501 1.57581E-12
 os  76  -0.814430 -2.164430 -0.006110 -1.142080 2.03333E-11
 ir  77  -0.849071 -2.169071 -0.010751 -1.146720 1.89706E-11
 pt  78  -0.576900 -2.196900 -0.038580 -1.174550 3.60303E-11
 au  79  -1.362655 -2.162655 -0.004335 -1.140304 5.95798E-12
 hg  80  -0.978876 -2.148876  0.009444 -1.126526 1.46823E-11
 tl  81  -1.361396 -2.131396  0.026924 -1.109046 6.20025E-12
 pb  82  -0.102171 -2.142171  0.016149 -1.119821 1.14177E-10
 bi  83  -1.501139 -2.151139  0.007181 -1.128788 4.59543E-12
 po  84  -3.383097 -9.000000  0.000000  0.000000 6.03129E-14
#[ls/Fe]_Bisterzo =   0.1516, [hs/Fe]_Bisterzo =  -0.0416
#[hs/ls]_Bisterzo =  -0.1933, [Pb/hs]_Bisterzo =   0.0578
#[ls/Fe]_Thiswork =   0.2227, [hs/Fe]_Thiswork =   0.0183
#[hs/ls]_Thiswork =  -0.2044, [Pb/hs]_Thiswork =  -0.0021
# C/O = 2.4144E+01, c12/c13 = 5.37758E+03, n14/n15 = 3.03547E+03
# o16/o17 = 2.33593E+03, o16/o18 = 1.00844E+04
# mg24/mg25 = 3.9274E+00, mg24/mg26 = 3.9202E+00
#
# Final abundances
# El  Z   log e(X)   [X/H]    [X/Fe]     [X/O]      X(i)
  p   1  12.000000  0.000000  0.000000  0.000000 7.02782E-01
 he   2  11.019576  0.089576  2.247896  1.111927 2.91959E-01
 li   3   1.832203 -1.427797  0.730523 -0.405446 3.28841E-10
 be   4   0.000000 -1.300000  0.000000  0.000000 0.00000E+00
  b   5   0.000000 -2.790000  0.000000  0.000000 6.16774E-27
  c   6   9.090450  0.620450  2.778770  1.642801 1.03131E-02
  n   7   6.757851 -1.112149  1.046172 -0.089798 5.59187E-05
  o   8   7.707649 -1.022351  1.135970  0.000000 5.68987E-04
  f   9   4.564759  0.144759  2.303079  1.167109 4.86214E-07
 ne  10   7.053716 -0.916284  1.242036  0.106067 1.59220E-04
 na  11   4.736523 -1.503477  0.654844 -0.481126 8.73821E-07
 mg  12   5.564515 -2.075485  0.082836 -1.053134 6.21686E-06
 al  13   4.343673 -2.106327  0.051994 -1.083976 4.15057E-07
 si  14   5.405627 -2.144373  0.013947 -1.122023 4.98284E-06
  p  15   3.347882 -2.062118  0.096203 -1.039767 4.81105E-08
  s  16   5.003854 -2.146146  0.012174 -1.123796 2.25551E-06
 cl  17   3.111526 -2.118474  0.039846 -1.096124 3.19550E-08
 ar  18   4.282668 -2.157332  0.000988 -1.134981 5.33978E-07
  k  19   2.943485 -2.136515  0.021806 -1.114164 2.39332E-08
 ca  20   4.130166 -2.159834 -0.001513 -1.137483 3.77079E-07
 sc  21   0.970593 -2.079406  0.078914 -1.057056 2.92915E-10
 ti  22   2.758895 -2.151105  0.007215 -1.128754 1.91554E-08
  v  23   1.795725 -2.164275 -0.005955 -1.141924 2.21902E-09
 cr  24   3.463762 -2.176238 -0.017917 -1.153887 1.05461E-07
 mn  25   3.329041 -2.150959  0.007362 -1.128608 8.17098E-08
 fe  26   5.381680 -2.158320  0.000000 -1.135970 9.37615E-06
 co  27   2.915262 -1.954738  0.203583 -0.932387 3.38050E-08
 ni  28   4.094500 -2.105500  0.052820 -1.083149 5.08682E-07
 cu  29   2.546572 -1.703428  0.454892 -0.681077 1.55962E-08
 zn  30   2.708696 -1.921304  0.237017 -0.898953 2.33181E-08
 ga  31   1.491038 -1.588962  0.569359 -0.566611 1.50583E-09
 ge  32   1.898363 -1.681637  0.476684 -0.659286 4.00775E-09
 as  33   0.456764 -1.843236  0.315085 -0.820885 1.49532E-10
 se  34   1.616049 -1.723951  0.434369 -0.701600 2.27414E-09
 br  35   0.773077 -1.766923  0.391397 -0.744572 3.30374E-10
 kr  36   1.445191 -1.804809  0.353512 -0.782458 1.62849E-09
 rb  37   0.645215 -1.874785  0.283535 -0.852434 2.63257E-10
 sr  38   1.086515 -1.793485  0.364836 -0.771134 7.45553E-10
  y  39   0.255116 -1.954885  0.203436 -0.932534 1.11534E-10
 zr  40   0.471533 -2.058467  0.099853 -1.036116 1.88366E-10
 nb  41  -0.688724 -2.098723  0.059597 -1.076373 1.32642E-11
 mo  42  -0.303651 -2.243651 -0.085330 -1.221300 3.32438E-11
 tc  43   0.000000 -9.000000  0.000000  0.000000 0.00000E+00
 ru  44  -0.506710 -2.266710 -0.108390 -1.244359 2.19418E-11
 rh  45  -1.100093 -2.160093 -0.001772 -1.137742 5.69781E-12
 pd  46  -0.546965 -2.196965 -0.038644 -1.174614 2.10581E-11
 ag  47  -0.957937 -2.157937  0.000383 -1.135587 8.28544E-12
 cd  48  -0.465654 -2.175654 -0.017334 -1.153304 2.68235E-11
 in  49  -1.409836 -2.169836 -0.011515 -1.147485 3.11555E-12
 sn  50  -0.132760 -2.202760 -0.044440 -1.180409 6.09661E-11
 sb  51  -1.388948 -2.398948 -0.240628 -1.376598 3.46671E-12
 te  52  -0.438562 -2.618562 -0.460242 -1.596212 3.24078E-11
  i  53  -0.618155 -2.168155 -0.009835 -1.145805 2.13148E-11
 xe  54   0.044913 -2.195087 -0.036766 -1.172736 1.01512E-10
 cs  55  -1.080213 -2.160213 -0.001892 -1.137862 7.70353E-12
 ba  56   0.045883 -2.134117  0.024204 -1.111766 1.06414E-10
 la  57  -0.971241 -2.141241  0.017079 -1.118890 1.03476E-11
 ce  58  -0.564827 -2.144827  0.013494 -1.122476 2.66085E-11
 pr  59  -1.393999 -2.153999  0.004321 -1.131648 3.96549E-12
 nd  60  -0.723905 -2.173905 -0.015584 -1.151554 1.89907E-11
 pm  61   0.000000 -9.000000  0.000000  0.000000 0.00000E+00
 sm  62  -1.344695 -2.284695 -0.126375 -1.262344 4.74021E-12
 eu  63  -1.657582 -2.167582 -0.009262 -1.145231 2.33088E-12
 gd  64  -1.219171 -2.269171 -0.110850 -1.246820 6.61882E-12
 tb  65  -1.846188 -2.166188 -0.007867 -1.143837 1.57894E-12
 dy  66  -1.031657 -2.161657 -0.003337 -1.139307 1.05331E-11
 ho  67  -1.695974 -2.165974 -0.007654 -1.143624 2.31572E-12
 er  68  -1.246517 -2.166517 -0.008197 -1.144166 6.61048E-12
 tm  69  -2.041828 -2.161828 -0.003508 -1.139477 1.06967E-12
 yb  70  -1.283608 -2.203609 -0.045288 -1.181258 6.27912E-12
 lu  71  -2.063100 -2.153100  0.005221 -1.130749 1.05491E-12
 hf  72  -1.431489 -2.141489  0.016831 -1.119138 4.60771E-12
 ta  73  -2.269424 -2.149425  0.008896 -1.127074 6.78407E-13
  w  74  -1.492855 -2.142855  0.015465 -1.120504 4.12046E-12
 re  75  -1.915853 -2.175853 -0.017532 -1.153502 1.57581E-12
 os  76  -0.814430 -2.164430 -0.006110 -1.142079 2.03333E-11
 ir  77  -0.849071 -2.169071 -0.010750 -1.146720 1.89706E-11
 pt  78  -0.576900 -2.196900 -0.038580 -1.174550 3.60303E-11
 au  79  -1.362655 -2.162655 -0.004334 -1.140304 5.95798E-12
 hg  80  -0.978877 -2.148877  0.009443 -1.126526 1.46823E-11
 tl  81  -1.361397 -2.131397  0.026924 -1.109046 6.20025E-12
 pb  82  -0.102171 -2.142171  0.016150 -1.119820 1.14177E-10
 bi  83  -1.501140 -2.151140  0.007181 -1.128789 4.59543E-12
 po  84  -3.383098 -9.000000  0.000000  0.000000 6.03129E-14
#[ls/Fe]_Bisterzo =   0.1516, [hs/Fe]_Bisterzo =  -0.0416
#[hs/ls]_Bisterzo =  -0.1933, [Pb/hs]_Bisterzo =   0.0578
#[ls/Fe]_Thiswork =   0.2227, [hs/Fe]_Thiswork =   0.0183
#[hs/ls]_Thiswork =  -0.2044, [Pb/hs]_Thiswork =  -0.0021
# C/O = 2.4144E+01, c12/c13 = 5.37758E+03, n14/n15 = 3.03547E+03
# o16/o17 = 2.33593E+03, o16/o18 = 1.00844E+04
# mg24/mg25 = 3.9274E+00, mg24/mg26 = 3.9202E+00
