# Initial abundances
# El  Z   log e(X)   [X/H]    [X/Fe]     [X/O]      X(i)
  p   1  12.000000  0.000000  0.000000  0.000000 7.54992E-01
 he   2  10.922963 -0.007037  2.178469  2.178463 2.51091E-01
 li   3   1.040214 -2.219786 -0.034281 -0.034287 5.70319E-11
 be   4   0.000000 -1.300000  0.000000  0.000000 0.00000E+00
  b   5   0.000000 -2.790000  0.000000  0.000000 0.00000E+00
  c   6   6.284689 -2.185311  0.000195  0.000189 1.73281E-05
  n   7   5.684475 -2.185524 -0.000019 -0.000025 5.07344E-06
  o   8   6.544500 -2.185500  0.000006  0.000000 4.19831E-05
  f   9   2.234510 -2.185490  0.000016  0.000010 2.44175E-09
 ne  10   5.784503 -2.185497  0.000009  0.000002 9.20250E-06
 na  11   4.054493 -2.185506  0.000000 -0.000007 1.95216E-07
 mg  12   5.454495 -2.185505  0.000001 -0.000005 5.18409E-06
 al  13   4.264493 -2.185506  0.000000 -0.000007 3.71578E-07
 si  14   5.364496 -2.185504  0.000002 -0.000004 4.86932E-06
  p  15   3.224507 -2.185493  0.000013  0.000007 3.89033E-08
  s  16   4.974492 -2.175508  0.009998  0.009992 2.26467E-06
 cl  17   3.044502 -2.185498  0.000008  0.000002 2.94196E-08
 ar  18   4.254495 -2.185505  0.000001 -0.000005 5.37617E-07
  k  19   2.893927 -2.186073 -0.000567 -0.000574 2.29384E-08
 ca  20   4.104494 -2.185506  0.000000 -0.000006 3.81841E-07
 sc  21   0.864499 -2.185501  0.000005 -0.000001 2.46473E-10
 ti  22   2.724504 -2.185496  0.000010  0.000003 1.90118E-08
  v  23   1.773415 -2.186585 -0.001080 -0.001086 2.26451E-09
 cr  24   3.435211 -2.204789 -0.019283 -0.019289 1.06087E-07
 mn  25   3.294506 -2.185494  0.000012  0.000006 8.10702E-08
 fe  26   5.354494 -2.185506  0.000000 -0.000006 9.46152E-06
 co  27   2.684498 -2.185502  0.000004 -0.000002 2.13471E-08
 ni  28   4.014499 -2.185501  0.000005 -0.000001 4.54536E-07
 cu  29   2.064504 -2.185496  0.000010  0.000003 5.52172E-09
 zn  30   2.444505 -2.185495  0.000010  0.000004 1.36340E-08
 ga  31   0.894501 -2.185499  0.000007  0.000000 4.09599E-10
 ge  32   1.360128 -2.219872 -0.034366 -0.034372 1.24677E-09
 as  33   0.114492 -2.185508 -0.000002 -0.000008 7.30440E-11
 se  34   1.110576 -2.229424 -0.043918 -0.043925 7.62896E-10
 br  35   0.354499 -2.185501  0.000005 -0.000001 1.35379E-10
 kr  36   1.062928 -2.187072 -0.001566 -0.001572 7.25510E-10
 rb  37   0.334499 -2.185501  0.000005 -0.000001 1.38288E-10
 sr  38   0.692071 -2.187929 -0.002423 -0.002429 3.22966E-10
  y  39   0.024498 -2.185502  0.000004 -0.000002 7.04550E-11
 zr  40   0.344502 -2.185498  0.000008  0.000002 1.51041E-10
 nb  41  -0.775493 -2.185493  0.000013  0.000007 1.16690E-11
 mo  42  -0.366675 -2.306675 -0.121170 -0.121176 3.08892E-11
 tc  43   0.000000 -9.000000  0.000000  0.000000 0.00000E+00
 ru  44  -0.556439 -2.316439 -0.130934 -0.130940 2.10215E-11
 rh  45  -1.125499 -2.185499  0.000007  0.000001 5.77330E-12
 pd  46  -0.594683 -2.244683 -0.059177 -0.059183 2.02685E-11
 ag  47  -0.985498 -2.185498  0.000007  0.000001 8.35366E-12
 cd  48  -0.515215 -2.225215 -0.039709 -0.039715 2.57084E-11
 in  49  -1.444536 -2.204536 -0.019030 -0.019037 3.08998E-12
 sn  50  -0.177930 -2.247930 -0.062424 -0.062430 5.90256E-11
 sb  51  -1.418026 -2.428026 -0.242520 -0.242526 3.48307E-12
 te  52  -0.472878 -2.652878 -0.467372 -0.467378 3.21704E-11
  i  53  -0.635500 -2.185500  0.000006  0.000000 2.20018E-11
 xe  54   0.017418 -2.222582 -0.037076 -0.037082 1.02363E-10
 cs  55  -1.105499 -2.185499  0.000007  0.000000 7.80773E-12
 ba  56  -0.006402 -2.186402 -0.000896 -0.000902 1.01353E-10
 la  57  -1.015905 -2.185905 -0.000400 -0.000406 1.00299E-11
 ce  58  -0.607405 -2.187405 -0.001899 -0.001905 2.59159E-11
 pr  59  -1.425498 -2.185498  0.000008  0.000002 3.96205E-12
 nd  60  -0.760503 -2.210503 -0.024997 -0.025003 1.87527E-11
 pm  61   0.000000 -9.000000  0.000000  0.000000 0.00000E+00
 sm  62  -1.375217 -2.315217 -0.129712 -0.129718 4.74676E-12
 eu  63  -1.675514 -2.185514 -0.000008 -0.000015 2.40275E-12
 gd  64  -1.242631 -2.292631 -0.107125 -0.107131 6.73662E-12
 tb  65  -1.865514 -2.185514 -0.000008 -0.000014 1.62241E-12
 dy  66  -1.056156 -2.186156 -0.000650 -0.000657 1.06950E-11
 ho  67  -1.715497 -2.185497  0.000009  0.000003 2.37840E-12
 er  68  -1.273119 -2.193119 -0.007613 -0.007619 6.67963E-12
 tm  69  -2.065498 -2.185498  0.000008  0.000001 1.08818E-12
 yb  70  -1.326529 -2.246529 -0.061023 -0.061029 6.11083E-12
 lu  71  -2.095501 -2.185501  0.000005 -0.000001 1.05181E-12
 hf  72  -1.476206 -2.186206 -0.000700 -0.000706 4.46571E-12
 ta  73  -2.305553 -2.185554 -0.000048 -0.000054 6.70629E-13
  w  74  -1.536028 -2.186028 -0.000522 -0.000528 4.00770E-12
 re  75  -1.925500 -2.185500  0.000006  0.000000 1.65569E-12
 os  76  -0.835583 -2.185583 -0.000077 -0.000083 2.08055E-11
 ir  77  -0.865499 -2.185500  0.000006  0.000000 1.96234E-11
 pt  78  -0.597843 -2.217843 -0.032337 -0.032343 3.68847E-11
 au  79  -1.385500 -2.185500  0.000006  0.000000 6.07262E-12
 hg  80  -1.047105 -2.217105 -0.031599 -0.031605 1.34799E-11
 tl  81  -1.415503 -2.185503  0.000003 -0.000003 5.88064E-12
 pb  82  -0.145496 -2.185496  0.000010  0.000003 1.11013E-10
 bi  83  -1.535495 -2.185495  0.000011  0.000005 4.56134E-12
 po  84   0.000000 -9.000000  0.000000  0.000000 0.00000E+00
#[ls/Fe]_Bisterzo =   0.0000, [hs/Fe]_Bisterzo =  -0.0517
#[hs/ls]_Bisterzo =  -0.0517, [Pb/hs]_Bisterzo =   0.0517
#[ls/Fe]_Thiswork =  -0.0008, [hs/Fe]_Thiswork =  -0.0011
#[hs/ls]_Thiswork =  -0.0003, [Pb/hs]_Thiswork =   0.0011
# C/O = 5.4978E-01, c12/c13 = 8.94392E+01, n14/n15 = 4.47610E+02
# o16/o17 = 2.63226E+03, o16/o18 = 4.98812E+02
# mg24/mg25 = 7.8990E+00, mg24/mg26 = 7.1742E+00
#
# During TP-AGB
#  TP   Mass     Mcore    Menv    log L
#  1 1.425910 0.600240 0.825670 3.614190
# El  Z   log e(X)   [X/H]    [X/Fe]     [X/O]      X(i)
  p   1  12.000000  0.000000  0.000000  0.000000 7.27670E-01
 he   2  10.983628  0.053628  2.239134  2.239128 2.78283E-01
 li   3   0.513241 -2.746759 -0.561253 -0.561260 1.63357E-11
 be   4   0.000000 -1.300000  0.000000  0.000000 0.00000E+00
  b   5   0.000000 -2.790000  0.000000  0.000000 2.52137E-28
  c   6   6.029238 -2.440763 -0.255257 -0.255263 9.27450E-06
  n   7   6.193244 -1.676756  0.508749  0.508743 1.57784E-05
  o   8   6.544718 -2.185282  0.000224  0.000000 4.04841E-05
  f   9   2.211350 -2.208650 -0.023144 -0.023368 2.23117E-09
 ne  10   5.794800 -2.175200  0.010306  0.010082 9.08227E-06
 na  11   4.301318 -1.938682  0.246824  0.246600 3.32147E-07
 mg  12   5.470427 -2.169573  0.015933  0.015708 5.18318E-06
 al  13   4.281860 -2.168139  0.017366  0.017142 3.72742E-07
 si  14   5.380505 -2.169495  0.016011  0.015787 4.86933E-06
  p  15   3.241090 -2.168910  0.016596  0.016372 3.89547E-08
  s  16   4.990503 -2.159497  0.026009  0.025785 2.26469E-06
 cl  17   3.060513 -2.169487  0.016019  0.015795 2.94198E-08
 ar  18   4.270507 -2.169493  0.016013  0.015789 5.37620E-07
  k  19   2.909900 -2.170100  0.015406  0.015182 2.29365E-08
 ca  20   4.120508 -2.169492  0.016014  0.015790 3.81845E-07
 sc  21   0.880510 -2.169490  0.016016  0.015792 2.46474E-10
 ti  22   2.740515 -2.169485  0.016021  0.015797 1.90119E-08
  v  23   1.789427 -2.170573  0.014933  0.014709 2.26452E-09
 cr  24   3.451222 -2.188777 -0.003272 -0.003496 1.06088E-07
 mn  25   3.310517 -2.169483  0.016023  0.015799 8.10707E-08
 fe  26   5.370506 -2.169494  0.000000  0.015788 9.46158E-06
 co  27   2.700510 -2.169490  0.000004  0.015792 2.13472E-08
 ni  28   4.030511 -2.169489  0.000005  0.015793 4.54539E-07
 cu  29   2.080516 -2.169484  0.000010  0.015798 5.52176E-09
 zn  30   2.460517 -2.169483  0.000011  0.015799 1.36341E-08
 ga  31   0.910513 -2.169487  0.000007  0.015795 4.09602E-10
 ge  32   1.376141 -2.203859 -0.034365 -0.018578 1.24678E-09
 as  33   0.130505 -2.169495 -0.000001  0.015786 7.30444E-11
 se  34   1.126587 -2.213413 -0.043919 -0.028131 7.62901E-10
 br  35   0.370511 -2.169489  0.000005  0.015793 1.35380E-10
 kr  36   1.078939 -2.171061 -0.001566  0.014221 7.25515E-10
 rb  37   0.347624 -2.172376 -0.002882  0.012906 1.37373E-10
 sr  38   0.709344 -2.170656 -0.001162  0.014626 3.23907E-10
  y  39   0.040510 -2.169490  0.000004  0.015792 7.04555E-11
 zr  40   0.360515 -2.169485  0.000009  0.015796 1.51042E-10
 nb  41  -0.759481 -2.169481  0.000013  0.015800 1.16691E-11
 mo  42  -0.350663 -2.290663 -0.121169 -0.105381 3.08894E-11
 tc  43   0.000000 -9.000000  0.000000  0.000000 0.00000E+00
 ru  44  -0.540428 -2.300428 -0.130934 -0.115146 2.10217E-11
 rh  45  -1.109488 -2.169487  0.000007  0.015794 5.77334E-12
 pd  46  -0.578671 -2.228672 -0.059177 -0.043390 2.02687E-11
 ag  47  -0.969487 -2.169487  0.000007  0.015795 8.35371E-12
 cd  48  -0.499204 -2.209204 -0.039710 -0.023922 2.57086E-11
 in  49  -1.428525 -2.188525 -0.019031 -0.003243 3.09000E-12
 sn  50  -0.161918 -2.231918 -0.062423 -0.046636 5.90260E-11
 sb  51  -1.402014 -2.412014 -0.242520 -0.226732 3.48309E-12
 te  52  -0.456865 -2.636865 -0.467371 -0.451584 3.21706E-11
  i  53  -0.619489 -2.169489  0.000005  0.015793 2.20019E-11
 xe  54   0.033430 -2.206570 -0.037076 -0.021288 1.02363E-10
 cs  55  -1.089487 -2.169487  0.000007  0.015795 7.80778E-12
 ba  56   0.009610 -2.170390 -0.000896  0.014892 1.01354E-10
 la  57  -0.999893 -2.169893 -0.000399  0.015388 1.00300E-11
 ce  58  -0.591393 -2.171392 -0.001898  0.013889 2.59160E-11
 pr  59  -1.409487 -2.169487  0.000007  0.015795 3.96208E-12
 nd  60  -0.744492 -2.194492 -0.024997 -0.009210 1.87529E-11
 pm  61   0.000000 -9.000000  0.000000  0.000000 0.00000E+00
 sm  62  -1.359205 -2.299205 -0.129711 -0.113924 4.74680E-12
 eu  63  -1.659502 -2.169502 -0.000008  0.015780 2.40277E-12
 gd  64  -1.226620 -2.276620 -0.107126 -0.091338 6.73666E-12
 tb  65  -1.849502 -2.169502 -0.000007  0.015780 1.62242E-12
 dy  66  -1.040145 -2.170145 -0.000651  0.015137 1.06950E-11
 ho  67  -1.699486 -2.169486  0.000008  0.015796 2.37842E-12
 er  68  -1.257108 -2.177108 -0.007614  0.008174 6.67968E-12
 tm  69  -2.049486 -2.169486  0.000008  0.015796 1.08819E-12
 yb  70  -1.310517 -2.230517 -0.061023 -0.045236 6.11087E-12
 lu  71  -2.079856 -2.169856 -0.000362  0.015426 1.05093E-12
 hf  72  -1.460105 -2.170105 -0.000611  0.015177 4.46665E-12
 ta  73  -2.289542 -2.169542 -0.000048  0.015739 6.70634E-13
  w  74  -1.520016 -2.170016 -0.000522  0.015266 4.00773E-12
 re  75  -1.917197 -2.177197 -0.007703  0.008085 1.62657E-12
 os  76  -0.818950 -2.168950  0.000545  0.016332 2.08354E-11
 ir  77  -0.849487 -2.169487  0.000007  0.015794 1.96236E-11
 pt  78  -0.581832 -2.201832 -0.032338 -0.016550 3.68850E-11
 au  79  -1.369488 -2.169488  0.000006  0.015794 6.07266E-12
 hg  80  -1.031093 -2.201093 -0.031599 -0.015811 1.34800E-11
 tl  81  -1.399490 -2.169490  0.000004  0.015791 5.88068E-12
 pb  82  -0.129485 -2.169485  0.000009  0.015797 1.11014E-10
 bi  83  -1.519484 -2.169484  0.000010  0.015798 4.56137E-12
 po  84   0.000000 -9.000000  0.000000  0.000000 1.03029E-25
#[ls/Fe]_Bisterzo =   0.0000, [hs/Fe]_Bisterzo =  -0.0517
#[hs/ls]_Bisterzo =  -0.0517, [Pb/hs]_Bisterzo =   0.0517
#[ls/Fe]_Thiswork =  -0.0004, [hs/Fe]_Thiswork =  -0.0011
#[hs/ls]_Thiswork =  -0.0007, [Pb/hs]_Thiswork =   0.0011
# C/O = 3.0515E-01, c12/c13 = 2.04426E+01, n14/n15 = 3.51627E+03
# o16/o17 = 1.01260E+02, o16/o18 = 7.75257E+02
# mg24/mg25 = 8.0657E+00, mg24/mg26 = 7.0560E+00
#
#  TP   Mass     Mcore    Menv    log L
#  2 1.425900 0.605630 0.820270 3.762620
# El  Z   log e(X)   [X/H]    [X/Fe]     [X/O]      X(i)
  p   1  12.000000  0.000000  0.000000  0.000000 7.26168E-01
 he   2  10.986238  0.056237  2.225731  2.241519 2.79383E-01
 li   3   0.898590 -2.361410 -0.191916 -0.176128 3.95903E-11
 be   4   0.000000 -1.300000  0.000000  0.000000 0.00000E+00
  b   5   0.000000 -2.790000  0.000000  0.000000 8.66614E-28
  c   6   7.650086 -0.819914  1.349580  1.365367 3.86582E-04
  n   7   6.192986 -1.677013  0.492481  0.508268 1.57365E-05
  o   8   6.673442 -2.056558  0.112936  0.000000 5.43389E-05
  f   9   2.519622 -1.900378  0.269116  0.156179 4.52800E-09
 ne  10   5.811815 -2.158185  0.011309 -0.101627 9.42568E-06
 na  11   4.305113 -1.934886  0.234608  0.121671 3.34371E-07
 mg  12   5.470830 -2.169169  0.000325 -0.112612 5.17729E-06
 al  13   4.288387 -2.161613  0.007881 -0.105055 3.77605E-07
 si  14   5.383288 -2.166712  0.002782 -0.110154 4.89052E-06
  p  15   3.251123 -2.158876  0.010618 -0.102319 3.97830E-08
  s  16   4.991239 -2.158761  0.010733 -0.102203 2.26385E-06
 cl  17   3.063552 -2.166448  0.003046 -0.109890 2.95652E-08
 ar  18   4.271173 -2.168827  0.000667 -0.112269 5.37334E-07
  k  19   2.912269 -2.167731  0.001763 -0.111174 2.30144E-08
 ca  20   4.120875 -2.169125  0.000369 -0.112567 3.81380E-07
 sc  21   0.889833 -2.160167  0.009328 -0.103609 2.51303E-10
 ti  22   2.741689 -2.168311  0.001183 -0.111753 1.90240E-08
  v  23   1.789862 -2.170138 -0.000644 -0.113581 2.26211E-09
 cr  24   3.451846 -2.188154 -0.018660 -0.131596 1.06021E-07
 mn  25   3.310705 -2.169295  0.000199 -0.112737 8.09384E-08
 fe  26   5.370997 -2.169003  0.000000 -0.112445 9.45274E-06
 co  27   2.731025 -2.138975  0.030028 -0.082417 2.28539E-08
 ni  28   4.037264 -2.162735  0.006268 -0.106178 4.60709E-07
 cu  29   2.161133 -2.088867  0.080136 -0.032310 6.63433E-09
 zn  30   2.478525 -2.151475  0.017528 -0.094917 1.41821E-08
 ga  31   0.979099 -2.100901  0.068102 -0.044343 4.78687E-10
 ge  32   1.429734 -2.150266  0.018737 -0.093708 1.40762E-09
 as  33   0.155631 -2.144369  0.024634 -0.087811 7.72356E-11
 se  34   1.173125 -2.166875  0.002128 -0.110317 8.47440E-10
 br  35   0.405034 -2.134966  0.034037 -0.078408 1.46278E-10
 kr  36   1.118141 -2.131859  0.037144 -0.075301 7.92412E-10
 rb  37   0.389912 -2.130088  0.038915 -0.073531 1.51109E-10
 sr  38   0.733699 -2.146301  0.022702 -0.089744 3.41884E-10
  y  39   0.054405 -2.155595  0.013408 -0.099037 7.25961E-11
 zr  40   0.369373 -2.160627  0.008376 -0.104069 1.53836E-10
 nb  41  -0.753039 -2.163039  0.005964 -0.106482 1.18190E-11
 mo  42  -0.345832 -2.285832 -0.116829 -0.229274 3.11706E-11
 tc  43   0.000000 -9.000000  0.000000  0.000000 0.00000E+00
 ru  44  -0.537364 -2.297364 -0.128361 -0.240806 2.11268E-11
 rh  45  -1.108656 -2.168656  0.000347 -0.112098 5.77247E-12
 pd  46  -0.576623 -2.226623 -0.057620 -0.170065 2.03225E-11
 ag  47  -0.968749 -2.168749  0.000254 -0.112191 8.35065E-12
 cd  48  -0.497521 -2.207521 -0.038518 -0.150964 2.57551E-11
 in  49  -1.427534 -2.187534 -0.018531 -0.130976 3.09067E-12
 sn  50  -0.160048 -2.230048 -0.061045 -0.173491 5.91583E-11
 sb  51  -1.401012 -2.411012 -0.242009 -0.354455 3.48392E-12
 te  52  -0.455533 -2.635533 -0.466530 -0.578975 3.22028E-11
  i  53  -0.619287 -2.169286 -0.000283 -0.112729 2.19667E-11
 xe  54   0.034129 -2.205871 -0.036868 -0.149313 1.02317E-10
 cs  55  -1.089042 -2.169042 -0.000039 -0.112484 7.79966E-12
 ba  56   0.012427 -2.167573  0.001430 -0.111015 1.01803E-10
 la  57  -0.997742 -2.167742  0.001261 -0.111184 1.00590E-11
 ce  58  -0.589229 -2.169229 -0.000226 -0.112671 2.59917E-11
 pr  59  -1.408277 -2.168277  0.000726 -0.111719 3.96493E-12
 nd  60  -0.743129 -2.193129 -0.024126 -0.136571 1.87730E-11
 pm  61   0.000000 -9.000000  0.000000  0.000000 0.00000E+00
 sm  62  -1.358295 -2.298295 -0.129292 -0.241738 4.74693E-12
 eu  63  -1.659284 -2.169284 -0.000281 -0.112726 2.39902E-12
 gd  64  -1.226140 -2.276140 -0.107137 -0.219582 6.73019E-12
 tb  65  -1.849236 -2.169236 -0.000233 -0.112679 1.62007E-12
 dy  66  -1.039686 -2.169686 -0.000683 -0.113129 1.06842E-11
 ho  67  -1.699245 -2.169245 -0.000242 -0.112688 2.37482E-12
 er  68  -1.256629 -2.176629 -0.007626 -0.120071 6.67325E-12
 tm  69  -2.049110 -2.169110 -0.000107 -0.112553 1.08688E-12
 yb  70  -1.309496 -2.229496 -0.060493 -0.172938 6.11261E-12
 lu  71  -2.079146 -2.169146 -0.000143 -0.112589 1.05048E-12
 hf  72  -1.458873 -2.168873  0.000130 -0.112315 4.47010E-12
 ta  73  -2.288620 -2.168620  0.000383 -0.112062 6.70672E-13
  w  74  -1.518706 -2.168706  0.000297 -0.112149 4.01153E-12
 re  75  -1.916765 -2.176765 -0.007762 -0.120208 1.62483E-12
 os  76  -0.818666 -2.168666  0.000337 -0.112109 2.08060E-11
 ir  77  -0.849359 -2.169359 -0.000356 -0.112801 1.95889E-11
 pt  78  -0.581614 -2.201614 -0.032611 -0.145057 3.68273E-11
 au  79  -1.369270 -2.169270 -0.000267 -0.112713 6.06317E-12
 hg  80  -1.029697 -2.199697 -0.030694 -0.143140 1.34955E-11
 tl  81  -1.397077 -2.167077  0.001926 -0.110519 5.90126E-12
 pb  82  -0.127243 -2.167243  0.001760 -0.110685 1.11359E-10
 bi  83  -1.518322 -2.168322  0.000681 -0.111764 4.56415E-12
 po  84  -4.438622 -9.000000  0.000000  0.000000 5.48405E-15
#[ls/Fe]_Bisterzo =   0.0109, [hs/Fe]_Bisterzo =  -0.0507
#[hs/ls]_Bisterzo =  -0.0616, [Pb/hs]_Bisterzo =   0.0525
#[ls/Fe]_Thiswork =   0.0148, [hs/Fe]_Thiswork =   0.0008
#[hs/ls]_Thiswork =  -0.0140, [Pb/hs]_Thiswork =   0.0009
# C/O = 9.4764E+00, c12/c13 = 8.96144E+02, n14/n15 = 2.65857E+03
# o16/o17 = 1.28367E+02, o16/o18 = 1.03915E+03
# mg24/mg25 = 8.0570E+00, mg24/mg26 = 7.0497E+00
#
#  TP   Mass     Mcore    Menv    log L
#  3 1.425890 0.610420 0.815470 3.851240
# El  Z   log e(X)   [X/H]    [X/Fe]     [X/O]      X(i)
  p   1  12.000000  0.000000  0.000000  0.000000 7.22806E-01
 he   2  10.991484  0.061483  2.230486  2.118041 2.81468E-01
 li   3   1.057315 -2.202685 -0.033682 -0.146127 5.67933E-11
 be   4   0.000000 -1.300000  0.000000  0.000000 0.00000E+00
  b   5   0.000000 -2.790000  0.000000  0.000000 1.16452E-27
  c   6   8.250885 -0.219115  1.949888  1.837442 1.53471E-03
  n   7   6.250401 -1.619599  0.549404  0.436958 1.78775E-05
  o   8   7.002523 -1.727477  0.441526  0.000000 1.15392E-04
  f   9   3.906242 -0.513758  1.655245  1.213719 1.09777E-07
 ne  10   6.507352 -1.462648  0.706355  0.264829 4.65408E-05
 na  11   4.461160 -1.778840  0.390163 -0.051363 4.76716E-07
 mg  12   5.480155 -2.159845  0.009158 -0.432368 5.26516E-06
 al  13   4.299056 -2.150944  0.018059 -0.423468 3.85204E-07
 si  14   5.387563 -2.162437  0.006566 -0.434960 4.91602E-06
  p  15   3.336071 -2.073929  0.095074 -0.346452 4.81537E-08
  s  16   4.993090 -2.156910  0.012093 -0.429434 2.26298E-06
 cl  17   3.069099 -2.160901  0.008102 -0.433424 2.98066E-08
 ar  18   4.272487 -2.167513  0.001490 -0.440036 5.36467E-07
  k  19   2.917031 -2.162969  0.006034 -0.435492 2.31604E-08
 ca  20   4.121645 -2.168355  0.000648 -0.440878 3.80288E-07
 sc  21   0.922469 -2.127531  0.041472 -0.400054 2.69661E-10
 ti  22   2.748027 -2.161973  0.007030 -0.434496 1.92143E-08
  v  23   1.792023 -2.167977  0.001026 -0.440501 2.26287E-09
 cr  24   3.452936 -2.187064 -0.018061 -0.459587 1.05795E-07
 mn  25   3.311314 -2.168686  0.000317 -0.441210 8.06766E-08
 fe  26   5.371680 -2.168320  0.000000 -0.440844 9.42377E-06
 co  27   2.750623 -2.119377  0.048943 -0.391901 2.37981E-08
 ni  28   4.045961 -2.154038  0.014282 -0.426562 4.67852E-07
 cu  29   2.281345 -1.968655  0.199666 -0.241178 8.70953E-09
 zn  30   2.584702 -2.045298  0.123023 -0.317821 1.80261E-08
 ga  31   1.386355 -1.693645  0.474676  0.033832 1.21700E-09
 ge  32   1.867750 -1.712250  0.456070  0.015227 3.84138E-09
 as  33   0.492508 -1.807492  0.360828 -0.080015 1.66985E-10
 se  34   1.801613 -1.538387  0.629933  0.189090 3.58576E-09
 br  35   0.971575 -1.568425  0.599895  0.159051 5.36666E-10
 kr  36   2.163160 -1.086840  1.081481  0.640637 8.74894E-09
 rb  37   1.449754 -1.070246  1.098074  0.657230 1.72631E-09
 sr  38   1.770854 -1.109146  1.059174  0.618330 3.70696E-09
  y  39   1.087717 -1.122283  1.046037  0.605194 7.80206E-10
 zr  40   1.364606 -1.165394  1.002926  0.562083 1.51452E-09
 nb  41   0.142673 -1.267327  0.900993  0.460149 9.25289E-11
 mo  42   0.478975 -1.461025  0.707295  0.266452 2.07270E-10
 tc  43   0.000000 -9.000000  0.000000  0.000000 0.00000E+00
 ru  44   0.151453 -1.608547  0.559773  0.118930 1.02716E-10
 rh  45  -0.797787 -1.857787  0.310534 -0.130310 1.17548E-11
 pd  46   0.065584 -1.584416  0.583904  0.143061 8.87499E-11
 ag  47  -0.618703 -1.818703  0.349617 -0.091226 1.86102E-11
 cd  48   0.206115 -1.503885  0.664435  0.223591 1.29564E-10
 in  49  -0.881253 -1.641253  0.527067  0.086223 1.08222E-11
 sn  50   0.573978 -1.496022  0.672299  0.231455 3.19173E-10
 sb  51  -0.924417 -1.934417  0.233903 -0.206941 1.03908E-11
 te  52   0.097113 -2.082887  0.085433 -0.355411 1.14426E-10
  i  53  -0.533805 -2.083805  0.084515 -0.356328 2.66214E-11
 xe  54   0.321386 -1.918614  0.249707 -0.191137 1.97328E-10
 cs  55  -0.869945 -1.949945  0.218376 -0.222468 1.28575E-11
 ba  56   0.659787 -1.520213  0.648107  0.207264 4.49887E-10
 la  57  -0.449614 -1.619614  0.548707  0.107863 3.53727E-11
 ce  58  -0.036812 -1.616812  0.551508  0.110665 9.23074E-11
 pr  59  -1.019958 -1.779958  0.388362 -0.052482 9.65025E-12
 nd  60  -0.293426 -1.743426  0.424895 -0.015949 5.26285E-11
 pm  61   0.000000 -9.000000  0.000000  0.000000 0.00000E+00
 sm  62  -1.009751 -1.949751  0.218569 -0.222275 1.05425E-11
 eu  63  -1.584959 -2.094959  0.073361 -0.367482 2.83363E-12
 gd  64  -1.024180 -2.074180  0.094140 -0.346704 1.06653E-11
 tb  65  -1.746466 -2.066466  0.101855 -0.338989 2.04309E-12
 dy  66  -0.845119 -1.975119  0.193202 -0.247642 1.66455E-11
 ho  67  -1.610243 -2.080243  0.088077 -0.352766 2.90147E-12
 er  68  -1.052946 -1.972946  0.195374 -0.245470 1.06171E-11
 tm  69  -1.894195 -2.014194  0.154126 -0.286718 1.54555E-12
 yb  70  -0.907111 -1.827111  0.341209 -0.099635 1.53673E-11
 lu  71  -1.772328 -1.862328  0.305992 -0.134852 2.11928E-12
 hf  72  -0.999820 -1.709820  0.458500  0.017657 1.28043E-11
 ta  73  -1.913773 -1.793773  0.374548 -0.066296 1.58250E-12
  w  74  -1.042322 -1.692322  0.475998  0.035154 1.19585E-11
 re  75  -1.734494 -1.994494  0.173826 -0.267018 2.46073E-12
 os  76  -0.692517 -2.042517  0.125803 -0.315041 2.76900E-11
 ir  77  -0.823773 -2.143774  0.024547 -0.416297 2.06814E-11
 pt  78  -0.494321 -2.114321  0.053999 -0.386844 4.48175E-11
 au  79  -1.283002 -2.083002  0.085318 -0.355525 7.36126E-12
 hg  80  -0.541254 -1.711254  0.457066  0.016223 4.13634E-11
 tl  81  -0.790908 -1.560908  0.607412  0.166569 2.37191E-11
 pb  82   1.538908 -0.501092  1.667228  1.226385 5.13877E-09
 bi  83   0.058653 -0.591347  1.576973  1.136129 1.71522E-10
 po  84   0.967193 -9.000000  0.000000  0.000000 1.38963E-09
#[ls/Fe]_Bisterzo =   1.0245, [hs/Fe]_Bisterzo =   0.3974
#[hs/ls]_Bisterzo =  -0.6271, [Pb/hs]_Bisterzo =   1.2698
#[ls/Fe]_Thiswork =   1.0360, [hs/Fe]_Thiswork =   0.5828
#[hs/ls]_Thiswork =  -0.4533, [Pb/hs]_Thiswork =   1.0845
# C/O = 1.7716E+01, c12/c13 = 3.51496E+03, n14/n15 = 9.35495E+02
# o16/o17 = 2.31845E+02, o16/o18 = 2.09524E+03
# mg24/mg25 = 7.5339E+00, mg24/mg26 = 6.5969E+00
#
#  TP   Mass     Mcore    Menv    log L
#  4 1.425850 0.614690 0.811160 3.907810
# El  Z   log e(X)   [X/H]    [X/Fe]     [X/O]      X(i)
  p   1  12.000000  0.000000  0.000000  0.000000 7.18185E-01
 he   2  10.998247  0.068247  2.236567  1.795723 2.84059E-01
 li   3   1.151168 -2.108832  0.059488 -0.381356 7.00432E-11
 be   4   0.000000 -1.300000  0.000000  0.000000 0.00000E+00
  b   5   0.000000 -2.790000  0.000000  0.000000 1.26241E-27
  c   6   8.586956  0.116956  2.285276  1.844432 3.30606E-03
  n   7   6.295638 -1.574362  0.593958  0.153115 1.97133E-05
  o   8   7.294960 -1.435040  0.733281  0.000000 2.24817E-04
  f   9   4.401933 -0.018067  2.150253  1.416972 3.41520E-07
 ne  10   7.015793 -0.954206  1.214114  0.480833 1.49104E-04
 na  11   4.826984 -1.413015  0.755305  0.022024 1.09976E-06
 mg  12   5.560986 -2.079014  0.089306 -0.643975 6.30169E-06
 al  13   4.313019 -2.136981  0.031340 -0.701941 3.95248E-07
 si  14   5.393353 -2.156647  0.011673 -0.721607 4.95016E-06
  p  15   3.428026 -1.981974  0.186347 -0.546934 5.91289E-08
  s  16   4.995984 -2.154016  0.014304 -0.718976 2.26355E-06
 cl  17   3.077112 -2.152888  0.015432 -0.717848 3.01676E-08
 ar  18   4.274380 -2.165620  0.002700 -0.730581 5.35366E-07
  k  19   2.923035 -2.156965  0.011355 -0.721926 2.33327E-08
 ca  20   4.123015 -2.166985  0.001335 -0.731946 3.79050E-07
 sc  21   0.954441 -2.095559  0.072761 -0.660519 2.88406E-10
 ti  22   2.755894 -2.154106  0.014214 -0.719067 1.94404E-08
  v  23   1.794800 -2.165200  0.003120 -0.730161 2.26283E-09
 cr  24   3.454844 -2.185156 -0.016836 -0.750117 1.05582E-07
 mn  25   3.313240 -2.166760  0.001560 -0.731720 8.05172E-08
 fe  26   5.373087 -2.166913  0.000000 -0.731874 9.39393E-06
 co  27   2.779553 -2.090446  0.076467 -0.655407 2.52748E-08
 ni  28   4.054370 -2.145629  0.021284 -0.710590 4.73950E-07
 cu  29   2.359155 -1.890845  0.276068 -0.455806 1.03519E-08
 zn  30   2.661203 -1.968797  0.198116 -0.533757 2.13607E-08
 ga  31   1.568363 -1.511637  0.655276 -0.076597 1.83872E-09
 ge  32   2.063612 -1.516388  0.650525 -0.081348 5.99188E-09
 as  33   0.664856 -1.635144  0.531769 -0.200104 2.46741E-10
 se  34   2.021259 -1.318741  0.848172  0.116299 5.90803E-09
 br  35   1.182461 -1.357539  0.809374  0.077500 8.66574E-10
 kr  36   2.428278 -0.821722  1.345191  0.613317 1.60062E-08
 rb  37   1.703764 -0.816236  1.350677  0.618804 3.07853E-09
 sr  38   2.102561 -0.777439  1.389474  0.657600 7.90569E-09
  y  39   1.418838 -0.791162  1.375751  0.643877 1.66167E-09
 zr  40   1.684938 -0.845062  1.321851  0.589978 3.14647E-09
 nb  41   0.454873 -0.955127  1.211786  0.479913 1.88665E-10
 mo  42   0.772973 -1.167027  0.999886  0.268013 4.05274E-10
 tc  43   0.000000 -9.000000  0.000000  0.000000 0.00000E+00
 ru  44   0.443481 -1.316519  0.850394  0.118521 1.99931E-10
 rh  45  -0.568485 -1.628485  0.538428 -0.193446 1.98030E-11
 pd  46   0.415704 -1.234296  0.932617  0.200743 1.97471E-10
 ag  47  -0.333811 -1.533811  0.633102 -0.098771 3.56334E-11
 cd  48   0.566195 -1.143806  1.023108  0.291234 2.94971E-10
 in  49  -0.566255 -1.326255  0.840658  0.108785 2.22091E-11
 sn  50   0.916889 -1.153111  1.013802  0.281929 6.98477E-10
 sb  51  -0.614326 -1.624326  0.542587 -0.189287 2.10840E-11
 te  52   0.437398 -1.742602  0.424311 -0.307563 2.48900E-10
  i  53  -0.418480 -1.968480  0.198433 -0.533440 3.44962E-11
 xe  54   0.579829 -1.660171  0.506742 -0.225131 3.55506E-10
 cs  55  -0.636330 -1.716330  0.450583 -0.281290 2.18770E-11
 ba  56   1.096818 -1.083182  1.083731  0.351857 1.22278E-09
 la  57   0.031097 -1.138903  1.028010  0.296137 1.06315E-10
 ce  58   0.480872 -1.099128  1.067785  0.335912 3.02090E-10
 pr  59  -0.538575 -1.298575  0.868338  0.136464 2.90494E-11
 nd  60   0.218090 -1.231910  0.935003  0.203130 1.69805E-10
 pm  61   0.000000 -9.000000  0.000000  0.000000 0.00000E+00
 sm  62  -0.552395 -1.492395  0.674518 -0.057355 3.00271E-11
 eu  63  -1.394883 -1.904883  0.262030 -0.469844 4.36148E-12
 gd  64  -0.658135 -1.708135  0.458778 -0.273096 2.46168E-11
 tb  65  -1.504223 -1.824223  0.342690 -0.389183 3.54605E-12
 dy  66  -0.495671 -1.625671  0.541242 -0.190632 3.69792E-11
 ho  67  -1.398708 -1.868708  0.298205 -0.433669 4.69210E-12
 er  68  -0.688753 -1.608753  0.558160 -0.173714 2.44012E-11
 tm  69  -1.591966 -1.711966  0.454947 -0.276926 3.07983E-12
 yb  70  -0.401253 -1.321253  0.845660  0.113787 4.89406E-11
 lu  71  -1.319335 -1.409335  0.757578  0.025705 5.97582E-12
 hf  72  -0.487739 -1.197739  0.969174  0.237301 4.13667E-11
 ta  73  -1.441349 -1.321349  0.845564  0.113690 4.66638E-12
  w  74  -0.517618 -1.167618  0.999295  0.267421 3.97739E-11
 re  75  -1.381474 -1.641474  0.525439 -0.206435 5.51186E-12
 os  76  -0.393363 -1.743363  0.423550 -0.308324 5.47889E-11
 ir  77  -0.734356 -2.054356  0.112557 -0.619317 2.52471E-11
 pt  78  -0.260091 -1.880091  0.286822 -0.445051 7.63648E-11
 au  79  -1.060742 -1.860742  0.306171 -0.425703 1.22019E-11
 hg  80  -0.012483 -1.182483  0.984430  0.252557 1.38868E-10
 tl  81  -0.230789 -1.000789  1.166124  0.434250 8.55917E-11
 pb  82   2.065530  0.025530  2.192443  1.460569 1.71670E-08
 bi  83   0.492581 -0.157419  2.009494  1.277621 4.62873E-10
 po  84   1.400192 -9.000000  0.000000  0.000000 3.74210E-09
#[ls/Fe]_Bisterzo =   1.3488, [hs/Fe]_Bisterzo =   0.8792
#[hs/ls]_Bisterzo =  -0.4696, [Pb/hs]_Bisterzo =   1.3133
#[ls/Fe]_Thiswork =   1.3624, [hs/Fe]_Thiswork =   1.0598
#[hs/ls]_Thiswork =  -0.3025, [Pb/hs]_Thiswork =   1.1326
# C/O = 1.9588E+01, c12/c13 = 7.25954E+03, n14/n15 = 7.97156E+02
# o16/o17 = 4.25995E+02, o16/o18 = 3.99339E+03
# mg24/mg25 = 5.5411E+00, mg24/mg26 = 4.7163E+00
#
#  TP   Mass     Mcore    Menv    log L
#  5 1.425640 0.618710 0.806930 3.946280
# El  Z   log e(X)   [X/H]    [X/Fe]     [X/O]      X(i)
  p   1  12.000000  0.000000  0.000000  0.000000 7.12546E-01
 he   2  11.006422  0.076422  2.243335  1.511461 2.87183E-01
 li   3   1.220951 -2.039049  0.127864 -0.604009 8.16066E-11
 be   4   0.000000 -1.300000  0.000000  0.000000 0.00000E+00
  b   5   0.000000 -2.790000  0.000000  0.000000 1.34913E-27
  c   6   8.806604  0.336604  2.503517  1.771644 5.43921E-03
  n   7   6.342778 -1.527222  0.639691 -0.092183 2.18009E-05
  o   8   7.513066 -1.216934  0.949979  0.000000 3.68562E-04
  f   9   4.719282  0.299282  2.466195  1.516216 7.03626E-07
 ne  10   7.355609 -0.614391  1.552522  0.602543 3.23506E-04
 na  11   5.200732 -1.039268  1.127645  0.177666 2.58002E-06
 mg  12   5.727294 -1.912706  0.254207 -0.695772 9.16942E-06
 al  13   4.332258 -2.117742  0.049171 -0.900808 4.09906E-07
 si  14   5.400525 -2.149475  0.017438 -0.932541 4.99307E-06
  p  15   3.510921 -1.899079  0.267834 -0.682146 7.10018E-08
  s  16   4.999756 -2.150244  0.016669 -0.933311 2.26537E-06
 cl  17   3.086878 -2.143122  0.023791 -0.926188 3.06114E-08
 ar  18   4.276868 -2.163132  0.003781 -0.946198 5.34214E-07
  k  19   2.929511 -2.150489  0.016424 -0.933555 2.34973E-08
 ca  20   4.125038 -2.164962  0.001951 -0.948028 3.77830E-07
 sc  21   0.983671 -2.066329  0.100584 -0.849395 3.06063E-10
 ti  22   2.764214 -2.145786  0.021127 -0.928853 1.96609E-08
  v  23   1.797935 -2.162066  0.004848 -0.945132 2.26132E-09
 cr  24   3.457587 -2.182413 -0.015500 -0.965479 1.05417E-07
 mn  25   3.316647 -2.163353  0.003560 -0.946420 8.05141E-08
 fe  26   5.375322 -2.164678  0.000000 -0.947744 9.36825E-06
 co  27   2.814929 -2.055071  0.109607 -0.838137 2.72044E-08
 ni  28   4.061909 -2.138091  0.026587 -0.921157 4.78462E-07
 cu  29   2.409124 -1.840876  0.323802 -0.623942 1.15230E-08
 zn  30   2.708612 -1.921388  0.243290 -0.704454 2.36375E-08
 ga  31   1.660335 -1.419665  0.745013 -0.202732 2.25457E-09
 ge  32   2.160341 -1.419659  0.745019 -0.202725 7.42795E-09
 as  33   0.753786 -1.546214  0.618464 -0.329280 3.00433E-10
 se  34   2.127831 -1.212168  0.952510  0.004765 7.49187E-09
 br  35   1.286437 -1.253563  0.911115 -0.036629 1.09234E-09
 kr  36   2.551753 -0.698247  1.466431  0.518687 2.11027E-08
 rb  37   1.826192 -0.693808  1.470870  0.523126 4.04900E-09
 sr  38   2.261998 -0.618002  1.546676  0.598932 1.13228E-08
  y  39   1.588513 -0.621487  1.543191  0.595447 2.43667E-09
 zr  40   1.858417 -0.671583  1.493095  0.545350 4.65455E-09
 nb  41   0.630471 -0.779529  1.385149  0.437405 2.80458E-10
 mo  42   0.939706 -1.000294  1.164384  0.216640 5.90280E-10
 tc  43   0.000000 -9.000000  0.000000  0.000000 0.00000E+00
 ru  44   0.610236 -1.149764  1.014914  0.067170 2.91213E-10
 rh  45  -0.425307 -1.485307  0.679371 -0.268373 2.73203E-11
 pd  46   0.592831 -1.057169  1.107509  0.159764 2.94582E-10
 ag  47  -0.179182 -1.379182  0.785496 -0.162248 5.04734E-11
 cd  48   0.751340 -0.958660  1.206018  0.258274 4.48230E-10
 in  49  -0.381864 -1.141864  1.022815  0.075070 3.36898E-11
 sn  50   1.130587 -0.939413  1.225265  0.277520 1.13351E-09
 sb  51  -0.410462 -1.420462  0.744216 -0.203529 3.34499E-11
 te  52   0.654556 -1.525444  0.639234 -0.308510 4.07154E-10
  i  53  -0.310146 -1.860146  0.304532 -0.643213 4.39219E-11
 xe  54   0.775208 -1.464792  0.699887 -0.247858 5.53098E-10
 cs  55  -0.446288 -1.526288  0.638390 -0.309354 3.36206E-11
 ba  56   1.389789 -0.790211  1.374467  0.426722 2.38175E-09
 la  57   0.349310 -0.820690  1.343988  0.396244 2.19474E-10
 ce  58   0.822509 -0.757491  1.407187  0.459442 6.58186E-10
 pr  59  -0.202733 -0.962733  1.201945  0.254201 6.24531E-11
 nd  60   0.562082 -0.887918  1.276760  0.329016 3.71981E-10
 pm  61   0.000000 -9.000000  0.000000  0.000000 0.00000E+00
 sm  62  -0.225183 -1.165184  0.999495  0.051750 6.32851E-11
 eu  63  -1.185563 -1.695563  0.469115 -0.478629 7.00696E-12
 gd  64  -0.359185 -1.409185  0.755493 -0.192251 4.86136E-11
 tb  65  -1.263515 -1.583515  0.581163 -0.366582 6.12391E-12
 dy  66  -0.205226 -1.335226  0.829452 -0.118292 7.16109E-11
 ho  67  -1.176814 -1.646814  0.517864 -0.429880 7.75958E-12
 er  68  -0.386835 -1.306835  0.857843 -0.089901 4.85185E-11
 tm  69  -1.318543 -1.438543  0.726135 -0.221610 5.73489E-12
 yb  70  -0.056787 -0.976788  1.187891  0.240146 1.07327E-10
 lu  71  -0.993808 -1.083808  1.080870  0.133126 1.25459E-11
 hf  72  -0.147885 -0.857885  1.306793  0.359048 8.97597E-11
 ta  73  -1.107427 -0.987427  1.177251  0.229507 9.98801E-12
  w  74  -0.162200 -0.812200  1.352478  0.404734 8.94524E-11
 re  75  -1.073213 -1.333213  0.831465 -0.116279 1.11208E-11
 os  76  -0.115492 -1.465492  0.699186 -0.248558 1.03072E-10
 ir  77  -0.612390 -1.932390  0.232288 -0.715456 3.31707E-11
 pt  78  -0.032029 -1.652029  0.512649 -0.435095 1.28095E-10
 au  79  -0.841269 -1.641268  0.523410 -0.424335 2.00668E-11
 hg  80   0.338289 -0.831711  1.332967  0.385223 3.08994E-10
 tl  81   0.119134 -0.650866  1.513812  0.566068 1.90077E-10
 pb  82   2.365978  0.325978  2.490656  1.542912 3.40189E-08
 bi  83   0.748749  0.098749  2.263427  1.315683 8.28334E-10
 po  84   1.635441 -9.000000  0.000000  0.000000 6.38174E-09
#[ls/Fe]_Bisterzo =   1.5181, [hs/Fe]_Bisterzo =   1.2067
#[hs/ls]_Bisterzo =  -0.3114, [Pb/hs]_Bisterzo =   1.2839
#[ls/Fe]_Thiswork =   1.5277, [hs/Fe]_Thiswork =   1.3752
#[hs/ls]_Thiswork =  -0.1524, [Pb/hs]_Thiswork =   1.1154
# C/O = 1.9658E+01, c12/c13 = 1.11272E+04, n14/n15 = 7.60685E+02
# o16/o17 = 6.67831E+02, o16/o18 = 6.51940E+03
# mg24/mg25 = 3.6083E+00, mg24/mg26 = 3.0505E+00
#
#  TP   Mass     Mcore    Menv    log L
#  6 1.423600 0.622460 0.801140 3.974810
# El  Z   log e(X)   [X/H]    [X/Fe]     [X/O]      X(i)
  p   1  12.000000  0.000000  0.000000  0.000000 7.06414E-01
 he   2  11.015381  0.085381  2.250059  1.302314 2.90646E-01
 li   3   1.274477 -1.985523  0.179155 -0.768589 9.15161E-11
 be   4   0.000000 -1.300000  0.000000  0.000000 0.00000E+00
  b   5   0.000000 -2.790000  0.000000  0.000000 1.44455E-27
  c   6   8.958284  0.488284  2.652962  1.705218 7.64650E-03
  n   7   6.389520 -1.480480  0.684198 -0.263546 2.40693E-05
  o   8   7.666636 -1.063364  1.101315  0.000000 5.20389E-04
  f   9   4.962883  0.542883  2.707561  1.606247 1.22233E-06
 ne  10   7.594964 -0.375036  1.789642  0.688327 5.56524E-04
 na  11   5.503821 -0.736178  1.428500  0.327185 5.13996E-06
 mg  12   5.920846 -1.719153  0.445525 -0.655790 1.41952E-05
 al  13   4.358736 -2.091264  0.073414 -1.027901 4.31925E-07
 si  14   5.408549 -2.141451  0.023227 -1.078087 5.04241E-06
  p  15   3.579591 -1.830409  0.334269 -0.767045 8.24493E-08
  s  16   5.003966 -2.146034  0.018644 -1.082671 2.26775E-06
 cl  17   3.097468 -2.132532  0.032146 -1.069168 3.10971E-08
 ar  18   4.279732 -2.160268  0.004410 -1.096904 5.33122E-07
  k  19   2.936045 -2.143955  0.020723 -1.080592 2.36482E-08
 ca  20   4.127498 -2.162502  0.002176 -1.099138 3.76706E-07
 sc  21   1.009118 -2.040882  0.123796 -0.977518 3.21740E-10
 ti  22   2.772337 -2.137663  0.027015 -1.074299 1.98597E-08
  v  23   1.801074 -2.158926  0.005752 -1.095562 2.25813E-09
 cr  24   3.460864 -2.179136 -0.014458 -1.115772 1.05301E-07
 mn  25   3.321177 -2.158823  0.005855 -1.095460 8.06582E-08
 fe  26   5.378129 -2.161871  0.000000 -1.098507 9.34787E-06
 co  27   2.852336 -2.017664  0.144207 -0.954300 2.93964E-08
 ni  28   4.068481 -2.131518  0.030353 -1.068155 4.81578E-07
 cu  29   2.441525 -1.808475  0.353396 -0.745111 1.23087E-08
 zn  30   2.735921 -1.894079  0.267792 -0.830716 2.49550E-08
 ga  31   1.707848 -1.372152  0.789719 -0.308789 2.49358E-09
 ge  32   2.209678 -1.370322  0.791549 -0.306959 8.24998E-09
 as  33   0.799473 -1.500527  0.661344 -0.437164 3.30888E-10
 se  34   2.181516 -1.158484  1.003387 -0.095121 8.40470E-09
 br  35   1.339237 -1.200763  0.961108 -0.137399 1.22294E-09
 kr  36   2.613128 -0.636872  1.524999  0.426491 2.40969E-08
 rb  37   1.887452 -0.632548  1.529323  0.430816 4.62226E-09
 sr  38   2.348323 -0.531677  1.630194  0.531686 1.36938E-08
  y  39   1.684673 -0.525327  1.636544  0.538037 3.01442E-09
 zr  40   1.963970 -0.566030  1.595841  0.497334 5.88408E-09
 nb  41   0.739396 -0.670604  1.491267  0.392760 3.57305E-10
 mo  42   1.046851 -0.893149  1.268722  0.170215 7.48945E-10
 tc  43   0.000000 -9.000000  0.000000  0.000000 0.00000E+00
 ru  44   0.718733 -1.041267  1.120604  0.022096 3.70642E-10
 rh  45  -0.328208 -1.388208  0.773663 -0.324844 3.38713E-11
 pd  46   0.706273 -0.943727  1.218144  0.119637 3.79224E-10
 ag  47  -0.076539 -1.276539  0.885332 -0.213176 6.33801E-11
 cd  48   0.869326 -0.840674  1.321197  0.222689 5.83087E-10
 in  49  -0.264735 -1.024735  1.137136  0.038628 4.37395E-11
 sn  50   1.268739 -0.801261  1.360610  0.262102 1.54463E-09
 sb  51  -0.270375 -1.280375  0.881496 -0.217012 4.57856E-11
 te  52   0.803596 -1.376405  0.785466 -0.313041 5.68912E-10
  i  53  -0.219460 -1.769459  0.392411 -0.706096 5.36555E-11
 xe  54   0.917515 -1.322485  0.839386 -0.259122 7.60949E-10
 cs  55  -0.304186 -1.384186  0.777685 -0.320822 4.62332E-11
 ba  56   1.588085 -0.591915  1.569956  0.471449 3.72769E-09
 la  57   0.560540 -0.609460  1.552411  0.453904 3.53884E-10
 ce  58   1.046015 -0.533985  1.627886  0.529378 1.09169E-09
 pr  59   0.019855 -0.740145  1.421726  0.323218 1.03369E-10
 nd  60   0.788108 -0.661892  1.499979  0.401471 6.20573E-10
 pm  61   0.000000 -9.000000  0.000000  0.000000 0.00000E+00
 sm  62  -0.006075 -0.946075  1.215796  0.117289 1.03910E-10
 eu  63  -1.015873 -1.525873  0.635998 -0.462509 1.02675E-11
 gd  64  -0.149278 -1.199278  0.962593 -0.135914 7.81470E-11
 tb  65  -1.078862 -1.398862  0.763009 -0.335499 9.28815E-12
 dy  66   0.000199 -1.129801  1.032070 -0.066437 1.13934E-10
 ho  67  -1.001379 -1.471379  0.690492 -0.408015 1.15218E-11
 er  68  -0.174340 -1.094340  1.067531 -0.030977 7.84600E-11
 tm  69  -1.117986 -1.237986  0.923885 -0.174622 9.02258E-12
 yb  70   0.168630 -0.751370  1.410501  0.311993 1.78803E-10
 lu  71  -0.777513 -0.867513  1.294358  0.195851 2.04665E-11
 hf  72   0.074952 -0.635048  1.526823  0.428316 1.48650E-10
 ta  73  -0.883707 -0.763707  1.398164  0.299657 1.65747E-11
  w  74   0.070730 -0.579270  1.582601  0.484094 1.51625E-10
 re  75  -0.854238 -1.114238  1.047633 -0.050874 1.82540E-11
 os  76   0.086081 -1.263919  0.897951 -0.200556 1.62539E-10
 ir  77  -0.498217 -1.818217  0.343654 -0.754853 4.27735E-11
 pt  78   0.143536 -1.476464  0.685407 -0.413101 1.90258E-10
 au  79  -0.667322 -1.467322  0.694549 -0.403959 2.96941E-11
 hg  80   0.567169 -0.602831  1.559040  0.460533 5.18893E-10
 tl  81   0.345913 -0.424087  1.737784  0.639277 3.17656E-10
 pb  82   2.558951  0.518951  2.680822  1.582315 5.25945E-08
 bi  83   0.915712  0.265712  2.427583  1.329076 1.20619E-09
 po  84   1.777145 -9.000000  0.000000  0.000000 8.76780E-09
#[ls/Fe]_Bisterzo =   1.6162, [hs/Fe]_Bisterzo =   1.4227
#[hs/ls]_Bisterzo =  -0.1935, [Pb/hs]_Bisterzo =   1.2581
#[ls/Fe]_Thiswork =   1.6209, [hs/Fe]_Thiswork =   1.5834
#[hs/ls]_Thiswork =  -0.0374, [Pb/hs]_Thiswork =   1.0974
# C/O = 1.9573E+01, c12/c13 = 1.43210E+04, n14/n15 = 7.42476E+02
# o16/o17 = 9.11888E+02, o16/o18 = 9.20518E+03
# mg24/mg25 = 2.5960E+00, mg24/mg26 = 2.2123E+00
#
#  TP   Mass     Mcore    Menv    log L
#  7 1.400020 0.626130 0.773890 3.997280
# El  Z   log e(X)   [X/H]    [X/Fe]     [X/O]      X(i)
  p   1  12.000000  0.000000  0.000000  0.000000 7.00198E-01
 he   2  11.024598  0.094598  2.256469  1.157961 2.94269E-01
 li   3   1.319568 -1.940432  0.221439 -0.877069 1.00635E-10
 be   4   0.000000 -1.300000  0.000000  0.000000 0.00000E+00
  b   5   0.000000 -2.790000  0.000000  0.000000 1.56519E-27
  c   6   9.067688  0.597688  2.759559  1.661051 9.75051E-03
  n   7   6.441125 -1.428874  0.732996 -0.365511 2.68677E-05
  o   8   7.773670 -0.956330  1.205541  0.000000 6.59968E-04
  f   9   5.150103  0.730103  2.891974  1.686433 1.86454E-06
 ne  10   7.769058 -0.200942  1.960929  0.755388 8.23644E-04
 na  11   5.742160 -0.497840  1.664031  0.458490 8.81981E-06
 mg  12   6.094529 -1.545471  0.616400 -0.589141 2.09887E-05
 al  13   4.393301 -2.056699  0.105172 -1.100369 4.63592E-07
 si  14   5.416972 -2.133028  0.028843 -1.176698 5.09592E-06
  p  15   3.635420 -1.774580  0.387291 -0.818250 9.29347E-08
  s  16   5.008267 -2.141733  0.020138 -1.185403 2.27017E-06
 cl  17   3.108073 -2.121927  0.039944 -1.165597 3.15854E-08
 ar  18   4.282764 -2.157236  0.004635 -1.200906 5.32132E-07
  k  19   2.942433 -2.137567  0.024304 -1.181237 2.37875E-08
 ca  20   4.130171 -2.159829  0.002042 -1.203499 3.75697E-07
 sc  21   1.031416 -2.018584  0.143287 -1.062254 3.35710E-10
 ti  22   2.780043 -2.129957  0.031914 -1.173627 2.00373E-08
  v  23   1.804108 -2.155892  0.005979 -1.199563 2.25395E-09
 cr  24   3.464373 -2.175627 -0.013756 -1.219297 1.05221E-07
 mn  25   3.326295 -2.153705  0.008166 -1.197375 8.08962E-08
 fe  26   5.381214 -2.158786  0.000000 -1.202456 9.33165E-06
 co  27   2.887971 -1.982029  0.176757 -1.025699 3.16293E-08
 ni  28   4.074356 -2.125644  0.033143 -1.169314 4.83841E-07
 cu  29   2.464534 -1.785466  0.373320 -0.829136 1.28642E-08
 zn  30   2.752797 -1.877203  0.281583 -0.920873 2.57155E-08
 ga  31   1.734720 -1.345280  0.813507 -0.388950 2.62940E-09
 ge  32   2.237508 -1.342492  0.816294 -0.386162 8.71855E-09
 as  33   0.825285 -1.474715  0.684071 -0.518385 3.48060E-10
 se  34   2.211338 -1.128662  1.030124 -0.172332 8.92289E-09
 br  35   1.368638 -1.171362  0.987424 -0.215032 1.29708E-09
 kr  36   2.645444 -0.604556  1.554230  0.351774 2.57299E-08
 rb  37   1.919475 -0.600525  1.558261  0.355804 4.93218E-09
 sr  38   2.399904 -0.480096  1.678690  0.476234 1.52851E-08
  y  39   1.743900 -0.466100  1.692687  0.490230 3.42446E-09
 zr  40   2.033385 -0.496615  1.662172  0.459715 6.84313E-09
 nb  41   0.811682 -0.598318  1.560468  0.358012 4.18298E-10
 mo  42   1.120660 -0.819340  1.339446  0.136990 8.79874E-10
 tc  43   0.000000 -9.000000  0.000000  0.000000 0.00000E+00
 ru  44   0.794688 -0.965312  1.193475 -0.008982 4.37594E-10
 rh  45  -0.258565 -1.318565  0.840221 -0.362235 3.94127E-11
 pd  46   0.785725 -0.864275  1.294511  0.092054 4.51345E-10
 ag  47  -0.003110 -1.203110  0.955676 -0.246780 7.43949E-11
 cd  48   0.952566 -0.757434  1.401352  0.198896 7.00061E-10
 in  49  -0.181849 -0.941849  1.216937  0.014480 5.24712E-11
 sn  50   1.364269 -0.705731  1.453056  0.250599 1.90773E-09
 sb  51  -0.172168 -1.182168  0.976619 -0.225838 5.68980E-11
 te  52   0.908699 -1.271301  0.887485 -0.314971 7.18307E-10
  i  53  -0.147541 -1.697541  0.461245 -0.741211 6.27617E-11
 xe  54   1.021737 -1.218263  0.940523 -0.261933 9.58824E-10
 cs  55  -0.198670 -1.278670  0.880116 -0.322341 5.84294E-11
 ba  56   1.726806 -0.453194  1.705592  0.503135 5.08536E-09
 la  57   0.706590 -0.463410  1.695376  0.492920 4.90989E-10
 ce  58   1.198949 -0.381051  1.777735  0.575279 1.53885E-09
 pr  59   0.172879 -0.587121  1.571666  0.369209 1.45739E-10
 nd  60   0.942854 -0.507146  1.651640  0.449184 8.78415E-10
 pm  61   0.000000 -9.000000  0.000000  0.000000 0.00000E+00
 sm  62   0.144670 -0.795330  1.363457  0.161000 1.45735E-10
 eu  63  -0.887902 -1.397902  0.760884 -0.441572 1.36647E-11
 gd  64  -0.001822 -1.051822  1.106964 -0.095493 1.08775E-10
 tb  65  -0.943891 -1.263891  0.894896 -0.307561 1.25621E-11
 dy  66   0.145281 -0.984719  1.174067 -0.028389 1.57723E-10
 ho  67  -0.870732 -1.340732  0.818054 -0.384403 1.54286E-11
 er  68  -0.024113 -0.944113  1.214674  0.012217 1.09910E-10
 tm  69  -0.974073 -1.094073  1.064713 -0.137744 1.24567E-11
 yb  70   0.322542 -0.597458  1.561328  0.358872 2.52609E-10
 lu  71  -0.629258 -0.719258  1.439528  0.237072 2.85403E-11
 hf  72   0.227743 -0.482257  1.676529  0.474073 2.09468E-10
 ta  73  -0.729061 -0.609061  1.549725  0.347269 2.34560E-11
  w  74   0.230048 -0.419952  1.738835  0.536378 2.16895E-10
 re  75  -0.699255 -0.959255  1.199531 -0.002925 2.58525E-11
 os  76   0.229142 -1.120858  1.037928 -0.164528 2.23966E-10
 ir  77  -0.404536 -1.724536  0.434250 -0.768206 5.26037E-11
 pt  78   0.272441 -1.347559  0.811227 -0.391229 2.53752E-10
 au  79  -0.537771 -1.337771  0.821015 -0.381441 3.96628E-11
 hg  80   0.723072 -0.446928  1.711858  0.509402 7.36448E-10
 tl  81   0.499944 -0.270056  1.888730  0.686274 4.48899E-10
 pb  82   2.690201  0.650201  2.808987  1.606531 7.05264E-08
 bi  83   1.029587  0.379587  2.538373  1.335917 1.55400E-09
 po  84   1.866067 -9.000000  0.000000  0.000000 1.06653E-08
#[ls/Fe]_Bisterzo =   1.6774, [hs/Fe]_Bisterzo =   1.5702
#[hs/ls]_Bisterzo =  -0.1073, [Pb/hs]_Bisterzo =   1.2388
#[ls/Fe]_Thiswork =   1.6778, [hs/Fe]_Thiswork =   1.7262
#[hs/ls]_Thiswork =   0.0484, [Pb/hs]_Thiswork =   1.0828
# C/O = 1.9680E+01, c12/c13 = 1.65305E+04, n14/n15 = 7.54156E+02
# o16/o17 = 1.12862E+03, o16/o18 = 1.17002E+04
# mg24/mg25 = 2.1040E+00, mg24/mg26 = 1.8059E+00
#
#  TP   Mass     Mcore    Menv    log L
#  8 1.028470 0.629790 0.398680 4.009920
# El  Z   log e(X)   [X/H]    [X/Fe]     [X/O]      X(i)
  p   1  12.000000  0.000000  0.000000  0.000000 6.93767E-01
 he   2  11.034259  0.104259  2.263045  1.060588 2.98124E-01
 li   3   1.361533 -1.898467  0.260319 -0.942137 1.09827E-10
 be   4   0.000000 -1.300000  0.000000  0.000000 0.00000E+00
  b   5   0.000000 -2.790000  0.000000  0.000000 1.68625E-27
  c   6   9.154651  0.684650  2.843437  1.640980 1.18027E-02
  n   7   6.498149 -1.371850  0.786936 -0.415521 3.03562E-05
  o   8   7.854776 -0.875224  1.283563  0.000000 7.88173E-04
  f   9   5.303792  0.883791  3.042578  1.759015 2.63180E-06
 ne  10   7.909229 -0.060771  2.098015  0.814453 1.12695E-03
 na  11   5.952589 -0.287411  1.871376  0.587813 1.41867E-05
 mg  12   6.245838 -1.394162  0.764625 -0.518938 2.94636E-05
 al  13   4.436882 -2.013118  0.145669 -1.137894 5.07819E-07
 si  14   5.426066 -2.123934  0.034852 -1.248711 5.15595E-06
  p  15   3.684921 -1.725079  0.433708 -0.849855 1.03198E-07
  s  16   5.012738 -2.137262  0.021524 -1.262039 2.27259E-06
 cl  17   3.118863 -2.111137  0.047649 -1.235913 3.20826E-08
 ar  18   4.285998 -2.154002  0.004785 -1.278778 5.31186E-07
  k  19   2.948959 -2.131041  0.027746 -1.255817 2.39258E-08
 ca  20   4.133060 -2.156940  0.001846 -1.281716 3.74730E-07
 sc  21   1.052582 -1.997418  0.161368 -1.122195 3.49239E-10
 ti  22   2.787807 -2.122193  0.036593 -1.246970 2.02114E-08
  v  23   1.807217 -2.152783  0.006003 -1.277560 2.24929E-09
 cr  24   3.468114 -2.171886 -0.013100 -1.296662 1.05157E-07
 mn  25   3.331908 -2.148092  0.010695 -1.272868 8.11958E-08
 fe  26   5.384544 -2.155456  0.000000 -1.280232 9.31711E-06
 co  27   2.921902 -1.948098  0.207358 -1.072875 3.38854E-08
 ni  28   4.080107 -2.119893  0.035563 -1.244669 4.85788E-07
 cu  29   2.484281 -1.765719  0.389737 -0.890496 1.33390E-08
 zn  30   2.766206 -1.863794  0.291662 -0.988571 2.62782E-08
 ga  31   1.754765 -1.325235  0.830221 -0.450012 2.72831E-09
 ge  32   2.258287 -1.321712  0.833744 -0.446489 9.06184E-09
 as  33   0.844619 -1.455381  0.700075 -0.580158 3.60563E-10
 se  34   2.233442 -1.106558  1.048898 -0.231334 9.30256E-09
 br  35   1.390450 -1.149550  1.005906 -0.274327 1.35136E-09
 kr  36   2.667099 -0.582901  1.572555  0.292323 2.67969E-08
 rb  37   1.940608 -0.579392  1.576064  0.295832 5.13055E-09
 sr  38   2.438455 -0.441545  1.713911  0.433678 1.65505E-08
  y  39   1.788365 -0.421635  1.733821  0.453589 3.75880E-09
 zr  40   2.087560 -0.442440  1.713016  0.432783 7.68108E-09
 nb  41   0.868047 -0.541953  1.613503  0.333270 4.71893E-10
 mo  42   1.179984 -0.760016  1.395440  0.115208 9.99393E-10
 tc  43   0.000000 -9.000000  0.000000  0.000000 0.00000E+00
 ru  44   0.856552 -0.903448  1.252008 -0.028224 4.99950E-10
 rh  45  -0.200941 -1.260941  0.894515 -0.385717 4.45915E-11
 pd  46   0.850701 -0.799299  1.356157  0.075925 5.19371E-10
 ag  47   0.057802 -1.142198  1.013258 -0.266974 8.48101E-11
 cd  48   1.021029 -0.688972  1.466485  0.186252 8.12063E-10
 in  49  -0.113564 -0.873564  1.281893  0.001660 6.08414E-11
 sn  50   1.441088 -0.628912  1.526544  0.246311 2.25594E-09
 sb  51  -0.093493 -1.103493  1.051963 -0.228270 6.75716E-11
 te  52   0.992657 -1.187343  0.968113 -0.312120 8.63496E-10
  i  53  -0.085878 -1.635878  0.519578 -0.760655 7.16721E-11
 xe  54   1.106578 -1.133422  1.022034 -0.258198 1.15497E-09
 cs  55  -0.112070 -1.192070  0.963386 -0.316846 7.06682E-11
 ba  56   1.835007 -0.344993  1.810463  0.530230 6.46421E-09
 la  57   0.819162 -0.350838  1.804618  0.524386 6.30429E-10
 ce  58   1.315256 -0.264744  1.890712  0.610480 1.99295E-09
 pr  59   0.289400 -0.470600  1.684856  0.404624 1.88838E-10
 nd  60   1.060104 -0.389896  1.765560  0.485328 1.14010E-09
 pm  61   0.000000 -9.000000  0.000000  0.000000 0.00000E+00
 sm  62   0.259314 -0.680686  1.474770  0.194537 1.88018E-10
 eu  63  -0.786321 -1.296321  0.859135 -0.421097 1.71070E-11
 gd  64   0.111031 -0.938969  1.216487 -0.063746 1.39757E-10
 tb  65  -0.838369 -1.158369  0.997087 -0.283146 1.58700E-11
 dy  66   0.256734 -0.873266  1.282190  0.001958 2.01995E-10
 ho  67  -0.767414 -1.237414  0.918042 -0.362190 1.93927E-11
 er  68   0.091216 -0.828784  1.326672  0.046440 1.42023E-10
 tm  69  -0.862542 -0.982542  1.172914 -0.107319 1.59561E-11
 yb  70   0.438749 -0.481251  1.674205  0.393973 3.27076E-10
 lu  71  -0.517126 -0.607126  1.548330  0.268098 3.66086E-11
 hf  72   0.343465 -0.366535  1.788921  0.508689 2.70914E-10
 ta  73  -0.611498 -0.491498  1.663958  0.383726 3.04655E-11
  w  74   0.350070 -0.299930  1.855526  0.575294 2.83311E-10
 re  75  -0.580831 -0.840831  1.314626  0.034393 3.36448E-11
 os  76   0.339087 -1.010913  1.144544 -0.135689 2.85838E-10
 ir  77  -0.325994 -1.645994  0.509462 -0.770770 6.24526E-11
 pt  78   0.373403 -1.246597  0.908859 -0.371374 3.17223E-10
 au  79  -0.435720 -1.235720  0.919736 -0.360497 4.97080E-11
 hg  80   0.840158 -0.329842  1.825614  0.545381 9.55476E-10
 tl  81   0.615248 -0.154752  2.000704  0.720471 5.80024E-10
 pb  82   2.789783  0.749783  2.905239  1.625006 8.78871E-08
 bi  83   1.115658  0.465658  2.621114  1.340881 1.87722E-09
 po  84   1.928752 -9.000000  0.000000  0.000000 1.22082E-08
#[ls/Fe]_Bisterzo =   1.7234, [hs/Fe]_Bisterzo =   1.6816
#[hs/ls]_Bisterzo =  -0.0418, [Pb/hs]_Bisterzo =   1.2236
#[ls/Fe]_Thiswork =   1.7202, [hs/Fe]_Thiswork =   1.8353
#[hs/ls]_Thiswork =   0.1150, [Pb/hs]_Thiswork =   1.0700
# C/O = 1.9947E+01, c12/c13 = 1.79510E+04, n14/n15 = 7.85995E+02
# o16/o17 = 1.32094E+03, o16/o18 = 1.40247E+04
# mg24/mg25 = 1.8273E+00, mg24/mg26 = 1.5756E+00
#
#  TP   Mass     Mcore    Menv    log L
#  9 1.028470 0.629790 0.398680 4.009920
# El  Z   log e(X)   [X/H]    [X/Fe]     [X/O]      X(i)
  p   1  12.000000  0.000000  0.000000  0.000000 6.93767E-01
 he   2  11.034259  0.104259  2.259715  0.979482 2.98124E-01
 li   3   1.361533 -1.898467  0.256989 -1.023243 1.09827E-10
 be   4   0.000000 -1.300000  0.000000  0.000000 0.00000E+00
  b   5   0.000000 -2.790000  0.000000  0.000000 1.68625E-27
  c   6   9.154651  0.684650  2.840106  1.559874 1.18027E-02
  n   7   6.498149 -1.371850  0.783606 -0.496627 3.03562E-05
  o   8   7.854776 -0.875224  1.280232  0.000000 7.88173E-04
  f   9   5.303792  0.883791  3.039248  1.759015 2.63180E-06
 ne  10   7.909229 -0.060771  2.094685  0.814453 1.12695E-03
 na  11   5.952589 -0.287411  1.868045  0.587813 1.41867E-05
 mg  12   6.245838 -1.394162  0.761294 -0.518938 2.94636E-05
 al  13   4.436882 -2.013118  0.142338 -1.137894 5.07819E-07
 si  14   5.426066 -2.123934  0.031522 -1.248711 5.15595E-06
  p  15   3.684921 -1.725079  0.430377 -0.849855 1.03198E-07
  s  16   5.012738 -2.137262  0.018194 -1.262039 2.27259E-06
 cl  17   3.118863 -2.111137  0.044319 -1.235913 3.20826E-08
 ar  18   4.285998 -2.154002  0.001454 -1.278778 5.31186E-07
  k  19   2.948959 -2.131041  0.024415 -1.255817 2.39258E-08
 ca  20   4.133060 -2.156940 -0.001484 -1.281716 3.74730E-07
 sc  21   1.052582 -1.997418  0.158038 -1.122195 3.49239E-10
 ti  22   2.787807 -2.122193  0.033263 -1.246970 2.02114E-08
  v  23   1.807217 -2.152783  0.002673 -1.277560 2.24929E-09
 cr  24   3.468114 -2.171886 -0.016430 -1.296662 1.05157E-07
 mn  25   3.331908 -2.148092  0.007364 -1.272868 8.11958E-08
 fe  26   5.384544 -2.155456  0.000000 -1.280232 9.31711E-06
 co  27   2.921902 -1.948098  0.207358 -1.072875 3.38854E-08
 ni  28   4.080107 -2.119893  0.035563 -1.244669 4.85788E-07
 cu  29   2.484281 -1.765719  0.389737 -0.890496 1.33390E-08
 zn  30   2.766206 -1.863794  0.291662 -0.988571 2.62782E-08
 ga  31   1.754765 -1.325235  0.830221 -0.450012 2.72831E-09
 ge  32   2.258287 -1.321712  0.833744 -0.446489 9.06184E-09
 as  33   0.844619 -1.455381  0.700075 -0.580158 3.60563E-10
 se  34   2.233442 -1.106558  1.048898 -0.231334 9.30256E-09
 br  35   1.390450 -1.149550  1.005906 -0.274327 1.35136E-09
 kr  36   2.667099 -0.582901  1.572555  0.292323 2.67969E-08
 rb  37   1.940608 -0.579392  1.576064  0.295832 5.13055E-09
 sr  38   2.438455 -0.441545  1.713911  0.433678 1.65505E-08
  y  39   1.788365 -0.421635  1.733821  0.453589 3.75880E-09
 zr  40   2.087560 -0.442440  1.713016  0.432783 7.68108E-09
 nb  41   0.868047 -0.541953  1.613503  0.333270 4.71893E-10
 mo  42   1.179984 -0.760016  1.395440  0.115208 9.99393E-10
 tc  43   0.000000 -9.000000  0.000000  0.000000 0.00000E+00
 ru  44   0.856552 -0.903448  1.252008 -0.028224 4.99950E-10
 rh  45  -0.200941 -1.260941  0.894515 -0.385717 4.45915E-11
 pd  46   0.850701 -0.799299  1.356157  0.075925 5.19371E-10
 ag  47   0.057802 -1.142198  1.013258 -0.266974 8.48101E-11
 cd  48   1.021029 -0.688972  1.466485  0.186252 8.12063E-10
 in  49  -0.113564 -0.873564  1.281893  0.001660 6.08414E-11
 sn  50   1.441088 -0.628912  1.526544  0.246311 2.25594E-09
 sb  51  -0.093493 -1.103493  1.051963 -0.228270 6.75716E-11
 te  52   0.992657 -1.187343  0.968113 -0.312120 8.63496E-10
  i  53  -0.085878 -1.635878  0.519578 -0.760655 7.16721E-11
 xe  54   1.106578 -1.133422  1.022034 -0.258198 1.15497E-09
 cs  55  -0.112070 -1.192070  0.963386 -0.316846 7.06682E-11
 ba  56   1.835007 -0.344993  1.810463  0.530230 6.46421E-09
 la  57   0.819162 -0.350838  1.804618  0.524386 6.30429E-10
 ce  58   1.315256 -0.264744  1.890712  0.610480 1.99295E-09
 pr  59   0.289400 -0.470600  1.684856  0.404624 1.88838E-10
 nd  60   1.060104 -0.389896  1.765560  0.485328 1.14010E-09
 pm  61   0.000000 -9.000000  0.000000  0.000000 0.00000E+00
 sm  62   0.259314 -0.680686  1.474770  0.194537 1.88018E-10
 eu  63  -0.786321 -1.296321  0.859135 -0.421097 1.71070E-11
 gd  64   0.111031 -0.938969  1.216487 -0.063746 1.39757E-10
 tb  65  -0.838369 -1.158369  0.997087 -0.283146 1.58700E-11
 dy  66   0.256734 -0.873266  1.282190  0.001958 2.01995E-10
 ho  67  -0.767414 -1.237414  0.918042 -0.362190 1.93927E-11
 er  68   0.091216 -0.828784  1.326672  0.046440 1.42023E-10
 tm  69  -0.862542 -0.982542  1.172914 -0.107319 1.59561E-11
 yb  70   0.438749 -0.481251  1.674205  0.393973 3.27076E-10
 lu  71  -0.517126 -0.607126  1.548330  0.268098 3.66086E-11
 hf  72   0.343465 -0.366535  1.788921  0.508689 2.70914E-10
 ta  73  -0.611498 -0.491498  1.663958  0.383726 3.04655E-11
  w  74   0.350070 -0.299930  1.855526  0.575294 2.83311E-10
 re  75  -0.580831 -0.840831  1.314626  0.034393 3.36448E-11
 os  76   0.339087 -1.010913  1.144544 -0.135689 2.85838E-10
 ir  77  -0.325994 -1.645994  0.509462 -0.770770 6.24526E-11
 pt  78   0.373403 -1.246597  0.908859 -0.371374 3.17223E-10
 au  79  -0.435720 -1.235720  0.919736 -0.360497 4.97080E-11
 hg  80   0.840158 -0.329842  1.825614  0.545381 9.55476E-10
 tl  81   0.615248 -0.154752  2.000704  0.720471 5.80024E-10
 pb  82   2.789783  0.749783  2.905239  1.625006 8.78871E-08
 bi  83   1.115658  0.465658  2.621114  1.340881 1.87722E-09
 po  84   1.928752 -9.000000  0.000000  0.000000 1.22082E-08
#[ls/Fe]_Bisterzo =   1.7234, [hs/Fe]_Bisterzo =   1.6816
#[hs/ls]_Bisterzo =  -0.0418, [Pb/hs]_Bisterzo =   1.2236
#[ls/Fe]_Thiswork =   1.7202, [hs/Fe]_Thiswork =   1.8353
#[hs/ls]_Thiswork =   0.1150, [Pb/hs]_Thiswork =   1.0700
# C/O = 1.9947E+01, c12/c13 = 1.79510E+04, n14/n15 = 7.85995E+02
# o16/o17 = 1.32094E+03, o16/o18 = 1.40247E+04
# mg24/mg25 = 1.8273E+00, mg24/mg26 = 1.5756E+00
#
# Final abundances
# El  Z   log e(X)   [X/H]    [X/Fe]     [X/O]      X(i)
  p   1  12.000000  0.000000  0.000000  0.000000 6.93647E-01
 he   2  11.034505  0.104505  2.259886  0.979748 2.98242E-01
 li   3   1.374719 -1.885281  0.270100 -1.010038 1.13193E-10
 be   4   0.499935 -0.800065  1.355316  0.075178 1.96081E-11
  b   5   0.000000 -2.790000  0.000000  0.000000 1.93642E-27
  c   6   9.154550  0.684549  2.839931  1.559793 1.17980E-02
  n   7   6.573186 -1.296813  0.858568 -0.421570 3.60753E-05
  o   8   7.854756 -0.875243  1.280138  0.000000 7.88002E-04
  f   9   5.303718  0.883718  3.039099  1.758961 2.63090E-06
 ne  10   7.909243 -0.060757  2.094625  0.814487 1.12679E-03
 na  11   5.957890 -0.282110  1.873271  0.593133 1.43584E-05
 mg  12   6.245993 -1.394007  0.761374 -0.518764 2.94691E-05
 al  13   4.437917 -2.012083  0.143299 -1.136839 5.08944E-07
 si  14   5.426141 -2.123859  0.031522 -1.248616 5.15595E-06
  p  15   3.684996 -1.725004  0.430377 -0.849761 1.03198E-07
  s  16   5.012812 -2.137188  0.018193 -1.261945 2.27259E-06
 cl  17   3.118937 -2.111063  0.044319 -1.235819 3.20826E-08
 ar  18   4.286073 -2.153927  0.001454 -1.278684 5.31186E-07
  k  19   2.949034 -2.130966  0.024415 -1.255723 2.39258E-08
 ca  20   4.133134 -2.156866 -0.001484 -1.281622 3.74730E-07
 sc  21   1.052656 -1.997344  0.158037 -1.122101 3.49239E-10
 ti  22   2.787881 -2.122119  0.033262 -1.246876 2.02114E-08
  v  23   1.807290 -2.152710  0.002671 -1.277467 2.24929E-09
 cr  24   3.468188 -2.171812 -0.016430 -1.296568 1.05157E-07
 mn  25   3.331983 -2.148017  0.007364 -1.272774 8.11958E-08
 fe  26   5.384619 -2.155381  0.000000 -1.280138 9.31711E-06
 co  27   2.921976 -1.948024  0.207357 -1.072781 3.38854E-08
 ni  28   4.080182 -2.119818  0.035563 -1.244575 4.85788E-07
 cu  29   2.484355 -1.765645  0.389736 -0.890402 1.33390E-08
 zn  30   2.766280 -1.863720  0.291661 -0.988477 2.62782E-08
 ga  31   1.754838 -1.325162  0.830219 -0.449919 2.72831E-09
 ge  32   2.258362 -1.321638  0.833743 -0.446395 9.06184E-09
 as  33   0.844693 -1.455307  0.700074 -0.580064 3.60563E-10
 se  34   2.233517 -1.106483  1.048898 -0.231240 9.30256E-09
 br  35   1.390523 -1.149477  1.005904 -0.274234 1.35136E-09
 kr  36   2.667173 -0.582827  1.572555  0.292417 2.67969E-08
 rb  37   1.940681 -0.579319  1.576063  0.295925 5.13055E-09
 sr  38   2.438529 -0.441471  1.713910  0.433772 1.65505E-08
  y  39   1.788439 -0.421561  1.733820  0.453682 3.75880E-09
 zr  40   2.087634 -0.442366  1.713015  0.432877 7.68108E-09
 nb  41   0.868121 -0.541879  1.613502  0.333364 4.71893E-10
 mo  42   1.180058 -0.759942  1.395440  0.115302 9.99394E-10
 tc  43   0.000000 -9.000000  0.000000  0.000000 0.00000E+00
 ru  44   0.856627 -0.903373  1.252008 -0.028130 4.99951E-10
 rh  45  -0.200868 -1.260868  0.894514 -0.385624 4.45915E-11
 pd  46   0.850777 -0.799223  1.356158  0.076020 5.19371E-10
 ag  47   0.057876 -1.142124  1.013257 -0.266881 8.48101E-11
 cd  48   1.021103 -0.688897  1.466484  0.186346 8.12064E-10
 in  49  -0.113490 -0.873490  1.281891  0.001753 6.08414E-11
 sn  50   1.441161 -0.628839  1.526542  0.246404 2.25594E-09
 sb  51  -0.093420 -1.103420  1.051961 -0.228177 6.75716E-11
 te  52   0.992731 -1.187269  0.968112 -0.312026 8.63497E-10
  i  53  -0.085804 -1.635804  0.519577 -0.760561 7.16721E-11
 xe  54   1.106652 -1.133348  1.022033 -0.258105 1.15497E-09
 cs  55  -0.111997 -1.191997  0.963385 -0.316754 7.06682E-11
 ba  56   1.835081 -0.344919  1.810462  0.530324 6.46421E-09
 la  57   0.819237 -0.350763  1.804618  0.524480 6.30429E-10
 ce  58   1.315330 -0.264670  1.890711  0.610573 1.99295E-09
 pr  59   0.289474 -0.470526  1.684856  0.404718 1.88838E-10
 nd  60   1.060179 -0.389821  1.765560  0.485422 1.14010E-09
 pm  61   0.000000 -9.000000  0.000000  0.000000 0.00000E+00
 sm  62   0.259388 -0.680612  1.474769  0.194631 1.88018E-10
 eu  63  -0.786246 -1.296246  0.859135 -0.421003 1.71070E-11
 gd  64   0.111105 -0.938895  1.216486 -0.063652 1.39757E-10
 tb  65  -0.838295 -1.158295  0.997086 -0.283052 1.58700E-11
 dy  66   0.256808 -0.873192  1.282189  0.002051 2.01995E-10
 ho  67  -0.767339 -1.237339  0.918042 -0.362096 1.93927E-11
 er  68   0.091290 -0.828710  1.326672  0.046534 1.42023E-10
 tm  69  -0.862468 -0.982468  1.172913 -0.107225 1.59561E-11
 yb  70   0.438824 -0.481176  1.674205  0.394067 3.27076E-10
 lu  71  -0.517052 -0.607052  1.548329  0.268191 3.66086E-11
 hf  72   0.343538 -0.366462  1.788919  0.508781 2.70914E-10
 ta  73  -0.611423 -0.491423  1.663958  0.383820 3.04655E-11
  w  74   0.350144 -0.299856  1.855526  0.575388 2.83311E-10
 re  75  -0.580756 -0.840756  1.314625  0.034487 3.36448E-11
 os  76   0.339162 -1.010838  1.144543 -0.135595 2.85838E-10
 ir  77  -0.325920 -1.645920  0.509461 -0.770677 6.24526E-11
 pt  78   0.373477 -1.246523  0.908858 -0.371280 3.17223E-10
 au  79  -0.435646 -1.235646  0.919735 -0.360403 4.97080E-11
 hg  80   0.840232 -0.329768  1.825613  0.545475 9.55476E-10
 tl  81   0.615322 -0.154678  2.000703  0.720565 5.80024E-10
 pb  82   2.789857  0.749857  2.905238  1.625100 8.78871E-08
 bi  83   1.115732  0.465732  2.621113  1.340975 1.87722E-09
 po  84   1.928826 -9.000000  0.000000  0.000000 1.22082E-08
#[ls/Fe]_Bisterzo =   1.7234, [hs/Fe]_Bisterzo =   1.6816
#[hs/ls]_Bisterzo =  -0.0418, [Pb/hs]_Bisterzo =   1.2236
#[ls/Fe]_Thiswork =   1.7202, [hs/Fe]_Thiswork =   1.8353
#[hs/ls]_Thiswork =   0.1150, [Pb/hs]_Thiswork =   1.0700
# C/O = 1.9943E+01, c12/c13 = 1.46788E+04, n14/n15 = 9.32467E+02
# o16/o17 = 1.32082E+03, o16/o18 = 1.40278E+04
# mg24/mg25 = 1.8285E+00, mg24/mg26 = 1.5762E+00
