# Initial abundances
# El  Z   log e(X)   [X/H]    [X/Fe]     [X/O]      X(i)
  p   1  12.000000  0.000000  0.000000  0.000000 7.54992E-01
 he   2  10.922963 -0.007037  2.178469  2.178463 2.51091E-01
 li   3   1.040214 -2.219786 -0.034281 -0.034287 5.70319E-11
 be   4   0.000000 -1.300000  0.000000  0.000000 0.00000E+00
  b   5   0.000000 -2.790000  0.000000  0.000000 0.00000E+00
  c   6   6.284689 -2.185311  0.000195  0.000189 1.73281E-05
  n   7   5.684475 -2.185524 -0.000019 -0.000025 5.07344E-06
  o   8   6.544500 -2.185500  0.000006  0.000000 4.19831E-05
  f   9   2.234510 -2.185490  0.000016  0.000010 2.44175E-09
 ne  10   5.784503 -2.185497  0.000009  0.000002 9.20250E-06
 na  11   4.054493 -2.185506  0.000000 -0.000007 1.95216E-07
 mg  12   5.454495 -2.185505  0.000001 -0.000005 5.18409E-06
 al  13   4.264493 -2.185506  0.000000 -0.000007 3.71578E-07
 si  14   5.364496 -2.185504  0.000002 -0.000004 4.86932E-06
  p  15   3.224507 -2.185493  0.000013  0.000007 3.89033E-08
  s  16   4.974492 -2.175508  0.009998  0.009992 2.26467E-06
 cl  17   3.044502 -2.185498  0.000008  0.000002 2.94196E-08
 ar  18   4.254495 -2.185505  0.000001 -0.000005 5.37617E-07
  k  19   2.893927 -2.186073 -0.000567 -0.000574 2.29384E-08
 ca  20   4.104494 -2.185506  0.000000 -0.000006 3.81841E-07
 sc  21   0.864499 -2.185501  0.000005 -0.000001 2.46473E-10
 ti  22   2.724504 -2.185496  0.000010  0.000003 1.90118E-08
  v  23   1.773415 -2.186585 -0.001080 -0.001086 2.26451E-09
 cr  24   3.435211 -2.204789 -0.019283 -0.019289 1.06087E-07
 mn  25   3.294506 -2.185494  0.000012  0.000006 8.10702E-08
 fe  26   5.354494 -2.185506  0.000000 -0.000006 9.46152E-06
 co  27   2.684498 -2.185502  0.000004 -0.000002 2.13471E-08
 ni  28   4.014499 -2.185501  0.000005 -0.000001 4.54536E-07
 cu  29   2.064504 -2.185496  0.000010  0.000003 5.52172E-09
 zn  30   2.444505 -2.185495  0.000010  0.000004 1.36340E-08
 ga  31   0.894501 -2.185499  0.000007  0.000000 4.09599E-10
 ge  32   1.360128 -2.219872 -0.034366 -0.034372 1.24677E-09
 as  33   0.114492 -2.185508 -0.000002 -0.000008 7.30440E-11
 se  34   1.110576 -2.229424 -0.043918 -0.043925 7.62896E-10
 br  35   0.354499 -2.185501  0.000005 -0.000001 1.35379E-10
 kr  36   1.062928 -2.187072 -0.001566 -0.001572 7.25510E-10
 rb  37   0.334499 -2.185501  0.000005 -0.000001 1.38288E-10
 sr  38   0.692071 -2.187929 -0.002423 -0.002429 3.22966E-10
  y  39   0.024498 -2.185502  0.000004 -0.000002 7.04550E-11
 zr  40   0.344502 -2.185498  0.000008  0.000002 1.51041E-10
 nb  41  -0.775493 -2.185493  0.000013  0.000007 1.16690E-11
 mo  42  -0.366675 -2.306675 -0.121170 -0.121176 3.08892E-11
 tc  43   0.000000 -9.000000  0.000000  0.000000 0.00000E+00
 ru  44  -0.556439 -2.316439 -0.130934 -0.130940 2.10215E-11
 rh  45  -1.125499 -2.185499  0.000007  0.000001 5.77330E-12
 pd  46  -0.594683 -2.244683 -0.059177 -0.059183 2.02685E-11
 ag  47  -0.985498 -2.185498  0.000007  0.000001 8.35366E-12
 cd  48  -0.515215 -2.225215 -0.039709 -0.039715 2.57084E-11
 in  49  -1.444536 -2.204536 -0.019030 -0.019037 3.08998E-12
 sn  50  -0.177930 -2.247930 -0.062424 -0.062430 5.90256E-11
 sb  51  -1.418026 -2.428026 -0.242520 -0.242526 3.48307E-12
 te  52  -0.472878 -2.652878 -0.467372 -0.467378 3.21704E-11
  i  53  -0.635500 -2.185500  0.000006  0.000000 2.20018E-11
 xe  54   0.017418 -2.222582 -0.037076 -0.037082 1.02363E-10
 cs  55  -1.105499 -2.185499  0.000007  0.000000 7.80773E-12
 ba  56  -0.006402 -2.186402 -0.000896 -0.000902 1.01353E-10
 la  57  -1.015905 -2.185905 -0.000400 -0.000406 1.00299E-11
 ce  58  -0.607405 -2.187405 -0.001899 -0.001905 2.59159E-11
 pr  59  -1.425498 -2.185498  0.000008  0.000002 3.96205E-12
 nd  60  -0.760503 -2.210503 -0.024997 -0.025003 1.87527E-11
 pm  61   0.000000 -9.000000  0.000000  0.000000 0.00000E+00
 sm  62  -1.375217 -2.315217 -0.129712 -0.129718 4.74676E-12
 eu  63  -1.675514 -2.185514 -0.000008 -0.000015 2.40275E-12
 gd  64  -1.242631 -2.292631 -0.107125 -0.107131 6.73662E-12
 tb  65  -1.865514 -2.185514 -0.000008 -0.000014 1.62241E-12
 dy  66  -1.056156 -2.186156 -0.000650 -0.000657 1.06950E-11
 ho  67  -1.715497 -2.185497  0.000009  0.000003 2.37840E-12
 er  68  -1.273119 -2.193119 -0.007613 -0.007619 6.67963E-12
 tm  69  -2.065498 -2.185498  0.000008  0.000001 1.08818E-12
 yb  70  -1.326529 -2.246529 -0.061023 -0.061029 6.11083E-12
 lu  71  -2.095501 -2.185501  0.000005 -0.000001 1.05181E-12
 hf  72  -1.476206 -2.186206 -0.000700 -0.000706 4.46571E-12
 ta  73  -2.305553 -2.185554 -0.000048 -0.000054 6.70629E-13
  w  74  -1.536028 -2.186028 -0.000522 -0.000528 4.00770E-12
 re  75  -1.925500 -2.185500  0.000006  0.000000 1.65569E-12
 os  76  -0.835583 -2.185583 -0.000077 -0.000083 2.08055E-11
 ir  77  -0.865499 -2.185500  0.000006  0.000000 1.96234E-11
 pt  78  -0.597843 -2.217843 -0.032337 -0.032343 3.68847E-11
 au  79  -1.385500 -2.185500  0.000006  0.000000 6.07262E-12
 hg  80  -1.047105 -2.217105 -0.031599 -0.031605 1.34799E-11
 tl  81  -1.415503 -2.185503  0.000003 -0.000003 5.88064E-12
 pb  82  -0.145496 -2.185496  0.000010  0.000003 1.11013E-10
 bi  83  -1.535495 -2.185495  0.000011  0.000005 4.56134E-12
 po  84   0.000000 -9.000000  0.000000  0.000000 0.00000E+00
#[ls/Fe]_Bisterzo =   0.0000, [hs/Fe]_Bisterzo =  -0.0517
#[hs/ls]_Bisterzo =  -0.0517, [Pb/hs]_Bisterzo =   0.0517
#[ls/Fe]_Thiswork =  -0.0008, [hs/Fe]_Thiswork =  -0.0011
#[hs/ls]_Thiswork =  -0.0003, [Pb/hs]_Thiswork =   0.0011
# C/O = 5.4978E-01, c12/c13 = 8.94392E+01, n14/n15 = 4.47610E+02
# o16/o17 = 2.63226E+03, o16/o18 = 4.98812E+02
# mg24/mg25 = 7.8990E+00, mg24/mg26 = 7.1742E+00
#
# During TP-AGB
#  TP   Mass     Mcore    Menv    log L
#  1 1.425910 0.600240 0.825670 3.614190
# El  Z   log e(X)   [X/H]    [X/Fe]     [X/O]      X(i)
  p   1  12.000000  0.000000  0.000000  0.000000 7.27670E-01
 he   2  10.983628  0.053628  2.239134  2.239128 2.78283E-01
 li   3   0.513241 -2.746759 -0.561253 -0.561260 1.63357E-11
 be   4   0.000000 -1.300000  0.000000  0.000000 0.00000E+00
  b   5   0.000000 -2.790000  0.000000  0.000000 2.52137E-28
  c   6   6.029238 -2.440763 -0.255257 -0.255263 9.27450E-06
  n   7   6.193244 -1.676756  0.508749  0.508743 1.57784E-05
  o   8   6.544718 -2.185282  0.000224  0.000000 4.04841E-05
  f   9   2.211350 -2.208650 -0.023144 -0.023368 2.23117E-09
 ne  10   5.794800 -2.175200  0.010306  0.010082 9.08227E-06
 na  11   4.301318 -1.938682  0.246824  0.246600 3.32147E-07
 mg  12   5.470427 -2.169573  0.015933  0.015708 5.18318E-06
 al  13   4.281860 -2.168139  0.017366  0.017142 3.72742E-07
 si  14   5.380505 -2.169495  0.016011  0.015787 4.86933E-06
  p  15   3.241090 -2.168910  0.016596  0.016372 3.89547E-08
  s  16   4.990503 -2.159497  0.026009  0.025785 2.26469E-06
 cl  17   3.060513 -2.169487  0.016019  0.015795 2.94198E-08
 ar  18   4.270507 -2.169493  0.016013  0.015789 5.37620E-07
  k  19   2.909900 -2.170100  0.015406  0.015182 2.29365E-08
 ca  20   4.120508 -2.169492  0.016014  0.015790 3.81845E-07
 sc  21   0.880510 -2.169490  0.016016  0.015792 2.46474E-10
 ti  22   2.740515 -2.169485  0.016021  0.015797 1.90119E-08
  v  23   1.789427 -2.170573  0.014933  0.014709 2.26452E-09
 cr  24   3.451222 -2.188777 -0.003272 -0.003496 1.06088E-07
 mn  25   3.310517 -2.169483  0.016023  0.015799 8.10707E-08
 fe  26   5.370506 -2.169494  0.000000  0.015788 9.46158E-06
 co  27   2.700510 -2.169490  0.000004  0.015792 2.13472E-08
 ni  28   4.030511 -2.169489  0.000005  0.015793 4.54539E-07
 cu  29   2.080516 -2.169484  0.000010  0.015798 5.52176E-09
 zn  30   2.460517 -2.169483  0.000011  0.015799 1.36341E-08
 ga  31   0.910513 -2.169487  0.000007  0.015795 4.09602E-10
 ge  32   1.376141 -2.203859 -0.034365 -0.018578 1.24678E-09
 as  33   0.130505 -2.169495 -0.000001  0.015786 7.30444E-11
 se  34   1.126587 -2.213413 -0.043919 -0.028131 7.62901E-10
 br  35   0.370511 -2.169489  0.000005  0.015793 1.35380E-10
 kr  36   1.078939 -2.171061 -0.001566  0.014221 7.25515E-10
 rb  37   0.347624 -2.172376 -0.002882  0.012906 1.37373E-10
 sr  38   0.709344 -2.170656 -0.001162  0.014626 3.23907E-10
  y  39   0.040510 -2.169490  0.000004  0.015792 7.04555E-11
 zr  40   0.360515 -2.169485  0.000009  0.015796 1.51042E-10
 nb  41  -0.759481 -2.169481  0.000013  0.015800 1.16691E-11
 mo  42  -0.350663 -2.290663 -0.121169 -0.105381 3.08894E-11
 tc  43   0.000000 -9.000000  0.000000  0.000000 0.00000E+00
 ru  44  -0.540428 -2.300428 -0.130934 -0.115146 2.10217E-11
 rh  45  -1.109488 -2.169487  0.000007  0.015794 5.77334E-12
 pd  46  -0.578671 -2.228672 -0.059177 -0.043390 2.02687E-11
 ag  47  -0.969487 -2.169487  0.000007  0.015795 8.35371E-12
 cd  48  -0.499204 -2.209204 -0.039710 -0.023922 2.57086E-11
 in  49  -1.428525 -2.188525 -0.019031 -0.003243 3.09000E-12
 sn  50  -0.161918 -2.231918 -0.062423 -0.046636 5.90260E-11
 sb  51  -1.402014 -2.412014 -0.242520 -0.226732 3.48309E-12
 te  52  -0.456865 -2.636865 -0.467371 -0.451584 3.21706E-11
  i  53  -0.619489 -2.169489  0.000005  0.015793 2.20019E-11
 xe  54   0.033430 -2.206570 -0.037076 -0.021288 1.02363E-10
 cs  55  -1.089487 -2.169487  0.000007  0.015795 7.80778E-12
 ba  56   0.009610 -2.170390 -0.000896  0.014892 1.01354E-10
 la  57  -0.999893 -2.169893 -0.000399  0.015388 1.00300E-11
 ce  58  -0.591393 -2.171392 -0.001898  0.013889 2.59160E-11
 pr  59  -1.409487 -2.169487  0.000007  0.015795 3.96208E-12
 nd  60  -0.744492 -2.194492 -0.024997 -0.009210 1.87529E-11
 pm  61   0.000000 -9.000000  0.000000  0.000000 0.00000E+00
 sm  62  -1.359205 -2.299205 -0.129711 -0.113924 4.74680E-12
 eu  63  -1.659502 -2.169502 -0.000008  0.015780 2.40277E-12
 gd  64  -1.226620 -2.276620 -0.107126 -0.091338 6.73666E-12
 tb  65  -1.849502 -2.169502 -0.000007  0.015780 1.62242E-12
 dy  66  -1.040145 -2.170145 -0.000651  0.015137 1.06950E-11
 ho  67  -1.699486 -2.169486  0.000008  0.015796 2.37842E-12
 er  68  -1.257108 -2.177108 -0.007614  0.008174 6.67968E-12
 tm  69  -2.049486 -2.169486  0.000008  0.015796 1.08819E-12
 yb  70  -1.310517 -2.230517 -0.061023 -0.045236 6.11087E-12
 lu  71  -2.079856 -2.169856 -0.000362  0.015426 1.05093E-12
 hf  72  -1.460105 -2.170105 -0.000611  0.015177 4.46665E-12
 ta  73  -2.289542 -2.169542 -0.000048  0.015739 6.70634E-13
  w  74  -1.520016 -2.170016 -0.000522  0.015266 4.00773E-12
 re  75  -1.917197 -2.177197 -0.007703  0.008085 1.62657E-12
 os  76  -0.818950 -2.168950  0.000545  0.016332 2.08354E-11
 ir  77  -0.849487 -2.169487  0.000007  0.015794 1.96236E-11
 pt  78  -0.581832 -2.201832 -0.032338 -0.016550 3.68850E-11
 au  79  -1.369488 -2.169488  0.000006  0.015794 6.07266E-12
 hg  80  -1.031093 -2.201093 -0.031599 -0.015811 1.34800E-11
 tl  81  -1.399490 -2.169490  0.000004  0.015791 5.88068E-12
 pb  82  -0.129485 -2.169485  0.000009  0.015797 1.11014E-10
 bi  83  -1.519484 -2.169484  0.000010  0.015798 4.56137E-12
 po  84   0.000000 -9.000000  0.000000  0.000000 1.03029E-25
#[ls/Fe]_Bisterzo =   0.0000, [hs/Fe]_Bisterzo =  -0.0517
#[hs/ls]_Bisterzo =  -0.0517, [Pb/hs]_Bisterzo =   0.0517
#[ls/Fe]_Thiswork =  -0.0004, [hs/Fe]_Thiswork =  -0.0011
#[hs/ls]_Thiswork =  -0.0007, [Pb/hs]_Thiswork =   0.0011
# C/O = 3.0515E-01, c12/c13 = 2.04426E+01, n14/n15 = 3.51627E+03
# o16/o17 = 1.01260E+02, o16/o18 = 7.75257E+02
# mg24/mg25 = 8.0657E+00, mg24/mg26 = 7.0560E+00
#
#  TP   Mass     Mcore    Menv    log L
#  2 1.425900 0.605630 0.820270 3.762620
# El  Z   log e(X)   [X/H]    [X/Fe]     [X/O]      X(i)
  p   1  12.000000  0.000000  0.000000  0.000000 7.26168E-01
 he   2  10.986237  0.056236  2.225730  2.241518 2.79382E-01
 li   3   0.898582 -2.361418 -0.191924 -0.176137 3.95895E-11
 be   4   0.000000 -1.300000  0.000000  0.000000 0.00000E+00
  b   5   0.000000 -2.790000  0.000000  0.000000 8.66594E-28
  c   6   7.650706 -0.819294  1.350200  1.365988 3.87134E-04
  n   7   6.192383 -1.677617  0.491877  0.507665 1.57146E-05
  o   8   6.670154 -2.059846  0.109648  0.000000 5.39291E-05
  f   9   2.378374 -2.041626  0.127868  0.018220 3.27083E-09
 ne  10   5.812671 -2.157329  0.012166 -0.097483 9.44428E-06
 na  11   4.304983 -1.935017  0.234478  0.124829 3.34271E-07
 mg  12   5.470776 -2.169224  0.000270 -0.109378 5.17664E-06
 al  13   4.289954 -2.160046  0.009448 -0.100200 3.78970E-07
 si  14   5.383170 -2.166831  0.002664 -0.106985 4.88918E-06
  p  15   3.245953 -2.164047  0.005447 -0.104201 3.93121E-08
  s  16   4.991294 -2.158706  0.010788 -0.098860 2.26413E-06
 cl  17   3.063429 -2.166571  0.002923 -0.106725 2.95569E-08
 ar  18   4.271206 -2.168794  0.000700 -0.108948 5.37375E-07
  k  19   2.911750 -2.168250  0.001244 -0.108404 2.29869E-08
 ca  20   4.121010 -2.168990  0.000504 -0.109144 3.81498E-07
 sc  21   0.887821 -2.162179  0.007315 -0.102333 2.50141E-10
 ti  22   2.741478 -2.168522  0.000972 -0.108676 1.90148E-08
  v  23   1.789777 -2.170223 -0.000729 -0.110377 2.26167E-09
 cr  24   3.451987 -2.188013 -0.018518 -0.128167 1.06056E-07
 mn  25   3.310810 -2.169190  0.000304 -0.109344 8.09579E-08
 fe  26   5.371194 -2.168806  0.000000 -0.108960 9.45705E-06
 co  27   2.733207 -2.136793  0.032012 -0.076947 2.29690E-08
 ni  28   4.034226 -2.165774  0.003032 -0.105928 4.57498E-07
 cu  29   2.105621 -2.144379  0.024427 -0.084533 5.83830E-09
 zn  30   2.462718 -2.167282  0.001523 -0.107436 1.36751E-08
 ga  31   0.917844 -2.162156  0.006649 -0.102310 4.15716E-10
 ge  32   1.381873 -2.198127 -0.029321 -0.138281 1.26074E-09
 as  33   0.133302 -2.166698  0.002107 -0.106852 7.33648E-11
 se  34   1.132047 -2.207953 -0.039148 -0.148107 7.70957E-10
 br  35   0.374570 -2.165430  0.003376 -0.105584 1.36369E-10
 kr  36   1.083020 -2.166980  0.001826 -0.107134 7.30854E-10
 rb  37   0.352153 -2.167847  0.000958 -0.108001 1.38527E-10
 sr  38   0.712114 -2.167886  0.000920 -0.108040 3.25308E-10
  y  39   0.042542 -2.167459  0.001347 -0.107613 7.06397E-11
 zr  40   0.362300 -2.167700  0.001106 -0.107854 1.51351E-10
 nb  41  -0.758033 -2.168033  0.000773 -0.108187 1.16839E-11
 mo  42  -0.349450 -2.289450 -0.120645 -0.229604 3.09119E-11
 tc  43   0.000000 -9.000000  0.000000  0.000000 0.00000E+00
 ru  44  -0.539694 -2.299694 -0.130888 -0.239848 2.10138E-11
 rh  45  -1.109241 -2.169240 -0.000435 -0.109395 5.76470E-12
 pd  46  -0.578161 -2.228161 -0.059356 -0.168315 2.02506E-11
 ag  47  -0.969251 -2.169251 -0.000445 -0.109405 8.34100E-12
 cd  48  -0.498673 -2.208673 -0.039868 -0.148828 2.56869E-11
 in  49  -1.428148 -2.188148 -0.019343 -0.128302 3.08630E-12
 sn  50  -0.160844 -2.230844 -0.062038 -0.170998 5.90501E-11
 sb  51  -1.401283 -2.411283 -0.242478 -0.351437 3.48175E-12
 te  52  -0.455800 -2.635800 -0.466995 -0.575954 3.21831E-11
  i  53  -0.619305 -2.169305 -0.000499 -0.109459 2.19658E-11
 xe  54   0.034096 -2.205904 -0.037099 -0.146058 1.02309E-10
 cs  55  -1.089082 -2.169082 -0.000276 -0.109236 7.79894E-12
 ba  56   0.011840 -2.168160  0.000645 -0.108314 1.01665E-10
 la  57  -0.998432 -2.168432  0.000373 -0.108586 1.00430E-11
 ce  58  -0.590036 -2.170036 -0.001231 -0.110190 2.59434E-11
 pr  59  -1.408718 -2.168718  0.000087 -0.108872 3.96090E-12
 nd  60  -0.743667 -2.193667 -0.024861 -0.133821 1.87498E-11
 pm  61   0.000000 -9.000000  0.000000  0.000000 0.00000E+00
 sm  62  -1.358611 -2.298611 -0.129806 -0.238765 4.74349E-12
 eu  63  -1.659330 -2.169330 -0.000525 -0.109484 2.39876E-12
 gd  64  -1.226276 -2.276276 -0.107471 -0.216430 6.72808E-12
 tb  65  -1.849295 -2.169295 -0.000489 -0.109449 1.61985E-12
 dy  66  -1.039809 -2.169809 -0.001004 -0.109963 1.06812E-11
 ho  67  -1.699295 -2.169295 -0.000489 -0.109449 2.37455E-12
 er  68  -1.256760 -2.176760 -0.007954 -0.116914 6.67124E-12
 tm  69  -2.049210 -2.169209 -0.000404 -0.109364 1.08663E-12
 yb  70  -1.309763 -2.229763 -0.060957 -0.169917 6.10886E-12
 lu  71  -2.079299 -2.169299 -0.000493 -0.109453 1.05011E-12
 hf  72  -1.459103 -2.169103 -0.000297 -0.109257 4.46774E-12
 ta  73  -2.288768 -2.168768  0.000038 -0.108922 6.70443E-13
  w  74  -1.518863 -2.168863 -0.000057 -0.109017 4.01009E-12
 re  75  -1.916806 -2.176806 -0.008001 -0.116960 1.62467E-12
 os  76  -0.818668 -2.168668  0.000137 -0.108822 2.08059E-11
 ir  77  -0.849357 -2.169357 -0.000551 -0.109511 1.95890E-11
 pt  78  -0.581592 -2.201591 -0.032786 -0.141746 3.68293E-11
 au  79  -1.369238 -2.169238 -0.000432 -0.109392 6.06363E-12
 hg  80  -1.029113 -2.199113 -0.030307 -0.139267 1.35137E-11
 tl  81  -1.395610 -2.165610  0.003196 -0.105764 5.92122E-12
 pb  82  -0.127728 -2.167728  0.001077 -0.107882 1.11234E-10
 bi  83  -1.518486 -2.168486  0.000319 -0.108640 4.56242E-12
 po  84  -4.712738 -9.000000  0.000000  0.000000 2.91733E-15
#[ls/Fe]_Bisterzo =   0.0012, [hs/Fe]_Bisterzo =  -0.0514
#[hs/ls]_Bisterzo =  -0.0527, [Pb/hs]_Bisterzo =   0.0525
#[ls/Fe]_Thiswork =   0.0011, [hs/Fe]_Thiswork =  -0.0001
#[hs/ls]_Thiswork =  -0.0012, [Pb/hs]_Thiswork =   0.0011
# C/O = 9.5621E+00, c12/c13 = 8.97438E+02, n14/n15 = 2.97030E+03
# o16/o17 = 1.29696E+02, o16/o18 = 1.03169E+03
# mg24/mg25 = 8.0601E+00, mg24/mg26 = 7.0527E+00
#
#  TP   Mass     Mcore    Menv    log L
#  3 1.425890 0.610420 0.815470 3.851240
# El  Z   log e(X)   [X/H]    [X/Fe]     [X/O]      X(i)
  p   1  12.000000  0.000000  0.000000  0.000000 7.22806E-01
 he   2  10.991482  0.061481  2.230287  2.121327 2.81468E-01
 li   3   1.057307 -2.202693 -0.033887 -0.142847 5.67925E-11
 be   4   0.000000 -1.300000  0.000000  0.000000 0.00000E+00
  b   5   0.000000 -2.790000  0.000000  0.000000 1.16430E-27
  c   6   8.251221 -0.218780  1.950026  1.841066 1.53589E-03
  n   7   6.250280 -1.619720  0.549086  0.440126 1.78726E-05
  o   8   6.998919 -1.731081  0.437725  0.000000 1.14439E-04
  f   9   3.899594 -0.520406  1.648400  1.210675 1.08109E-07
 ne  10   6.507311 -1.462689  0.706117  0.268392 4.65364E-05
 na  11   4.462212 -1.777788  0.391017 -0.046708 4.77873E-07
 mg  12   5.480164 -2.159836  0.008969 -0.428756 5.26527E-06
 al  13   4.301239 -2.148760  0.020045 -0.417680 3.87146E-07
 si  14   5.387489 -2.162511  0.006295 -0.431430 4.91519E-06
  p  15   3.321908 -2.088092  0.080714 -0.357011 4.66086E-08
  s  16   4.993121 -2.156879  0.011927 -0.425798 2.26315E-06
 cl  17   3.069232 -2.160768  0.008038 -0.429688 2.98158E-08
 ar  18   4.272567 -2.167433  0.001372 -0.436353 5.36566E-07
  k  19   2.916676 -2.163324  0.005481 -0.432244 2.31415E-08
 ca  20   4.121777 -2.168223  0.000582 -0.437143 3.80403E-07
 sc  21   0.916850 -2.133150  0.035656 -0.402069 2.66194E-10
 ti  22   2.746915 -2.163085  0.005721 -0.432004 1.91652E-08
  v  23   1.791625 -2.168375  0.000431 -0.437294 2.26080E-09
 cr  24   3.453106 -2.186894 -0.018088 -0.455813 1.05837E-07
 mn  25   3.311423 -2.168577  0.000229 -0.437496 8.06970E-08
 fe  26   5.371937 -2.168063  0.000000 -0.436982 9.42937E-06
 co  27   2.757301 -2.112699  0.055364 -0.381618 2.41669E-08
 ni  28   4.044241 -2.155758  0.012304 -0.424678 4.66004E-07
 cu  29   2.253275 -1.996725  0.171338 -0.265645 8.16440E-09
 zn  30   2.570824 -2.059176  0.108886 -0.328096 1.74591E-08
 ga  31   1.351950 -1.728050  0.440012  0.003030 1.12431E-09
 ge  32   1.834803 -1.745197  0.422865 -0.014117 3.56073E-09
 as  33   0.466234 -1.833766  0.334297 -0.102685 1.57183E-10
 se  34   1.761410 -1.578590  0.589473  0.152490 3.26872E-09
 br  35   0.932932 -1.607068  0.560995  0.124012 4.90977E-10
 kr  36   2.054875 -1.195125  0.972938  0.535956 6.81821E-09
 rb  37   1.349573 -1.170427  0.997636  0.560654 1.37069E-09
 sr  38   1.653295 -1.226706  0.941357  0.504375 2.82787E-09
  y  39   0.945074 -1.264926  0.903137  0.466155 5.61781E-10
 zr  40   1.200104 -1.329896  0.838166  0.401184 1.03699E-09
 nb  41  -0.019820 -1.429820  0.738243  0.301260 6.36480E-11
 mo  42   0.312646 -1.627354  0.540709  0.103726 1.41321E-10
 tc  43   0.000000 -9.000000  0.000000  0.000000 0.00000E+00
 ru  44  -0.004864 -1.764864  0.403199 -0.033783 7.16670E-11
 rh  45  -0.892009 -1.952009  0.216054 -0.220928 9.46222E-12
 pd  46  -0.086933 -1.736933  0.431130 -0.005853 6.24671E-11
 ag  47  -0.722575 -1.922575  0.245487 -0.191495 1.46514E-11
 cd  48   0.044572 -1.665428  0.502635  0.065652 8.93186E-11
 in  49  -1.022922 -1.782922  0.385141 -0.051841 7.80997E-12
 sn  50   0.404359 -1.665641  0.502422  0.065439 2.15977E-10
 sb  51  -1.059046 -2.069046  0.099017 -0.337965 7.62114E-12
 te  52  -0.050153 -2.230153 -0.062090 -0.499072 8.15190E-11
  i  53  -0.565841 -2.115841  0.052222 -0.384760 2.47284E-11
 xe  54   0.231354 -2.008646  0.159416 -0.277566 1.60382E-10
 cs  55  -0.942538 -2.022538  0.145525 -0.291458 1.08784E-11
 ba  56   0.546975 -1.633025  0.535038  0.098056 3.46970E-10
 la  57  -0.531099 -1.701099  0.466963  0.029981 2.93213E-11
 ce  58  -0.095748 -1.675748  0.492315  0.055333 8.05937E-11
 pr  59  -1.066915 -1.826915  0.341148 -0.095834 8.66129E-12
 nd  60  -0.336481 -1.786481  0.381582 -0.055401 4.76613E-11
 pm  61   0.000000 -9.000000  0.000000  0.000000 0.00000E+00
 sm  62  -1.041388 -1.981388  0.186675 -0.250307 9.80180E-12
 eu  63  -1.593581 -2.103581  0.064481 -0.372501 2.77793E-12
 gd  64  -1.044369 -2.094369  0.073694 -0.363288 1.01808E-11
 tb  65  -1.757648 -2.077648  0.090414 -0.346568 1.99116E-12
 dy  66  -0.864001 -1.994001  0.174061 -0.262921 1.59373E-11
 ho  67  -1.619677 -2.089677  0.078386 -0.358596 2.83913E-12
 er  68  -1.071872 -1.991872  0.176191 -0.260791 1.01643E-11
 tm  69  -1.909218 -2.029218  0.138845 -0.298137 1.49300E-12
 yb  70  -0.936771 -1.856771  0.311291 -0.125691 1.43528E-11
 lu  71  -1.796509 -1.886509  0.281554 -0.155428 2.00451E-12
 hf  72  -1.030092 -1.740092  0.427970 -0.009012 1.19421E-11
 ta  73  -1.939926 -1.819926  0.348137 -0.088846 1.49001E-12
  w  74  -1.071493 -1.721493  0.446570  0.009587 1.11817E-11
 re  75  -1.748979 -2.008979  0.159084 -0.277898 2.38001E-12
 os  76  -0.702900 -2.052900  0.115163 -0.321819 2.70359E-11
 ir  77  -0.826050 -2.146050  0.022013 -0.414969 2.05733E-11
 pt  78  -0.501438 -2.121438  0.046625 -0.390357 4.40891E-11
 au  79  -1.289902 -2.089902  0.078161 -0.358821 7.24524E-12
 hg  80  -0.565868 -1.735868  0.432194 -0.004788 3.90842E-11
 tl  81  -0.815628 -1.585628  0.582435  0.145452 2.24067E-11
 pb  82   1.535931 -0.504069  1.663993  1.227011 5.10366E-09
 bi  83   0.060915 -0.589085  1.578978  1.141996 1.72417E-10
 po  84   0.968322 -9.000000  0.000000  0.000000 1.39325E-09
#[ls/Fe]_Bisterzo =   0.8707, [hs/Fe]_Bisterzo =   0.3451
#[hs/ls]_Bisterzo =  -0.5256, [Pb/hs]_Bisterzo =   1.3189
#[ls/Fe]_Thiswork =   0.8942, [hs/Fe]_Thiswork =   0.4981
#[hs/ls]_Thiswork =  -0.3961, [Pb/hs]_Thiswork =   1.1659
# C/O = 1.7877E+01, c12/c13 = 3.51764E+03, n14/n15 = 9.66113E+02
# o16/o17 = 2.33621E+02, o16/o18 = 2.07772E+03
# mg24/mg25 = 7.5369E+00, mg24/mg26 = 6.6026E+00
#
#  TP   Mass     Mcore    Menv    log L
#  4 1.425850 0.614690 0.811160 3.907810
# El  Z   log e(X)   [X/H]    [X/Fe]     [X/O]      X(i)
  p   1  12.000000  0.000000  0.000000  0.000000 7.18094E-01
 he   2  10.998379  0.068378  2.236441  1.799459 2.84109E-01
 li   3   1.151107 -2.108893  0.059170 -0.377813 7.00243E-11
 be   4   0.000000 -1.300000  0.000000  0.000000 0.00000E+00
  b   5   0.000000 -2.790000  0.000000  0.000000 1.30565E-27
  c   6   8.591934  0.121934  2.289997  1.853014 3.34375E-03
  n   7   6.295985 -1.574015  0.594048  0.157066 1.97265E-05
  o   8   7.296550 -1.433450  0.734613  0.000000 2.25612E-04
  f   9   4.405267 -0.014733  2.153330  1.418717 3.44109E-07
 ne  10   7.021847 -0.948153  1.219910  0.485297 1.51178E-04
 na  11   4.833123 -1.406877  0.761186  0.026573 1.11528E-06
 mg  12   5.562572 -2.077428  0.090635 -0.643978 6.32395E-06
 al  13   4.315845 -2.134155  0.033908 -0.700705 3.97777E-07
 si  14   5.393454 -2.156546  0.011517 -0.723096 4.95068E-06
  p  15   3.411342 -1.998658  0.169405 -0.565208 5.68930E-08
  s  16   4.996037 -2.153963  0.014100 -0.720513 2.26354E-06
 cl  17   3.077668 -2.152332  0.015731 -0.718882 3.02024E-08
 ar  18   4.274535 -2.165465  0.002598 -0.732015 5.35489E-07
  k  19   2.923035 -2.156965  0.011097 -0.723516 2.33298E-08
 ca  20   4.123165 -2.166835  0.001227 -0.733386 3.79133E-07
 sc  21   0.947335 -2.102665  0.065398 -0.669215 2.83690E-10
 ti  22   2.754141 -2.155859  0.012204 -0.722409 1.93597E-08
  v  23   1.794161 -2.165839  0.002223 -0.732389 2.25922E-09
 cr  24   3.455055 -2.184945 -0.016882 -0.751495 1.05620E-07
 mn  25   3.313388 -2.166612  0.001451 -0.733162 8.05344E-08
 fe  26   5.373408 -2.166592  0.000000 -0.733142 9.39967E-06
 co  27   2.789440 -2.080560  0.086032 -0.647110 2.58535E-08
 ni  28   4.054101 -2.145898  0.020694 -0.712449 4.73596E-07
 cu  29   2.348734 -1.901266  0.265326 -0.467816 1.01051E-08
 zn  30   2.654099 -1.975901  0.190691 -0.542451 2.10115E-08
 ga  31   1.548717 -1.531282  0.635310 -0.097833 1.75717E-09
 ge  32   2.042305 -1.537695  0.628897 -0.104245 5.70429E-09
 as  33   0.644888 -1.655112  0.511480 -0.221662 2.35623E-10
 se  34   1.990737 -1.349263  0.817329  0.084187 5.50635E-09
 br  35   1.151941 -1.388059  0.778533  0.045391 8.07663E-10
 kr  36   2.327133 -0.922867  1.243725  0.510583 1.26791E-08
 rb  37   1.612476 -0.907524  1.259068  0.525926 2.49460E-09
 sr  38   2.001617 -0.878383  1.288209  0.555067 6.26529E-09
  y  39   1.293394 -0.916606  1.249986  0.516844 1.24464E-09
 zr  40   1.535345 -0.994655  1.171937  0.438795 2.22933E-09
 nb  41   0.303689 -1.106311  1.060281  0.327139 1.33184E-10
 mo  42   0.612903 -1.327097  0.839495  0.106352 2.80300E-10
 tc  43   0.000000 -9.000000  0.000000  0.000000 0.00000E+00
 ru  44   0.284596 -1.475404  0.691189 -0.041954 1.38656E-10
 rh  45  -0.689329 -1.749329  0.417263 -0.315879 1.49911E-11
 pd  46   0.258162 -1.391838  0.774754  0.041611 1.37374E-10
 ag  47  -0.464275 -1.664275  0.502317 -0.230826 2.63838E-11
 cd  48   0.407006 -1.302994  0.863598  0.130456 2.04426E-10
 in  49  -0.714500 -1.474500  0.692092 -0.041051 1.57845E-11
 sn  50   0.757664 -1.312336  0.854256  0.121114 4.84030E-10
 sb  51  -0.756783 -1.766783  0.399809 -0.333334 1.51859E-11
 te  52   0.289428 -1.890572  0.276020 -0.457123 1.77011E-10
  i  53  -0.474693 -2.024693  0.141899 -0.591244 3.03042E-11
 xe  54   0.467962 -1.772038  0.394554 -0.338588 2.74742E-10
 cs  55  -0.733941 -1.813941  0.352651 -0.380491 1.74711E-11
 ba  56   1.004616 -1.175384  0.991208  0.258065 9.88764E-10
 la  57  -0.035618 -1.205618  0.960974  0.227832 9.11640E-11
 ce  58   0.438279 -1.141721  1.024871  0.291729 2.73834E-10
 pr  59  -0.576519 -1.336519  0.830073  0.096931 2.66157E-11
 nd  60   0.186909 -1.263091  0.903501  0.170358 1.58021E-10
 pm  61   0.000000 -9.000000  0.000000  0.000000 0.00000E+00
 sm  62  -0.577753 -1.517753  0.648839 -0.084303 2.83204E-11
 eu  63  -1.408082 -1.918082  0.248510 -0.484632 4.23038E-12
 gd  64  -0.678665 -1.728665  0.437927 -0.295215 2.34772E-11
 tb  65  -1.519292 -1.839292  0.327300 -0.405842 3.42469E-12
 dy  66  -0.514776 -1.644776  0.521816 -0.211326 3.53832E-11
 ho  67  -1.411670 -1.881670  0.284922 -0.448220 4.55356E-12
 er  68  -0.707101 -1.627101  0.539491 -0.193651 2.33889E-11
 tm  69  -1.608385 -1.728385  0.438207 -0.294935 2.96519E-12
 yb  70  -0.421504 -1.341504  0.825088  0.091946 4.67050E-11
 lu  71  -1.337670 -1.427670  0.738922  0.005779 5.72805E-12
 hf  72  -0.506713 -1.216713  0.949879  0.216737 3.95932E-11
 ta  73  -1.459067 -1.339067  0.827525  0.094382 4.47927E-12
  w  74  -0.535139 -1.185139  0.981453  0.248311 3.81963E-11
 re  75  -1.395017 -1.655017  0.511575 -0.221567 5.34195E-12
 os  76  -0.404294 -1.754294  0.412298 -0.320844 5.34202E-11
 ir  77  -0.738279 -2.058280  0.108313 -0.624830 2.50169E-11
 pt  78  -0.268389 -1.888389  0.278203 -0.454939 7.49100E-11
 au  79  -1.068633 -1.868633  0.297959 -0.435183 1.19807E-11
 hg  80  -0.024926 -1.194926  0.971666  0.238524 1.34928E-10
 tl  81  -0.241121 -1.011121  1.155471  0.422328 8.35688E-11
 pb  82   2.071118  0.031118  2.197711  1.464568 1.73872E-08
 bi  83   0.499925 -0.150075  2.016517  1.283374 4.70706E-10
 po  84   1.406506 -9.000000  0.000000  0.000000 3.79640E-09
#[ls/Fe]_Bisterzo =   1.2110, [hs/Fe]_Bisterzo =   0.8378
#[hs/ls]_Bisterzo =  -0.3732, [Pb/hs]_Bisterzo =   1.3599
#[ls/Fe]_Thiswork =   1.2367, [hs/Fe]_Thiswork =   0.9924
#[hs/ls]_Thiswork =  -0.2444, [Pb/hs]_Thiswork =   1.2054
# C/O = 1.9742E+01, c12/c13 = 7.34289E+03, n14/n15 = 8.14086E+02
# o16/o17 = 4.33360E+02, o16/o18 = 4.00528E+03
# mg24/mg25 = 5.5153E+00, mg24/mg26 = 4.6948E+00
#
#  TP   Mass     Mcore    Menv    log L
#  5 1.425640 0.618710 0.806930 3.946280
# El  Z   log e(X)   [X/H]    [X/Fe]     [X/O]      X(i)
  p   1  12.000000  0.000000  0.000000  0.000000 7.12448E-01
 he   2  11.006567  0.076567  2.243159  1.510016 2.87240E-01
 li   3   1.220922 -2.039078  0.127515 -0.605628 8.15899E-11
 be   4   0.000000 -1.300000  0.000000  0.000000 0.00000E+00
  b   5   0.000000 -2.790000  0.000000  0.000000 1.39599E-27
  c   6   8.809931  0.339931  2.506523  1.773380 5.48028E-03
  n   7   6.343403 -1.526597  0.639996 -0.093147 2.18293E-05
  o   8   7.513846 -1.216153  0.950439  0.000000 3.69174E-04
  f   9   4.720578  0.300578  2.467170  1.516731 7.05632E-07
 ne  10   7.353979 -0.616021  1.550571  0.600132 3.22250E-04
 na  11   5.182127 -1.057873  1.108719  0.158280 2.47148E-06
 mg  12   5.727382 -1.912618  0.253974 -0.696465 9.17001E-06
 al  13   4.335236 -2.114764  0.051828 -0.898611 4.12669E-07
 si  14   5.400678 -2.149322  0.017270 -0.933169 4.99414E-06
  p  15   3.493342 -1.916657  0.249935 -0.700504 6.81762E-08
  s  16   4.999781 -2.150219  0.016373 -0.934066 2.26519E-06
 cl  17   3.087633 -2.142367  0.024225 -0.926214 3.06605E-08
 ar  18   4.277050 -2.162950  0.003643 -0.946796 5.34365E-07
  k  19   2.929691 -2.150309  0.016284 -0.934155 2.35038E-08
 ca  20   4.125184 -2.164816  0.001776 -0.948663 3.77905E-07
 sc  21   0.975684 -2.074316  0.092276 -0.858163 3.00444E-10
 ti  22   2.761957 -2.148043  0.018549 -0.931890 1.95563E-08
  v  23   1.797085 -2.162915  0.003677 -0.946762 2.25659E-09
 cr  24   3.457797 -2.182203 -0.015611 -0.966050 1.05453E-07
 mn  25   3.316792 -2.163208  0.003385 -0.947054 8.05300E-08
 fe  26   5.375665 -2.164335  0.000000 -0.948182 9.37436E-06
 co  27   2.825833 -2.044167  0.120169 -0.828013 2.78923E-08
 ni  28   4.062475 -2.137525  0.026811 -0.921371 4.79020E-07
 cu  29   2.406710 -1.843290  0.321045 -0.627137 1.14575E-08
 zn  30   2.705440 -1.924561  0.239775 -0.708407 2.34623E-08
 ga  31   1.646869 -1.433131  0.731204 -0.216978 2.18543E-09
 ge  32   2.143571 -1.436429  0.727906 -0.220276 7.14561E-09
 as  33   0.736398 -1.563602  0.600733 -0.347449 2.88602E-10
 se  34   2.100600 -1.239400  0.924936 -0.023247 7.03557E-09
 br  35   1.258774 -1.281226  0.883109 -0.065073 1.02479E-09
 kr  36   2.452862 -0.797138  1.367197  0.419015 1.68030E-08
 rb  37   1.738526 -0.781474  1.382862  0.434680 3.30843E-09
 sr  38   2.168298 -0.711702  1.452633  0.504451 9.12417E-09
  y  39   1.473256 -0.736744  1.427591  0.479409 1.86844E-09
 zr  40   1.722268 -0.807732  1.356603  0.408421 3.40150E-09
 nb  41   0.492529 -0.917471  1.246864  0.298682 2.04110E-10
 mo  42   0.792978 -1.147022  1.017313  0.069131 4.20989E-10
 tc  43   0.000000 -9.000000  0.000000  0.000000 0.00000E+00
 ru  44   0.462259 -1.297741  0.866595 -0.081588 2.07097E-10
 rh  45  -0.547202 -1.607202  0.557133 -0.391049 2.06315E-11
 pd  46   0.447806 -1.202194  0.962142  0.013960 2.10922E-10
 ag  47  -0.306373 -1.506373  0.657963 -0.290220 3.76541E-11
 cd  48   0.607195 -1.102805  1.061530  0.113348 3.21585E-10
 in  49  -0.518997 -1.278997  0.885338 -0.062844 2.45644E-11
 sn  50   0.991524 -1.078476  1.085859  0.137677 8.22817E-10
 sb  51  -0.537766 -1.547766  0.616569 -0.331613 2.49477E-11
 te  52   0.526615 -1.653385  0.510950 -0.437232 3.03220E-10
  i  53  -0.374775 -1.924775  0.239560 -0.708622 3.78437E-11
 xe  54   0.671526 -1.568474  0.595861 -0.352321 4.35572E-10
 cs  55  -0.539238 -1.619238  0.545097 -0.403085 2.71391E-11
 ba  56   1.320412 -0.859588  1.304747  0.356565 2.02983E-09
 la  57   0.299119 -0.870881  1.293454  0.345272 1.95493E-10
 ce  58   0.790804 -0.789196  1.375139  0.426957 6.11765E-10
 pr  59  -0.231883 -0.991883  1.172452  0.224270 5.83909E-11
 nd  60   0.538064 -0.911936  1.252399  0.304217 3.51919E-10
 pm  61   0.000000 -9.000000  0.000000  0.000000 0.00000E+00
 sm  62  -0.245584 -1.185585  0.978751  0.030569 6.03726E-11
 eu  63  -1.199830 -1.709830  0.454505 -0.493677 6.77958E-12
 gd  64  -0.377199 -1.427199  0.737136 -0.211046 4.66320E-11
 tb  65  -1.278624 -1.598624  0.565712 -0.382470 5.91372E-12
 dy  66  -0.222154 -1.352154  0.812182 -0.136001 6.88639E-11
 ho  67  -1.190358 -1.660358  0.503977 -0.444205 7.52028E-12
 er  68  -0.403202 -1.323202  0.841133 -0.107049 4.67176E-11
 tm  69  -1.333879 -1.453879  0.710456 -0.237726 5.53516E-12
 yb  70  -0.073258 -0.993258  1.171077  0.222895 1.03319E-10
 lu  71  -1.009059 -1.099059  1.065276  0.117094 1.21113E-11
 hf  72  -0.163123 -0.873123  1.291212  0.343030 8.66529E-11
 ta  73  -1.122194 -1.002194  1.162141  0.213959 9.65278E-12
  w  74  -0.176762 -0.826762  1.337574  0.389392 8.64910E-11
 re  75  -1.086177 -1.346177  0.818158 -0.130024 1.07922E-11
 os  76  -0.126659 -1.476659  0.687676 -0.260506 1.00441E-10
 ir  77  -0.617904 -1.937904  0.226431 -0.721751 3.27477E-11
 pt  78  -0.040841 -1.660841  0.503494 -0.444688 1.25505E-10
 au  79  -0.849780 -1.649780  0.514555 -0.433627 1.96746E-11
 hg  80   0.327456 -0.842544  1.321791  0.373609 3.01340E-10
 tl  81   0.110242 -0.659758  1.504577  0.556395 1.86200E-10
 pb  82   2.369170  0.329170  2.493505  1.545323 3.42651E-08
 bi  83   0.753687  0.103687  2.268022  1.319840 8.37692E-10
 po  84   1.639320 -9.000000  0.000000  0.000000 6.43812E-09
#[ls/Fe]_Bisterzo =   1.3921, [hs/Fe]_Bisterzo =   1.1749
#[hs/ls]_Bisterzo =  -0.2172, [Pb/hs]_Bisterzo =   1.3186
#[ls/Fe]_Thiswork =   1.4123, [hs/Fe]_Thiswork =   1.3244
#[hs/ls]_Thiswork =  -0.0878, [Pb/hs]_Thiswork =   1.1691
# C/O = 1.9774E+01, c12/c13 = 1.12029E+04, n14/n15 = 7.74941E+02
# o16/o17 = 6.77372E+02, o16/o18 = 6.52601E+03
# mg24/mg25 = 3.6173E+00, mg24/mg26 = 3.0525E+00
#
#  TP   Mass     Mcore    Menv    log L
#  6 1.423600 0.622460 0.801140 3.974810
# El  Z   log e(X)   [X/H]    [X/Fe]     [X/O]      X(i)
  p   1  12.000000  0.000000  0.000000  0.000000 7.06314E-01
 he   2  11.015532  0.085531  2.249866  1.301684 2.90706E-01
 li   3   1.274477 -1.985523  0.178812 -0.769370 9.15032E-11
 be   4   0.000000 -1.300000  0.000000  0.000000 0.00000E+00
  b   5   0.000000 -2.790000  0.000000  0.000000 1.50860E-27
  c   6   8.960734  0.490734  2.655069  1.706887 7.68867E-03
  n   7   6.390998 -1.479002  0.685334 -0.262848 2.41480E-05
  o   8   7.667018 -1.062981  1.101354  0.000000 5.20773E-04
  f   9   4.964002  0.544002  2.708337  1.606983 1.22531E-06
 ne  10   7.592968 -0.377032  1.787303  0.685949 5.53894E-04
 na  11   5.486802 -0.753198  1.411138  0.309783 4.94173E-06
 mg  12   5.919396 -1.720604  0.443731 -0.657623 1.41458E-05
 al  13   4.361591 -2.088408  0.075927 -1.025427 4.34713E-07
 si  14   5.408741 -2.141259  0.023076 -1.078278 5.04392E-06
  p  15   3.563019 -1.846981  0.317354 -0.784000 7.93512E-08
  s  16   5.003976 -2.146024  0.018311 -1.083043 2.26749E-06
 cl  17   3.098332 -2.131668  0.032668 -1.068686 3.11546E-08
 ar  18   4.279928 -2.160072  0.004263 -1.097091 5.33287E-07
  k  19   2.936331 -2.143669  0.020666 -1.080688 2.36604E-08
 ca  20   4.127640 -2.162360  0.001976 -1.099379 3.76776E-07
 sc  21   1.001024 -2.048976  0.115360 -0.985995 3.15755E-10
 ti  22   2.769816 -2.140183  0.024152 -1.077202 1.97420E-08
  v  23   1.800101 -2.159899  0.004436 -1.096918 2.25276E-09
 cr  24   3.461067 -2.178933 -0.014597 -1.115952 1.05335E-07
 mn  25   3.321308 -2.158692  0.005643 -1.095711 8.06713E-08
 fe  26   5.378479 -2.161521  0.000000 -1.098540 9.35408E-06
 co  27   2.863216 -2.006783  0.154737 -0.943802 3.01379E-08
 ni  28   4.069507 -2.130493  0.031028 -1.067512 4.82649E-07
 cu  29   2.443056 -1.806944  0.354577 -0.743963 1.23504E-08
 zn  30   2.735263 -1.894737  0.266784 -0.831756 2.49137E-08
 ga  31   1.698336 -1.381664  0.779857 -0.318683 2.43921E-09
 ge  32   2.196177 -1.383822  0.777699 -0.320841 7.99633E-09
 as  33   0.784388 -1.515612  0.645909 -0.452631 3.19547E-10
 se  34   2.156875 -1.183125  0.978396 -0.120144 7.93997E-09
 br  35   1.313951 -1.226048  0.935472 -0.163067 1.15360E-09
 kr  36   2.516565 -0.733435  1.428086  0.329546 1.92902E-08
 rb  37   1.802843 -0.717157  1.444364  0.345824 3.80351E-09
 sr  38   2.261106 -0.618895  1.542626  0.444087 1.12007E-08
  y  39   1.578953 -0.631047  1.530474  0.431934 2.36277E-09
 zr  40   1.842236 -0.687764  1.473757  0.375217 4.44511E-09
 nb  41   0.616508 -0.793491  1.368029  0.269490 2.69209E-10
 mo  42   0.917135 -1.022865  1.138656  0.040116 5.55484E-10
 tc  43   0.000000 -9.000000  0.000000  0.000000 0.00000E+00
 ru  44   0.587660 -1.172340  0.989181 -0.109359 2.74044E-10
 rh  45  -0.440158 -1.500158  0.661363 -0.437177 2.61710E-11
 pd  46   0.579549 -1.070451  1.091070 -0.007470 2.83211E-10
 ag  47  -0.190780 -1.390780  0.770741 -0.327799 4.87136E-11
 cd  48   0.745297 -0.964703  1.196818  0.098279 4.38171E-10
 in  49  -0.383367 -1.143367  1.018154 -0.080385 3.32798E-11
 sn  50   1.152617 -0.917383  1.244138  0.145598 1.18206E-09
 sb  51  -0.377137 -1.387137  0.774384 -0.324156 3.58018E-11
 te  52   0.698850 -1.481150  0.680371 -0.418169 4.46929E-10
  i  53  -0.281251 -1.831251  0.330270 -0.768270 4.65331E-11
 xe  54   0.831023 -1.408977  0.752544 -0.345996 6.23450E-10
 cs  55  -0.382116 -1.462116  0.699405 -0.399135 3.86334E-11
 ba  56   1.534844 -0.645156  1.516365  0.417825 3.29714E-09
 la  57   0.520934 -0.649066  1.512455  0.413915 3.22993E-10
 ce  58   1.019024 -0.560976  1.600545  0.502005 1.02577E-09
 pr  59  -0.005539 -0.765539  1.395982  0.297442 9.74841E-11
 nd  60   0.766071 -0.683929  1.477592  0.379052 5.89786E-10
 pm  61   0.000000 -9.000000  0.000000  0.000000 0.00000E+00
 sm  62  -0.025826 -0.965825  1.195695  0.097156 9.92759E-11
 eu  63  -1.031631 -1.541631  0.619890 -0.478649 9.90028E-12
 gd  64  -0.167580 -1.217580  0.943941 -0.154598 7.49115E-11
 tb  65  -1.095192 -1.415192  0.746329 -0.352211 8.94413E-12
 dy  66  -0.017347 -1.147347  1.014174 -0.084366 1.09406E-10
 ho  67  -1.016616 -1.486616  0.674905 -0.423635 1.11230E-11
 er  68  -0.191689 -1.111689  1.049832 -0.048707 7.53769E-11
 tm  69  -1.134645 -1.254645  0.906875 -0.191664 8.68179E-12
 yb  70   0.151381 -0.768619  1.392902  0.294363 1.71817E-10
 lu  71  -0.793826 -0.883826  1.277695  0.179155 1.97091E-11
 hf  72   0.058558 -0.651442  1.510078  0.411539 1.43123E-10
 ta  73  -0.899938 -0.779938  1.381583  0.283044 1.59644E-11
  w  74   0.054524 -0.595476  1.566045  0.467506 1.46050E-10
 re  75  -0.869511 -1.129511  1.032010 -0.066530 1.76207E-11
 os  76   0.072371 -1.277629  0.883891 -0.214648 1.57466E-10
 ir  77  -0.506495 -1.826495  0.335026 -0.763513 4.19599E-11
 pt  78   0.131922 -1.488078  0.673443 -0.425097 1.85211E-10
 au  79  -0.678761 -1.478761  0.682760 -0.415780 2.89181E-11
 hg  80   0.553725 -0.616275  1.545246  0.446706 5.03005E-10
 tl  81   0.334085 -0.435915  1.725606  0.627067 3.09078E-10
 pb  82   2.561285  0.521285  2.682806  1.584266 5.28703E-08
 bi  83   0.919935  0.269935  2.431456  1.332916 1.21780E-09
 po  84   1.780814 -9.000000  0.000000  0.000000 8.84093E-09
#[ls/Fe]_Bisterzo =   1.5021, [hs/Fe]_Bisterzo =   1.3952
#[hs/ls]_Bisterzo =  -0.1069, [Pb/hs]_Bisterzo =   1.2876
#[ls/Fe]_Thiswork =   1.5156, [hs/Fe]_Thiswork =   1.5431
#[hs/ls]_Thiswork =   0.0275, [Pb/hs]_Thiswork =   1.1397
# C/O = 1.9666E+01, c12/c13 = 1.43763E+04, n14/n15 = 7.57152E+02
# o16/o17 = 9.23234E+02, o16/o18 = 9.21724E+03
# mg24/mg25 = 2.6008E+00, mg24/mg26 = 2.2114E+00
#
#  TP   Mass     Mcore    Menv    log L
#  7 1.400020 0.626130 0.773890 3.997280
# El  Z   log e(X)   [X/H]    [X/Fe]     [X/O]      X(i)
  p   1  12.000000  0.000000  0.000000  0.000000 7.00061E-01
 he   2  11.024803  0.094803  2.256324  1.157784 2.94350E-01
 li   3   1.319593 -1.940407  0.221114 -0.877425 1.00622E-10
 be   4   0.000000 -1.300000  0.000000  0.000000 0.00000E+00
  b   5   0.000000 -2.790000  0.000000  0.000000 1.60578E-27
  c   6   9.070230  0.600229  2.761750  1.663210 9.80583E-03
  n   7   6.442978 -1.427022  0.734499 -0.364040 2.69773E-05
  o   8   7.774548 -0.955452  1.206069  0.000000 6.61174E-04
  f   9   5.152006  0.732006  2.893527  1.687458 1.87236E-06
 ne  10   7.768167 -0.201833  1.959688  0.753619 8.21796E-04
 na  11   5.730390 -0.509610  1.651911  0.445842 8.58230E-06
 mg  12   6.093490 -1.546510  0.615011 -0.591058 2.09344E-05
 al  13   4.396040 -2.053960  0.107561 -1.098508 4.66434E-07
 si  14   5.417237 -2.132763  0.028758 -1.177311 5.09803E-06
  p  15   3.620614 -1.789386  0.372135 -0.833934 8.98021E-08
  s  16   5.008296 -2.141704  0.019817 -1.186252 2.26988E-06
 cl  17   3.109055 -2.120945  0.040576 -1.165493 3.16507E-08
 ar  18   4.282983 -2.157017  0.004504 -1.201565 5.32296E-07
  k  19   2.942811 -2.137189  0.024332 -1.181737 2.38035E-08
 ca  20   4.130326 -2.159674  0.001847 -1.204222 3.75757E-07
 sc  21   1.023655 -2.026345  0.135176 -1.070893 3.29699E-10
 ti  22   2.777462 -2.132538  0.028983 -1.177086 1.99147E-08
  v  23   1.803091 -2.156909  0.004612 -1.201457 2.24824E-09
 cr  24   3.464588 -2.175412 -0.013891 -1.219960 1.05253E-07
 mn  25   3.326443 -2.153557  0.007964 -1.198105 8.09080E-08
 fe  26   5.381582 -2.158418  0.000000 -1.202966 9.33774E-06
 co  27   2.898630 -1.971370  0.187048 -1.015918 3.24089E-08
 ni  28   4.075639 -2.124361  0.034057 -1.168909 4.85178E-07
 cu  29   2.467934 -1.782066  0.376352 -0.826614 1.29628E-08
 zn  30   2.753521 -1.876479  0.281939 -0.921027 2.57534E-08
 ga  31   1.727480 -1.352520  0.805898 -0.397068 2.58542E-09
 ge  32   2.226091 -1.353909  0.804510 -0.398457 8.49068E-09
 as  33   0.811872 -1.488128  0.670290 -0.532676 3.37409E-10
 se  34   2.188674 -1.151326  1.007092 -0.195874 8.46752E-09
 br  35   1.345237 -1.194763  0.963655 -0.239311 1.22880E-09
 kr  36   2.551311 -0.698689  1.459729  0.256763 2.07119E-08
 rb  37   1.837556 -0.682444  1.475974  0.273008 4.08352E-09
 sr  38   2.319028 -0.560972  1.597446  0.394480 1.26855E-08
  y  39   1.647086 -0.562914  1.595504  0.392538 2.73963E-09
 zr  40   1.924463 -0.605537  1.552881  0.349915 5.32412E-09
 nb  41   0.702134 -0.707866  1.450552  0.247586 3.24978E-10
 mo  42   1.005835 -0.934165  1.224253  0.021286 6.75321E-10
 tc  43   0.000000 -9.000000  0.000000  0.000000 0.00000E+00
 ru  44   0.678881 -1.081119  1.077299 -0.125667 3.35103E-10
 rh  45  -0.359487 -1.419487  0.738932 -0.464035 3.12341E-11
 pd  46   0.674729 -0.975271  1.183148 -0.019819 3.49485E-10
 ag  47  -0.104785 -1.304785  0.853633 -0.349333 5.88550E-11
 cd  48   0.845059 -0.864941  1.293478  0.090511 5.46441E-10
 in  49  -0.284917 -1.044917  1.113501 -0.089465 4.13779E-11
 sn  50   1.265500 -0.804500  1.353918  0.150952 1.51937E-09
 sb  51  -0.263149 -1.273149  0.885269 -0.317697 4.61350E-11
 te  52   0.820615 -1.359385  0.799033 -0.403933 5.86329E-10
  i  53  -0.204449 -1.754449  0.403970 -0.798997 5.50430E-11
 xe  54   0.948453 -1.291547  0.866871 -0.336095 8.09786E-10
 cs  55  -0.264752 -1.344752  0.813666 -0.389300 5.01724E-11
 ba  56   1.684696 -0.495304  1.663114  0.460148 4.61453E-09
 la  57   0.675358 -0.494642  1.663776  0.460810 4.56830E-10
 ce  58   1.177619 -0.402381  1.756037  0.553071 1.46481E-09
 pr  59   0.152720 -0.607280  1.551139  0.348172 1.39102E-10
 nd  60   0.925287 -0.524713  1.633705  0.430739 8.43428E-10
 pm  61   0.000000 -9.000000  0.000000  0.000000 0.00000E+00
 sm  62   0.128771 -0.811229  1.347189  0.144223 1.40468E-10
 eu  63  -0.901380 -1.411380  0.747039 -0.455928 1.32445E-11
 gd  64  -0.016755 -1.066755  1.091663 -0.111303 1.05078E-10
 tb  65  -0.957603 -1.277602  0.880816 -0.322150 1.21693E-11
 dy  66   0.130912 -0.999088  1.159330 -0.043636 1.52560E-10
 ho  67  -0.883665 -1.353665  0.804753 -0.398213 1.49730E-11
 er  68  -0.038281 -0.958281  1.200137 -0.002829 1.06361E-10
 tm  69  -0.987846 -1.107846  1.050572 -0.152394 1.20655E-11
 yb  70   0.308627 -0.611373  1.547045  0.344079 2.44596E-10
 lu  71  -0.642552 -0.732552  1.425866  0.222900 2.76745E-11
 hf  72   0.214391 -0.495609  1.662809  0.459843 2.03086E-10
 ta  73  -0.742327 -0.622327  1.536091  0.333125 2.27459E-11
  w  74   0.216918 -0.433082  1.725336  0.522370 2.10394E-10
 re  75  -0.711866 -0.971866  1.186552 -0.016414 2.51076E-11
 os  76   0.217686 -1.132314  1.026104 -0.176862 2.18092E-10
 ir  77  -0.412298 -1.732298  0.426120 -0.776846 5.16618E-11
 pt  78   0.262321 -1.357679  0.800739 -0.402228 2.47859E-10
 au  79  -0.547882 -1.347882  0.810536 -0.392430 3.87424E-11
 hg  80   0.711920 -0.458080  1.700338  0.497372 7.17636E-10
 tl  81   0.489976 -0.280024  1.878394  0.675428 4.38628E-10
 pb  82   2.692754  0.652754  2.811172  1.608206 7.09282E-08
 bi  83   1.033874  0.383874  2.542292  1.339326 1.56911E-09
 po  84   1.870213 -9.000000  0.000000  0.000000 1.07655E-08
#[ls/Fe]_Bisterzo =   1.5742, [hs/Fe]_Bisterzo =   1.5482
#[hs/ls]_Bisterzo =  -0.0260, [Pb/hs]_Bisterzo =   1.2629
#[ls/Fe]_Thiswork =   1.5819, [hs/Fe]_Thiswork =   1.6943
#[hs/ls]_Thiswork =   0.1124, [Pb/hs]_Thiswork =   1.1169
# C/O = 1.9755E+01, c12/c13 = 1.65892E+04, n14/n15 = 7.67985E+02
# o16/o17 = 1.14304E+03, o16/o18 = 1.17284E+04
# mg24/mg25 = 2.1028E+00, mg24/mg26 = 1.8015E+00
#
#  TP   Mass     Mcore    Menv    log L
#  8 1.028470 0.629790 0.398680 4.009920
# El  Z   log e(X)   [X/H]    [X/Fe]     [X/O]      X(i)
  p   1  12.000000  0.000000  0.000000  0.000000 6.93634E-01
 he   2  11.034459  0.104459  2.262877  1.059911 2.98205E-01
 li   3   1.361587 -1.898413  0.260005 -0.942961 1.09819E-10
 be   4   0.000000 -1.300000  0.000000  0.000000 0.00000E+00
  b   5   0.000000 -2.790000  0.000000  0.000000 1.72642E-27
  c   6   9.156712  0.686711  2.845129  1.642163 1.18566E-02
  n   7   6.500220 -1.369780  0.788639 -0.414328 3.04955E-05
  o   8   7.855451 -0.874548  1.283870  0.000000 7.89249E-04
  f   9   5.305122  0.885122  3.043540  1.759670 2.63937E-06
 ne  10   7.907925 -0.062075  2.096344  0.812474 1.12335E-03
 na  11   5.940582 -0.299418  1.859000  0.575130 1.37972E-05
 mg  12   6.244225 -1.395775  0.762643 -0.521227 2.93488E-05
 al  13   4.439184 -2.010816  0.147602 -1.136268 5.10420E-07
 si  14   5.426331 -2.123670  0.034749 -1.249121 5.15811E-06
  p  15   3.671400 -1.738600  0.419818 -0.864051 1.00015E-07
  s  16   5.012761 -2.137239  0.021179 -1.262691 2.27228E-06
 cl  17   3.119860 -2.110140  0.048278 -1.235592 3.21501E-08
 ar  18   4.286218 -2.153782  0.004636 -1.279234 5.31352E-07
  k  19   2.949360 -2.130640  0.027778 -1.256092 2.39433E-08
 ca  20   4.133211 -2.156789  0.001629 -1.282240 3.74789E-07
 sc  21   1.045074 -2.004925  0.153493 -1.130377 3.43188E-10
 ti  22   2.785181 -2.124819  0.033599 -1.250270 2.00857E-08
  v  23   1.806165 -2.153835  0.004583 -1.279287 2.24342E-09
 cr  24   3.468323 -2.171677 -0.013259 -1.297129 1.05187E-07
 mn  25   3.332045 -2.147955  0.010463 -1.273407 8.12059E-08
 fe  26   5.384911 -2.155089  0.000000 -1.280541 9.32320E-06
 co  27   2.931998 -1.938002  0.217088 -1.063453 3.46758E-08
 ni  28   4.081493 -2.118506  0.036583 -1.243958 4.87248E-07
 cu  29   2.488429 -1.761571  0.393518 -0.887022 1.34644E-08
 zn  30   2.767570 -1.862431  0.292659 -0.987882 2.63559E-08
 ga  31   1.748658 -1.331342  0.823748 -0.456793 2.68970E-09
 ge  32   2.247977 -1.332023  0.823067 -0.457474 8.84756E-09
 as  33   0.832138 -1.467862  0.687227 -0.593313 3.50282E-10
 se  34   2.211959 -1.128041  1.027048 -0.253493 8.85188E-09
 br  35   1.368186 -1.171814  0.983275 -0.297266 1.28358E-09
 kr  36   2.574964 -0.675036  1.480053  0.199512 2.16704E-08
 rb  37   1.860659 -0.659341  1.495748  0.215207 4.26709E-09
 sr  38   2.362481 -0.517519  1.637570  0.357029 1.38917E-08
  y  39   1.698531 -0.511469  1.643620  0.363080 3.05585E-09
 zr  40   1.988836 -0.541164  1.613926  0.333385 6.11808E-09
 nb  41   0.769145 -0.640855  1.514234  0.233693 3.75715E-10
 mo  42   1.077281 -0.862719  1.292370  0.011829 7.88770E-10
 tc  43   0.000000 -9.000000  0.000000  0.000000 0.00000E+00
 ru  44   0.753436 -1.006564  1.148525 -0.132015 3.94211E-10
 rh  45  -0.291990 -1.351990  0.803099 -0.477442 3.61510E-11
 pd  46   0.752664 -0.897336  1.257753 -0.022788 4.14340E-10
 ag  47  -0.032978 -1.232978  0.922111 -0.358430 6.87994E-11
 cd  48   0.926956 -0.783044  1.372046  0.091505 6.53785E-10
 in  49  -0.203847 -0.963847  1.191242 -0.089298 4.94121E-11
 sn  50   1.356032 -0.713968  1.441122  0.160581 1.85434E-09
 sb  51  -0.171782 -1.181782  0.973308 -0.307233 5.64148E-11
 te  52   0.917674 -1.262326  0.892763 -0.387778 7.26432E-10
  i  53  -0.137355 -1.687355  0.467735 -0.812806 6.36488E-11
 xe  54   1.044056 -1.195944  0.959145 -0.321396 9.99925E-10
 cs  55  -0.168339 -1.248339  0.906751 -0.373790 6.20687E-11
 ba  56   1.801069 -0.378931  1.776159  0.495618 5.97717E-09
 la  57   0.794254 -0.375746  1.779344  0.498803 5.95176E-10
 ce  58   1.298320 -0.281680  1.873409  0.592868 1.91636E-09
 pr  59   0.273384 -0.486616  1.668473  0.387933 1.81966E-10
 nd  60   1.046072 -0.403928  1.751161  0.470620 1.10364E-09
 pm  61   0.000000 -9.000000  0.000000  0.000000 0.00000E+00
 sm  62   0.246493 -0.693507  1.461583  0.181042 1.82514E-10
 eu  63  -0.797577 -1.307577  0.847512 -0.433028 1.66661E-11
 gd  64   0.098897 -0.951103  1.203986 -0.076555 1.35881E-10
 tb  65  -0.849697 -1.169697  0.985392 -0.295149 1.54584E-11
 dy  66   0.245025 -0.884975  1.270114 -0.010427 1.96584E-10
 ho  67  -0.778180 -1.248180  0.906909 -0.373632 1.89143E-11
 er  68   0.079679 -0.840321  1.314768  0.034227 1.38273E-10
 tm  69  -0.873828 -0.993828  1.161261 -0.119280 1.55439E-11
 yb  70   0.427471 -0.492529  1.662560  0.382020 3.18631E-10
 lu  71  -0.527974 -0.617974  1.537115  0.256574 3.56987E-11
 hf  72   0.332533 -0.377467  1.777622  0.497081 2.64130E-10
 ta  73  -0.622394 -0.502394  1.652696  0.372155 2.97050E-11
  w  74   0.339298 -0.310702  1.844388  0.563847 2.76317E-10
 re  75  -0.591284 -0.851284  1.303806  0.023265 3.28384E-11
 os  76   0.329479 -1.020521  1.134569 -0.145972 2.79530E-10
 ir  77  -0.332994 -1.652994  0.502096 -0.778445 6.14424E-11
 pt  78   0.364678 -1.255322  0.899768 -0.380773 3.10854E-10
 au  79  -0.444502 -1.244502  0.910588 -0.369953 4.87037E-11
 hg  80   0.830663 -0.339337  1.815752  0.535211 9.34635E-10
 tl  81   0.606540 -0.163460  1.991629  0.711088 5.68400E-10
 pb  82   2.791720  0.751720  2.906810  1.626269 8.82632E-08
 bi  83   1.119319  0.469319  2.624408  1.343867 1.89275E-09
 po  84   1.932718 -9.000000  0.000000  0.000000 1.23178E-08
#[ls/Fe]_Bisterzo =   1.6288, [hs/Fe]_Bisterzo =   1.6640
#[hs/ls]_Bisterzo =   0.0353, [Pb/hs]_Bisterzo =   1.2428
#[ls/Fe]_Thiswork =   1.6317, [hs/Fe]_Thiswork =   1.8096
#[hs/ls]_Thiswork =   0.1779, [Pb/hs]_Thiswork =   1.0972
# C/O = 2.0011E+01, c12/c13 = 1.79864E+04, n14/n15 = 7.99651E+02
# o16/o17 = 1.33657E+03, o16/o18 = 1.40515E+04
# mg24/mg25 = 1.8261E+00, mg24/mg26 = 1.5721E+00
#
#  TP   Mass     Mcore    Menv    log L
#  9 1.028470 0.629790 0.398680 4.009920
# El  Z   log e(X)   [X/H]    [X/Fe]     [X/O]      X(i)
  p   1  12.000000  0.000000  0.000000  0.000000 6.93634E-01
 he   2  11.034459  0.104459  2.259548  0.979007 2.98205E-01
 li   3   1.361587 -1.898413  0.256676 -1.023865 1.09819E-10
 be   4   0.000000 -1.300000  0.000000  0.000000 0.00000E+00
  b   5   0.000000 -2.790000  0.000000  0.000000 1.72642E-27
  c   6   9.156712  0.686711  2.841801  1.561260 1.18566E-02
  n   7   6.500220 -1.369780  0.785310 -0.495231 3.04955E-05
  o   8   7.855451 -0.874548  1.280541  0.000000 7.89249E-04
  f   9   5.305122  0.885122  3.040211  1.759670 2.63937E-06
 ne  10   7.907925 -0.062075  2.093015  0.812474 1.12335E-03
 na  11   5.940582 -0.299418  1.855671  0.575130 1.37972E-05
 mg  12   6.244225 -1.395775  0.759314 -0.521227 2.93488E-05
 al  13   4.439184 -2.010816  0.144273 -1.136268 5.10420E-07
 si  14   5.426331 -2.123670  0.031420 -1.249121 5.15811E-06
  p  15   3.671400 -1.738600  0.416490 -0.864051 1.00015E-07
  s  16   5.012761 -2.137239  0.017850 -1.262691 2.27228E-06
 cl  17   3.119860 -2.110140  0.044949 -1.235592 3.21501E-08
 ar  18   4.286218 -2.153782  0.001307 -1.279234 5.31352E-07
  k  19   2.949360 -2.130640  0.024449 -1.256092 2.39433E-08
 ca  20   4.133211 -2.156789 -0.001699 -1.282240 3.74789E-07
 sc  21   1.045074 -2.004925  0.150164 -1.130377 3.43188E-10
 ti  22   2.785181 -2.124819  0.030271 -1.250270 2.00857E-08
  v  23   1.806165 -2.153835  0.001254 -1.279287 2.24342E-09
 cr  24   3.468323 -2.171677 -0.016588 -1.297129 1.05187E-07
 mn  25   3.332045 -2.147955  0.007134 -1.273407 8.12059E-08
 fe  26   5.384911 -2.155089  0.000000 -1.280541 9.32320E-06
 co  27   2.931998 -1.938002  0.217088 -1.063453 3.46758E-08
 ni  28   4.081493 -2.118506  0.036583 -1.243958 4.87248E-07
 cu  29   2.488429 -1.761571  0.393518 -0.887022 1.34644E-08
 zn  30   2.767570 -1.862431  0.292659 -0.987882 2.63559E-08
 ga  31   1.748658 -1.331342  0.823748 -0.456793 2.68970E-09
 ge  32   2.247977 -1.332023  0.823067 -0.457474 8.84756E-09
 as  33   0.832138 -1.467862  0.687227 -0.593313 3.50282E-10
 se  34   2.211959 -1.128041  1.027048 -0.253493 8.85188E-09
 br  35   1.368186 -1.171814  0.983275 -0.297266 1.28358E-09
 kr  36   2.574964 -0.675036  1.480053  0.199512 2.16704E-08
 rb  37   1.860659 -0.659341  1.495748  0.215207 4.26709E-09
 sr  38   2.362481 -0.517519  1.637570  0.357029 1.38917E-08
  y  39   1.698531 -0.511469  1.643620  0.363080 3.05585E-09
 zr  40   1.988836 -0.541164  1.613926  0.333385 6.11808E-09
 nb  41   0.769145 -0.640855  1.514234  0.233693 3.75715E-10
 mo  42   1.077281 -0.862719  1.292370  0.011829 7.88770E-10
 tc  43   0.000000 -9.000000  0.000000  0.000000 0.00000E+00
 ru  44   0.753436 -1.006564  1.148525 -0.132015 3.94211E-10
 rh  45  -0.291990 -1.351990  0.803099 -0.477442 3.61510E-11
 pd  46   0.752664 -0.897336  1.257753 -0.022788 4.14340E-10
 ag  47  -0.032978 -1.232978  0.922111 -0.358430 6.87994E-11
 cd  48   0.926956 -0.783044  1.372046  0.091505 6.53785E-10
 in  49  -0.203847 -0.963847  1.191242 -0.089298 4.94121E-11
 sn  50   1.356032 -0.713968  1.441122  0.160581 1.85434E-09
 sb  51  -0.171782 -1.181782  0.973308 -0.307233 5.64148E-11
 te  52   0.917674 -1.262326  0.892763 -0.387778 7.26432E-10
  i  53  -0.137355 -1.687355  0.467735 -0.812806 6.36488E-11
 xe  54   1.044056 -1.195944  0.959145 -0.321396 9.99925E-10
 cs  55  -0.168339 -1.248339  0.906751 -0.373790 6.20687E-11
 ba  56   1.801069 -0.378931  1.776159  0.495618 5.97717E-09
 la  57   0.794254 -0.375746  1.779344  0.498803 5.95176E-10
 ce  58   1.298320 -0.281680  1.873409  0.592868 1.91636E-09
 pr  59   0.273384 -0.486616  1.668473  0.387933 1.81966E-10
 nd  60   1.046072 -0.403928  1.751161  0.470620 1.10364E-09
 pm  61   0.000000 -9.000000  0.000000  0.000000 0.00000E+00
 sm  62   0.246493 -0.693507  1.461583  0.181042 1.82514E-10
 eu  63  -0.797577 -1.307577  0.847512 -0.433028 1.66661E-11
 gd  64   0.098897 -0.951103  1.203986 -0.076555 1.35881E-10
 tb  65  -0.849697 -1.169697  0.985392 -0.295149 1.54584E-11
 dy  66   0.245025 -0.884975  1.270114 -0.010427 1.96584E-10
 ho  67  -0.778180 -1.248180  0.906909 -0.373632 1.89143E-11
 er  68   0.079679 -0.840321  1.314768  0.034227 1.38273E-10
 tm  69  -0.873828 -0.993828  1.161261 -0.119280 1.55439E-11
 yb  70   0.427471 -0.492529  1.662560  0.382020 3.18631E-10
 lu  71  -0.527974 -0.617974  1.537115  0.256574 3.56987E-11
 hf  72   0.332533 -0.377467  1.777622  0.497081 2.64130E-10
 ta  73  -0.622394 -0.502394  1.652696  0.372155 2.97050E-11
  w  74   0.339298 -0.310702  1.844388  0.563847 2.76317E-10
 re  75  -0.591284 -0.851284  1.303806  0.023265 3.28384E-11
 os  76   0.329479 -1.020521  1.134569 -0.145972 2.79530E-10
 ir  77  -0.332994 -1.652994  0.502096 -0.778445 6.14424E-11
 pt  78   0.364678 -1.255322  0.899768 -0.380773 3.10854E-10
 au  79  -0.444502 -1.244502  0.910588 -0.369953 4.87037E-11
 hg  80   0.830663 -0.339337  1.815752  0.535211 9.34635E-10
 tl  81   0.606540 -0.163460  1.991629  0.711088 5.68400E-10
 pb  82   2.791720  0.751720  2.906810  1.626269 8.82632E-08
 bi  83   1.119319  0.469319  2.624408  1.343867 1.89275E-09
 po  84   1.932718 -9.000000  0.000000  0.000000 1.23178E-08
#[ls/Fe]_Bisterzo =   1.6288, [hs/Fe]_Bisterzo =   1.6640
#[hs/ls]_Bisterzo =   0.0353, [Pb/hs]_Bisterzo =   1.2428
#[ls/Fe]_Thiswork =   1.6317, [hs/Fe]_Thiswork =   1.8096
#[hs/ls]_Thiswork =   0.1779, [Pb/hs]_Thiswork =   1.0972
# C/O = 2.0011E+01, c12/c13 = 1.79864E+04, n14/n15 = 7.99651E+02
# o16/o17 = 1.33657E+03, o16/o18 = 1.40515E+04
# mg24/mg25 = 1.8261E+00, mg24/mg26 = 1.5721E+00
#
# Final abundances
# El  Z   log e(X)   [X/H]    [X/Fe]     [X/O]      X(i)
  p   1  12.000000  0.000000  0.000000  0.000000 6.93502E-01
 he   2  11.034732  0.104732  2.259738  0.979299 2.98335E-01
 li   3   1.374791 -1.885209  0.269798 -1.010641 1.13188E-10
 be   4   0.500666 -0.799334  1.355673  0.075233 1.96370E-11
  b   5   0.000000 -2.790000  0.000000  0.000000 1.97680E-27
  c   6   9.156610  0.686609  2.841616  1.561177 1.18516E-02
  n   7   6.578821 -1.291179  0.863828 -0.416612 3.65387E-05
  o   8   7.855432 -0.874568  1.280439  0.000000 7.89065E-04
  f   9   5.305047  0.885047  3.040054  1.759614 2.63841E-06
 ne  10   7.907943 -0.062057  2.092950  0.812511 1.12319E-03
 na  11   5.946397 -0.293602  1.861404  0.580965 1.39805E-05
 mg  12   6.244396 -1.395604  0.759403 -0.521036 2.93548E-05
 al  13   4.440317 -2.009683  0.145324 -1.135115 5.11657E-07
 si  14   5.426414 -2.123587  0.031420 -1.249019 5.15811E-06
  p  15   3.671482 -1.738518  0.416489 -0.863950 1.00016E-07
  s  16   5.012843 -2.137157  0.017849 -1.262590 2.27228E-06
 cl  17   3.119942 -2.110058  0.044949 -1.235491 3.21501E-08
 ar  18   4.286300 -2.153700  0.001307 -1.279133 5.31352E-07
  k  19   2.949442 -2.130558  0.024449 -1.255991 2.39433E-08
 ca  20   4.133293 -2.156707 -0.001700 -1.282139 3.74789E-07
 sc  21   1.045157 -2.004843  0.150164 -1.130275 3.43188E-10
 ti  22   2.785264 -2.124736  0.030271 -1.250168 2.00857E-08
  v  23   1.806247 -2.153753  0.001254 -1.279186 2.24342E-09
 cr  24   3.468405 -2.171595 -0.016588 -1.297028 1.05187E-07
 mn  25   3.332128 -2.147872  0.007134 -1.273305 8.12059E-08
 fe  26   5.384993 -2.155007  0.000000 -1.280439 9.32320E-06
 co  27   2.932080 -1.937920  0.217087 -1.063352 3.46758E-08
 ni  28   4.081576 -2.118424  0.036583 -1.243856 4.87248E-07
 cu  29   2.488511 -1.761489  0.393518 -0.886921 1.34644E-08
 zn  30   2.767652 -1.862349  0.292658 -0.987781 2.63559E-08
 ga  31   1.748740 -1.331260  0.823747 -0.456692 2.68970E-09
 ge  32   2.248060 -1.331940  0.823067 -0.457372 8.84756E-09
 as  33   0.832220 -1.467780  0.687227 -0.593212 3.50282E-10
 se  34   2.212041 -1.127959  1.027048 -0.253392 8.85188E-09
 br  35   1.368268 -1.171732  0.983275 -0.297164 1.28358E-09
 kr  36   2.575046 -0.674954  1.480052  0.199613 2.16704E-08
 rb  37   1.860741 -0.659259  1.495748  0.215308 4.26709E-09
 sr  38   2.362563 -0.517437  1.637570  0.357131 1.38917E-08
  y  39   1.698613 -0.511387  1.643620  0.363181 3.05585E-09
 zr  40   1.988918 -0.541082  1.613925  0.333486 6.11808E-09
 nb  41   0.769227 -0.640773  1.514234  0.233795 3.75715E-10
 mo  42   1.077363 -0.862637  1.292370  0.011930 7.88770E-10
 tc  43   0.000000 -9.000000  0.000000  0.000000 0.00000E+00
 ru  44   0.753519 -1.006481  1.148526 -0.131913 3.94211E-10
 rh  45  -0.291908 -1.351908  0.803099 -0.477341 3.61511E-11
 pd  46   0.752746 -0.897254  1.257753 -0.022687 4.14340E-10
 ag  47  -0.032896 -1.232896  0.922111 -0.358329 6.87994E-11
 cd  48   0.927039 -0.782961  1.372046  0.091607 6.53785E-10
 in  49  -0.203765 -0.963765  1.191242 -0.089197 4.94121E-11
 sn  50   1.356114 -0.713886  1.441121  0.160682 1.85434E-09
 sb  51  -0.171700 -1.181700  0.973307 -0.307132 5.64148E-11
 te  52   0.917757 -1.262243  0.892764 -0.387676 7.26432E-10
  i  53  -0.137273 -1.687273  0.467734 -0.812705 6.36489E-11
 xe  54   1.044138 -1.195862  0.959145 -0.321295 9.99925E-10
 cs  55  -0.168257 -1.248257  0.906750 -0.373689 6.20687E-11
 ba  56   1.801151 -0.378849  1.776158  0.495719 5.97717E-09
 la  57   0.794336 -0.375664  1.779343  0.498904 5.95176E-10
 ce  58   1.298403 -0.281597  1.873410  0.592970 1.91637E-09
 pr  59   0.273466 -0.486534  1.668473  0.388034 1.81966E-10
 nd  60   1.046155 -0.403845  1.751162  0.470722 1.10364E-09
 pm  61   0.000000 -9.000000  0.000000  0.000000 0.00000E+00
 sm  62   0.246575 -0.693425  1.461582  0.181143 1.82514E-10
 eu  63  -0.797495 -1.307495  0.847512 -0.432927 1.66661E-11
 gd  64   0.098979 -0.951021  1.203986 -0.076453 1.35881E-10
 tb  65  -0.849614 -1.169614  0.985393 -0.295047 1.54584E-11
 dy  66   0.245107 -0.884893  1.270114 -0.010326 1.96584E-10
 ho  67  -0.778098 -1.248098  0.906909 -0.373531 1.89143E-11
 er  68   0.079761 -0.840239  1.314767  0.034328 1.38273E-10
 tm  69  -0.873745 -0.993745  1.161262 -0.119177 1.55439E-11
 yb  70   0.427554 -0.492446  1.662561  0.382122 3.18631E-10
 lu  71  -0.527891 -0.617891  1.537116  0.256676 3.56987E-11
 hf  72   0.332616 -0.377384  1.777623  0.497183 2.64130E-10
 ta  73  -0.622311 -0.502311  1.652696  0.372257 2.97051E-11
  w  74   0.339380 -0.310620  1.844387  0.563948 2.76317E-10
 re  75  -0.591201 -0.851201  1.303806  0.023367 3.28384E-11
 os  76   0.329561 -1.020439  1.134568 -0.145871 2.79530E-10
 ir  77  -0.332911 -1.652912  0.502095 -0.778344 6.14424E-11
 pt  78   0.364760 -1.255240  0.899767 -0.380672 3.10854E-10
 au  79  -0.444420 -1.244420  0.910587 -0.369852 4.87037E-11
 hg  80   0.830745 -0.339255  1.815752  0.535312 9.34635E-10
 tl  81   0.606622 -0.163378  1.991629  0.711189 5.68400E-10
 pb  82   2.791802  0.751802  2.906809  1.626370 8.82633E-08
 bi  83   1.119402  0.469402  2.624409  1.343969 1.89275E-09
 po  84   1.932800 -9.000000  0.000000  0.000000 1.23178E-08
#[ls/Fe]_Bisterzo =   1.6288, [hs/Fe]_Bisterzo =   1.6640
#[hs/ls]_Bisterzo =   0.0353, [Pb/hs]_Bisterzo =   1.2428
#[ls/Fe]_Thiswork =   1.6317, [hs/Fe]_Thiswork =   1.8096
#[hs/ls]_Thiswork =   0.1779, [Pb/hs]_Thiswork =   1.0972
# C/O = 2.0007E+01, c12/c13 = 1.46752E+04, n14/n15 = 9.56332E+02
# o16/o17 = 1.33645E+03, o16/o18 = 1.40547E+04
# mg24/mg25 = 1.8275E+00, mg24/mg26 = 1.5727E+00
