# Initial abundances
# El  Z   log e(X)   [X/H]    [X/Fe]     [X/O]      X(i)
  p   1  12.000000  0.000000  0.000000  0.000000 7.54992E-01
 he   2  10.922963 -0.007037  2.178469  2.178463 2.51091E-01
 li   3   1.040214 -2.219786 -0.034281 -0.034287 5.70319E-11
 be   4   0.000000 -1.300000  0.000000  0.000000 0.00000E+00
  b   5   0.000000 -2.790000  0.000000  0.000000 0.00000E+00
  c   6   6.284689 -2.185311  0.000195  0.000189 1.73281E-05
  n   7   5.684475 -2.185524 -0.000019 -0.000025 5.07344E-06
  o   8   6.544500 -2.185500  0.000006  0.000000 4.19831E-05
  f   9   2.234510 -2.185490  0.000016  0.000010 2.44175E-09
 ne  10   5.784503 -2.185497  0.000009  0.000002 9.20250E-06
 na  11   4.054493 -2.185506  0.000000 -0.000007 1.95216E-07
 mg  12   5.454495 -2.185505  0.000001 -0.000005 5.18409E-06
 al  13   4.264493 -2.185506  0.000000 -0.000007 3.71578E-07
 si  14   5.364496 -2.185504  0.000002 -0.000004 4.86932E-06
  p  15   3.224507 -2.185493  0.000013  0.000007 3.89033E-08
  s  16   4.974492 -2.175508  0.009998  0.009992 2.26467E-06
 cl  17   3.044502 -2.185498  0.000008  0.000002 2.94196E-08
 ar  18   4.254495 -2.185505  0.000001 -0.000005 5.37617E-07
  k  19   2.893927 -2.186073 -0.000567 -0.000574 2.29384E-08
 ca  20   4.104494 -2.185506  0.000000 -0.000006 3.81841E-07
 sc  21   0.864499 -2.185501  0.000005 -0.000001 2.46473E-10
 ti  22   2.724504 -2.185496  0.000010  0.000003 1.90118E-08
  v  23   1.773415 -2.186585 -0.001080 -0.001086 2.26451E-09
 cr  24   3.435211 -2.204789 -0.019283 -0.019289 1.06087E-07
 mn  25   3.294506 -2.185494  0.000012  0.000006 8.10702E-08
 fe  26   5.354494 -2.185506  0.000000 -0.000006 9.46152E-06
 co  27   2.684498 -2.185502  0.000004 -0.000002 2.13471E-08
 ni  28   4.014499 -2.185501  0.000005 -0.000001 4.54536E-07
 cu  29   2.064504 -2.185496  0.000010  0.000003 5.52172E-09
 zn  30   2.444505 -2.185495  0.000010  0.000004 1.36340E-08
 ga  31   0.894501 -2.185499  0.000007  0.000000 4.09599E-10
 ge  32   1.360128 -2.219872 -0.034366 -0.034372 1.24677E-09
 as  33   0.114492 -2.185508 -0.000002 -0.000008 7.30440E-11
 se  34   1.110576 -2.229424 -0.043918 -0.043925 7.62896E-10
 br  35   0.354499 -2.185501  0.000005 -0.000001 1.35379E-10
 kr  36   1.062928 -2.187072 -0.001566 -0.001572 7.25510E-10
 rb  37   0.334499 -2.185501  0.000005 -0.000001 1.38288E-10
 sr  38   0.692071 -2.187929 -0.002423 -0.002429 3.22966E-10
  y  39   0.024498 -2.185502  0.000004 -0.000002 7.04550E-11
 zr  40   0.344502 -2.185498  0.000008  0.000002 1.51041E-10
 nb  41  -0.775493 -2.185493  0.000013  0.000007 1.16690E-11
 mo  42  -0.366675 -2.306675 -0.121170 -0.121176 3.08892E-11
 tc  43   0.000000 -9.000000  0.000000  0.000000 0.00000E+00
 ru  44  -0.556439 -2.316439 -0.130934 -0.130940 2.10215E-11
 rh  45  -1.125499 -2.185499  0.000007  0.000001 5.77330E-12
 pd  46  -0.594683 -2.244683 -0.059177 -0.059183 2.02685E-11
 ag  47  -0.985498 -2.185498  0.000007  0.000001 8.35366E-12
 cd  48  -0.515215 -2.225215 -0.039709 -0.039715 2.57084E-11
 in  49  -1.444536 -2.204536 -0.019030 -0.019037 3.08998E-12
 sn  50  -0.177930 -2.247930 -0.062424 -0.062430 5.90256E-11
 sb  51  -1.418026 -2.428026 -0.242520 -0.242526 3.48307E-12
 te  52  -0.472878 -2.652878 -0.467372 -0.467378 3.21704E-11
  i  53  -0.635500 -2.185500  0.000006  0.000000 2.20018E-11
 xe  54   0.017418 -2.222582 -0.037076 -0.037082 1.02363E-10
 cs  55  -1.105499 -2.185499  0.000007  0.000000 7.80773E-12
 ba  56  -0.006402 -2.186402 -0.000896 -0.000902 1.01353E-10
 la  57  -1.015905 -2.185905 -0.000400 -0.000406 1.00299E-11
 ce  58  -0.607405 -2.187405 -0.001899 -0.001905 2.59159E-11
 pr  59  -1.425498 -2.185498  0.000008  0.000002 3.96205E-12
 nd  60  -0.760503 -2.210503 -0.024997 -0.025003 1.87527E-11
 pm  61   0.000000 -9.000000  0.000000  0.000000 0.00000E+00
 sm  62  -1.375217 -2.315217 -0.129712 -0.129718 4.74676E-12
 eu  63  -1.675514 -2.185514 -0.000008 -0.000015 2.40275E-12
 gd  64  -1.242631 -2.292631 -0.107125 -0.107131 6.73662E-12
 tb  65  -1.865514 -2.185514 -0.000008 -0.000014 1.62241E-12
 dy  66  -1.056156 -2.186156 -0.000650 -0.000657 1.06950E-11
 ho  67  -1.715497 -2.185497  0.000009  0.000003 2.37840E-12
 er  68  -1.273119 -2.193119 -0.007613 -0.007619 6.67963E-12
 tm  69  -2.065498 -2.185498  0.000008  0.000001 1.08818E-12
 yb  70  -1.326529 -2.246529 -0.061023 -0.061029 6.11083E-12
 lu  71  -2.095501 -2.185501  0.000005 -0.000001 1.05181E-12
 hf  72  -1.476206 -2.186206 -0.000700 -0.000706 4.46571E-12
 ta  73  -2.305553 -2.185554 -0.000048 -0.000054 6.70629E-13
  w  74  -1.536028 -2.186028 -0.000522 -0.000528 4.00770E-12
 re  75  -1.925500 -2.185500  0.000006  0.000000 1.65569E-12
 os  76  -0.835583 -2.185583 -0.000077 -0.000083 2.08055E-11
 ir  77  -0.865499 -2.185500  0.000006  0.000000 1.96234E-11
 pt  78  -0.597843 -2.217843 -0.032337 -0.032343 3.68847E-11
 au  79  -1.385500 -2.185500  0.000006  0.000000 6.07262E-12
 hg  80  -1.047105 -2.217105 -0.031599 -0.031605 1.34799E-11
 tl  81  -1.415503 -2.185503  0.000003 -0.000003 5.88064E-12
 pb  82  -0.145496 -2.185496  0.000010  0.000003 1.11013E-10
 bi  83  -1.535495 -2.185495  0.000011  0.000005 4.56134E-12
 po  84   0.000000 -9.000000  0.000000  0.000000 0.00000E+00
#[ls/Fe]_Bisterzo =   0.0000, [hs/Fe]_Bisterzo =  -0.0517
#[hs/ls]_Bisterzo =  -0.0517, [Pb/hs]_Bisterzo =   0.0517
#[ls/Fe]_Thiswork =  -0.0008, [hs/Fe]_Thiswork =  -0.0011
#[hs/ls]_Thiswork =  -0.0003, [Pb/hs]_Thiswork =   0.0011
# C/O = 5.4978E-01, c12/c13 = 8.94392E+01, n14/n15 = 4.47610E+02
# o16/o17 = 2.63226E+03, o16/o18 = 4.98812E+02
# mg24/mg25 = 7.8990E+00, mg24/mg26 = 7.1742E+00
#
# During TP-AGB
#  TP   Mass     Mcore    Menv    log L
#  1 1.959460 0.652840 1.306620 3.784940
# El  Z   log e(X)   [X/H]    [X/Fe]     [X/O]      X(i)
  p   1  12.000000  0.000000  0.000000  0.000000 7.31020E-01
 he   2  10.976385  0.046385  2.231891  2.231884 2.74941E-01
 li   3   0.593598 -2.666402 -0.480896 -0.480902 1.97465E-11
 be   4   0.000000 -1.300000  0.000000  0.000000 0.00000E+00
  b   5   0.000000 -2.790000  0.000000  0.000000 5.14388E-28
  c   6   5.952108 -2.517892 -0.332386 -0.332392 7.80111E-06
  n   7   6.269056 -1.600944  0.584562  0.584556 1.88743E-05
  o   8   6.525506 -2.204494 -0.018988  0.000000 3.89105E-05
  f   9   2.173047 -2.246953 -0.061447 -0.042459 2.05222E-09
 ne  10   5.790211 -2.179789  0.005717  0.024705 9.02821E-06
 na  11   4.372783 -1.867217  0.318289  0.337277 3.93360E-07
 mg  12   5.468412 -2.171587  0.013918  0.032907 5.18295E-06
 al  13   4.280400 -2.169600  0.015906  0.034894 3.73201E-07
 si  14   5.378531 -2.171469  0.014037  0.033025 4.86956E-06
  p  15   3.238882 -2.171118  0.014388  0.033376 3.89357E-08
  s  16   4.988508 -2.161492  0.024014  0.043002 2.26469E-06
 cl  17   3.058517 -2.171483  0.014023  0.033011 2.94198E-08
 ar  18   4.268511 -2.171489  0.014017  0.033005 5.37620E-07
  k  19   2.907920 -2.172080  0.013426  0.032414 2.29374E-08
 ca  20   4.118511 -2.171489  0.014017  0.033005 3.81844E-07
 sc  21   0.878514 -2.171486  0.014020  0.033008 2.46474E-10
 ti  22   2.738520 -2.171480  0.014026  0.033014 1.90119E-08
  v  23   1.787431 -2.172569  0.012937  0.031925 2.26452E-09
 cr  24   3.449227 -2.190773 -0.005267  0.013721 1.06088E-07
 mn  25   3.308521 -2.171479  0.014027  0.033015 8.10706E-08
 fe  26   5.368510 -2.171490  0.000000  0.033004 9.46157E-06
 co  27   2.698514 -2.171486  0.000004  0.033008 2.13472E-08
 ni  28   4.028515 -2.171484  0.000006  0.033010 4.54538E-07
 cu  29   2.078520 -2.171480  0.000010  0.033014 5.52175E-09
 zn  30   2.458521 -2.171479  0.000011  0.033015 1.36341E-08
 ga  31   0.908517 -2.171483  0.000007  0.033011 4.09602E-10
 ge  32   1.374146 -2.205854 -0.034364 -0.001360 1.24678E-09
 as  33   0.128509 -2.171491 -0.000001  0.033003 7.30443E-11
 se  34   1.124592 -2.215408 -0.043918 -0.010914 7.62900E-10
 br  35   0.368515 -2.171485  0.000005  0.033009 1.35379E-10
 kr  36   1.076943 -2.173057 -0.001566  0.031437 7.25514E-10
 rb  37   0.347196 -2.172804 -0.001314  0.031690 1.37870E-10
 sr  38   0.706664 -2.173336 -0.001846  0.031158 3.23397E-10
  y  39   0.038514 -2.171486  0.000004  0.033008 7.04554E-11
 zr  40   0.358519 -2.171481  0.000009  0.033013 1.51042E-10
 nb  41  -0.761477 -2.171476  0.000014  0.033018 1.16691E-11
 mo  42  -0.352659 -2.292659 -0.121169 -0.088165 3.08894E-11
 tc  43   0.000000 -9.000000  0.000000  0.000000 0.00000E+00
 ru  44  -0.542424 -2.302424 -0.130934 -0.097930 2.10217E-11
 rh  45  -1.111483 -2.171483  0.000008  0.033011 5.77333E-12
 pd  46  -0.580667 -2.230668 -0.059177 -0.026174 2.02686E-11
 ag  47  -0.971482 -2.171482  0.000008  0.033012 8.35370E-12
 cd  48  -0.501200 -2.211200 -0.039710 -0.006706 2.57086E-11
 in  49  -1.430521 -2.190521 -0.019031  0.013973 3.09000E-12
 sn  50  -0.163914 -2.233914 -0.062423 -0.029420 5.90259E-11
 sb  51  -1.404010 -2.414010 -0.242520 -0.209516 3.48309E-12
 te  52  -0.458861 -2.638861 -0.467371 -0.434367 3.21705E-11
  i  53  -0.621485 -2.171485  0.000005  0.033009 2.20019E-11
 xe  54   0.031434 -2.208566 -0.037076 -0.004072 1.02363E-10
 cs  55  -1.091483 -2.171483  0.000007  0.033011 7.80777E-12
 ba  56   0.007614 -2.172386 -0.000896  0.032108 1.01354E-10
 la  57  -1.001889 -2.171889 -0.000399  0.032605 1.00300E-11
 ce  58  -0.593389 -2.173388 -0.001898  0.031106 2.59160E-11
 pr  59  -1.411482 -2.171482  0.000008  0.033012 3.96207E-12
 nd  60  -0.746488 -2.196488 -0.024997  0.008006 1.87528E-11
 pm  61   0.000000 -9.000000  0.000000  0.000000 0.00000E+00
 sm  62  -1.361201 -2.301201 -0.129711 -0.096707 4.74679E-12
 eu  63  -1.661498 -2.171498 -0.000008  0.032996 2.40277E-12
 gd  64  -1.228615 -2.278615 -0.107125 -0.074121 6.73666E-12
 tb  65  -1.851498 -2.171498 -0.000007  0.032996 1.62242E-12
 dy  66  -1.042141 -2.172141 -0.000651  0.032353 1.06950E-11
 ho  67  -1.701481 -2.171481  0.000009  0.033013 2.37841E-12
 er  68  -1.259104 -2.179104 -0.007614  0.025390 6.67967E-12
 tm  69  -2.051482 -2.171482  0.000008  0.033012 1.08819E-12
 yb  70  -1.312513 -2.232513 -0.061023 -0.028019 6.11086E-12
 lu  71  -2.081653 -2.171653 -0.000162  0.032841 1.05141E-12
 hf  72  -1.462150 -2.172150 -0.000659  0.032344 4.46615E-12
 ta  73  -2.291537 -2.171537 -0.000047  0.032957 6.70633E-13
  w  74  -1.522012 -2.172012 -0.000522  0.032482 4.00772E-12
 re  75  -1.915001 -2.175001 -0.003511  0.029493 1.64234E-12
 os  76  -0.821282 -2.171282  0.000208  0.033212 2.08193E-11
 ir  77  -0.851483 -2.171484  0.000007  0.033010 1.96235E-11
 pt  78  -0.583828 -2.203828 -0.032338  0.000666 3.68849E-11
 au  79  -1.371484 -2.171484  0.000006  0.033010 6.07266E-12
 hg  80  -1.033089 -2.203089 -0.031599  0.001405 1.34800E-11
 tl  81  -1.401486 -2.171486  0.000004  0.033008 5.88068E-12
 pb  82  -0.131480 -2.171480  0.000010  0.033014 1.11014E-10
 bi  83  -1.521480 -2.171480  0.000010  0.033014 4.56136E-12
 po  84   0.000000 -9.000000  0.000000  0.000000 4.92212E-23
#[ls/Fe]_Bisterzo =   0.0000, [hs/Fe]_Bisterzo =  -0.0517
#[hs/ls]_Bisterzo =  -0.0517, [Pb/hs]_Bisterzo =   0.0517
#[ls/Fe]_Thiswork =  -0.0006, [hs/Fe]_Thiswork =  -0.0011
#[hs/ls]_Thiswork =  -0.0005, [Pb/hs]_Thiswork =   0.0011
# C/O = 2.6706E-01, c12/c13 = 1.83462E+01, n14/n15 = 5.14263E+03
# o16/o17 = 5.89449E+01, o16/o18 = 8.63965E+02
# mg24/mg25 = 8.0893E+00, mg24/mg26 = 7.0352E+00
#
#  TP   Mass     Mcore    Menv    log L
#  2 1.959450 0.658620 1.300830 3.835810
# El  Z   log e(X)   [X/H]    [X/Fe]     [X/O]      X(i)
  p   1  12.000000  0.000000  0.000000  0.000000 7.31041E-01
 he   2  10.976339  0.046339  2.217829  2.250833 2.74920E-01
 li   3   0.792810 -2.467190 -0.295699 -0.262696 3.12402E-11
 be   4   0.000000 -1.300000  0.000000  0.000000 0.00000E+00
  b   5   0.000000 -2.790000  0.000000  0.000000 5.84358E-28
  c   6   5.953323 -2.516677 -0.345187 -0.312183 7.82319E-06
  n   7   6.268434 -1.601566  0.569924  0.602928 1.88478E-05
  o   8   6.525502 -2.204497 -0.033007  0.000000 3.89114E-05
  f   9   2.173154 -2.246846 -0.075356 -0.042349 2.05278E-09
 ne  10   5.790180 -2.179820 -0.008330  0.024677 9.02781E-06
 na  11   4.372187 -1.867813  0.303677  0.336684 3.92832E-07
 mg  12   5.468337 -2.171663 -0.000173  0.032835 5.18220E-06
 al  13   4.281036 -2.168964  0.002526  0.035533 3.73759E-07
 si  14   5.378651 -2.171350  0.000141  0.033148 4.87104E-06
  p  15   3.238866 -2.171134  0.000356  0.033363 3.89354E-08
  s  16   4.988495 -2.161505  0.009985  0.042993 2.26469E-06
 cl  17   3.058512 -2.171488  0.000002  0.033009 2.94202E-08
 ar  18   4.268499 -2.171501 -0.000011  0.032996 5.37620E-07
  k  19   2.907907 -2.172092 -0.000602  0.032405 2.29374E-08
 ca  20   4.118499 -2.171501 -0.000011  0.032996 3.81844E-07
 sc  21   0.878502 -2.171498 -0.000008  0.032999 2.46474E-10
 ti  22   2.738507 -2.171493 -0.000002  0.033005 1.90119E-08
  v  23   1.787418 -2.172582 -0.001091  0.031916 2.26452E-09
 cr  24   3.449215 -2.190785 -0.019295  0.013712 1.06088E-07
 mn  25   3.308509 -2.171491 -0.000001  0.033006 8.10706E-08
 fe  26   5.368497 -2.171503  0.000000  0.032995 9.46157E-06
 co  27   2.698502 -2.171498  0.000004  0.032999 2.13472E-08
 ni  28   4.028503 -2.171497  0.000006  0.033000 4.54538E-07
 cu  29   2.078507 -2.171493  0.000010  0.033005 5.52175E-09
 zn  30   2.458508 -2.171492  0.000011  0.033006 1.36341E-08
 ga  31   0.908504 -2.171495  0.000007  0.033002 4.09602E-10
 ge  32   1.374133 -2.205867 -0.034364 -0.001369 1.24678E-09
 as  33   0.128496 -2.171504 -0.000001  0.032994 7.30443E-11
 se  34   1.124579 -2.215420 -0.043918 -0.010923 7.62900E-10
 br  35   0.368503 -2.171497  0.000005  0.033000 1.35379E-10
 kr  36   1.076931 -2.173069 -0.001566  0.031428 7.25514E-10
 rb  37   0.347183 -2.172817 -0.001314  0.031681 1.37870E-10
 sr  38   0.706652 -2.173348 -0.001846  0.031149 3.23397E-10
  y  39   0.038502 -2.171498  0.000004  0.032999 7.04554E-11
 zr  40   0.358506 -2.171494  0.000009  0.033004 1.51042E-10
 nb  41  -0.761489 -2.171489  0.000014  0.033009 1.16691E-11
 mo  42  -0.352672 -2.292672 -0.121169 -0.088174 3.08894E-11
 tc  43   0.000000 -9.000000  0.000000  0.000000 0.00000E+00
 ru  44  -0.542437 -2.302437 -0.130934 -0.097939 2.10217E-11
 rh  45  -1.111495 -2.171495  0.000008  0.033002 5.77333E-12
 pd  46  -0.580680 -2.230680 -0.059177 -0.026183 2.02686E-11
 ag  47  -0.971495 -2.171495  0.000008  0.033003 8.35370E-12
 cd  48  -0.501212 -2.211212 -0.039710 -0.006715 2.57086E-11
 in  49  -1.430533 -2.190533 -0.019031  0.013964 3.09000E-12
 sn  50  -0.163926 -2.233926 -0.062423 -0.029429 5.90259E-11
 sb  51  -1.404022 -2.414022 -0.242520 -0.209525 3.48309E-12
 te  52  -0.458874 -2.638874 -0.467371 -0.434376 3.21705E-11
  i  53  -0.621497 -2.171497  0.000005  0.033000 2.20019E-11
 xe  54   0.031422 -2.208578 -0.037076 -0.004081 1.02363E-10
 cs  55  -1.091496 -2.171495  0.000007  0.033002 7.80777E-12
 ba  56   0.007602 -2.172398 -0.000896  0.032099 1.01354E-10
 la  57  -1.001902 -2.171902 -0.000399  0.032596 1.00300E-11
 ce  58  -0.593401 -2.173401 -0.001898  0.031096 2.59160E-11
 pr  59  -1.411494 -2.171494  0.000008  0.033003 3.96207E-12
 nd  60  -0.746500 -2.196500 -0.024997  0.007997 1.87528E-11
 pm  61   0.000000 -9.000000  0.000000  0.000000 0.00000E+00
 sm  62  -1.361214 -2.301214 -0.129711 -0.096716 4.74679E-12
 eu  63  -1.661510 -2.171510 -0.000008  0.032987 2.40277E-12
 gd  64  -1.228627 -2.278627 -0.107125 -0.074130 6.73666E-12
 tb  65  -1.851510 -2.171510 -0.000007  0.032987 1.62242E-12
 dy  66  -1.042153 -2.172153 -0.000651  0.032344 1.06950E-11
 ho  67  -1.701493 -2.171493  0.000009  0.033004 2.37841E-12
 er  68  -1.259116 -2.179116 -0.007614  0.025381 6.67967E-12
 tm  69  -2.051495 -2.171494  0.000008  0.033003 1.08819E-12
 yb  70  -1.312526 -2.232526 -0.061023 -0.028028 6.11086E-12
 lu  71  -2.081665 -2.171665 -0.000162  0.032832 1.05141E-12
 hf  72  -1.462162 -2.172162 -0.000659  0.032335 4.46615E-12
 ta  73  -2.291550 -2.171550 -0.000047  0.032948 6.70633E-13
  w  74  -1.522024 -2.172024 -0.000522  0.032473 4.00772E-12
 re  75  -1.915013 -2.175013 -0.003511  0.029484 1.64234E-12
 os  76  -0.821295 -2.171295  0.000208  0.033203 2.08193E-11
 ir  77  -0.851496 -2.171496  0.000007  0.033001 1.96235E-11
 pt  78  -0.583840 -2.203840 -0.032338  0.000657 3.68849E-11
 au  79  -1.371496 -2.171496  0.000006  0.033001 6.07266E-12
 hg  80  -1.033101 -2.203101 -0.031599  0.001396 1.34800E-11
 tl  81  -1.401499 -2.171499  0.000004  0.032999 5.88068E-12
 pb  82  -0.131493 -2.171493  0.000010  0.033005 1.11014E-10
 bi  83  -1.521492 -2.171492  0.000010  0.033005 4.56136E-12
 po  84   0.000000 -9.000000  0.000000  0.000000 6.97151E-23
#[ls/Fe]_Bisterzo =   0.0000, [hs/Fe]_Bisterzo =  -0.0517
#[hs/ls]_Bisterzo =  -0.0517, [Pb/hs]_Bisterzo =   0.0517
#[ls/Fe]_Thiswork =  -0.0006, [hs/Fe]_Thiswork =  -0.0011
#[hs/ls]_Thiswork =  -0.0005, [Pb/hs]_Thiswork =   0.0011
# C/O = 2.6781E-01, c12/c13 = 1.84220E+01, n14/n15 = 5.11105E+03
# o16/o17 = 5.91177E+01, o16/o18 = 8.62321E+02
# mg24/mg25 = 8.0892E+00, mg24/mg26 = 7.0351E+00
#
#  TP   Mass     Mcore    Menv    log L
#  3 1.959450 0.661640 1.297810 3.981270
# El  Z   log e(X)   [X/H]    [X/Fe]     [X/O]      X(i)
  p   1  12.000000  0.000000  0.000000  0.000000 7.27936E-01
 he   2  10.981153  0.051153  2.222656  2.255651 2.76803E-01
 li   3   0.899302 -2.360698 -0.189196 -0.156201 3.97518E-11
 be   4   0.000000 -1.300000  0.000000  0.000000 0.00000E+00
  b   5   0.000000 -2.790000  0.000000  0.000000 2.92669E-28
  c   6   8.103907 -0.366094  1.805409  1.838404 1.10184E-03
  n   7   6.276984 -1.593016  0.578487  0.611482 1.91409E-05
  o   8   6.900451 -1.829548  0.341954  0.000000 9.18706E-05
  f   9   3.663733 -0.756268  1.415235  1.073281 6.32519E-08
 ne  10   6.585991 -1.384008  0.787494  0.445540 5.61753E-05
 na  11   4.593642 -1.646358  0.525145  0.183191 6.51349E-07
 mg  12   5.491319 -2.148681  0.022822 -0.319132 5.44061E-06
 al  13   4.288665 -2.161335  0.010168 -0.331786 3.78767E-07
 si  14   5.385993 -2.164008  0.007495 -0.334459 4.93305E-06
  p  15   3.279532 -2.130467  0.041035 -0.300919 4.25757E-08
  s  16   4.990354 -2.159647  0.011856 -0.330098 2.26474E-06
 cl  17   3.065845 -2.164155  0.007347 -0.334607 2.97941E-08
 ar  18   4.269801 -2.170199  0.001304 -0.340651 5.36944E-07
  k  19   2.912229 -2.167771  0.003731 -0.338223 2.30683E-08
 ca  20   4.119329 -2.170671  0.000832 -0.341123 3.80950E-07
 sc  21   0.898123 -2.151877  0.019625 -0.322329 2.56770E-10
 ti  22   2.741351 -2.168649  0.002854 -0.339100 1.90555E-08
  v  23   1.788531 -2.171469  0.000034 -0.341920 2.26069E-09
 cr  24   3.450649 -2.189351 -0.017848 -0.359802 1.05987E-07
 mn  25   3.308911 -2.171089  0.000414 -0.341540 8.08010E-08
 fe  26   5.369634 -2.170366  0.000000 -0.340817 9.44607E-06
 co  27   2.766304 -2.103696  0.066670 -0.274148 2.48482E-08
 ni  28   4.038507 -2.161493  0.008873 -0.331944 4.63155E-07
 cu  29   2.177958 -2.072042  0.098323 -0.242494 6.91319E-09
 zn  30   2.471396 -2.158604  0.011762 -0.329055 1.39851E-08
 ga  31   0.957889 -2.122111  0.048254 -0.292563 4.56980E-10
 ge  32   1.415160 -2.164840  0.005526 -0.335291 1.36448E-09
 as  33   0.149593 -2.150407  0.019959 -0.320858 7.63547E-11
 se  34   1.171983 -2.168017  0.002349 -0.338469 8.47271E-10
 br  35   0.405567 -2.134433  0.035933 -0.304884 1.46814E-10
 kr  36   1.158649 -2.091351  0.079015 -0.261802 8.71998E-10
 rb  37   0.446245 -2.073755  0.096611 -0.244206 1.72457E-10
 sr  38   0.858778 -2.021222  0.149144 -0.191674 4.57103E-10
  y  39   0.240367 -1.969633  0.200733 -0.140085 1.11669E-10
 zr  40   0.623354 -1.906646  0.263720 -0.077098 2.76755E-10
 nb  41  -0.528039 -1.938039  0.232327 -0.108491 1.98901E-11
 mo  42  -0.132061 -2.072061  0.098305 -0.242513 5.11177E-11
 tc  43   0.000000 -9.000000  0.000000  0.000000 0.00000E+00
 ru  44  -0.397092 -2.157092  0.013274 -0.327543 2.92525E-11
 rh  45  -1.070103 -2.130103  0.040263 -0.300554 6.32370E-12
 pd  46  -0.467900 -2.117900  0.052465 -0.288352 2.61671E-11
 ag  47  -0.928942 -2.128942  0.041424 -0.299393 9.17452E-12
 cd  48  -0.385275 -2.095275  0.075091 -0.265727 3.34323E-11
 in  49  -1.355420 -2.115420  0.054946 -0.285872 3.65782E-12
 sn  50   0.046403 -2.023597  0.146769 -0.194049 9.53945E-11
 sb  51  -1.259801 -2.269801 -0.099435 -0.440253 4.83433E-12
 te  52  -0.255020 -2.435020 -0.264654 -0.605472 5.12228E-11
  i  53  -0.598182 -2.148182  0.022184 -0.318633 2.31167E-11
 xe  54   0.144492 -2.095508  0.074858 -0.265960 1.32241E-10
 cs  55  -1.012969 -2.092969  0.077397 -0.263421 9.31547E-12
 ba  56   0.470329 -1.709671  0.460695  0.119878 2.92899E-10
 la  57  -0.542341 -1.712341  0.458025  0.117207 2.87748E-11
 ce  58  -0.040664 -1.620664  0.549702  0.208885 9.21418E-11
 pr  59  -1.020759 -1.780759  0.389607  0.048790 9.70085E-12
 nd  60  -0.294682 -1.744682  0.425684  0.084867 5.28490E-11
 pm  61   0.000000 -9.000000  0.000000  0.000000 0.00000E+00
 sm  62  -1.001461 -1.941461  0.228905 -0.111913 1.08219E-11
 eu  63  -1.583221 -2.093221  0.077144 -0.263673 2.86518E-12
 gd  64  -1.013758 -2.063758  0.106608 -0.234209 1.10018E-11
 tb  65  -1.740757 -2.060757  0.109609 -0.231209 2.08482E-12
 dy  66  -0.836475 -1.966475  0.203890 -0.136927 1.71006E-11
 ho  67  -1.607475 -2.077475  0.092891 -0.247927 2.94075E-12
 er  68  -1.045098 -1.965098  0.205267 -0.135550 1.08874E-11
 tm  69  -1.891567 -2.011567  0.158799 -0.182019 1.56597E-12
 yb  70  -0.889704 -1.809704  0.360662  0.019845 1.61092E-11
 lu  71  -1.754864 -1.844864  0.325502 -0.015315 2.22190E-12
 hf  72  -0.975417 -1.685417  0.484949  0.144131 1.36405E-11
 ta  73  -1.890992 -1.770992  0.399374  0.058556 1.67956E-12
  w  74  -1.019804 -1.669804  0.500562  0.159744 1.26844E-11
 re  75  -1.722406 -1.982406  0.187959 -0.152858 2.54814E-12
 os  76  -0.683003 -2.033003  0.137362 -0.203455 2.85042E-11
 ir  77  -0.823572 -2.143572  0.026793 -0.314024 2.08378E-11
 pt  78  -0.487772 -2.107772  0.062594 -0.278224 4.58215E-11
 au  79  -1.276710 -2.076710  0.093656 -0.247161 7.52170E-12
 hg  80  -0.513592 -1.683592  0.486774  0.145957 4.43967E-11
 tl  81  -0.746794 -1.516794  0.653572  0.312755 2.64414E-11
 pb  82   1.648910 -0.391090  1.779275  1.438458 6.66703E-09
 bi  83   0.127888 -0.522112  1.648254  1.307436 2.02593E-10
 po  84   1.220515 -9.000000  0.000000  0.000000 2.50781E-09
#[ls/Fe]_Bisterzo =   0.2322, [hs/Fe]_Bisterzo =   0.3709
#[hs/ls]_Bisterzo =   0.1386, [Pb/hs]_Bisterzo =   1.4084
#[ls/Fe]_Thiswork =   0.2045, [hs/Fe]_Thiswork =   0.4895
#[hs/ls]_Thiswork =   0.2849, [Pb/hs]_Thiswork =   1.2898
# C/O = 1.5976E+01, c12/c13 = 2.74778E+03, n14/n15 = 3.96364E+03
# o16/o17 = 1.35961E+02, o16/o18 = 2.03646E+03
# mg24/mg25 = 6.7026E+00, mg24/mg26 = 5.8138E+00
#
#  TP   Mass     Mcore    Menv    log L
#  4 1.959420 0.663630 1.295790 4.032010
# El  Z   log e(X)   [X/H]    [X/Fe]     [X/O]      X(i)
  p   1  12.000000  0.000000  0.000000  0.000000 7.23246E-01
 he   2  10.988266  0.058266  2.228631  1.887814 2.79561E-01
 li   3   0.937222 -2.322778 -0.152412 -0.493229 4.30992E-11
 be   4   0.000000 -1.300000  0.000000  0.000000 0.00000E+00
  b   5   0.000000 -2.790000  0.000000  0.000000 1.78142E-28
  c   6   8.505812  0.035811  2.206177  1.865360 2.76195E-03
  n   7   6.288958 -1.581042  0.589324  0.248507 1.95492E-05
  o   8   7.212141 -1.517859  0.652507  0.000000 1.87094E-04
  f   9   4.312740 -0.107260  2.063106  1.410599 2.80074E-07
 ne  10   7.102465 -0.867535  1.302831  0.650324 1.83321E-04
 na  11   4.990793 -1.249207  0.921159  0.268652 1.61494E-06
 mg  12   5.665668 -1.974332  0.196034 -0.456473 8.07586E-06
 al  13   4.329442 -2.120558  0.049808 -0.602699 4.13372E-07
 si  14   5.395494 -2.154506  0.015860 -0.636647 5.00967E-06
  p  15   3.371593 -2.038406  0.131959 -0.520547 5.22897E-08
  s  16   4.993612 -2.156388  0.013978 -0.638529 2.26709E-06
 cl  17   3.075565 -2.154435  0.015931 -0.636576 3.02722E-08
 ar  18   4.271803 -2.168197  0.002169 -0.650338 5.35950E-07
  k  19   2.918387 -2.161613  0.008753 -0.643754 2.32470E-08
 ca  20   4.120760 -2.169240  0.001126 -0.651381 3.79745E-07
 sc  21   0.925702 -2.124298  0.046068 -0.606439 2.71841E-10
 ti  22   2.746417 -2.163583  0.006783 -0.645724 1.91549E-08
  v  23   1.790552 -2.169448  0.000918 -0.651589 2.25659E-09
 cr  24   3.452906 -2.187094 -0.016728 -0.669235 1.05852E-07
 mn  25   3.310434 -2.169566  0.000800 -0.651707 8.05625E-08
 fe  26   5.371433 -2.168567  0.000000 -0.650708 9.42417E-06
 co  27   2.828508 -2.041492  0.127075 -0.523633 2.84900E-08
 ni  28   4.050961 -2.149039  0.019528 -0.631180 4.73558E-07
 cu  29   2.290986 -1.959014  0.209553 -0.441155 8.91045E-09
 zn  30   2.505207 -2.124793  0.043774 -0.606934 1.50200E-08
 ga  31   1.059712 -2.020288  0.148279 -0.502429 5.74002E-10
 ge  32   1.497632 -2.082368  0.086199 -0.564509 1.63921E-09
 as  33   0.194398 -2.105602  0.062965 -0.587743 8.41071E-11
 se  34   1.261027 -2.078973  0.089594 -0.561114 1.03338E-09
 br  35   0.476959 -2.063041  0.105526 -0.545182 1.71931E-10
 kr  36   1.291512 -1.958488  0.210079 -0.440629 1.17644E-09
 rb  37   0.593118 -1.926882  0.241684 -0.409023 2.40296E-10
 sr  38   1.087210 -1.792790  0.375776 -0.274931 7.68490E-10
  y  39   0.508284 -1.701716  0.466850 -0.183857 2.05608E-10
 zr  40   0.942567 -1.587433  0.581134 -0.069574 5.73458E-10
 nb  41  -0.225515 -1.635515  0.533051 -0.117656 3.96601E-11
 mo  42   0.152679 -1.787321  0.381246 -0.269462 9.78373E-11
 tc  43   0.000000 -9.000000  0.000000  0.000000 0.00000E+00
 ru  44  -0.187991 -1.947991  0.220576 -0.430132 4.70388E-11
 rh  45  -0.986671 -2.046671  0.121895 -0.528812 7.61369E-12
 pd  46  -0.241703 -1.891703  0.276864 -0.373844 4.37669E-11
 ag  47  -0.810639 -2.010639  0.157927 -0.492780 1.19696E-11
 cd  48  -0.056656 -1.766656  0.401911 -0.248797 7.07911E-11
 in  49  -1.088662 -1.848662  0.319905 -0.330803 6.71697E-12
 sn  50   0.435305 -1.634695  0.533871 -0.116836 2.32069E-10
 sb  51  -0.982152 -1.992152  0.176415 -0.474293 9.10286E-12
 te  52   0.076974 -2.103026  0.065541 -0.585167 1.09307E-10
  i  53  -0.533901 -2.083901  0.084666 -0.566042 2.66318E-11
 xe  54   0.381542 -1.858458  0.310109 -0.340599 2.26782E-10
 cs  55  -0.818861 -1.898861  0.269706 -0.381002 1.44712E-11
 ba  56   1.012620 -1.167380  1.001187  0.350479 1.01438E-09
 la  57   0.019182 -1.150818  1.017749  0.367041 1.04167E-10
 ce  58   0.551184 -1.028816  1.139750  0.489043 3.57682E-10
 pr  59  -0.472805 -1.232805  0.935762  0.285054 3.40374E-11
 nd  60   0.264928 -1.185072  0.983495  0.332787 1.90475E-10
 pm  61   0.000000 -9.000000  0.000000  0.000000 0.00000E+00
 sm  62  -0.492147 -1.432148  0.736419  0.085711 3.47384E-11
 eu  63  -1.356166 -1.866166  0.302401 -0.348307 4.80176E-12
 gd  64  -0.589517 -1.639517  0.529050 -0.121658 2.90335E-11
 tb  65  -1.449468 -1.769468  0.399099 -0.251609 4.05089E-12
 dy  66  -0.425151 -1.555151  0.613416 -0.037292 4.38054E-11
 ho  67  -1.348433 -1.818433  0.350134 -0.300574 5.30509E-12
 er  68  -0.617582 -1.537582  0.630984 -0.019723 2.89489E-11
 tm  69  -1.532102 -1.652102  0.516465 -0.134243 3.55993E-12
 yb  70  -0.325950 -1.245950  0.922617  0.271909 5.86168E-11
 lu  71  -1.245704 -1.335704  0.832863  0.182155 7.12981E-12
 hf  72  -0.396483 -1.106483  1.062083  0.411376 5.13991E-11
 ta  73  -1.346052 -1.226052  0.942515  0.291807 5.85231E-12
  w  74  -0.434425 -1.084425  1.084141  0.433434 4.85109E-11
 re  75  -1.317553 -1.577553  0.591014 -0.059694 6.43085E-12
 os  76  -0.351974 -1.701975  0.466592 -0.184116 6.06918E-11
 ir  77  -0.722354 -2.042354  0.126213 -0.524495 2.61374E-11
 pt  78  -0.220305 -1.840305  0.328261 -0.322446 8.42808E-11
 au  79  -1.006576 -1.806576  0.361991 -0.288717 1.39201E-11
 hg  80   0.080964 -1.089036  1.079531  0.428823 1.73420E-10
 tl  81  -0.121741 -0.891741  1.276825  0.626118 1.10797E-10
 pb  82   2.152246  0.112247  2.280813  1.630105 2.11087E-08
 bi  83   0.601850 -0.048150  2.120416  1.469709 5.99487E-10
 po  84   1.597231 -9.000000  0.000000  0.000000 5.93202E-09
#[ls/Fe]_Bisterzo =   0.5240, [hs/Fe]_Bisterzo =   0.9126
#[hs/ls]_Bisterzo =   0.3886, [Pb/hs]_Bisterzo =   1.3683
#[ls/Fe]_Thiswork =   0.4746, [hs/Fe]_Thiswork =   1.0529
#[hs/ls]_Thiswork =   0.5783, [Pb/hs]_Thiswork =   1.2279
# C/O = 1.9664E+01, c12/c13 = 6.80591E+03, n14/n15 = 3.79260E+03
# o16/o17 = 2.73353E+02, o16/o18 = 4.16387E+03
# mg24/mg25 = 3.2349E+00, mg24/mg26 = 2.7472E+00
#
#  TP   Mass     Mcore    Menv    log L
#  5 1.959370 0.665200 1.294170 4.061890
# El  Z   log e(X)   [X/H]    [X/Fe]     [X/O]      X(i)
  p   1  12.000000  0.000000  0.000000  0.000000 7.17857E-01
 he   2  10.996644  0.066644  2.235210  1.584503 2.82883E-01
 li   3   0.949122 -2.310878 -0.142311 -0.793019 4.39665E-11
 be   4   0.000000 -1.300000  0.000000  0.000000 6.40061E-20
  b   5   0.000000 -2.790000  0.000000  0.000000 1.62349E-36
  c   6   8.719777  0.249777  2.418344  1.767636 4.48677E-03
  n   7   6.304017 -1.565983  0.602583 -0.048124 2.00881E-05
  o   8   7.397760 -1.332240  0.836327  0.000000 2.84728E-04
  f   9   4.690523  0.270523  2.439089  1.602762 6.63449E-07
 ne  10   7.403903 -0.566096  1.602470  0.766143 3.64252E-04
 na  11   5.306895 -0.933105  1.235462  0.399135 3.31903E-06
 mg  12   5.898957 -1.741043  0.427524 -0.408803 1.37161E-05
 al  13   4.386296 -2.063704  0.104863 -0.731464 4.67679E-07
 si  14   5.404908 -2.145092  0.023474 -0.812853 5.08130E-06
  p  15   3.454526 -1.955474  0.213093 -0.623234 6.28203E-08
  s  16   4.997360 -2.152640  0.015926 -0.820401 2.26970E-06
 cl  17   3.085672 -2.144328  0.024239 -0.812088 3.07541E-08
 ar  18   4.274213 -2.165787  0.002779 -0.833548 5.34916E-07
  k  19   2.924701 -2.155299  0.013268 -0.823060 2.34117E-08
 ca  20   4.122655 -2.167345  0.001222 -0.835105 3.78563E-07
 sc  21   0.953890 -2.096110  0.072457 -0.763870 2.87909E-10
 ti  22   2.752582 -2.157418  0.011148 -0.825179 1.92839E-08
  v  23   1.792995 -2.167005  0.001562 -0.834765 2.25242E-09
 cr  24   3.455705 -2.184295 -0.015728 -0.852056 1.05743E-07
 mn  25   3.313001 -2.166999  0.001567 -0.834760 8.04361E-08
 fe  26   5.373776 -2.166224  0.000000 -0.833984 9.40454E-06
 co  27   2.880395 -1.989605  0.176619 -0.657365 3.18663E-08
 ni  28   4.060800 -2.139200  0.027024 -0.806961 4.80799E-07
 cu  29   2.361174 -1.888826  0.277398 -0.556587 1.03954E-08
 zn  30   2.537638 -2.092362  0.073862 -0.760123 1.60640E-08
 ga  31   1.154419 -1.925581  0.240643 -0.593341 7.08554E-10
 ge  32   1.585399 -1.994601  0.171623 -0.662362 1.99137E-09
 as  33   0.250037 -2.049963  0.116261 -0.717723 9.48908E-11
 se  34   1.361830 -1.978170  0.188054 -0.645931 1.29364E-09
 br  35   0.561237 -1.978763  0.187461 -0.646523 2.07197E-10
 kr  36   1.432048 -1.817952  0.348272 -0.485713 1.61383E-09
 rb  37   0.743692 -1.776308  0.389916 -0.444068 3.37344E-10
 sr  38   1.322608 -1.557392  0.608832 -0.225152 1.31156E-09
  y  39   0.766173 -1.443827  0.722397 -0.111587 3.69557E-10
 zr  40   1.220416 -1.309584  0.856640  0.022656 1.07920E-09
 nb  41   0.046823 -1.363177  0.803047 -0.030938 7.36960E-11
 mo  42   0.406571 -1.533429  0.632795 -0.201189 1.74240E-10
 tc  43   0.000000 -9.000000  0.000000  0.000000 0.00000E+00
 ru  44   0.024883 -1.735117  0.431107 -0.402877 7.62225E-11
 rh  45  -0.870651 -1.930651  0.235573 -0.598412 9.87114E-12
 pd  46   0.004921 -1.645079  0.521145 -0.312839 7.66516E-11
 ag  47  -0.647862 -1.847862  0.318362 -0.515623 1.72825E-11
 cd  48   0.236531 -1.473469  0.692755 -0.141229 1.38012E-10
 in  49  -0.833032 -1.593032  0.573192 -0.260792 1.20103E-11
 sn  50   0.745504 -1.324496  0.841728  0.007744 4.70510E-10
 sb  51  -0.716945 -1.726945  0.439279 -0.394705 1.66394E-11
 te  52   0.365941 -1.814059  0.352165 -0.481819 2.11042E-10
  i  53  -0.440075 -1.990075  0.176149 -0.657835 3.28079E-11
 xe  54   0.612224 -1.627776  0.538448 -0.295537 3.82862E-10
 cs  55  -0.612676 -1.692676  0.473548 -0.360436 2.30910E-11
 ba  56   1.331254 -0.848746  1.317478  0.483494 2.09695E-09
 la  57   0.338367 -0.831633  1.334591  0.500606 2.15608E-10
 ce  58   0.871545 -0.708455  1.457769  0.623784 7.42352E-10
 pr  59  -0.157092 -0.917092  1.249132  0.415148 6.98909E-11
 nd  60   0.579618 -0.870383  1.295841  0.461857 3.90194E-10
 pm  61   0.000000 -9.000000  0.000000  0.000000 0.00000E+00
 sm  62  -0.188663 -1.128663  1.037561  0.203577 6.93500E-11
 eu  63  -1.149808 -1.659808  0.506416 -0.327568 7.66497E-12
 gd  64  -0.304872 -1.354872  0.811352 -0.022632 5.55004E-11
 tb  65  -1.213718 -1.533718  0.632506 -0.201479 6.91912E-12
 dy  66  -0.150582 -1.280582  0.885642  0.051657 8.18179E-11
 ho  67  -1.133636 -1.603636  0.562588 -0.271396 8.63459E-12
 er  68  -0.338885 -1.258885  0.907339  0.073354 5.45861E-11
 tm  69  -1.278205 -1.398205  0.768019 -0.065965 6.34001E-12
 yb  70  -0.014543 -0.934543  1.231681  0.397697 1.19174E-10
 lu  71  -0.944597 -1.034597  1.131627  0.297642 1.41559E-11
 hf  72  -0.082562 -0.792562  1.373662  0.539677 1.05106E-10
 ta  73  -1.039545 -0.919545  1.246679  0.412695 1.17648E-11
  w  74  -0.120262 -0.770262  1.395962  0.561978 9.92557E-11
 re  75  -1.041203 -1.301203  0.865021  0.031037 1.20606E-11
 os  76  -0.101134 -1.451134  0.715090 -0.118895 1.07330E-10
 ir  77  -0.603945 -1.923945  0.242279 -0.591705 3.40741E-11
 pt  78   0.007401 -1.612599  0.553625 -0.280360 1.41314E-10
 au  79  -0.779084 -1.579084  0.587140 -0.246845 2.33285E-11
 hg  80   0.395552 -0.774448  1.391776  0.557791 3.55171E-10
 tl  81   0.203048 -0.566952  1.599272  0.765287 2.32311E-10
 pb  82   2.402356  0.362356  2.528580  1.694596 3.72669E-08
 bi  83   0.836439  0.186439  2.352663  1.518679 1.02122E-09
 po  84   1.753239 -9.000000  0.000000  0.000000 8.43262E-09
#[ls/Fe]_Bisterzo =   0.7895, [hs/Fe]_Bisterzo =   1.2227
#[hs/ls]_Bisterzo =   0.4331, [Pb/hs]_Bisterzo =   1.3059
#[ls/Fe]_Thiswork =   0.7293, [hs/Fe]_Thiswork =   1.3699
#[hs/ls]_Thiswork =   0.6407, [Pb/hs]_Thiswork =   1.1586
# C/O = 2.0990E+01, c12/c13 = 1.07777E+04, n14/n15 = 3.70863E+03
# o16/o17 = 4.11919E+02, o16/o18 = 6.36386E+03
# mg24/mg25 = 1.8332E+00, mg24/mg26 = 1.5438E+00
#
#  TP   Mass     Mcore    Menv    log L
#  6 1.959190 0.666230 1.292960 4.079320
# El  Z   log e(X)   [X/H]    [X/Fe]     [X/O]      X(i)
  p   1  12.000000  0.000000  0.000000  0.000000 7.12057E-01
 he   2  11.005869  0.075869  2.242093  1.408108 2.86621E-01
 li   3   0.965553 -2.294447 -0.128223 -0.962207 4.52929E-11
 be   4   0.000000 -1.300000  0.000000  0.000000 8.23302E-35
  b   5   0.000000 -2.790000  0.000000  0.000000 3.41902E-32
  c   6   8.862802  0.392801  2.559025  1.725041 6.18636E-03
  n   7   6.322451 -1.547549  0.618675 -0.215309 2.07898E-05
  o   8   7.512000 -1.217999  0.948225  0.000000 3.67407E-04
  f   9   4.956528  0.536528  2.702752  1.754528 1.21420E-06
 ne  10   7.602767 -0.367232  1.798992  0.850767 5.71140E-04
 na  11   5.530114 -0.709886  1.456338  0.508113 5.50436E-06
 mg  12   6.101838 -1.538162  0.628062 -0.320163 2.17064E-05
 al  13   4.452950 -1.997049  0.169175 -0.779050 5.40853E-07
 si  14   5.414638 -2.135363  0.030861 -0.917363 5.15444E-06
  p  15   3.523996 -1.886003  0.280221 -0.668004 7.31220E-08
  s  16   5.001362 -2.148638  0.017586 -0.930638 2.27221E-06
 cl  17   3.095737 -2.134263  0.031961 -0.916263 3.12209E-08
 ar  18   4.276933 -2.163067  0.003157 -0.945068 5.33927E-07
  k  19   2.930972 -2.149028  0.017196 -0.931028 2.35603E-08
 ca  20   4.124910 -2.165090  0.001134 -0.947090 3.77460E-07
 sc  21   0.981145 -2.068855  0.097369 -0.850856 3.04079E-10
 ti  22   2.759190 -2.150810  0.015414 -0.932811 1.94214E-08
  v  23   1.795628 -2.164372  0.001852 -0.946373 2.24780E-09
 cr  24   3.458892 -2.181108 -0.014884 -0.963109 1.05661E-07
 mn  25   3.316442 -2.163558  0.002666 -0.945558 8.04211E-08
 fe  26   5.376540 -2.163460  0.000000 -0.945460 9.38812E-06
 co  27   2.925560 -1.944440  0.219020 -0.726440 3.50730E-08
 ni  28   4.068536 -2.131464  0.031996 -0.913464 4.85486E-07
 cu  29   2.403208 -1.846792  0.316668 -0.628793 1.13593E-08
 zn  30   2.561034 -2.068966  0.094494 -0.850966 1.68161E-08
 ga  31   1.219860 -1.860140  0.303320 -0.642140 8.17129E-10
 ge  32   1.652946 -1.927053  0.236406 -0.709054 2.30769E-09
 as  33   0.299258 -2.000742  0.162718 -0.782742 1.05420E-10
 se  34   1.449519 -1.890481  0.272979 -0.672481 1.57029E-09
 br  35   0.638297 -1.901703  0.261757 -0.683703 2.45426E-10
 kr  36   1.568375 -1.681625  0.481834 -0.463626 2.19110E-09
 rb  37   0.876986 -1.643014  0.520445 -0.425015 4.54824E-10
 sr  38   1.505694 -1.374306  0.789154 -0.156306 1.98313E-09
  y  39   0.956140 -1.253860  0.909599 -0.035861 5.67708E-10
 zr  40   1.412874 -1.117126  1.046334  0.100874 1.66739E-09
 nb  41   0.236575 -1.173425  0.990035  0.044575 1.13155E-10
 mo  42   0.583178 -1.356822  0.806637 -0.138823 2.59556E-10
 tc  43   0.000000 -9.000000  0.000000  0.000000 0.00000E+00
 ru  44   0.187963 -1.572037  0.591422 -0.354038 1.10063E-10
 rh  45  -0.760646 -1.820646  0.342814 -0.602646 1.26139E-11
 pd  46   0.192500 -1.457500  0.705960 -0.239500 1.17106E-10
 ag  47  -0.505727 -1.705727  0.457733 -0.487727 2.37805E-11
 cd  48   0.434213 -1.275787  0.887672 -0.057788 2.15812E-10
 in  49  -0.653867 -1.413867  0.749593 -0.195867 1.79969E-11
 sn  50   0.944792 -1.125208  1.038252  0.092791 7.38472E-10
 sb  51  -0.535170 -1.545170  0.618290 -0.327170 2.50836E-11
 te  52   0.557462 -1.622538  0.540921 -0.404539 3.25362E-10
  i  53  -0.352914 -1.902914  0.260546 -0.684914 3.97755E-11
 xe  54   0.778669 -1.461331  0.702129 -0.243331 5.57141E-10
 cs  55  -0.455809 -1.535809  0.627651 -0.317809 3.28690E-11
 ba  56   1.528381 -0.651619  1.511841  0.566381 3.27485E-09
 la  57   0.535152 -0.634848  1.528612  0.583152 3.36456E-10
 ce  58   1.068478 -0.511522  1.651937  0.706477 1.15883E-09
 pr  59   0.040698 -0.719302  1.444158  0.498698 1.09317E-10
 nd  60   0.775042 -0.674958  1.488501  0.543041 6.06990E-10
 pm  61   0.000000 -9.000000  0.000000  0.000000 0.00000E+00
 sm  62   0.001795 -0.938205  1.225255  0.279794 1.06655E-10
 eu  63  -0.996299 -1.506299  0.657161 -0.288299 1.08267E-11
 gd  64  -0.119525 -1.169525  0.993935  0.048475 8.43567E-11
 tb  65  -1.049696 -1.369696  0.793764 -0.151696 1.00127E-11
 dy  66   0.027137 -1.102863  1.060597  0.115136 1.22192E-10
 ho  67  -0.981581 -1.451581  0.711879 -0.233581 1.21555E-11
 er  68  -0.155956 -1.075956  1.087503  0.142043 8.25063E-11
 tm  69  -1.108162 -1.228162  0.935298 -0.010162 9.30270E-12
 yb  70   0.181278 -0.738722  1.424738  0.479278 1.85558E-10
 lu  71  -0.753304 -0.843305  1.320155  0.374695 2.18125E-11
 hf  72   0.110894 -0.599106  1.564354  0.618894 1.62765E-10
 ta  73  -0.849803 -0.729803  1.433657  0.488196 1.80636E-11
  w  74   0.074426 -0.575574  1.587885  0.642425 1.54142E-10
 re  75  -0.854892 -1.114892  1.048568  0.103108 1.83721E-11
 os  76   0.072605 -1.277395  0.886065 -0.059395 1.58832E-10
 ir  77  -0.499165 -1.819165  0.344295 -0.601165 4.30211E-11
 pt  78   0.169545 -1.450455  0.713005 -0.232455 2.03614E-10
 au  79  -0.619634 -1.419634  0.743826 -0.201634 3.34052E-11
 hg  80   0.588821 -0.581179  1.582281  0.636821 5.49775E-10
 tl  81   0.401142 -0.368858  1.794602  0.849142 3.63615E-10
 pb  82   2.554634  0.514634  2.678094  1.732634 5.24902E-08
 bi  83   0.973344  0.323344  2.486804  1.541343 1.38836E-09
 po  84   1.832667 -9.000000  0.000000  0.000000 1.00431E-08
#[ls/Fe]_Bisterzo =   0.9780, [hs/Fe]_Bisterzo =   1.4141
#[hs/ls]_Bisterzo =   0.4362, [Pb/hs]_Bisterzo =   1.2640
#[ls/Fe]_Thiswork =   0.9150, [hs/Fe]_Thiswork =   1.5641
#[hs/ls]_Thiswork =   0.6491, [Pb/hs]_Thiswork =   1.1140
# C/O = 2.2429E+01, c12/c13 = 1.43466E+04, n14/n15 = 3.59842E+03
# o16/o17 = 5.27948E+02, o16/o18 = 8.23231E+03
# mg24/mg25 = 1.3224E+00, mg24/mg26 = 1.1012E+00
#
#  TP   Mass     Mcore    Menv    log L
#  7 1.958550 0.667530 1.291020 4.095360
# El  Z   log e(X)   [X/H]    [X/Fe]     [X/O]      X(i)
  p   1  12.000000  0.000000  0.000000  0.000000 7.06562E-01
 he   2  11.014680  0.084680  2.248139  1.302679 2.90239E-01
 li   3   0.972122 -2.287878 -0.124418 -1.069878 4.56283E-11
 be   4   0.000000 -1.300000  0.000000  0.000000 5.46828E-21
  b   5   0.000000 -2.790000  0.000000  0.000000 2.90946E-33
  c   6   8.961864  0.491863  2.655323  1.709863 7.71139E-03
  n   7   6.342423 -1.527576  0.635883 -0.309577 2.16002E-05
  o   8   7.588798 -1.141201  1.022258  0.000000 4.35092E-04
  f   9   5.140653  0.720653  2.884113  1.861855 1.84099E-06
 ne  10   7.743586 -0.226414  1.937046  0.914787 7.83784E-04
 na  11   5.697334 -0.542666  1.620794  0.598536 8.02718E-06
 mg  12   6.256465 -1.383535  0.779925 -0.242333 3.07504E-05
 al  13   4.522640 -1.927360  0.236100 -0.786158 6.30092E-07
 si  14   5.424067 -2.125933  0.037527 -0.984731 5.22694E-06
  p  15   3.578307 -1.831693  0.331767 -0.690491 8.22231E-08
  s  16   5.005115 -2.144886  0.018574 -1.003684 2.27424E-06
 cl  17   3.105116 -2.124884  0.038576 -0.983683 3.16562E-08
 ar  18   4.279582 -2.160419  0.003041 -1.019217 5.33048E-07
  k  19   2.936759 -2.143241  0.020219 -1.002039 2.36921E-08
 ca  20   4.127147 -2.162853  0.000607 -1.021651 3.76481E-07
 sc  21   1.005000 -2.045000  0.118460 -0.903798 3.18770E-10
 ti  22   2.765517 -2.144483  0.018977 -1.003281 1.95544E-08
  v  23   1.798126 -2.161874  0.001586 -1.020672 2.24333E-09
 cr  24   3.462008 -2.177992 -0.014533 -1.036791 1.05601E-07
 mn  25   3.320048 -2.159952  0.003508 -1.018750 8.04658E-08
 fe  26   5.379279 -2.160721  0.000000 -1.019520 9.37461E-06
 co  27   2.963357 -1.906643  0.254078 -0.765441 3.79669E-08
 ni  28   4.074756 -2.125244  0.035478 -0.984042 4.88689E-07
 cu  29   2.430868 -1.819132  0.341589 -0.677930 1.20129E-08
 zn  30   2.577615 -2.052385  0.108336 -0.911184 1.73357E-08
 ga  31   1.265207 -1.814793  0.345929 -0.673591 9.00063E-10
 ge  32   1.702805 -1.877195  0.283526 -0.735994 2.56844E-09
 as  33   0.339002 -1.960998  0.199723 -0.819797 1.14631E-10
 se  34   1.519897 -1.820103  0.340618 -0.678902 1.83229E-09
 br  35   0.702315 -1.837685  0.323037 -0.696483 2.82211E-10
 kr  36   1.694126 -1.555874  0.604847 -0.414672 2.90435E-09
 rb  37   0.988298 -1.531702  0.629020 -0.390500 5.83166E-10
 sr  38   1.643209 -1.236792  0.923930 -0.095590 2.70086E-09
  y  39   1.094821 -1.115179  1.045542  0.026022 7.75250E-10
 zr  40   1.548571 -0.981429  1.179292  0.159772 2.26136E-09
 nb  41   0.370640 -1.039360  1.121361  0.101841 1.52888E-10
 mo  42   0.709935 -1.230065  0.930656 -0.088863 3.44846E-10
 tc  43   0.000000 -9.000000  0.000000  0.000000 0.00000E+00
 ru  44   0.309615 -1.450385  0.710336 -0.309183 1.44520E-10
 rh  45  -0.669821 -1.729821  0.430901 -0.588619 1.54280E-11
 pd  46   0.327454 -1.322546  0.838175 -0.181345 1.58550E-10
 ag  47  -0.395536 -1.595536  0.565185 -0.454335 3.04121E-11
 cd  48   0.571905 -1.138095  1.022626  0.003107 2.94038E-10
 in  49  -0.525745 -1.285745  0.874976 -0.144544 2.39858E-11
 sn  50   1.080976 -0.989023  1.171698  0.152178 1.00266E-09
 sb  51  -0.408340 -1.418340  0.742381 -0.277139 3.33315E-11
 te  52   0.688821 -1.491179  0.669542 -0.349978 4.36880E-10
  i  53  -0.281007 -1.831007  0.329715 -0.689805 4.65756E-11
 xe  54   0.896285 -1.343715  0.817006 -0.202513 7.24797E-10
 cs  55  -0.341726 -1.421726  0.738995 -0.280525 4.24136E-11
 ba  56   1.661236 -0.518764  1.641957  0.622437 4.41247E-09
 la  57   0.667726 -0.502274  1.658447  0.638927 4.53040E-10
 ce  58   1.200628 -0.379372  1.781350  0.761830 1.55886E-09
 pr  59   0.173542 -0.586458  1.574263  0.554744 1.47288E-10
 nd  60   0.907941 -0.542059  1.618662  0.599142 8.17931E-10
 pm  61   0.000000 -9.000000  0.000000  0.000000 0.00000E+00
 sm  62   0.131980 -0.808020  1.352701  0.333181 1.42824E-10
 eu  63  -0.885037 -1.395037  0.765684 -0.253836 1.38801E-11
 gd  64   0.007625 -1.042375  1.118346  0.098826 1.12177E-10
 tb  65  -0.933034 -1.253034  0.907687 -0.111832 1.29972E-11
 dy  66   0.150332 -0.979668  1.181054  0.161534 1.61019E-10
 ho  67  -0.871533 -1.341533  0.819188 -0.200332 1.55402E-11
 er  68  -0.030618 -0.950618  1.210104  0.190584 1.09260E-10
 tm  69  -0.988284 -1.108284  1.052437  0.032917 1.21653E-11
 yb  70   0.314058 -0.605942  1.554780  0.535260 2.49974E-10
 lu  71  -0.621868 -0.711868  1.448853  0.429333 2.92939E-11
 hf  72   0.242090 -0.467910  1.692811  0.673292 2.18471E-10
 ta  73  -0.720778 -0.600778  1.559944  0.540424 2.41250E-11
  w  74   0.206012 -0.443988  1.716733  0.697213 2.07082E-10
 re  75  -0.727258 -0.987258  1.173464  0.153944 2.44584E-11
 os  76   0.195264 -1.154736  1.005985 -0.013535 2.09041E-10
 ir  77  -0.415287 -1.735287  0.425434 -0.594086 5.17839E-11
 pt  78   0.286075 -1.333925  0.826796 -0.192724 2.64225E-10
 au  79  -0.505116 -1.305116  0.855605 -0.163915 4.31486E-11
 hg  80   0.719661 -0.450339  1.710382  0.690862 7.37327E-10
 tl  81   0.533707 -0.236293  1.924428  0.904908 4.89600E-10
 pb  82   2.650963  0.610963  2.771684  1.752164 6.50194E-08
 bi  83   1.057022  0.407022  2.567743  1.548224 1.67038E-09
 po  84   1.872454 -9.000000  0.000000  0.000000 1.09217E-08
#[ls/Fe]_Bisterzo =   1.1124, [hs/Fe]_Bisterzo =   1.5433
#[hs/ls]_Bisterzo =   0.4309, [Pb/hs]_Bisterzo =   1.2284
#[ls/Fe]_Thiswork =   1.0496, [hs/Fe]_Thiswork =   1.6939
#[hs/ls]_Thiswork =   0.6443, [Pb/hs]_Thiswork =   1.0778
# C/O = 2.3608E+01, c12/c13 = 1.71577E+04, n14/n15 = 3.53303E+03
# o16/o17 = 6.24337E+02, o16/o18 = 9.73173E+03
# mg24/mg25 = 1.0859E+00, mg24/mg26 = 8.9520E-01
#
#  TP   Mass     Mcore    Menv    log L
#  8 1.956330 0.668890 1.287440 4.108330
# El  Z   log e(X)   [X/H]    [X/Fe]     [X/O]      X(i)
  p   1  12.000000  0.000000  0.000000  0.000000 7.00674E-01
 he   2  11.024231  0.094231  2.254952  1.235432 2.94220E-01
 li   3   0.940293 -2.319707 -0.158985 -1.178505 4.20505E-11
 be   4  -6.846094 -8.146094  0.000000  0.000000 8.92860E-19
  b   5   0.000000 -2.790000  0.000000  0.000000 2.70667E-34
  c   6   9.044070  0.574070  2.734791  1.715271 9.24070E-03
  n   7   6.365253 -1.504746  0.655975 -0.363545 2.25764E-05
  o   8   7.650105 -1.079895  1.080827  0.000000 4.96882E-04
  f   9   5.301958  0.881958  3.042679  1.961852 2.64680E-06
 ne  10   7.861349 -0.108651  2.052071  0.971244 1.01936E-03
 na  11   5.842911 -0.397089  1.763633  0.682806 1.11303E-05
 mg  12   6.388549 -1.251451  0.909271 -0.171556 4.13333E-05
 al  13   4.599847 -1.850153  0.310568 -0.770258 7.46409E-07
 si  14   5.434624 -2.115376  0.045345 -1.035481 5.31092E-06
  p  15   3.630899 -1.779100  0.381621 -0.699206 9.20350E-08
  s  16   5.009186 -2.140814  0.019907 -1.060919 2.27653E-06
 cl  17   3.114812 -2.115188  0.045533 -1.035294 3.21011E-08
 ar  18   4.282500 -2.157500  0.003222 -1.077605 5.32171E-07
  k  19   2.942839 -2.137161  0.023560 -1.057267 2.38259E-08
 ca  20   4.129651 -2.160349  0.000372 -1.080454 3.75502E-07
 sc  21   1.028624 -2.021376  0.139345 -0.941482 3.33785E-10
 ti  22   2.772212 -2.137788  0.022933 -1.057893 1.96927E-08
  v  23   1.800812 -2.159188  0.001533 -1.079294 2.23843E-09
 cr  24   3.465414 -2.174586 -0.013865 -1.094691 1.05545E-07
 mn  25   3.324281 -2.155719  0.005002 -1.075825 8.05766E-08
 fe  26   5.382307 -2.157693  0.000000 -1.077799 9.36152E-06
 co  27   2.998399 -1.871601  0.286092 -0.791707 4.08144E-08
 ni  28   4.080892 -2.119108  0.038586 -1.039213 4.91512E-07
 cu  29   2.455256 -1.794744  0.362950 -0.714849 1.26009E-08
 zn  30   2.592822 -2.037178  0.120515 -0.957283 1.78039E-08
 ga  31   1.304177 -1.775823  0.381871 -0.695928 9.76357E-10
 ge  32   1.746519 -1.833481  0.324213 -0.753586 2.81677E-09
 as  33   0.375202 -1.924798  0.232896 -0.844903 1.23557E-10
 se  34   1.581294 -1.758706  0.398988 -0.678811 2.09294E-09
 br  35   0.759171 -1.780828  0.376865 -0.700934 3.19004E-10
 kr  36   1.811636 -1.438364  0.719329 -0.358469 3.77507E-09
 rb  37   1.085630 -1.434370  0.723324 -0.354475 7.23585E-10
 sr  38   1.754638 -1.125362  1.032331 -0.045468 3.46176E-09
  y  39   1.206075 -1.003925  1.153768  0.075969 9.93256E-10
 zr  40   1.657157 -0.872843  1.284850  0.207052 2.87953E-09
 nb  41   0.477926 -0.932074  1.225620  0.147821 1.94100E-10
 mo  42   0.812240 -1.127760  1.029933 -0.047866 4.32808E-10
 tc  43   0.000000 -9.000000  0.000000  0.000000 0.00000E+00
 ru  44   0.412255 -1.347745  0.809949 -0.267850 1.81524E-10
 rh  45  -0.586911 -1.646911  0.510782 -0.567017 1.85176E-11
 pd  46   0.440380 -1.209620  0.948074 -0.129725 2.03920E-10
 ag  47  -0.299468 -1.499468  0.658225 -0.419574 3.76254E-11
 cd  48   0.683899 -1.026101  1.131592  0.053793 3.77367E-10
 in  49  -0.420275 -1.180275  0.977419 -0.100380 3.03243E-11
 sn  50   1.190592 -0.879408  1.278285  0.200486 1.27978E-09
 sb  51  -0.304857 -1.314857  0.842836 -0.234963 4.19472E-11
 te  52   0.795346 -1.384654  0.773040 -0.304759 5.53672E-10
  i  53  -0.215461 -1.765461  0.392233 -0.685566 5.37119E-11
 xe  54   0.993326 -1.246674  0.911020 -0.166779 8.98718E-10
 cs  55  -0.245779 -1.325779  0.831914 -0.245885 5.24588E-11
 ba  56   1.768312 -0.411688  1.746006  0.668207 5.59917E-09
 la  57   0.774777 -0.395223  1.762471  0.684672 5.74849E-10
 ce  58   1.307045 -0.272955  1.884738  0.806939 1.97509E-09
 pr  59   0.281132 -0.478868  1.678825  0.601026 1.87121E-10
 nd  60   1.015384 -0.434616  1.723077  0.645278 1.03878E-09
 pm  61   0.000000 -9.000000  0.000000  0.000000 0.00000E+00
 sm  62   0.237311 -0.702689  1.455005  0.377206 1.80509E-10
 eu  63  -0.791422 -1.301422  0.856272 -0.221527 1.70755E-11
 gd  64   0.111053 -0.938946  1.218747  0.140948 1.41156E-10
 tb  65  -0.836638 -1.156638  1.001055 -0.076744 1.60920E-11
 dy  66   0.250271 -0.879729  1.277964  0.200165 2.00993E-10
 ho  67  -0.780014 -1.250014  0.907679 -0.170120 1.90257E-11
 er  68   0.072405 -0.847595  1.310098  0.232299 1.37357E-10
 tm  69  -0.889431 -1.009431  1.148262  0.070464 1.51475E-11
 yb  70   0.422135 -0.497865  1.659829  0.582030 3.17934E-10
 lu  71  -0.515566 -0.605566  1.552127  0.474329 3.71062E-11
 hf  72   0.347055 -0.362945  1.794749  0.716950 2.75883E-10
 ta  73  -0.617334 -0.497334  1.660359  0.582560 3.03582E-11
  w  74   0.312687 -0.337313  1.820380  0.742581 2.62532E-10
 re  75  -0.621370 -0.881370  1.276323  0.198524 3.09515E-11
 os  76   0.297920 -1.052080  1.105614  0.027815 2.62576E-10
 ir  77  -0.339396 -1.659396  0.498298 -0.579501 6.11579E-11
 pt  78   0.382731 -1.237269  0.920425 -0.157374 3.27337E-10
 au  79  -0.411246 -1.211246  0.946447 -0.131352 5.31133E-11
 hg  80   0.825034 -0.344966  1.812728  0.734929 9.31964E-10
 tl  81   0.639800 -0.130200  2.027493  0.949695 6.19870E-10
 pb  82   2.727654  0.687654  2.845348  1.767549 7.69308E-08
 bi  83   1.121211  0.471211  2.628904  1.551106 1.92031E-09
 po  84   1.902364 -9.000000  0.000000  0.000000 1.16029E-08
#[ls/Fe]_Bisterzo =   1.2193, [hs/Fe]_Bisterzo =   1.6469
#[hs/ls]_Bisterzo =   0.4275, [Pb/hs]_Bisterzo =   1.1985
#[ls/Fe]_Thiswork =   1.1570, [hs/Fe]_Thiswork =   1.7977
#[hs/ls]_Thiswork =   0.6408, [Pb/hs]_Thiswork =   1.0476
# C/O = 2.4772E+01, c12/c13 = 1.96179E+04, n14/n15 = 3.42987E+03
# o16/o17 = 7.11377E+02, o16/o18 = 1.10289E+04
# mg24/mg25 = 9.4072E-01, mg24/mg26 = 7.7267E-01
#
#  TP   Mass     Mcore    Menv    log L
#  9 1.948760 0.670130 1.278630 4.119230
# El  Z   log e(X)   [X/H]    [X/Fe]     [X/O]      X(i)
  p   1  12.000000  0.000000  0.000000  0.000000 6.95111E-01
 he   2  11.033254  0.103253  2.260947  1.183148 2.98011E-01
 li   3   0.910678 -2.349322 -0.191629 -1.269428 3.89667E-11
 be   4  -6.891764 -8.191764  0.000000  0.000000 7.97353E-19
  b   5   0.000000 -2.790000  0.000000  0.000000 2.36852E-34
  c   6   9.108975  0.638975  2.796669  1.718870 1.06451E-02
  n   7   6.387328 -1.482672  0.675021 -0.402778 2.35649E-05
  o   8   7.695470 -1.034530  1.123164  0.000000 5.47213E-04
  f   9   5.432709  1.012709  3.170402  2.047238 3.54822E-06
 ne  10   7.956200 -0.013800  2.143893  1.020730 1.25810E-03
 na  11   5.969338 -0.270662  1.887032  0.763868 1.47731E-05
 mg  12   6.498738 -1.141262  1.016432 -0.106732 5.28479E-05
 al  13   4.677344 -1.772655  0.385038 -0.738126 8.85140E-07
 si  14   5.445108 -2.104892  0.052802 -1.070362 5.39749E-06
  p  15   3.676485 -1.733515  0.424179 -0.698985 1.01409E-07
  s  16   5.013074 -2.136926  0.020768 -1.102396 2.27876E-06
 cl  17   3.123852 -2.106148  0.051545 -1.071619 3.25161E-08
 ar  18   4.285314 -2.154686  0.003007 -1.120157 5.31376E-07
  k  19   2.948548 -2.131452  0.026242 -1.096922 2.39495E-08
 ca  20   4.132082 -2.157918 -0.000225 -1.123388 3.74612E-07
 sc  21   1.050092 -1.999908  0.157785 -0.965379 3.47915E-10
 ti  22   2.778507 -2.131493  0.026201 -1.096963 1.98215E-08
  v  23   1.803326 -2.156674  0.001019 -1.122145 2.23355E-09
 cr  24   3.468689 -2.171311 -0.013618 -1.136781 1.05500E-07
 mn  25   3.328504 -2.151496  0.006197 -1.116967 8.07180E-08
 fe  26   5.385240 -2.154760  0.000000 -1.120230 9.35013E-06
 co  27   3.028512 -1.841488  0.313272 -0.806958 4.33974E-08
 ni  28   4.086251 -2.113749  0.041011 -1.079219 4.93664E-07
 cu  29   2.474563 -1.775437  0.379323 -0.740908 1.30691E-08
 zn  30   2.606089 -2.023911  0.130848 -0.989382 1.82104E-08
 ga  31   1.337442 -1.742558  0.412202 -0.708028 1.04571E-09
 ge  32   1.784718 -1.795282  0.359478 -0.760753 3.05131E-09
 as  33   0.408029 -1.891971  0.262789 -0.857442 1.32200E-10
 se  34   1.635064 -1.704936  0.449824 -0.670406 2.34998E-09
 br  35   0.809604 -1.730396  0.424364 -0.695867 3.55440E-10
 kr  36   1.913495 -1.336505  0.818255 -0.301975 4.73503E-09
 rb  37   1.168904 -1.351096  0.803664 -0.316566 8.69564E-10
 sr  38   1.842712 -1.037288  1.117472 -0.002758 4.20639E-09
  y  39   1.293063 -0.916937  1.237823  0.117593 1.20389E-09
 zr  40   1.741150 -0.788850  1.365910  0.245680 3.46619E-09
 nb  41   0.561227 -0.848773  1.305987  0.185757 2.33273E-10
 mo  42   0.891469 -1.048531  1.106229 -0.014001 5.15302E-10
 tc  43   0.000000 -9.000000  0.000000  0.000000 0.00000E+00
 ru  44   0.491957 -1.268043  0.886717 -0.233514 2.16358E-10
 rh  45  -0.519733 -1.579733  0.575027 -0.545204 2.14438E-11
 pd  46   0.527112 -1.122888  1.031872 -0.088358 2.47018E-10
 ag  47  -0.223408 -1.423408  0.731352 -0.388878 4.44712E-11
 cd  48   0.770116 -0.939884  1.214876  0.094646 4.56581E-10
 in  49  -0.338059 -1.098059  1.056700 -0.063530 3.63533E-11
 sn  50   1.275120 -0.794880  1.359880  0.239650 1.54241E-09
 sb  51  -0.224342 -1.234342  0.920418 -0.199813 5.00906E-11
 te  52   0.877807 -1.302193  0.852566 -0.267664 6.64126E-10
  i  53  -0.160592 -1.710592  0.444168 -0.676062 6.04613E-11
 xe  54   1.069544 -1.170456  0.984304 -0.135926 1.06262E-09
 cs  55  -0.169982 -1.249982  0.904778 -0.215452 6.19659E-11
 ba  56   1.851470 -0.328530  1.826230  0.706000 6.72697E-09
 la  57   0.858246 -0.311754  1.843006  0.722776 6.91131E-10
 ce  58   1.390017 -0.189983  1.964776  0.844546 2.37191E-09
 pr  59   0.365143 -0.394857  1.759903  0.639673 2.25254E-10
 nd  60   1.099079 -0.350921  1.803839  0.683609 1.24957E-09
 pm  61   0.000000 -9.000000  0.000000  0.000000 0.00000E+00
 sm  62   0.319654 -0.620346  1.534414  0.414184 2.16462E-10
 eu  63  -0.716372 -1.226372  0.928387 -0.191843 2.01355E-11
 gd  64   0.192338 -0.857662  1.297098  0.176868 1.68858E-10
 tb  65  -0.759966 -1.079966  1.074794 -0.045436 1.90467E-11
 dy  66   0.329081 -0.800919  1.353840  0.233610 2.39071E-10
 ho  67  -0.706621 -1.176621  0.978139 -0.142092 2.23497E-11
 er  68   0.153765 -0.766235  1.388525  0.268294 1.64342E-10
 tm  69  -0.810936 -0.930936  1.223824  0.103594 1.80042E-11
 yb  70   0.506648 -0.413352  1.741408  0.621178 3.83167E-10
 lu  71  -0.432427 -0.522427  1.632332  0.512102 4.45782E-11
 hf  72   0.429065 -0.280935  1.873825  0.753594 3.30577E-10
 ta  73  -0.536250 -0.416250  1.738510  0.618280 3.62992E-11
  w  74   0.396133 -0.253867  1.900893  0.780663 3.15622E-10
 re  75  -0.537953 -0.797953  1.356807  0.236576 3.72079E-11
 os  76   0.379159 -0.970841  1.183919  0.063689 3.14074E-10
 ir  77  -0.276113 -1.596113  0.558647 -0.561583 7.01896E-11
 pt  78   0.459632 -1.160368  0.994392 -0.125838 3.87645E-10
 au  79  -0.336372 -1.136372  1.018388 -0.101843 6.26058E-11
 hg  80   0.907491 -0.262509  1.892251  0.772020 1.11788E-09
 tl  81   0.722693 -0.047307  2.107453  0.987223 7.44272E-10
 pb  82   2.782527  0.742527  2.897287  1.777057 8.65985E-08
 bi  83   1.165915  0.515915  2.670674  1.550444 2.11160E-09
 po  84   1.919827 -9.000000  0.000000  0.000000 1.19830E-08
#[ls/Fe]_Bisterzo =   1.3019, [hs/Fe]_Bisterzo =   1.7271
#[hs/ls]_Bisterzo =   0.4252, [Pb/hs]_Bisterzo =   1.1702
#[ls/Fe]_Thiswork =   1.2404, [hs/Fe]_Thiswork =   1.8780
#[hs/ls]_Thiswork =   0.6376, [Pb/hs]_Thiswork =   1.0193
# C/O = 2.5912E+01, c12/c13 = 2.15564E+04, n14/n15 = 3.34415E+03
# o16/o17 = 7.84724E+02, o16/o18 = 1.19647E+04
# mg24/mg25 = 8.3804E-01, mg24/mg26 = 6.8845E-01
#
#  TP   Mass     Mcore    Menv    log L
# 10 1.919820 0.671290 1.248530 4.128330
# El  Z   log e(X)   [X/H]    [X/Fe]     [X/O]      X(i)
  p   1  12.000000  0.000000  0.000000  0.000000 6.89155E-01
 he   2  11.042856  0.112856  2.267616  1.147386 3.02063E-01
 li   3   0.904680 -2.355320 -0.200560 -1.320790 3.81030E-11
 be   4  -7.406273 -8.706273  0.000000  0.000000 2.41771E-19
  b   5   0.000000 -2.790000  0.000000  0.000000 2.56046E-35
  c   6   9.169864  0.699863  2.854623  1.734393 1.21422E-02
  n   7   6.412174 -1.457826  0.696934 -0.423296 2.47386E-05
  o   8   7.739333 -0.990666  1.164093  0.000000 6.00181E-04
  f   9   5.549881  1.129880  3.284640  2.120547 4.60728E-06
 ne  10   8.043176  0.073176  2.227936  1.063842 1.52389E-03
 na  11   6.090990 -0.149010  2.005750  0.841657 1.93814E-05
 mg  12   6.602329 -1.037671  1.117089 -0.047004 6.65091E-05
 al  13   4.758303 -1.691697  0.463063 -0.701030 1.05739E-06
 si  14   5.456973 -2.093027  0.061733 -1.102361 5.49945E-06
  p  15   3.723158 -1.686842  0.467918 -0.696176 1.11947E-07
  s  16   5.017312 -2.132688  0.022072 -1.142022 2.28139E-06
 cl  17   3.133502 -2.096498  0.058262 -1.105832 3.29618E-08
 ar  18   4.288364 -2.151636  0.003124 -1.160970 5.30537E-07
  k  19   2.954700 -2.125299  0.029460 -1.134633 2.40831E-08
 ca  20   4.134715 -2.155285 -0.000525 -1.164619 3.73660E-07
 sc  21   1.072322 -1.977678  0.177082 -0.987012 3.63049E-10
 ti  22   2.785185 -2.124815  0.029945 -1.134149 1.99562E-08
  v  23   1.806038 -2.153962  0.000798 -1.163296 2.22828E-09
 cr  24   3.472220 -2.167779 -0.013020 -1.177113 1.05450E-07
 mn  25   3.333001 -2.146999  0.007761 -1.156332 8.08594E-08
 fe  26   5.388410 -2.151590  0.000000 -1.160923 9.33793E-06
 co  27   3.059417 -1.810583  0.341007 -0.819917 4.61989E-08
 ni  28   4.092163 -2.107837  0.043753 -1.117170 4.96142E-07
 cu  29   2.495625 -1.754375  0.397214 -0.763709 1.36010E-08
 zn  30   2.620431 -2.009569  0.142021 -1.018903 1.86606E-08
 ga  31   1.371618 -1.708382  0.443208 -0.717715 1.12163E-09
 ge  32   1.823276 -1.756724  0.394866 -0.766058 3.30604E-09
 as  33   0.441442 -1.858557  0.293032 -0.867891 1.41549E-10
 se  34   1.687168 -1.652832  0.498758 -0.662165 2.62683E-09
 br  35   0.858808 -1.681192  0.470397 -0.690526 3.94669E-10
 kr  36   2.006593 -1.243407  0.908183 -0.252741 5.81678E-09
 rb  37   1.246646 -1.273354  0.878236 -0.282688 1.03111E-09
 sr  38   1.920917 -0.959084  1.192506  0.031583 4.99317E-09
  y  39   1.370414 -0.839586  1.312004  0.151080 1.42627E-09
 zr  40   1.816256 -0.713744  1.437845  0.276922 4.08527E-09
 nb  41   0.635959 -0.774041  1.377549  0.216625 2.74700E-10
 mo  42   0.963106 -0.976894  1.174696  0.013772 6.02507E-10
 tc  43   0.000000 -9.000000  0.000000  0.000000 0.00000E+00
 ru  44   0.563735 -1.196265  0.955325 -0.205599 2.53054E-10
 rh  45  -0.457833 -1.517833  0.633757 -0.527167 2.45168E-11
 pd  46   0.603919 -1.046081  1.105509 -0.055415 2.92280E-10
 ag  47  -0.154609 -1.354609  0.796981 -0.363942 5.16583E-11
 cd  48   0.846799 -0.863201  1.288389  0.127465 5.40087E-10
 in  49  -0.264266 -1.024266  1.127324 -0.033600 4.27170E-11
 sn  50   1.350896 -0.719104  1.432486  0.271562 1.82070E-09
 sb  51  -0.151494 -1.161494  0.990096 -0.170828 5.87310E-11
 te  52   0.952146 -1.227854  0.923735 -0.237188 7.81362E-10
  i  53  -0.108239 -1.658239  0.493351 -0.667573 6.76227E-11
 xe  54   1.139055 -1.100945  1.050645 -0.110278 1.23638E-09
 cs  55  -0.100762 -1.180762  0.970827 -0.190096 7.20502E-11
 ba  56   1.926387 -0.253613  1.897977  0.737053 7.92499E-09
 la  57   0.933495 -0.236505  1.915084  0.754161 8.14839E-10
 ce  58   1.464731 -0.115269  2.036321  0.875398 2.79303E-09
 pr  59   0.440639 -0.319361  1.832228  0.671305 2.65724E-10
 nd  60   1.174366 -0.275634  1.875956  0.715032 1.47336E-09
 pm  61   0.000000 -9.000000  0.000000  0.000000 0.00000E+00
 sm  62   0.393909 -0.546091  1.605499  0.444576 2.54623E-10
 eu  63  -0.647391 -1.157391  0.994199 -0.166725 2.33994E-11
 gd  64   0.265858 -0.784142  1.367448  0.206524 1.98292E-10
 tb  65  -0.689959 -1.009959  1.141631 -0.019292 2.21865E-11
 dy  66   0.400847 -0.729153  1.422437  0.261514 2.79613E-10
 ho  67  -0.638969 -1.108969  1.042620 -0.118303 2.58933E-11
 er  68   0.227579 -0.692421  1.459169  0.298245 1.93119E-10
 tm  69  -0.739268 -0.859268  1.292322  0.131398 2.10526E-11
 yb  70   0.582552 -0.337448  1.814142  0.653218 4.52434E-10
 lu  71  -0.357475 -0.447475  1.704115  0.543191 5.25215E-11
 hf  72   0.503236 -0.206764  1.944826  0.783902 3.88782E-10
 ta  73  -0.462709 -0.342709  1.808880  0.647957 4.26286E-11
  w  74   0.471458 -0.178542  1.973048  0.812125 3.72182E-10
 re  75  -0.462409 -0.722409  1.429181  0.268257 4.38978E-11
 os  76   0.452511 -0.897489  1.254101  0.093177 3.68677E-10
 ir  77  -0.216770 -1.536770  0.614820 -0.546104 7.97770E-11
 pt  78   0.529718 -1.090282  1.061308 -0.099615 4.51630E-10
 au  79  -0.267562 -1.067562  1.084028 -0.076895 7.27256E-11
 hg  80   0.982020 -0.187980  1.963610  0.802687 1.31579E-09
 tl  81   0.797824  0.027824  2.179414  1.018490 8.77253E-10
 pb  82   2.831323  0.791323  2.942913  1.781989 9.60658E-08
 bi  83   1.206314  0.556314  2.707904  1.546981 2.29761E-09
 po  84   1.937077 -9.000000  0.000000  0.000000 1.23617E-08
#[ls/Fe]_Bisterzo =   1.3749, [hs/Fe]_Bisterzo =   1.7988
#[hs/ls]_Bisterzo =   0.4239, [Pb/hs]_Bisterzo =   1.1441
#[ls/Fe]_Thiswork =   1.3141, [hs/Fe]_Thiswork =   1.9498
#[hs/ls]_Thiswork =   0.6357, [Pb/hs]_Thiswork =   0.9931
# C/O = 2.6948E+01, c12/c13 = 2.33590E+04, n14/n15 = 3.28941E+03
# o16/o17 = 8.60670E+02, o16/o18 = 1.26593E+04
# mg24/mg25 = 7.5614E-01, mg24/mg26 = 6.2145E-01
#
#  TP   Mass     Mcore    Menv    log L
# 11 1.628680 0.672400 0.956280 4.132180
# El  Z   log e(X)   [X/H]    [X/Fe]     [X/O]      X(i)
  p   1  12.000000  0.000000  0.000000  0.000000 6.83345E-01
 he   2  11.052204  0.122204  2.273794  1.112870 3.06034E-01
 li   3   0.918062 -2.341938 -0.190348 -1.351271 3.89641E-11
 be   4   0.000000 -1.300000  0.000000  0.000000 4.08921E-21
  b   5   0.000000 -2.790000  0.000000  0.000000 0.00000E+00
  c   6   9.221607  0.751607  2.903197  1.742273 1.35633E-02
  n   7   6.438106 -1.431894  0.719696 -0.441227 2.60394E-05
  o   8   7.776422 -0.953578  1.198012  0.000000 6.48178E-04
  f   9   5.649240  1.229240  3.380830  2.182818 5.74286E-06
 ne  10   8.119961  0.149961  2.301551  1.103539 1.80328E-03
 na  11   6.202927 -0.037073  2.114517  0.916505 2.48683E-05
 mg  12   6.693075 -0.946925  1.204665  0.006653 8.12737E-05
 al  13   4.836734 -1.613266  0.538324 -0.659688 1.25599E-06
 si  14   5.469420 -2.080580  0.071010 -1.127002 5.61164E-06
  p  15   3.768569 -1.641431  0.510159 -0.687853 1.23238E-07
  s  16   5.021567 -2.128433  0.023157 -1.174855 2.28443E-06
 cl  17   3.142832 -2.087168  0.064422 -1.133590 3.33937E-08
 ar  18   4.291381 -2.148619  0.002971 -1.195041 5.29732E-07
  k  19   2.960712 -2.119287  0.032302 -1.165709 2.42129E-08
 ca  20   4.137326 -2.152674 -0.001084 -1.199096 3.72745E-07
 sc  21   1.093225 -1.956774  0.194815 -1.003196 3.77740E-10
 ti  22   2.791698 -2.118302  0.033288 -1.164724 2.00869E-08
  v  23   1.808700 -2.151300  0.000289 -1.197722 2.22308E-09
 cr  24   3.475701 -2.164299 -0.012709 -1.210721 1.05402E-07
 mn  25   3.337502 -2.142498  0.009092 -1.188920 8.10130E-08
 fe  26   5.391543 -2.148457  0.000000 -1.194879 9.32625E-06
 co  27   3.087502 -1.782498  0.365958 -0.828920 4.88697E-08
 ni  28   4.097860 -2.102140  0.046317 -1.148562 4.98455E-07
 cu  29   2.515195 -1.734805  0.413651 -0.781227 1.41079E-08
 zn  30   2.634646 -1.995354  0.153103 -1.041776 1.91189E-08
 ga  31   1.404164 -1.675836  0.472621 -0.722258 1.19873E-09
 ge  32   1.859762 -1.720238  0.428219 -0.766660 3.56548E-09
 as  33   0.473433 -1.826566  0.321890 -0.872988 1.51085E-10
 se  34   1.734853 -1.605147  0.543309 -0.651569 2.90696E-09
 br  35   0.904078 -1.635922  0.512534 -0.682344 4.34336E-10
 kr  36   2.087557 -1.162443  0.986013 -0.208865 6.94976E-09
 rb  37   1.314777 -1.205223  0.943234 -0.251645 1.19608E-09
 sr  38   1.987821 -0.892179  1.256277  0.061399 5.77569E-09
  y  39   1.436419 -0.773581  1.374876  0.179997 1.64638E-09
 zr  40   1.880406 -0.649594  1.498863  0.303984 4.69564E-09
 nb  41   0.699838 -0.710162  1.438294  0.243416 3.15545E-10
 mo  42   1.024765 -0.915235  1.233222  0.038343 6.88565E-10
 tc  43   0.000000 -9.000000  0.000000  0.000000 0.00000E+00
 ru  44   0.625892 -1.134108  1.014348 -0.180530 2.89530E-10
 rh  45  -0.403036 -1.463036  0.685421 -0.509458 2.75794E-11
 pd  46   0.669910 -0.980090  1.168367 -0.026512 3.37375E-10
 ag  47  -0.094621 -1.294621  0.853836 -0.341043 5.88101E-11
 cd  48   0.912439 -0.797561  1.350896  0.156017 6.22914E-10
 in  49  -0.200824 -0.960824  1.187633 -0.007246 4.90192E-11
 sn  50   1.415738 -0.654262  1.494195  0.299316 2.09607E-09
 sb  51  -0.088802 -1.098802  1.049654 -0.145224 6.72793E-11
 te  52   1.015984 -1.164016  0.984440 -0.210438 8.97457E-10
  i  53  -0.061222 -1.611222  0.537235 -0.657644 7.47193E-11
 xe  54   1.199144 -1.040856  1.107601 -0.087278 1.40788E-09
 cs  55  -0.040824 -1.120824  1.027633 -0.167246 8.20156E-11
 ba  56   1.990656 -0.189344  1.959112  0.764234 9.11152E-09
 la  57   0.998094 -0.171906  1.976550  0.781672 9.37549E-10
 ce  58   1.528717 -0.051283  2.097174  0.902295 3.20911E-09
 pr  59   0.505235 -0.254765  1.893691  0.698813 3.05739E-10
 nd  60   1.238978 -0.211022  1.937435  0.742556 1.69529E-09
 pm  61   0.000000 -9.000000  0.000000  0.000000 0.00000E+00
 sm  62   0.457825 -0.482175  1.666281  0.471403 2.92507E-10
 eu  63  -0.587533 -1.097533  1.050924 -0.143955 2.66310E-11
 gd  64   0.329223 -0.720777  1.427679  0.232801 2.27506E-10
 tb  65  -0.629211 -0.949211  1.199245  0.004367 2.53023E-11
 dy  66   0.462753 -0.667247  1.481210  0.286331 3.19732E-10
 ho  67  -0.580120 -1.050120  1.098336 -0.096542 2.94008E-11
 er  68   0.290992 -0.629008  1.519448  0.324570 2.21596E-10
 tm  69  -0.677292 -0.797292  1.351165  0.156286 2.40772E-11
 yb  70   0.647714 -0.272286  1.876170  0.681292 5.21242E-10
 lu  71  -0.293028 -0.383028  1.765429  0.570550 6.04099E-11
 hf  72   0.566884 -0.143116  2.005341  0.810462 4.46352E-10
 ta  73  -0.399538 -0.279538  1.868919  0.674040 4.88873E-11
  w  74   0.536007 -0.113993  2.034463  0.839585 4.28180E-10
 re  75  -0.397682 -0.657682  1.490774  0.295896 5.05235E-11
 os  76   0.515842 -0.834158  1.314299  0.119420 4.22962E-10
 ir  77  -0.164016 -1.484016  0.664441 -0.530438 8.93215E-11
 pt  78   0.590444 -1.029556  1.118900 -0.075978 5.15029E-10
 au  79  -0.207939 -1.007939  1.140517 -0.054361 8.27245E-11
 hg  80   1.045984 -0.124016  2.024441  0.829562 1.51173E-09
 tl  81   0.862307  0.092307  2.240763  1.045885 1.00909E-09
 pb  82   2.871909  0.831909  2.980366  1.785487 1.04587E-07
 bi  83   1.239723  0.589723  2.738180  1.543301 2.46041E-09
 po  84   1.951022 -9.000000  0.000000  0.000000 1.26575E-08
#[ls/Fe]_Bisterzo =   1.4369, [hs/Fe]_Bisterzo =   1.8601
#[hs/ls]_Bisterzo =   0.4232, [Pb/hs]_Bisterzo =   1.1203
#[ls/Fe]_Thiswork =   1.3767, [hs/Fe]_Thiswork =   2.0109
#[hs/ls]_Thiswork =   0.6343, [Pb/hs]_Thiswork =   0.9694
# C/O = 2.7873E+01, c12/c13 = 2.47360E+04, n14/n15 = 3.26655E+03
# o16/o17 = 9.30501E+02, o16/o18 = 1.33235E+04
# mg24/mg25 = 6.9894E-01, mg24/mg26 = 5.7380E-01
#
#  TP   Mass     Mcore    Menv    log L
# 12 1.132120 0.673220 0.458900 4.129750
# El  Z   log e(X)   [X/H]    [X/Fe]     [X/O]      X(i)
  p   1  12.000000  0.000000  0.000000  0.000000 6.76348E-01
 he   2  11.063320  0.133320  2.281776  1.086898 3.10753E-01
 li   3   0.969677 -2.290323 -0.141866 -1.336745 4.34319E-11
 be   4   0.000000 -1.300000  0.000000  0.000000 0.00000E+00
  b   5   0.000000 -2.790000  0.000000  0.000000 4.51987E-29
  c   6   9.278633  0.808633  2.957089  1.762211 1.53081E-02
  n   7   6.470981 -1.399019  0.749438 -0.445441 2.77995E-05
  o   8   7.818846 -0.911154  1.237303  0.000000 7.07373E-04
  f   9   5.753820  1.333820  3.482276  2.244974 7.23166E-06
 ne  10   8.203115  0.233116  2.381572  1.144269 2.16146E-03
 na  11   6.328592  0.088592  2.237049  0.999746 3.28731E-05
 mg  12   6.795211 -0.844789  1.303668  0.066365 1.01769E-04
 al  13   4.927063 -1.522937  0.625520 -0.611783 1.53055E-06
 si  14   5.485399 -2.064601  0.083856 -1.153447 5.76234E-06
  p  15   3.820951 -1.589048  0.559408 -0.677895 1.37613E-07
  s  16   5.026781 -2.123219  0.025238 -1.212065 2.28835E-06
 cl  17   3.154160 -2.075840  0.072617 -1.164686 3.39253E-08
 ar  18   4.295044 -2.144956  0.003500 -1.233802 5.28748E-07
  k  19   2.968050 -2.111950  0.036507 -1.200796 2.43733E-08
 ca  20   4.140479 -2.149521 -0.001064 -1.238367 3.71617E-07
 sc  21   1.118190 -1.931810  0.216646 -1.020656 3.95993E-10
 ti  22   2.799587 -2.110413  0.038044 -1.199259 2.02457E-08
  v  23   1.811970 -2.148030  0.000426 -1.236876 2.21695E-09
 cr  24   3.479923 -2.160077 -0.011620 -1.248923 1.05342E-07
 mn  25   3.342771 -2.137229  0.011227 -1.226076 8.11620E-08
 fe  26   5.395339 -2.144661  0.000000 -1.233508 9.31178E-06
 co  27   3.120877 -1.749123  0.395539 -0.837969 5.22331E-08
 ni  28   4.104968 -2.095032  0.049629 -1.183878 5.01492E-07
 cu  29   2.539342 -1.710658  0.434003 -0.799504 1.47618E-08
 zn  30   2.652288 -1.977712  0.166950 -1.066558 1.97077E-08
 ga  31   1.442880 -1.637120  0.507541 -0.725966 1.29708E-09
 ge  32   1.902429 -1.677571  0.467090 -0.766418 3.89327E-09
 as  33   0.511184 -1.788816  0.355845 -0.877662 1.63118E-10
 se  34   1.788976 -1.551024  0.593637 -0.639870 3.25907E-09
 br  35   0.955726 -1.584274  0.560387 -0.673120 4.84176E-10
 kr  36   2.173571 -1.076429  1.068232 -0.165276 8.38522E-09
 rb  37   1.389774 -1.130226  1.014436 -0.219072 1.40698E-09
 sr  38   2.059343 -0.820657  1.324005  0.090497 6.73995E-09
  y  39   1.507369 -0.702631  1.442030  0.208523 1.91871E-09
 zr  40   1.949789 -0.580211  1.564451  0.330943 5.45266E-09
 nb  41   0.769264 -0.640736  1.503926  0.270418 3.66453E-10
 mo  42   1.091844 -0.848156  1.296505  0.062997 7.95342E-10
 tc  43   0.000000 -9.000000  0.000000  0.000000 0.00000E+00
 ru  44   0.692118 -1.067882  1.076779 -0.156729 3.33772E-10
 rh  45  -0.344158 -1.404158  0.740503 -0.493004 3.12603E-11
 pd  46   0.739420 -0.910580  1.234081  0.000574 3.91880E-10
 ag  47  -0.030418 -1.230418  0.914243 -0.319265 6.74815E-11
 cd  48   0.982633 -0.727367  1.417294  0.183786 7.24689E-10
 in  49  -0.132467 -0.892467  1.252194  0.018687 5.67874E-11
 sn  50   1.485763 -0.584237  1.560424  0.326916 2.43759E-09
 sb  51  -0.020668 -1.030668  1.113993 -0.119514 7.79016E-11
 te  52   1.085155 -1.094845  1.049817 -0.183691 1.04164E-09
  i  53  -0.008348 -1.558347  0.586314 -0.647194 8.35290E-11
 xe  54   1.265001 -0.974999  1.169663 -0.063845 1.62163E-09
 cs  55   0.024664 -1.055336  1.089325 -0.144182 9.43877E-11
 ba  56   2.060247 -0.119753  2.024909  0.791401 1.05856E-08
 la  57   1.068017 -0.101983  2.042678  0.809171 1.09005E-09
 ce  58   1.598088  0.018088  2.162750  0.929242 3.72637E-09
 pr  59   0.575097 -0.184903  1.959759  0.726251 3.55421E-10
 nd  60   1.308683 -0.141317  2.003345  0.769837 1.97006E-09
 pm  61   0.000000 -9.000000  0.000000  0.000000 0.00000E+00
 sm  62   0.526771 -0.413229  1.731432  0.497924 3.39322E-10
 eu  63  -0.522023 -1.032023  1.112638 -0.120869 3.06498E-11
 gd  64   0.398092 -0.651908  1.492754  0.259246 2.63872E-10
 tb  65  -0.562653 -0.882653  1.262009  0.028501 2.91910E-11
 dy  66   0.530541 -0.599459  1.545203  0.311695 3.69917E-10
 ho  67  -0.515223 -0.985223  1.159439 -0.074069 3.37899E-11
 er  68   0.359854 -0.560146  1.584515  0.351008 2.57012E-10
 tm  69  -0.609578 -0.729578  1.415083  0.181576 2.78515E-11
 yb  70   0.717713 -0.202287  1.942375  0.708867 6.06135E-10
 lu  71  -0.223330 -0.313330  1.831332  0.597824 7.01999E-11
 hf  72   0.636309 -0.073691  2.070970  0.837462 5.18361E-10
 ta  73  -0.330463 -0.210463  1.934198  0.700690 5.67284E-11
  w  74   0.605901 -0.044099  2.100562  0.867055 4.97796E-10
 re  75  -0.327387 -0.587387  1.557275  0.323767 5.87921E-11
 os  76   0.583853 -0.766147  1.378514  0.145007 4.89601E-10
 ir  77  -0.105729 -1.425729  0.718932 -0.514575 1.01105E-10
 pt  78   0.656751 -0.963249  1.181412 -0.052096 5.93839E-10
 au  79  -0.141955 -0.941955  1.202706 -0.030802 9.53122E-11
 hg  80   1.115482 -0.054518  2.090144  0.856636 1.75591E-09
 tl  81   0.932755  0.162755  2.307417  1.073909 1.17465E-09
 pb  82   2.914616  0.874616  3.019277  1.785769 1.14213E-07
 bi  83   1.275661  0.625661  2.770322  1.536814 2.64530E-09
 po  84   1.966053 -9.000000  0.000000  0.000000 1.29691E-08
#[ls/Fe]_Bisterzo =   1.5032, [hs/Fe]_Bisterzo =   1.9258
#[hs/ls]_Bisterzo =   0.4226, [Pb/hs]_Bisterzo =   1.0935
#[ls/Fe]_Thiswork =   1.4435, [hs/Fe]_Thiswork =   2.0768
#[hs/ls]_Thiswork =   0.6333, [Pb/hs]_Thiswork =   0.9425
# C/O = 2.8826E+01, c12/c13 = 2.60758E+04, n14/n15 = 3.25035E+03
# o16/o17 = 1.01667E+03, o16/o18 = 1.36348E+04
# mg24/mg25 = 6.4239E-01, mg24/mg26 = 5.2687E-01
#
#  TP   Mass     Mcore    Menv    log L
# 13 1.132120 0.673220 0.458900 4.129750
# El  Z   log e(X)   [X/H]    [X/Fe]     [X/O]      X(i)
  p   1  12.000000  0.000000  0.000000  0.000000 6.76348E-01
 he   2  11.063320  0.133320  2.277981  1.044474 3.10753E-01
 li   3   0.969677 -2.290323 -0.145662 -1.379169 4.34319E-11
 be   4   0.000000 -1.300000  0.000000  0.000000 0.00000E+00
  b   5   0.000000 -2.790000  0.000000  0.000000 4.51987E-29
  c   6   9.278633  0.808633  2.953294  1.719787 1.53081E-02
  n   7   6.470981 -1.399019  0.745643 -0.487865 2.77995E-05
  o   8   7.818846 -0.911154  1.233508  0.000000 7.07373E-04
  f   9   5.753820  1.333820  3.478481  2.244974 7.23166E-06
 ne  10   8.203115  0.233116  2.377777  1.144269 2.16146E-03
 na  11   6.328592  0.088592  2.233253  0.999746 3.28731E-05
 mg  12   6.795211 -0.844789  1.299872  0.066365 1.01769E-04
 al  13   4.927063 -1.522937  0.621725 -0.611783 1.53055E-06
 si  14   5.485399 -2.064601  0.080060 -1.153447 5.76234E-06
  p  15   3.820951 -1.589048  0.555613 -0.677895 1.37613E-07
  s  16   5.026781 -2.123219  0.021442 -1.212065 2.28835E-06
 cl  17   3.154160 -2.075840  0.068822 -1.164686 3.39253E-08
 ar  18   4.295044 -2.144956 -0.000295 -1.233802 5.28748E-07
  k  19   2.968050 -2.111950  0.032712 -1.200796 2.43733E-08
 ca  20   4.140479 -2.149521 -0.004859 -1.238367 3.71617E-07
 sc  21   1.118190 -1.931810  0.212851 -1.020656 3.95993E-10
 ti  22   2.799587 -2.110413  0.034249 -1.199259 2.02457E-08
  v  23   1.811970 -2.148030 -0.003369 -1.236876 2.21695E-09
 cr  24   3.479923 -2.160077 -0.015415 -1.248923 1.05342E-07
 mn  25   3.342771 -2.137229  0.007432 -1.226076 8.11620E-08
 fe  26   5.395339 -2.144661  0.000000 -1.233508 9.31178E-06
 co  27   3.120877 -1.749123  0.395539 -0.837969 5.22331E-08
 ni  28   4.104968 -2.095032  0.049629 -1.183878 5.01492E-07
 cu  29   2.539342 -1.710658  0.434003 -0.799504 1.47618E-08
 zn  30   2.652288 -1.977712  0.166950 -1.066558 1.97077E-08
 ga  31   1.442880 -1.637120  0.507541 -0.725966 1.29708E-09
 ge  32   1.902429 -1.677571  0.467090 -0.766418 3.89327E-09
 as  33   0.511184 -1.788816  0.355845 -0.877662 1.63118E-10
 se  34   1.788976 -1.551024  0.593637 -0.639870 3.25907E-09
 br  35   0.955726 -1.584274  0.560387 -0.673120 4.84176E-10
 kr  36   2.173571 -1.076429  1.068232 -0.165276 8.38522E-09
 rb  37   1.389774 -1.130226  1.014436 -0.219072 1.40698E-09
 sr  38   2.059343 -0.820657  1.324005  0.090497 6.73995E-09
  y  39   1.507369 -0.702631  1.442030  0.208523 1.91871E-09
 zr  40   1.949789 -0.580211  1.564451  0.330943 5.45266E-09
 nb  41   0.769264 -0.640736  1.503926  0.270418 3.66453E-10
 mo  42   1.091844 -0.848156  1.296505  0.062997 7.95342E-10
 tc  43   0.000000 -9.000000  0.000000  0.000000 0.00000E+00
 ru  44   0.692118 -1.067882  1.076779 -0.156729 3.33772E-10
 rh  45  -0.344158 -1.404158  0.740503 -0.493004 3.12603E-11
 pd  46   0.739420 -0.910580  1.234081  0.000574 3.91880E-10
 ag  47  -0.030418 -1.230418  0.914243 -0.319265 6.74815E-11
 cd  48   0.982633 -0.727367  1.417294  0.183786 7.24689E-10
 in  49  -0.132467 -0.892467  1.252194  0.018687 5.67874E-11
 sn  50   1.485763 -0.584237  1.560424  0.326916 2.43759E-09
 sb  51  -0.020668 -1.030668  1.113993 -0.119514 7.79016E-11
 te  52   1.085155 -1.094845  1.049817 -0.183691 1.04164E-09
  i  53  -0.008348 -1.558347  0.586314 -0.647194 8.35290E-11
 xe  54   1.265001 -0.974999  1.169663 -0.063845 1.62163E-09
 cs  55   0.024664 -1.055336  1.089325 -0.144182 9.43877E-11
 ba  56   2.060247 -0.119753  2.024909  0.791401 1.05856E-08
 la  57   1.068017 -0.101983  2.042678  0.809171 1.09005E-09
 ce  58   1.598088  0.018088  2.162750  0.929242 3.72637E-09
 pr  59   0.575097 -0.184903  1.959759  0.726251 3.55421E-10
 nd  60   1.308683 -0.141317  2.003345  0.769837 1.97006E-09
 pm  61   0.000000 -9.000000  0.000000  0.000000 0.00000E+00
 sm  62   0.526771 -0.413229  1.731432  0.497924 3.39322E-10
 eu  63  -0.522023 -1.032023  1.112638 -0.120869 3.06498E-11
 gd  64   0.398092 -0.651908  1.492754  0.259246 2.63872E-10
 tb  65  -0.562653 -0.882653  1.262009  0.028501 2.91910E-11
 dy  66   0.530541 -0.599459  1.545203  0.311695 3.69917E-10
 ho  67  -0.515223 -0.985223  1.159439 -0.074069 3.37899E-11
 er  68   0.359854 -0.560146  1.584515  0.351008 2.57012E-10
 tm  69  -0.609578 -0.729578  1.415083  0.181576 2.78515E-11
 yb  70   0.717713 -0.202287  1.942375  0.708867 6.06135E-10
 lu  71  -0.223330 -0.313330  1.831332  0.597824 7.01999E-11
 hf  72   0.636309 -0.073691  2.070970  0.837462 5.18361E-10
 ta  73  -0.330463 -0.210463  1.934198  0.700690 5.67284E-11
  w  74   0.605901 -0.044099  2.100562  0.867055 4.97796E-10
 re  75  -0.327387 -0.587387  1.557275  0.323767 5.87921E-11
 os  76   0.583853 -0.766147  1.378514  0.145007 4.89601E-10
 ir  77  -0.105729 -1.425729  0.718932 -0.514575 1.01105E-10
 pt  78   0.656751 -0.963249  1.181412 -0.052096 5.93839E-10
 au  79  -0.141955 -0.941955  1.202706 -0.030802 9.53122E-11
 hg  80   1.115482 -0.054518  2.090144  0.856636 1.75591E-09
 tl  81   0.932755  0.162755  2.307417  1.073909 1.17465E-09
 pb  82   2.914616  0.874616  3.019277  1.785769 1.14213E-07
 bi  83   1.275661  0.625661  2.770322  1.536814 2.64530E-09
 po  84   1.966053 -9.000000  0.000000  0.000000 1.29691E-08
#[ls/Fe]_Bisterzo =   1.5032, [hs/Fe]_Bisterzo =   1.9258
#[hs/ls]_Bisterzo =   0.4226, [Pb/hs]_Bisterzo =   1.0935
#[ls/Fe]_Thiswork =   1.4435, [hs/Fe]_Thiswork =   2.0768
#[hs/ls]_Thiswork =   0.6333, [Pb/hs]_Thiswork =   0.9425
# C/O = 2.8826E+01, c12/c13 = 2.60758E+04, n14/n15 = 3.25035E+03
# o16/o17 = 1.01667E+03, o16/o18 = 1.36348E+04
# mg24/mg25 = 6.4239E-01, mg24/mg26 = 5.2687E-01
#
# Final abundances
# El  Z   log e(X)   [X/H]    [X/Fe]     [X/O]      X(i)
  p   1  12.000000  0.000000  0.000000  0.000000 6.74941E-01
 he   2  11.065527  0.135527  2.279418  1.035420 3.11687E-01
 li   3   0.982787 -2.277213 -0.133321 -1.377319 4.46699E-11
 be   4   0.255785 -1.044215  1.099677 -0.144321 1.08746E-11
  b   5   0.000000 -2.790000  0.000000  0.000000 1.36604E-28
  c   6   9.289470  0.819469  2.963361  1.719363 1.56623E-02
  n   7   6.540952 -1.329048  0.814844 -0.429154 3.25914E-05
  o   8   7.830106 -0.899894  1.243998  0.000000 7.24444E-04
  f   9   5.772615  1.352615  3.496507  2.252509 7.53579E-06
 ne  10   8.218559  0.248559  2.392451  1.148453 2.23504E-03
 na  11   6.355774  0.115774  2.259666  1.015668 3.49236E-05
 mg  12   6.814489 -0.825511  1.318381  0.074383 1.06167E-04
 al  13   4.945527 -1.504473  0.639419 -0.604579 1.59370E-06
 si  14   5.488845 -2.061155  0.082737 -1.161261 5.79617E-06
  p  15   3.832149 -1.577851  0.566041 -0.677958 1.40913E-07
  s  16   5.027875 -2.122125  0.021767 -1.222231 2.28935E-06
 cl  17   3.156276 -2.073724  0.070168 -1.173831 3.40200E-08
 ar  18   4.295806 -2.144194 -0.000302 -1.244300 5.28576E-07
  k  19   2.969221 -2.110779  0.033113 -1.210885 2.43883E-08
 ca  20   4.141133 -2.148867 -0.004975 -1.248973 3.71403E-07
 sc  21   1.123224 -1.926776  0.217116 -1.026882 3.99777E-10
 ti  22   2.801168 -2.108831  0.035060 -1.208938 2.02773E-08
  v  23   1.812689 -2.147311 -0.003419 -1.247417 2.21601E-09
 cr  24   3.480778 -2.159222 -0.015330 -1.259328 1.05330E-07
 mn  25   3.343813 -2.136187  0.007705 -1.236293 8.11878E-08
 fe  26   5.396108 -2.143892  0.000000 -1.243998 9.30890E-06
 co  27   3.127158 -1.742842  0.401050 -0.842948 5.28838E-08
 ni  28   4.106435 -2.093565  0.050327 -1.193671 5.02143E-07
 cu  29   2.542693 -1.707307  0.436585 -0.807413 1.48452E-08
 zn  30   2.655862 -1.974138  0.169754 -1.074244 1.98292E-08
 ga  31   1.450009 -1.629991  0.513901 -0.730097 1.31581E-09
 ge  32   1.910627 -1.669373  0.474519 -0.769479 3.95922E-09
 as  33   0.518461 -1.781539  0.362353 -0.881645 1.65530E-10
 se  34   1.799044 -1.540956  0.602936 -0.641062 3.32857E-09
 br  35   0.965392 -1.574608  0.569284 -0.674714 4.94045E-10
 kr  36   2.188798 -1.061202  1.082690 -0.161308 8.66638E-09
 rb  37   1.403665 -1.116335  1.027556 -0.216442 1.44969E-09
 sr  38   2.072281 -0.807719  1.336173  0.092175 6.92932E-09
  y  39   1.520222 -0.689778  1.454113  0.210115 1.97224E-09
 zr  40   1.962523 -0.567477  1.576415  0.332417 5.60324E-09
 nb  41   0.781983 -0.628017  1.515875  0.271877 3.76559E-10
 mo  42   1.103291 -0.836709  1.307182  0.063184 8.14885E-10
 tc  43   0.000000 -9.000000  0.000000  0.000000 0.00000E+00
 ru  44   0.704386 -1.055614  1.088278 -0.155720 3.42621E-10
 rh  45  -0.332883 -1.392883  0.751009 -0.492989 3.20158E-11
 pd  46   0.752501 -0.897498  1.246393  0.002395 4.03023E-10
 ag  47  -0.018487 -1.218487  0.925405 -0.318593 6.92169E-11
 cd  48   0.995433 -0.714567  1.429325  0.185327 7.44813E-10
 in  49  -0.120121 -0.880121  1.263771  0.019773 5.83036E-11
 sn  50   1.498472 -0.571528  1.572364  0.328366 2.50476E-09
 sb  51  -0.008274 -1.018274  1.125618 -0.118380 7.99902E-11
 te  52   1.097822 -1.082178  1.061714 -0.182284 1.07023E-09
  i  53   0.001566 -1.548434  0.595458 -0.648540 8.52801E-11
 xe  54   1.277489 -0.962511  1.181381 -0.062618 1.66547E-09
 cs  55   0.038208 -1.041792  1.102100 -0.141898 9.71752E-11
 ba  56   2.072984 -0.107016  2.036875  0.792877 1.08779E-08
 la  57   1.080914 -0.089086  2.054805  0.810807 1.12057E-09
 ce  58   1.611098  0.031098  2.174990  0.930992 3.83171E-09
 pr  59   0.588698 -0.171302  1.972590  0.728592 3.65965E-10
 nd  60   1.321339 -0.128661  2.015230  0.771232 2.02410E-09
 pm  61   0.000000 -9.000000  0.000000  0.000000 4.41307E-26
 sm  62   0.538991 -0.401009  1.742883  0.498885 3.48280E-10
 eu  63  -0.511659 -1.021659  1.122233 -0.121765 3.13248E-11
 gd  64   0.410585 -0.639415  1.504477  0.260479 2.71008E-10
 tb  65  -0.550666 -0.870666  1.273226  0.029228 2.99455E-11
 dy  66   0.542674 -0.587326  1.556566  0.312568 3.79607E-10
 ho  67  -0.503316 -0.973316  1.170576 -0.073422 3.46569E-11
 er  68   0.374315 -0.545685  1.598207  0.354209 2.65162E-10
 tm  69  -0.594340 -0.714340  1.429551  0.185553 2.87861E-11
 yb  70   0.730253 -0.189747  1.954145  0.710147 6.22595E-10
 lu  71  -0.211067 -0.301067  1.842825  0.598827 7.20602E-11
 hf  72   0.648728 -0.061272  2.082620  0.838622 5.32290E-10
 ta  73  -0.317880 -0.197880  1.946012  0.702014 5.82748E-11
  w  74   0.619756 -0.030244  2.113647  0.869650 5.12864E-10
 re  75  -0.309183 -0.569183  1.574709  0.330711 6.11814E-11
 os  76   0.596198 -0.753802  1.390090  0.146092 5.02670E-10
 ir  77  -0.093753 -1.413753  0.730139 -0.513859 1.03716E-10
 pt  78   0.668001 -0.951999  1.191893 -0.052105 6.08156E-10
 au  79  -0.130183 -0.930183  1.213709 -0.030289 9.77275E-11
 hg  80   1.128281 -0.041719  2.102172  0.858174 1.80466E-09
 tl  81   0.945852  0.175852  2.319744  1.075746 1.20810E-09
 pb  82   2.923040  0.883040  3.026932  1.782934 1.16208E-07
 bi  83   1.282757  0.632757  2.776649  1.532651 2.68329E-09
 po  84   1.969103 -9.000000  0.000000  0.000000 1.30333E-08
#[ls/Fe]_Bisterzo =   1.5153, [hs/Fe]_Bisterzo =   1.9376
#[hs/ls]_Bisterzo =   0.4224, [Pb/hs]_Bisterzo =   1.0893
#[ls/Fe]_Thiswork =   1.4556, [hs/Fe]_Thiswork =   2.0889
#[hs/ls]_Thiswork =   0.6333, [Pb/hs]_Thiswork =   0.9380
# C/O = 2.8798E+01, c12/c13 = 2.28375E+04, n14/n15 = 3.44531E+03
# o16/o17 = 1.04007E+03, o16/o18 = 1.29319E+04
# mg24/mg25 = 6.3472E-01, mg24/mg26 = 5.2002E-01
