#
# Initial mass = 1.900, Z =  0.0002, Y =  0.250, M_mix = 2.00E-03
#
# Initial abundances
# El  Z   log e(X)   [X/H]    [X/Fe]     [X/O]      X(i)
  p   1  12.000000  0.000000  0.000000  0.000000 7.55776E-01
 he   2  10.920946 -0.009054  1.815037  1.820911 2.50187E-01
  c   6   6.645902 -1.824099 -0.000007  0.005867 3.98486E-05
  n   7   6.045912 -1.824088  0.000003  0.005877 1.16732E-05
  o   8   6.900034 -1.829966 -0.005874  0.000000 9.52927E-05
  f   9   2.635901 -1.824099 -0.000007  0.005867 6.15946E-09
 ne  10   6.145906 -1.824093 -0.000002  0.005872 2.11719E-05
 na  11   4.485921 -1.824079  0.000013  0.005887 5.27707E-07
 mg  12   5.815905 -1.824095 -0.000003  0.005871 1.19270E-05
 al  13   4.645911 -1.824089  0.000002  0.005877 8.95194E-07
 si  14   5.725911 -1.824089  0.000002  0.005877 1.12030E-05
  p  15   3.645910 -1.824090  0.000002  0.005876 1.02764E-07
  s  16   5.335909 -1.824091  0.000000  0.005875 5.21042E-06
 cl  17   3.405909 -1.824091  0.000000  0.005874 6.76852E-08
 ar  18   4.615903 -1.824097 -0.000006  0.005868 1.23689E-06
  k  19   3.255336 -1.824664 -0.000573  0.005301 5.27743E-08
 ca  20   4.465895 -1.824105 -0.000014  0.005860 8.78482E-07
 sc  21   1.225908 -1.824092  0.000000  0.005874 5.67060E-10
 ti  22   3.085910 -1.824090  0.000001  0.005876 4.37400E-08
  v  23   2.134821 -1.825179 -0.001088  0.004786 5.20991E-09
 cr  24   3.796618 -1.843381 -0.019290 -0.013416 2.44074E-07
 mn  25   3.655914 -1.824086  0.000006  0.005880 1.86518E-07
 fe  26   5.715909 -1.824091  0.000000  0.005874 2.17683E-05
 co  27   3.045907 -1.824093 -0.000001  0.005873 4.91132E-08
 ni  28   4.375912 -1.824088  0.000003  0.005877 1.04576E-06
 cu  29   2.425909 -1.824091  0.000000  0.005875 1.27037E-08
 zn  30   2.805914 -1.824086  0.000005  0.005879 3.13678E-08
 ga  31   1.255910 -1.824090  0.000001  0.005876 9.42363E-10
 ge  32   1.721534 -1.858466 -0.034375 -0.028501 2.86842E-09
 as  33   0.475906 -1.824094 -0.000002  0.005872 1.68054E-10
 se  34   1.471981 -1.868019 -0.043927 -0.038053 1.75518E-09
 br  35   0.715918 -1.824082  0.000009  0.005883 3.11472E-10
 kr  36   1.424335 -1.825665 -0.001573  0.004301 1.66918E-09
 rb  37   0.535921 -1.824079  0.000013  0.005887 2.20119E-10
 sr  38   1.053477 -1.826523 -0.002431  0.003443 7.43041E-10
  y  39   0.345928 -1.824072  0.000020  0.005894 1.47840E-10
 zr  40   0.705910 -1.824090  0.000001  0.005875 3.47498E-10
 nb  41  -0.414082 -1.824082  0.000010  0.005884 2.68470E-11
 mo  42  -0.005275 -1.945275 -0.121183 -0.115309 7.10654E-11
 tc  43   0.000000 -9.000000  0.000000  0.000000 0.00000E+00
 ru  44  -0.195039 -1.955039 -0.130947 -0.125073 4.83634E-11
 rh  45  -0.764090 -1.824090  0.000002  0.005876 1.32826E-11
 pd  46  -0.233275 -1.883275 -0.059184 -0.053310 4.66317E-11
 ag  47  -0.624091 -1.824091  0.000000  0.005874 1.92191E-11
 cd  48  -0.153812 -1.863812 -0.039721 -0.033847 5.91465E-11
 in  49  -1.083133 -1.843133 -0.019041 -0.013167 7.10903E-12
 sn  50   0.183475 -1.886524 -0.062433 -0.056559 1.35799E-10
 sb  51  -1.056623 -2.066622 -0.242531 -0.236657 8.01336E-12
 te  52  -0.111465 -2.291465 -0.467373 -0.461499 7.40150E-11
  i  53  -0.274097 -1.824097 -0.000006  0.005868 5.06187E-11
 xe  54   0.378826 -1.861174 -0.037082 -0.031208 2.35506E-10
 cs  55  -0.744090 -1.824090  0.000001  0.005875 1.79632E-11
 ba  56   0.355010 -1.824990 -0.000899  0.004976 2.33184E-10
 la  57  -0.654482 -1.824482 -0.000390  0.005484 2.30766E-11
 ce  58  -0.245993 -1.825993 -0.001901  0.003973 5.96249E-11
 pr  59  -1.064091 -1.824091  0.000001  0.005875 9.11545E-12
 nd  60  -0.399094 -1.849094 -0.025002 -0.019128 4.31444E-11
 pm  61   0.000000 -9.000000  0.000000  0.000000 0.00000E+00
 sm  62  -1.013800 -1.953800 -0.129708 -0.123834 1.09211E-11
 eu  63  -1.314089 -1.824089  0.000003  0.005877 5.52821E-12
 gd  64  -0.774089 -1.824089  0.000003  0.005877 1.98351E-11
 tb  65  -1.504086 -1.824085  0.000006  0.005880 3.73284E-12
 dy  66  -0.694744 -1.824744 -0.000653  0.005221 2.46060E-11
 ho  67  -1.354090 -1.824090  0.000002  0.005876 5.47196E-12
 er  68  -0.911713 -1.831713 -0.007621 -0.001747 1.53677E-11
 tm  69  -1.704091 -1.824091  0.000000  0.005875 2.50356E-12
 yb  70  -0.965118 -1.885118 -0.061027 -0.055153 1.40592E-11
 lu  71  -1.734091 -1.824091  0.000001  0.005875 2.41990E-12
 hf  72  -1.114800 -1.824800 -0.000709  0.005165 1.02742E-11
 ta  73  -1.944144 -1.824144 -0.000053  0.005821 1.54292E-12
  w  74  -1.174612 -1.824612 -0.000521  0.005354 9.22063E-12
 re  75  -1.564093 -1.824093 -0.000001  0.005873 3.80923E-12
 os  76  -0.474175 -1.824175 -0.000084  0.005790 4.78670E-11
 ir  77  -0.504088 -1.824088  0.000003  0.005877 4.51477E-11
 pt  78  -0.236430 -1.856430 -0.032339 -0.026465 8.48617E-11
 au  79  -1.024088 -1.824088  0.000004  0.005878 1.39714E-11
 hg  80  -0.685706 -1.855706 -0.031615 -0.025741 3.10124E-11
 tl  81  -1.054090 -1.824090  0.000002  0.005876 1.35297E-11
 pb  82   0.215906 -1.824094 -0.000002  0.005872 2.55405E-10
 bi  83  -1.174088 -1.824088  0.000004  0.005878 1.04942E-11
 po  84   0.000000 -9.000000  0.000000  0.000000 0.00000E+00
#[ls/Fe]_Thiswork =  -0.0008, [hs/Fe]_Thiswork =  -0.0011
#[hs/ls]_Thiswork =  -0.0003, [Pb/hs]_Thiswork =   0.0011
# Elemental abundance ratios: 
# He/H =  8.3358E-02, C/O =  5.5702E-01, N/O = 1.39919E-01
#
#
# During TP-AGB
#  TP   Mass     Mcore    Menv    log L
#  1 1.899979 0.633874 1.266105 3.568590
# El  Z   log e(X)   [X/H]    [X/Fe]     [X/O]      X(i)
  p   1  12.000000  0.000000  0.000000  0.000000 7.32122E-01
 he   2  10.973807  0.043807  1.867898  1.873773 2.73726E-01
  c   6   6.333601 -2.136399 -0.312308 -0.306434 1.88063E-05
  n   7   6.596578 -1.273422  0.550669  0.556543 4.01833E-05
  o   8   6.892667 -1.837332 -0.013241  0.000000 9.07576E-05
  f   9   2.590582 -1.869418 -0.045327 -0.032086 5.37543E-09
 ne  10   6.153008 -1.816992  0.007099  0.020340 2.08474E-05
 na  11   4.730312 -1.579688  0.244404  0.257645 8.97376E-07
 mg  12   5.829620 -1.810380  0.013711  0.026952 1.19245E-05
 al  13   4.661120 -1.808880  0.015212  0.028452 8.98085E-07
 si  14   5.739722 -1.810278  0.013813  0.027054 1.12030E-05
  p  15   3.659722 -1.810277  0.013814  0.027055 1.02764E-07
  s  16   5.349719 -1.810281  0.013810  0.027051 5.21042E-06
 cl  17   3.419718 -1.810282  0.013809  0.027050 6.76852E-08
 ar  18   4.629713 -1.810287  0.013804  0.027045 1.23689E-06
  k  19   3.269120 -1.810880  0.013212  0.026453 5.27713E-08
 ca  20   4.479705 -1.810295  0.013797  0.027038 8.78485E-07
 sc  21   1.239717 -1.810282  0.013809  0.027050 5.67060E-10
 ti  22   3.099719 -1.810281  0.013811  0.027051 4.37400E-08
  v  23   2.148631 -1.811369  0.012722  0.025963 5.20991E-09
 cr  24   3.810428 -1.829572 -0.005481  0.007760 2.44074E-07
 mn  25   3.669724 -1.810276  0.013816  0.027057 1.86518E-07
 fe  26   5.729718 -1.810282  0.000000  0.027050 2.17683E-05
 co  27   3.059716 -1.810284 -0.000001  0.027049 4.91132E-08
 ni  28   4.389721 -1.810278  0.000004  0.027054 1.04576E-06
 cu  29   2.439718 -1.810282  0.000000  0.027050 1.27037E-08
 zn  30   2.819723 -1.810277  0.000005  0.027055 3.13678E-08
 ga  31   1.269719 -1.810281  0.000001  0.027051 9.42363E-10
 ge  32   1.735344 -1.844656 -0.034374 -0.007324 2.86842E-09
 as  33   0.489716 -1.810284 -0.000002  0.027048 1.68054E-10
 se  34   1.485791 -1.854209 -0.043926 -0.016876 1.75518E-09
 br  35   0.729727 -1.810273  0.000009  0.027059 3.11472E-10
 kr  36   1.438146 -1.811854 -0.001572  0.025478 1.66918E-09
 rb  37   0.548179 -1.811821 -0.001539  0.025511 2.19334E-10
 sr  38   1.067757 -1.812243 -0.001961  0.025089 7.43846E-10
  y  39   0.359738 -1.810262  0.000021  0.027071 1.47840E-10
 zr  40   0.719720 -1.810280  0.000002  0.027052 3.47498E-10
 nb  41  -0.400271 -1.810271  0.000011  0.027061 2.68470E-11
 mo  42   0.008535 -1.931465 -0.121182 -0.094132 7.10654E-11
 tc  43   0.000000 -9.000000  0.000000  0.000000 1.41829E-30
 ru  44  -0.181229 -1.941229 -0.130946 -0.103896 4.83634E-11
 rh  45  -0.750280 -1.810280  0.000002  0.027052 1.32826E-11
 pd  46  -0.219465 -1.869465 -0.059183 -0.032133 4.66317E-11
 ag  47  -0.610282 -1.810282  0.000000  0.027050 1.92191E-11
 cd  48  -0.140002 -1.850002 -0.039720 -0.012670 5.91465E-11
 in  49  -1.069323 -1.829323 -0.019040  0.008010 7.10903E-12
 sn  50   0.197286 -1.872714 -0.062432 -0.035382 1.35799E-10
 sb  51  -1.042813 -2.052813 -0.242531 -0.215481 8.01336E-12
 te  52  -0.097654 -2.277654 -0.467372 -0.440322 7.40150E-11
  i  53  -0.260287 -1.810287 -0.000005  0.027045 5.06187E-11
 xe  54   0.392636 -1.847364 -0.037081 -0.010031 2.35506E-10
 cs  55  -0.730281 -1.810281  0.000001  0.027051 1.79632E-11
 ba  56   0.368820 -1.811180 -0.000898  0.026152 2.33184E-10
 la  57  -0.640673 -1.810673 -0.000390  0.026660 2.30766E-11
 ce  58  -0.232183 -1.812183 -0.001900  0.025150 5.96249E-11
 pr  59  -1.050281 -1.810281  0.000002  0.027052 9.11545E-12
 nd  60  -0.385283 -1.835284 -0.025001  0.002049 4.31444E-11
 pm  61   0.000000 -9.000000  0.000000  0.000000 0.00000E+00
 sm  62  -0.999990 -1.939990 -0.129707 -0.102657 1.09211E-11
 eu  63  -1.300279 -1.810279  0.000004  0.027054 5.52821E-12
 gd  64  -0.760280 -1.810280  0.000003  0.027053 1.98351E-11
 tb  65  -1.490275 -1.810275  0.000007  0.027057 3.73284E-12
 dy  66  -0.680935 -1.810935 -0.000653  0.026397 2.46060E-11
 ho  67  -1.340280 -1.810280  0.000003  0.027053 5.47196E-12
 er  68  -0.897903 -1.817904 -0.007621  0.019429 1.53677E-11
 tm  69  -1.690281 -1.810281  0.000001  0.027051 2.50356E-12
 yb  70  -0.951309 -1.871309 -0.061027 -0.033977 1.40592E-11
 lu  71  -1.720479 -1.810479 -0.000197  0.026853 2.41880E-12
 hf  72  -1.100944 -1.810944 -0.000661  0.026389 1.02753E-11
 ta  73  -1.930334 -1.810334 -0.000052  0.026998 1.54292E-12
  w  74  -1.160803 -1.810803 -0.000521  0.026529 9.22063E-12
 re  75  -1.554420 -1.814420 -0.004137  0.022913 3.77311E-12
 os  76  -0.460031 -1.810031  0.000252  0.027302 4.79039E-11
 ir  77  -0.490279 -1.810279  0.000003  0.027053 4.51477E-11
 pt  78  -0.222620 -1.842620 -0.032338 -0.005288 8.48617E-11
 au  79  -1.010278 -1.810278  0.000005  0.027055 1.39714E-11
 hg  80  -0.671897 -1.841897 -0.031615 -0.004565 3.10124E-11
 tl  81  -1.040279 -1.810279  0.000003  0.027053 1.35297E-11
 pb  82   0.229716 -1.810284 -0.000001  0.027049 2.55405E-10
 bi  83  -1.160277 -1.810277  0.000005  0.027055 1.04942E-11
 po  84   0.000000 -9.000000  0.000000  0.000000 4.40414E-26
#[ls/Fe]_Thiswork =  -0.0006, [hs/Fe]_Thiswork =  -0.0011
#[hs/ls]_Thiswork =  -0.0004, [Pb/hs]_Thiswork =   0.0011
# Elemental abundance ratios: 
# He/H =  9.4147E-02, C/O =  2.7602E-01, N/O = 5.05720E-01
#
#  TP   Mass     Mcore    Menv    log L
#  2 1.899978 0.637144 1.262833 3.689877
# El  Z   log e(X)   [X/H]    [X/Fe]     [X/O]      X(i)
  p   1  12.000000  0.000000  0.000000  0.000000 7.32050E-01
 he   2  10.973964  0.043963  1.854246  1.881296 2.73798E-01
  c   6   6.333651 -2.136350 -0.326067 -0.299017 1.88066E-05
  n   7   6.597296 -1.272704  0.537579  0.564629 4.02459E-05
  o   8   6.892366 -1.837634 -0.027351  0.000000 9.06857E-05
  f   9   2.590291 -1.869709 -0.059427 -0.032075 5.37130E-09
 ne  10   6.153010 -1.816990 -0.006708  0.020644 2.08454E-05
 na  11   4.731426 -1.578574  0.231709  0.259060 8.99591E-07
 mg  12   5.829652 -1.810348 -0.000066  0.027286 1.19242E-05
 al  13   4.661325 -1.808675  0.001607  0.028959 8.98420E-07
 si  14   5.739765 -1.810235  0.000047  0.027399 1.12030E-05
  p  15   3.659766 -1.810234  0.000049  0.027400 1.02765E-07
  s  16   5.349761 -1.810238  0.000044  0.027395 5.21042E-06
 cl  17   3.419761 -1.810239  0.000043  0.027394 6.76852E-08
 ar  18   4.629755 -1.810245  0.000037  0.027389 1.23689E-06
  k  19   3.269163 -1.810837 -0.000555  0.026797 5.27713E-08
 ca  20   4.479748 -1.810252  0.000031  0.027382 8.78485E-07
 sc  21   1.239760 -1.810240  0.000043  0.027394 5.67060E-10
 ti  22   3.099762 -1.810238  0.000044  0.027396 4.37400E-08
  v  23   2.148674 -1.811326 -0.001044  0.026308 5.20991E-09
 cr  24   3.810471 -1.829529 -0.019247  0.008104 2.44074E-07
 mn  25   3.669767 -1.810233  0.000050  0.027401 1.86518E-07
 fe  26   5.729761 -1.810239  0.000000  0.027394 2.17683E-05
 co  27   3.059759 -1.810241 -0.000001  0.027393 4.91132E-08
 ni  28   4.389764 -1.810236  0.000004  0.027398 1.04576E-06
 cu  29   2.439761 -1.810239  0.000000  0.027395 1.27037E-08
 zn  30   2.819766 -1.810234  0.000005  0.027400 3.13678E-08
 ga  31   1.269762 -1.810238  0.000001  0.027396 9.42363E-10
 ge  32   1.735387 -1.844613 -0.034374 -0.006979 2.86842E-09
 as  33   0.489758 -1.810241 -0.000002  0.027392 1.68054E-10
 se  34   1.485834 -1.854166 -0.043926 -0.016532 1.75518E-09
 br  35   0.729770 -1.810230  0.000009  0.027403 3.11472E-10
 kr  36   1.438189 -1.811811 -0.001572  0.025822 1.66918E-09
 rb  37   0.548222 -1.811778 -0.001539  0.025855 2.19334E-10
 sr  38   1.067800 -1.812201 -0.001961  0.025433 7.43846E-10
  y  39   0.359780 -1.810220  0.000020  0.027414 1.47840E-10
 zr  40   0.719763 -1.810237  0.000002  0.027396 3.47498E-10
 nb  41  -0.400229 -1.810228  0.000011  0.027405 2.68470E-11
 mo  42   0.008578 -1.931422 -0.121182 -0.093788 7.10654E-11
 tc  43   0.000000 -9.000000  0.000000  0.000000 1.69573E-29
 ru  44  -0.181186 -1.941186 -0.130946 -0.103552 4.83634E-11
 rh  45  -0.750237 -1.810237  0.000002  0.027396 1.32826E-11
 pd  46  -0.219422 -1.869422 -0.059183 -0.031789 4.66317E-11
 ag  47  -0.610239 -1.810239  0.000000  0.027395 1.92191E-11
 cd  48  -0.139959 -1.849959 -0.039720 -0.012326 5.91465E-11
 in  49  -1.069280 -1.829280 -0.019040  0.008354 7.10903E-12
 sn  50   0.197329 -1.872671 -0.062432 -0.035038 1.35799E-10
 sb  51  -1.042770 -2.052770 -0.242531 -0.215137 8.01336E-12
 te  52  -0.097611 -2.277611 -0.467372 -0.439978 7.40150E-11
  i  53  -0.260244 -1.810244 -0.000005  0.027389 5.06187E-11
 xe  54   0.392679 -1.847321 -0.037081 -0.009687 2.35506E-10
 cs  55  -0.730238 -1.810238  0.000001  0.027396 1.79632E-11
 ba  56   0.368863 -1.811137 -0.000898  0.026497 2.33184E-10
 la  57  -0.640630 -1.810630 -0.000390  0.027004 2.30766E-11
 ce  58  -0.232140 -1.812140 -0.001900  0.025494 5.96249E-11
 pr  59  -1.050238 -1.810238  0.000002  0.027396 9.11545E-12
 nd  60  -0.385242 -1.835242 -0.025002  0.002392 4.31444E-11
 pm  61   0.000000 -9.000000  0.000000  0.000000 0.00000E+00
 sm  62  -0.999947 -1.939947 -0.129707 -0.102313 1.09211E-11
 eu  63  -1.300236 -1.810236  0.000004  0.027398 5.52821E-12
 gd  64  -0.760237 -1.810237  0.000003  0.027397 1.98351E-11
 tb  65  -1.490233 -1.810233  0.000006  0.027400 3.73284E-12
 dy  66  -0.680892 -1.810892 -0.000653  0.026742 2.46060E-11
 ho  67  -1.340237 -1.810237  0.000003  0.027397 5.47196E-12
 er  68  -0.897861 -1.817861 -0.007621  0.019773 1.53677E-11
 tm  69  -1.690239 -1.810239  0.000000  0.027395 2.50356E-12
 yb  70  -0.951266 -1.871266 -0.061027 -0.033633 1.40592E-11
 lu  71  -1.720436 -1.810436 -0.000197  0.027197 2.41880E-12
 hf  72  -1.100901 -1.810901 -0.000661  0.026733 1.02753E-11
 ta  73  -1.930291 -1.810291 -0.000052  0.027342 1.54292E-12
  w  74  -1.160760 -1.810760 -0.000521  0.026874 9.22063E-12
 re  75  -1.554378 -1.814378 -0.004138  0.023256 3.77310E-12
 os  76  -0.459988 -1.809988  0.000252  0.027646 4.79039E-11
 ir  77  -0.490236 -1.810236  0.000003  0.027397 4.51477E-11
 pt  78  -0.222577 -1.842577 -0.032338 -0.004943 8.48617E-11
 au  79  -1.010235 -1.810235  0.000005  0.027399 1.39714E-11
 hg  80  -0.671854 -1.841854 -0.031615 -0.004220 3.10124E-11
 tl  81  -1.040236 -1.810236  0.000003  0.027397 1.35297E-11
 pb  82   0.229759 -1.810241 -0.000001  0.027393 2.55405E-10
 bi  83  -1.160234 -1.810234  0.000005  0.027399 1.04942E-11
 po  84   0.000000 -9.000000  0.000000  0.000000 4.40627E-26
#[ls/Fe]_Thiswork =  -0.0006, [hs/Fe]_Thiswork =  -0.0011
#[hs/ls]_Thiswork =  -0.0004, [Pb/hs]_Thiswork =   0.0011
# Elemental abundance ratios: 
# He/H =  9.4181E-02, C/O =  2.7624E-01, N/O = 5.06909E-01
#
#  TP   Mass     Mcore    Menv    log L
#  3 1.899976 0.641952 1.258024 3.722701
# El  Z   log e(X)   [X/H]    [X/Fe]     [X/O]      X(i)
  p   1  12.000000  0.000000  0.000000  0.000000 7.31852E-01
 he   2  10.974394  0.044394  1.854633  1.882027 2.73995E-01
  c   6   6.333089 -2.136911 -0.326672 -0.299278 1.87772E-05
  n   7   6.599282 -1.270718  0.539522  0.566916 4.04194E-05
  o   8   6.891722 -1.838278 -0.028039  0.000000 9.05267E-05
  f   9   2.589606 -1.870394 -0.060154 -0.032116 5.36138E-09
 ne  10   6.153023 -1.816977 -0.006738  0.021301 2.08404E-05
 na  11   4.734295 -1.575705  0.234535  0.262573 9.05309E-07
 mg  12   5.829741 -1.810258 -0.000019  0.028019 1.19234E-05
 al  13   4.661861 -1.808139  0.002100  0.030139 8.99286E-07
 si  14   5.739883 -1.810117  0.000123  0.028161 1.12030E-05
  p  15   3.659884 -1.810115  0.000124  0.028162 1.02765E-07
  s  16   5.349879 -1.810121  0.000119  0.028157 5.21042E-06
 cl  17   3.419879 -1.810121  0.000118  0.028157 6.76852E-08
 ar  18   4.629873 -1.810127  0.000112  0.028151 1.23689E-06
  k  19   3.269280 -1.810719 -0.000480  0.027558 5.27713E-08
 ca  20   4.479866 -1.810134  0.000105  0.028144 8.78485E-07
 sc  21   1.239879 -1.810121  0.000118  0.028157 5.67060E-10
 ti  22   3.099879 -1.810121  0.000119  0.028157 4.37400E-08
  v  23   2.148791 -1.811209 -0.000969  0.027069 5.20991E-09
 cr  24   3.810589 -1.829411 -0.019172  0.008867 2.44074E-07
 mn  25   3.669885 -1.810115  0.000124  0.028162 1.86518E-07
 fe  26   5.729878 -1.810122  0.000000  0.028156 2.17683E-05
 co  27   3.059876 -1.810123 -0.000002  0.028154 4.91132E-08
 ni  28   4.389882 -1.810118  0.000004  0.028160 1.04576E-06
 cu  29   2.439879 -1.810121  0.000001  0.028157 1.27037E-08
 zn  30   2.819884 -1.810116  0.000006  0.028162 3.13678E-08
 ga  31   1.269879 -1.810121  0.000001  0.028157 9.42363E-10
 ge  32   1.735504 -1.844496 -0.034374 -0.006218 2.86842E-09
 as  33   0.489877 -1.810123 -0.000002  0.028155 1.68054E-10
 se  34   1.485952 -1.854048 -0.043926 -0.015770 1.75518E-09
 br  35   0.729887 -1.810113  0.000009  0.028165 3.11472E-10
 kr  36   1.438307 -1.811693 -0.001572  0.026585 1.66918E-09
 rb  37   0.548339 -1.811661 -0.001539  0.026617 2.19334E-10
 sr  38   1.067917 -1.812083 -0.001962  0.026195 7.43846E-10
  y  39   0.359899 -1.810102  0.000020  0.028176 1.47840E-10
 zr  40   0.719880 -1.810120  0.000002  0.028158 3.47498E-10
 nb  41  -0.400111 -1.810111  0.000010  0.028167 2.68470E-11
 mo  42   0.008697 -1.931304 -0.121182 -0.093026 7.10654E-11
 tc  43   0.000000 -9.000000  0.000000  0.000000 4.87759E-28
 ru  44  -0.181067 -1.941067 -0.130946 -0.102790 4.83634E-11
 rh  45  -0.750120 -1.810120  0.000001  0.028158 1.32826E-11
 pd  46  -0.219305 -1.869305 -0.059183 -0.031027 4.66317E-11
 ag  47  -0.610122 -1.810122  0.000000  0.028156 1.92191E-11
 cd  48  -0.139842 -1.849842 -0.039721 -0.011564 5.91465E-11
 in  49  -1.069162 -1.829162 -0.019041  0.009115 7.10903E-12
 sn  50   0.197446 -1.872554 -0.062433 -0.034276 1.35799E-10
 sb  51  -1.042652 -2.052652 -0.242531 -0.214374 8.01336E-12
 te  52  -0.097494 -2.277494 -0.467373 -0.439216 7.40150E-11
  i  53  -0.260126 -1.810126 -0.000005  0.028152 5.06187E-11
 xe  54   0.392797 -1.847203 -0.037081 -0.008925 2.35506E-10
 cs  55  -0.730121 -1.810121  0.000001  0.028157 1.79632E-11
 ba  56   0.368980 -1.811020 -0.000898  0.027258 2.33184E-10
 la  57  -0.640512 -1.810512 -0.000391  0.027765 2.30766E-11
 ce  58  -0.232022 -1.812022 -0.001901  0.026255 5.96249E-11
 pr  59  -1.050120 -1.810120  0.000001  0.028157 9.11545E-12
 nd  60  -0.385123 -1.835123 -0.025002  0.003155 4.31444E-11
 pm  61   0.000000 -9.000000  0.000000  0.000000 0.00000E+00
 sm  62  -0.999829 -1.939829 -0.129708 -0.101552 1.09211E-11
 eu  63  -1.300118 -1.810118  0.000003  0.028159 5.52821E-12
 gd  64  -0.760119 -1.810119  0.000002  0.028158 1.98351E-11
 tb  65  -1.490115 -1.810115  0.000006  0.028163 3.73284E-12
 dy  66  -0.680775 -1.810775 -0.000653  0.027503 2.46060E-11
 ho  67  -1.340119 -1.810119  0.000002  0.028158 5.47196E-12
 er  68  -0.897743 -1.817743 -0.007622  0.020535 1.53677E-11
 tm  69  -1.690121 -1.810121  0.000001  0.028157 2.50356E-12
 yb  70  -0.951149 -1.871149 -0.061028 -0.032871 1.40592E-11
 lu  71  -1.720318 -1.810318 -0.000196  0.027960 2.41880E-12
 hf  72  -1.100782 -1.810782 -0.000661  0.027495 1.02753E-11
 ta  73  -1.930174 -1.810174 -0.000052  0.028104 1.54292E-12
  w  74  -1.160642 -1.810642 -0.000520  0.027636 9.22063E-12
 re  75  -1.554260 -1.814260 -0.004139  0.024018 3.77310E-12
 os  76  -0.459870 -1.809870  0.000251  0.028407 4.79039E-11
 ir  77  -0.490118 -1.810118  0.000003  0.028160 4.51477E-11
 pt  78  -0.222459 -1.842459 -0.032337 -0.004181 8.48617E-11
 au  79  -1.010118 -1.810117  0.000004  0.028160 1.39714E-11
 hg  80  -0.671736 -1.841736 -0.031614 -0.003458 3.10124E-11
 tl  81  -1.040119 -1.810119  0.000002  0.028159 1.35297E-11
 pb  82   0.229877 -1.810123 -0.000002  0.028154 2.55405E-10
 bi  83  -1.160117 -1.810117  0.000004  0.028161 1.04942E-11
 po  84   0.000000 -9.000000  0.000000  0.000000 4.41995E-26
#[ls/Fe]_Thiswork =  -0.0006, [hs/Fe]_Thiswork =  -0.0011
#[hs/ls]_Thiswork =  -0.0004, [Pb/hs]_Thiswork =   0.0011
# Elemental abundance ratios: 
# He/H =  9.4274E-02, C/O =  2.7629E-01, N/O = 5.09989E-01
#
#  TP   Mass     Mcore    Menv    log L
#  4 1.899974 0.647149 1.252825 3.790401
# El  Z   log e(X)   [X/H]    [X/Fe]     [X/O]      X(i)
  p   1  12.000000  0.000000  0.000000  0.000000 7.31851E-01
 he   2  10.974253  0.044252  1.854374  1.882530 2.73906E-01
  c   6   7.082516 -1.387485  0.422637  0.450793 1.05453E-04
  n   7   6.592236 -1.277764  0.532358  0.560514 3.97689E-05
  o   8   6.898535 -1.831464 -0.021343  0.000000 9.19582E-05
  f   9   2.593480 -1.866520 -0.056398 -0.035056 5.40941E-09
 ne  10   6.154972 -1.815028 -0.004906  0.016437 2.09342E-05
 na  11   4.730303 -1.579697  0.230425  0.251768 8.97025E-07
 mg  12   5.829487 -1.810513 -0.000391  0.020951 1.19164E-05
 al  13   4.666186 -1.803814  0.006308  0.027650 9.08286E-07
 si  14   5.740457 -1.809544  0.000578  0.021921 1.12178E-05
  p  15   3.659891 -1.810109  0.000013  0.021356 1.02766E-07
  s  16   5.349877 -1.810122 -0.000001  0.021342 5.21040E-06
 cl  17   3.420073 -1.809927  0.000194  0.021537 6.77154E-08
 ar  18   4.629869 -1.810131 -0.000010  0.021333 1.23688E-06
  k  19   3.269315 -1.810685 -0.000564  0.020779 5.27754E-08
 ca  20   4.479864 -1.810136 -0.000015  0.021328 8.78480E-07
 sc  21   1.239989 -1.810011  0.000111  0.021454 5.67204E-10
 ti  22   3.099880 -1.810120  0.000002  0.021345 4.37400E-08
  v  23   2.148759 -1.811241 -0.001120  0.020223 5.20952E-09
 cr  24   3.810589 -1.829411 -0.019289  0.002053 2.44074E-07
 mn  25   3.669991 -1.810009  0.000112  0.021455 1.86563E-07
 fe  26   5.729877 -1.810122  0.000000  0.021342 2.17683E-05
 co  27   3.060037 -1.809963  0.000159  0.021501 4.91312E-08
 ni  28   4.389875 -1.810125 -0.000002  0.021339 1.04574E-06
 cu  29   2.439946 -1.810054  0.000069  0.021410 1.27056E-08
 zn  30   2.819877 -1.810123 -0.000001  0.021341 3.13672E-08
 ga  31   1.269929 -1.810071  0.000051  0.021393 9.42469E-10
 ge  32   1.735512 -1.844488 -0.034366 -0.013024 2.86847E-09
 as  33   0.489816 -1.810184 -0.000062  0.021280 1.68030E-10
 se  34   1.485967 -1.854033 -0.043911 -0.022569 1.75524E-09
 br  35   0.729811 -1.810189 -0.000067  0.021275 3.11416E-10
 kr  36   1.438327 -1.811673 -0.001551  0.019791 1.66926E-09
 rb  37   0.548326 -1.811674 -0.001552  0.019790 2.19327E-10
 sr  38   1.067945 -1.812055 -0.001932  0.019410 7.43894E-10
  y  39   0.359902 -1.810098  0.000025  0.021367 1.47841E-10
 zr  40   0.719879 -1.810121  0.000002  0.021343 3.47497E-10
 nb  41  -0.400177 -1.810177 -0.000054  0.021287 2.68429E-11
 mo  42   0.008737 -1.931263 -0.121141 -0.099799 7.10720E-11
 tc  43  -4.933016 -9.000000  0.000000  0.000000 8.30179E-16
 ru  44  -0.181091 -1.941091 -0.130969 -0.109627 4.83608E-11
 rh  45  -0.750242 -1.810242 -0.000120  0.021222 1.32789E-11
 pd  46  -0.219254 -1.869254 -0.059132 -0.037790 4.66371E-11
 ag  47  -0.610245 -1.810245 -0.000122  0.021219 1.92137E-11
 cd  48  -0.139797 -1.849797 -0.039675 -0.018333 5.91526E-11
 in  49  -1.069226 -1.829226 -0.019104  0.002238 7.10797E-12
 sn  50   0.197453 -1.872546 -0.062424 -0.041082 1.35801E-10
 sb  51  -1.042723 -2.052723 -0.242600 -0.221258 8.01206E-12
 te  52  -0.097498 -2.277498 -0.467376 -0.446034 7.40143E-11
  i  53  -0.260271 -1.810271 -0.000149  0.021193 5.06019E-11
 xe  54   0.392823 -1.847177 -0.037054 -0.015712 2.35520E-10
 cs  55  -0.730142 -1.810142 -0.000019  0.021323 1.79623E-11
 ba  56   0.368997 -1.811003 -0.000881  0.020461 2.33193E-10
 la  57  -0.640513 -1.810513 -0.000391  0.020951 2.30765E-11
 ce  58  -0.232021 -1.812021 -0.001899  0.019443 5.96250E-11
 pr  59  -1.050154 -1.810154 -0.000031  0.021311 9.11475E-12
 nd  60  -0.385120 -1.835120 -0.024998 -0.003656 4.31447E-11
 pm  61   0.000000 -9.000000  0.000000  0.000000 0.00000E+00
 sm  62  -0.999847 -1.939847 -0.129725 -0.108383 1.09206E-11
 eu  63  -1.300287 -1.810287 -0.000165  0.021177 5.52606E-12
 gd  64  -0.760116 -1.810116  0.000007  0.021349 1.98353E-11
 tb  65  -1.490230 -1.810230 -0.000107  0.021235 3.73186E-12
 dy  66  -0.680744 -1.810744 -0.000622  0.020720 2.46077E-11
 ho  67  -1.340234 -1.810234 -0.000111  0.021230 5.47051E-12
 er  68  -0.897708 -1.817708 -0.007586  0.013756 1.53689E-11
 tm  69  -1.690175 -1.810175 -0.000053  0.021289 2.50325E-12
 yb  70  -0.951056 -1.871056 -0.060933 -0.039591 1.40622E-11
 lu  71  -1.720373 -1.810373 -0.000251  0.021091 2.41850E-12
 hf  72  -1.100749 -1.810749 -0.000627  0.020715 1.02761E-11
 ta  73  -1.930241 -1.810241 -0.000118  0.021224 1.54268E-12
  w  74  -1.160649 -1.810649 -0.000527  0.020815 9.22047E-12
 re  75  -1.554408 -1.814408 -0.004286  0.017056 3.77181E-12
 os  76  -0.459933 -1.809933  0.000189  0.021531 4.78969E-11
 ir  77  -0.490266 -1.810266 -0.000143  0.021198 4.51324E-11
 pt  78  -0.222386 -1.842386 -0.032264 -0.010922 8.48760E-11
 au  79  -1.010117 -1.810117  0.000006  0.021348 1.39714E-11
 hg  80  -0.671586 -1.841586 -0.031464 -0.010122 3.10231E-11
 tl  81  -1.040134 -1.810134 -0.000012  0.021330 1.35292E-11
 pb  82   0.229879 -1.810121  0.000002  0.021344 2.55406E-10
 bi  83  -1.160118 -1.810118  0.000004  0.021346 1.04942E-11
 po  84  -6.463453 -9.000000  0.000000  0.000000 5.21982E-17
#[ls/Fe]_Thiswork =  -0.0006, [hs/Fe]_Thiswork =  -0.0011
#[hs/ls]_Thiswork =  -0.0004, [Pb/hs]_Thiswork =   0.0011
# Elemental abundance ratios: 
# He/H =  9.4244E-02, C/O =  1.5275E+00, N/O = 4.93970E-01
#
#  TP   Mass     Mcore    Menv    log L
#  5 1.899970 0.651403 1.248568 3.876045
# El  Z   log e(X)   [X/H]    [X/Fe]     [X/O]      X(i)
  p   1  12.000000  0.000000  0.000000  0.000000 7.30217E-01
 he   2  10.976898  0.046898  1.857020  1.878362 2.74963E-01
  c   6   7.857843 -0.612157  1.197966  1.219307 6.27211E-04
  n   7   6.595985 -1.274014  0.536108  0.557450 4.00241E-05
  o   8   6.972135 -1.757865  0.052258  0.000000 1.08697E-04
  f   9   3.463389 -0.996611  0.813512  0.761254 4.00027E-08
 ne  10   6.479433 -1.490567  0.319556  0.267298 4.40906E-05
 na  11   4.756669 -1.553331  0.256792  0.204534 9.51042E-07
 mg  12   5.830814 -1.809186  0.000937 -0.051321 1.19262E-05
 al  13   4.677025 -1.792975  0.017148 -0.035110 9.29160E-07
 si  14   5.743232 -1.806768  0.003355 -0.048903 1.12645E-05
  p  15   3.672075 -1.797925  0.012198 -0.040060 1.05454E-07
  s  16   5.350777 -1.809223  0.000900 -0.051358 5.20954E-06
 cl  17   3.424068 -1.805932  0.004191 -0.048067 6.81887E-08
 ar  18   4.630554 -1.809446  0.000677 -0.051581 1.23606E-06
  k  19   3.271214 -1.808785  0.001337 -0.050920 5.28884E-08
 ca  20   4.480410 -1.809590  0.000532 -0.051725 8.77621E-07
 sc  21   1.248414 -1.801586  0.008537 -0.043721 5.77022E-10
 ti  22   3.101362 -1.808638  0.001485 -0.050773 4.37915E-08
  v  23   2.149151 -1.810849 -0.000727 -0.052984 5.20258E-09
 cr  24   3.811404 -1.828596 -0.018473 -0.070731 2.43986E-07
 mn  25   3.670513 -1.809487  0.000636 -0.051622 1.86371E-07
 fe  26   5.730617 -1.809383  0.000000 -0.051518 2.17566E-05
 co  27   3.087520 -1.782480  0.026903 -0.024615 5.22239E-08
 ni  28   4.392692 -1.807308  0.002076 -0.049443 1.05019E-06
 cu  29   2.491759 -1.758241  0.051143 -0.000376 1.42836E-08
 zn  30   2.825651 -1.804349  0.005034 -0.046484 3.17161E-08
 ga  31   1.289032 -1.790968  0.018415 -0.033103 9.82651E-10
 ge  32   1.750892 -1.829108 -0.019725 -0.071243 2.96523E-09
 as  33   0.497625 -1.802375  0.007009 -0.044510 1.70697E-10
 se  34   1.505160 -1.834840 -0.025456 -0.076975 1.83045E-09
 br  35   0.737273 -1.802727  0.006657 -0.044862 3.16106E-10
 kr  36   1.466684 -1.783316  0.026068 -0.025451 1.77791E-09
 rb  37   0.587116 -1.772884  0.036500 -0.015019 2.39283E-10
 sr  38   1.134258 -1.745742  0.063642  0.012123 8.64674E-10
  y  39   0.453259 -1.716742  0.092642  0.041123 1.82886E-10
 zr  40   0.825404 -1.704596  0.104788  0.053269 4.42083E-10
 nb  41  -0.301934 -1.711934  0.097449  0.045931 3.35816E-11
 mo  42   0.111745 -1.828255 -0.018872 -0.070390 8.98951E-11
 tc  43  -2.017149 -9.000000  0.000000  0.000000 6.82446E-13
 ru  44  -0.111876 -1.871876 -0.062492 -0.114011 5.65898E-11
 rh  45  -0.728028 -1.788028  0.021355 -0.030163 1.39445E-11
 pd  46  -0.141453 -1.791453  0.017931 -0.033588 5.56624E-11
 ag  47  -0.591923 -1.791923  0.017461 -0.034058 1.99968E-11
 cd  48  -0.045494 -1.755494  0.053889  0.002371 7.33342E-11
 in  49  -1.006572 -1.766572  0.042812 -0.008707 8.19275E-12
 sn  50   0.338920 -1.731080  0.078303  0.026785 1.87671E-10
 sb  51  -0.958058 -1.968058 -0.158675 -0.210193 9.71489E-12
 te  52   0.021621 -2.158379 -0.348996 -0.400514 9.71544E-11
  i  53  -0.248020 -1.798020  0.011363 -0.040155 5.19334E-11
 xe  54   0.447675 -1.792325  0.017058 -0.034460 2.66629E-10
 cs  55  -0.589208 -1.669208  0.140176  0.088657 2.47928E-11
 ba  56   0.639085 -1.540915  0.268468  0.216950 4.33344E-10
 la  57  -0.376631 -1.546631  0.262753  0.211234 4.22748E-11
 ce  58   0.044553 -1.535447  0.273936  0.222418 1.12469E-10
 pr  59  -0.868536 -1.628536  0.180847  0.129329 1.38163E-11
 nd  60  -0.163290 -1.613290  0.196093  0.144575 7.17443E-11
 pm  61   0.000000 -9.000000  0.000000  0.000000 0.00000E+00
 sm  62  -0.843493 -1.783493  0.025891 -0.025628 1.56182E-11
 eu  63  -1.273203 -1.783203  0.026181 -0.025338 5.86853E-12
 gd  64  -0.697149 -1.747149  0.062234  0.010716 2.28788E-11
 tb  65  -1.455186 -1.775186  0.034198 -0.017321 4.03643E-12
 dy  66  -0.609663 -1.739663  0.069720  0.018202 2.89189E-11
 ho  67  -1.308705 -1.778705  0.030678 -0.020840 5.86929E-12
 er  68  -0.819433 -1.739433  0.069950  0.018432 1.83632E-11
 tm  69  -1.632541 -1.752541  0.056843  0.005324 2.85212E-12
 yb  70  -0.772200 -1.692200  0.117184  0.065665 2.11806E-11
 lu  71  -1.592571 -1.682571  0.126812  0.075294 3.23874E-12
 hf  72  -0.873289 -1.583289  0.226094  0.174576 1.73108E-11
 ta  73  -1.752802 -1.632802  0.176582  0.125063 2.31603E-12
  w  74  -0.931879 -1.581879  0.227504  0.175986 1.55795E-11
 re  75  -1.478202 -1.738202  0.071182  0.019663 4.48524E-12
 os  76  -0.400066 -1.750066  0.059317  0.007799 5.48534E-11
 ir  77  -0.481594 -1.801594  0.007789 -0.043729 4.59398E-11
 pt  78  -0.192238 -1.812238 -0.002854 -0.054373 9.07741E-11
 au  79  -0.981247 -1.781247  0.028136 -0.023382 1.48983E-11
 hg  80  -0.458643 -1.628643  0.180740  0.129222 5.05426E-11
 tl  81  -0.772120 -1.542120  0.267264  0.215745 2.50217E-11
 pb  82   1.727043 -0.312957  1.496427  1.444908 8.00616E-09
 bi  83   0.101331 -0.548669  1.260714  1.209196 1.91173E-10
 po  84   1.234838 -9.000000  0.000000  0.000000 2.60001E-09
#[ls/Fe]_Thiswork =   0.0870, [hs/Fe]_Thiswork =   0.2684
#[hs/ls]_Thiswork =   0.1814, [Pb/hs]_Thiswork =   1.2280
# Elemental abundance ratios: 
# He/H =  9.4820E-02, C/O =  7.6862E+00, N/O = 4.20582E-01
#
#  TP   Mass     Mcore    Menv    log L
#  6 1.899963 0.655055 1.244908 3.930592
# El  Z   log e(X)   [X/H]    [X/Fe]     [X/O]      X(i)
  p   1  12.000000  0.000000  0.000000  0.000000 7.27624E-01
 he   2  10.980987  0.050986  1.860370  1.808851 2.76578E-01
  c   6   8.231164 -0.238836  1.570547  1.519029 1.47635E-03
  n   7   6.599030 -1.270970  0.538413  0.486895 4.01625E-05
  o   8   7.094659 -1.635340  0.174043  0.000000 1.43615E-04
  f   9   3.942196 -0.517804  1.291579  1.117536 1.20047E-07
 ne  10   6.881832 -1.088168  0.721216  0.547173 1.10969E-04
 na  11   4.905528 -1.404472  0.404912  0.230868 1.33510E-06
 mg  12   5.851803 -1.788197  0.021186 -0.152857 1.24723E-05
 al  13   4.700469 -1.769530  0.039853 -0.134190 9.77216E-07
 si  14   5.747116 -1.802884  0.006499 -0.167544 1.13254E-05
  p  15   3.700089 -1.769911  0.039472 -0.134571 1.12081E-07
  s  16   5.352294 -1.807705  0.001678 -0.172365 5.20921E-06
 cl  17   3.429897 -1.800103  0.009281 -0.164762 6.88647E-08
 ar  18   4.631650 -1.808350  0.001034 -0.173009 1.23479E-06
  k  19   3.274250 -1.805750  0.003633 -0.170410 5.30703E-08
 ca  20   4.481337 -1.808663  0.000721 -0.173323 8.76374E-07
 sc  21   1.261302 -1.788698  0.020685 -0.153358 5.92292E-10
 ti  22   3.104226 -1.805774  0.003610 -0.170434 4.39247E-08
  v  23   2.150043 -1.809957 -0.000573 -0.174616 5.19477E-09
 cr  24   3.812711 -1.827289 -0.017906 -0.191949 2.43852E-07
 mn  25   3.671898 -1.808102  0.001281 -0.172762 1.86302E-07
 fe  26   5.731751 -1.808249  0.000000 -0.172908 2.17361E-05
 co  27   3.120606 -1.749393  0.058855 -0.114053 5.61580E-08
 ni  28   4.396912 -1.803088  0.005160 -0.167748 1.05668E-06
 cu  29   2.549779 -1.700221  0.108027 -0.064881 1.62672E-08
 zn  30   2.842363 -1.787637  0.020612 -0.152297 3.28433E-08
 ga  31   1.336179 -1.743821  0.064427 -0.108481 1.09144E-09
 ge  32   1.795069 -1.784931  0.023317 -0.149591 3.27108E-09
 as  33   0.523472 -1.776528  0.031720 -0.141188 1.80521E-10
 se  34   1.571299 -1.768701  0.039547 -0.133361 2.12399E-09
 br  35   0.767378 -1.772622  0.035626 -0.137282 3.37592E-10
 kr  36   1.561347 -1.688653  0.119596 -0.053313 2.20306E-09
 rb  37   0.712712 -1.647288  0.160961 -0.011947 3.18392E-10
 sr  38   1.364861 -1.515140  0.293109  0.120201 1.46524E-09
  y  39   0.703825 -1.466175  0.342073  0.169165 3.24491E-10
 zr  40   1.042203 -1.487797  0.320451  0.147543 7.25702E-10
 nb  41  -0.108898 -1.518898  0.289350  0.116442 5.21906E-11
 mo  42   0.285488 -1.654512  0.153737 -0.019172 1.33639E-10
 tc  43  -1.567564 -9.000000  0.000000  0.000000 1.91474E-12
 ru  44   0.012087 -1.747913  0.060335 -0.112573 7.50163E-11
 rh  45  -0.679705 -1.739705  0.068544 -0.104364 1.55304E-11
 pd  46   0.008499 -1.641501  0.166748 -0.006161 7.83374E-11
 ag  47  -0.548688 -1.748688  0.059561 -0.113348 2.20116E-11
 cd  48   0.120167 -1.589833  0.218415  0.045507 1.07009E-10
 in  49  -0.892154 -1.652154  0.156095 -0.016814 1.06244E-11
 sn  50   0.522422 -1.547578  0.260670  0.087762 2.85336E-10
 sb  51  -0.838876 -1.848876 -0.040627 -0.213536 1.27372E-11
 te  52   0.177109 -2.002891 -0.194643 -0.367551 1.38486E-10
  i  53  -0.226623 -1.776623  0.031626 -0.141282 5.43625E-11
 xe  54   0.532566 -1.707434  0.100815 -0.072094 3.23038E-10
 cs  55  -0.411430 -1.491430  0.316818  0.143910 3.72012E-11
 ba  56   1.029523 -1.150477  0.657771  0.484863 1.06102E-09
 la  57   0.055704 -1.114296  0.693953  0.521044 1.13991E-10
 ce  58   0.583417 -0.996583  0.811665  0.638757 3.87570E-10
 pr  59  -0.407617 -1.167617  0.640632  0.467724 3.97892E-11
 nd  60   0.371204 -1.078796  0.729453  0.556545 2.44758E-10
 pm  61   0.000000 -9.000000  0.000000  0.000000 0.00000E+00
 sm  62  -0.376410 -1.316411  0.491838  0.318930 4.56214E-11
 eu  63  -1.126348 -1.636348  0.171901 -0.001007 8.20049E-12
 gd  64  -0.410541 -1.460541  0.347708  0.174800 4.41058E-11
 tb  65  -1.268074 -1.588074  0.220175  0.047266 6.18821E-12
 dy  66  -0.294134 -1.424134  0.384114  0.211206 5.95890E-11
 ho  67  -1.131042 -1.601042  0.207207  0.034299 8.80450E-12
 er  68  -0.468657 -1.388658  0.419591  0.246683 4.10373E-11
 tm  69  -1.353202 -1.473202  0.335047  0.162138 5.40707E-12
 yb  70  -0.213419 -1.133419  0.674829  0.501921 7.64142E-11
 lu  71  -1.122005 -1.212005  0.596243  0.423335 9.53668E-12
 hf  72  -0.252940 -0.962940  0.845308  0.672400 7.19649E-11
 ta  73  -1.205050 -1.085050  0.723199  0.550291 8.14612E-12
  w  74  -0.299577 -0.949577  0.858672  0.685763 6.65747E-11
 re  75  -1.120612 -1.380612  0.427636  0.254728 1.01819E-11
 os  76  -0.102468 -1.452469  0.355780  0.182872 1.08457E-10
 ir  77  -0.422415 -1.742415  0.065834 -0.107075 5.24594E-11
 pt  78  -0.010141 -1.630141  0.178107  0.005199 1.37567E-10
 au  79  -0.800003 -1.600003  0.208246  0.035337 2.25339E-11
 hg  80   0.201037 -0.968963  0.839286  0.666378 2.30035E-10
 tl  81  -0.082546 -0.852546  0.955702  0.782794 1.21996E-10
 pb  82   2.266763  0.226763  2.035011  1.862103 2.76439E-08
 bi  83   0.572986 -0.077014  1.731234  1.558326 5.64335E-10
 po  84   1.654834 -9.000000  0.000000  0.000000 6.81439E-09
#[ls/Fe]_Thiswork =   0.3185, [hs/Fe]_Thiswork =   0.7211
#[hs/ls]_Thiswork =   0.4026, [Pb/hs]_Thiswork =   1.3139
# Elemental abundance ratios: 
# He/H =  9.5716E-02, C/O =  1.3693E+01, N/O = 3.19426E-01
#
#  TP   Mass     Mcore    Menv    log L
#  7 1.899945 0.658253 1.241692 3.967854
# El  Z   log e(X)   [X/H]    [X/Fe]     [X/O]      X(i)
  p   1  12.000000  0.000000  0.000000  0.000000 7.23869E-01
 he   2  10.987107  0.057107  1.865355  1.692447 2.79057E-01
  c   6   8.471214  0.001214  1.809463  1.636554 2.55266E-03
  n   7   6.607240 -1.262760  0.545488  0.372580 4.07178E-05
  o   8   7.222341 -1.507658  0.300590  0.000000 1.91705E-04
  f   9   4.259159 -0.200841  1.607407  1.306817 2.47780E-07
 ne  10   7.185478 -0.784522  1.023727  0.723137 2.22126E-04
 na  11   5.136624 -1.173376  0.634872  0.334282 2.26132E-06
 mg  12   5.903639 -1.736361  0.071888 -0.228702 1.39809E-05
 al  13   4.736105 -1.733894  0.074354 -0.226236 1.05531E-06
 si  14   5.751894 -1.798106  0.010142 -0.290448 1.13916E-05
  p  15   3.736640 -1.733360  0.074889 -0.225701 1.21293E-07
  s  16   5.354557 -1.805443  0.002805 -0.297785 5.20940E-06
 cl  17   3.436970 -1.793030  0.015218 -0.285372 6.96342E-08
 ar  18   4.633353 -1.806647  0.001601 -0.298989 1.23324E-06
  k  19   3.278145 -1.801855  0.006393 -0.294197 5.32720E-08
 ca  20   4.482885 -1.807115  0.001133 -0.299457 8.74965E-07
 sc  21   1.277380 -1.772620  0.035629 -0.264961 6.11460E-10
 ti  22   3.108534 -1.801466  0.006783 -0.293808 4.41336E-08
  v  23   2.151613 -1.808387 -0.000138 -0.300728 5.18668E-09
 cr  24   3.814707 -1.825293 -0.017045 -0.317635 2.43712E-07
 mn  25   3.674546 -1.805454  0.002795 -0.297795 1.86474E-07
 fe  26   5.733511 -1.806489  0.000000 -0.298831 2.17117E-05
 co  27   3.152292 -1.717708  0.088781 -0.210049 6.00966E-08
 ni  28   4.401533 -1.798467  0.008022 -0.290809 1.06247E-06
 cu  29   2.599525 -1.650475  0.156014 -0.142816 1.81474E-08
 zn  30   2.862754 -1.767246  0.039243 -0.259588 3.42445E-08
 ga  31   1.396207 -1.683793  0.122696 -0.176135 1.24676E-09
 ge  32   1.853262 -1.726738  0.079751 -0.219079 3.72081E-09
 as  33   0.559658 -1.740342  0.066147 -0.232683 1.95194E-10
 se  34   1.654787 -1.685213  0.121276 -0.177554 2.56091E-09
 br  35   0.812311 -1.727689  0.078800 -0.220030 3.72460E-10
 kr  36   1.678244 -1.571756  0.234733 -0.064098 2.86865E-09
 rb  37   0.859550 -1.500450  0.306039  0.007208 4.44173E-10
 sr  38   1.605956 -1.274044  0.532445  0.233614 2.53956E-09
  y  39   0.971322 -1.198678  0.607811  0.308980 5.97658E-10
 zr  40   1.320883 -1.209117  0.597372  0.298541 1.37149E-09
 nb  41   0.157208 -1.252792  0.553697  0.254867 9.58190E-11
 mo  42   0.556060 -1.383940  0.422549  0.123718 2.47890E-10
 tc  43  -1.142730 -9.000000  0.000000  0.000000 5.06636E-12
 ru  44   0.238009 -1.521991  0.284498 -0.014332 1.25554E-10
 rh  45  -0.567256 -1.627256  0.179233 -0.119597 2.00163E-11
 pd  46   0.270900 -1.379100  0.427389  0.128558 1.42601E-10
 ag  47  -0.444223 -1.644223  0.162266 -0.136565 2.78528E-11
 cd  48   0.412848 -1.297152  0.509337  0.210507 2.08861E-10
 in  49  -0.654942 -1.414942  0.391547  0.092717 1.82502E-11
 sn  50   0.844093 -1.225907  0.580582  0.281752 5.95361E-10
 sb  51  -0.595135 -1.605135  0.201354 -0.097476 2.22111E-11
 te  52   0.467074 -1.712926  0.093563 -0.205267 2.68611E-10
  i  53  -0.164610 -1.714610  0.091879 -0.206951 6.23829E-11
 xe  54   0.726255 -1.513745  0.292744 -0.006086 5.01992E-10
 cs  55  -0.095353 -1.175353  0.631136  0.332305 7.66281E-11
 ba  56   1.399501 -0.780499  1.025990  0.727159 2.47432E-09
 la  57   0.421914 -0.748086  1.058403  0.759573 2.63533E-10
 ce  58   0.948397 -0.631603  1.174886  0.876055 8.93478E-10
 pr  59  -0.063039 -0.823039  0.983450  0.684620 8.75178E-11
 nd  60   0.719219 -0.730781  1.075708  0.776878 5.42631E-10
 pm  61   0.000000 -9.000000  0.000000  0.000000 0.00000E+00
 sm  62  -0.055865 -0.995865  0.810624  0.511793 9.49439E-11
 eu  63  -0.954579 -1.464579  0.341910  0.043079 1.21160E-11
 gd  64  -0.152188 -1.202188  0.604301  0.305470 7.95429E-11
 tb  65  -1.069347 -1.389347  0.417142  0.118311 9.72848E-12
 dy  66  -0.028715 -1.158715  0.647774  0.348943 1.09229E-10
 ho  67  -0.941709 -1.411709  0.394780  0.095950 1.35454E-11
 er  68  -0.187201 -1.107201  0.699288  0.400458 7.80529E-11
 tm  69  -1.107441 -1.227441  0.579048  0.280218 9.47274E-12
 yb  70   0.118615 -0.801385  1.005104  0.706274 1.63291E-10
 lu  71  -0.816970 -0.906970  0.899519  0.600689 1.91507E-11
 hf  72   0.089046 -0.620954  1.185534  0.886704 1.57347E-10
 ta  73  -0.873540 -0.753540  1.052949  0.754119 1.73866E-11
  w  74   0.043501 -0.606499  1.199990  0.901159 1.45929E-10
 re  75  -0.846149 -1.106149  0.700340  0.401509 1.90566E-11
 os  76   0.137984 -1.212016  0.594473  0.295643 1.87699E-10
 ir  77  -0.345340 -1.665340  0.141149 -0.157681 6.23235E-11
 pt  78   0.173532 -1.446468  0.360021  0.061190 2.08901E-10
 au  79  -0.616389 -1.416389  0.390100  0.091269 3.42140E-11
 hg  80   0.528185 -0.641815  1.164674  0.865843 4.86065E-10
 tl  81   0.246606 -0.523394  1.283095  0.984264 2.58971E-10
 pb  82   2.572348  0.532348  2.338837  2.040006 5.55823E-08
 bi  83   0.858008  0.208008  2.014497  1.715667 1.08221E-09
 po  84   1.875938 -9.000000  0.000000  0.000000 1.12794E-08
#[ls/Fe]_Thiswork =   0.5792, [hs/Fe]_Thiswork =   1.0864
#[hs/ls]_Thiswork =   0.5072, [Pb/hs]_Thiswork =   1.2524
# Elemental abundance ratios: 
# He/H =  9.7075E-02, C/O =  1.7737E+01, N/O = 2.42604E-01
#
#  TP   Mass     Mcore    Menv    log L
#  8 1.899908 0.661088 1.238820 3.995899
# El  Z   log e(X)   [X/H]    [X/Fe]     [X/O]      X(i)
  p   1  12.000000  0.000000  0.000000  0.000000 7.19662E-01
 he   2  10.993968  0.063968  1.870457  1.571626 2.81853E-01
  c   6   8.637659  0.167659  1.974148  1.675317 3.72312E-03
  n   7   6.616393 -1.253607  0.552882  0.254052 4.13434E-05
  o   8   7.328841 -1.401158  0.405331  0.000000 2.43558E-04
  f   9   4.497996  0.037996  1.844485  1.439154 4.26945E-07
 ne  10   7.401026 -0.568974  1.237515  0.832184 3.62756E-04
 na  11   5.345455 -0.964545  0.841944  0.436613 3.63632E-06
 mg  12   5.977248 -1.662752  0.143737 -0.261593 1.64669E-05
 al  13   4.775531 -1.694468  0.112020 -0.293310 1.14888E-06
 si  14   5.756853 -1.793147  0.013342 -0.391989 1.14554E-05
  p  15   3.773890 -1.696110  0.110379 -0.294952 1.31388E-07
  s  16   5.357131 -1.802869  0.003620 -0.401711 5.20991E-06
 cl  17   3.444286 -1.785714  0.020775 -0.384555 7.04057E-08
 ar  18   4.635315 -1.804685  0.001804 -0.403527 1.23162E-06
  k  19   3.282261 -1.797739  0.008750 -0.396581 5.34667E-08
 ca  20   4.484722 -1.805278  0.001211 -0.404119 8.73567E-07
 sc  21   1.294436 -1.755564  0.050925 -0.354406 6.32254E-10
 ti  22   3.113563 -1.796437  0.010052 -0.395279 4.43882E-08
  v  23   2.153461 -1.806539 -0.000050 -0.405380 5.17852E-09
 cr  24   3.817026 -1.822974 -0.016485 -0.421815 2.43593E-07
 mn  25   3.678015 -1.801985  0.004504 -0.400827 1.86877E-07
 fe  26   5.735566 -1.804434  0.000000 -0.403276 2.16879E-05
 co  27   3.180355 -1.689645  0.114789 -0.288486 6.37355E-08
 ni  28   4.405687 -1.794313  0.010121 -0.393155 1.06645E-06
 cu  29   2.635587 -1.614413  0.190021 -0.213255 1.96039E-08
 zn  30   2.880540 -1.749460  0.054974 -0.348302 3.54688E-08
 ga  31   1.448088 -1.631912  0.172522 -0.230754 1.39679E-09
 ge  32   1.904695 -1.675305  0.129129 -0.274147 4.16427E-09
 as  33   0.593038 -1.706962  0.097472 -0.305804 2.09563E-10
 se  34   1.722949 -1.617051  0.187383 -0.215893 2.97868E-09
 br  35   0.856242 -1.683758  0.120677 -0.282599 4.09712E-10
 kr  36   1.776708 -1.473292  0.331142 -0.072134 3.57775E-09
 rb  37   0.975965 -1.384034  0.420400  0.017124 5.77347E-10
 sr  38   1.782867 -1.097133  0.707302  0.304026 3.79436E-09
  y  39   1.169491 -1.000509  0.803925  0.400649 9.37756E-10
 zr  40   1.538252 -0.991748  0.812686  0.409410 2.24920E-09
 nb  41   0.372303 -1.037697  0.766737  0.363461 1.56320E-10
 mo  42   0.778457 -1.161543  0.642891  0.239615 4.11268E-10
 tc  43  -0.888934 -9.000000  0.000000  0.000000 9.03567E-12
 ru  44   0.442521 -1.317479  0.486955  0.083679 1.99899E-10
 rh  45  -0.441189 -1.501189  0.303246 -0.100030 2.66024E-11
 pd  46   0.491909 -1.158091  0.646343  0.243067 2.35831E-10
 ag  47  -0.326227 -1.526227  0.278207 -0.125069 3.63357E-11
 cd  48   0.648846 -1.061154  0.743280  0.340004 3.57538E-10
 in  49  -0.444507 -1.204507  0.599928  0.196652 2.94559E-11
 sn  50   1.097474 -0.972526  0.831908  0.428632 1.06079E-09
 sb  51  -0.376864 -1.386864  0.417570  0.014294 3.65013E-11
 te  52   0.707622 -1.472378  0.332056 -0.071220 4.64665E-10
  i  53  -0.084842 -1.634842  0.169593 -0.233683 7.45250E-11
 xe  54   0.916120 -1.323880  0.480554  0.077278 7.72733E-10
 cs  55   0.156504 -0.923496  0.880938  0.477662 1.36055E-10
 ba  56   1.660893 -0.519107  1.285328  0.882052 4.49073E-09
 la  57   0.678839 -0.491161  1.313273  0.909997 4.73399E-10
 ce  58   1.198626 -0.381374  1.423060  1.019784 1.58045E-09
 pr  59   0.180968 -0.579032  1.225403  0.822127 1.52606E-10
 nd  60   0.958610 -0.491390  1.313044  0.909768 9.36189E-10
 pm  61   0.000000 -9.000000  0.000000  0.000000 0.00000E+00
 sm  62   0.170299 -0.769701  1.034733  0.631457 1.58891E-10
 eu  63  -0.796710 -1.306710  0.497724  0.094448 1.73260E-11
 gd  64   0.051445 -0.998555  0.805879  0.402603 1.26388E-10
 tb  65  -0.898649 -1.218649  0.585785  0.182509 1.43289E-11
 dy  66   0.175190 -0.954810  0.849624  0.446348 1.73665E-10
 ho  67  -0.776215 -1.246215  0.558220  0.154944 1.97130E-11
 er  68   0.027320 -0.892680  0.911754  0.508478 1.27168E-10
 tm  69  -0.913279 -1.033279  0.771156  0.367880 1.47268E-11
 yb  70   0.347637 -0.572363  1.232071  0.828795 2.75076E-10
 lu  71  -0.602309 -0.692309  1.112125  0.708849 3.12115E-11
 hf  72   0.321681 -0.388319  1.416115  1.012839 2.67278E-10
 ta  73  -0.642197 -0.522197  1.282238  0.878962 2.94460E-11
  w  74   0.273926 -0.376074  1.428360  1.025084 2.46623E-10
 re  75  -0.640252 -0.900252  0.904182  0.500906 3.04377E-11
 os  76   0.321714 -1.028286  0.776149  0.372873 2.84880E-10
 ir  77  -0.263764 -1.583764  0.220670 -0.182606 7.47646E-11
 pt  78   0.330514 -1.289486  0.514948  0.111672 2.98120E-10
 au  79  -0.459825 -1.259825  0.544610  0.141334 4.87795E-11
 hg  80   0.748790 -0.421210  1.383224  0.979948 8.03095E-10
 tl  81   0.462298 -0.307702  1.496733  1.093457 4.23069E-10
 pb  82   2.767834  0.727834  2.532268  2.128992 8.66745E-08
 bi  83   1.040498  0.390498  2.194932  1.791656 1.63784E-09
 po  84   2.006339 -9.000000  0.000000  0.000000 1.51410E-08
#[ls/Fe]_Thiswork =   0.7746, [hs/Fe]_Thiswork =   1.3406
#[hs/ls]_Thiswork =   0.5659, [Pb/hs]_Thiswork =   1.1917
# Elemental abundance ratios: 
# He/H =  9.8621E-02, C/O =  2.0362E+01, N/O = 1.93888E-01
#
#  TP   Mass     Mcore    Menv    log L
#  9 1.899824 0.663610 1.236214 4.018033
# El  Z   log e(X)   [X/H]    [X/Fe]     [X/O]      X(i)
  p   1  12.000000  0.000000  0.000000  0.000000 7.14910E-01
 he   2  11.001801  0.071800  1.876235  1.472959 2.85087E-01
  c   6   8.766043  0.296042  2.100477  1.697201 4.97065E-03
  n   7   6.628045 -1.241955  0.562479  0.159204 4.21873E-05
  o   8   7.414872 -1.315127  0.489307  0.000000 2.94955E-04
  f   9   4.690632  0.230632  2.035067  1.545760 6.60893E-07
 ne  10   7.565465 -0.404535  1.399899  0.910593 5.26232E-04
 na  11   5.514956 -0.795044  1.009390  0.520083 5.33686E-06
 mg  12   6.059322 -1.580678  0.223757 -0.265550 1.97610E-05
 al  13   4.814263 -1.655736  0.148698 -0.340609 1.24775E-06
 si  14   5.762029 -1.787971  0.016463 -0.472844 1.15162E-05
  p  15   3.808276 -1.661724  0.142711 -0.346596 1.41275E-07
  s  16   5.360022 -1.799978  0.004456 -0.484851 5.21007E-06
 cl  17   3.452072 -1.777928  0.026506 -0.462801 7.12059E-08
 ar  18   4.637594 -1.802406  0.002028 -0.487279 1.22993E-06
  k  19   3.286749 -1.793251  0.011183 -0.478124 5.36655E-08
 ca  20   4.486887 -1.803113  0.001321 -0.487986 8.72135E-07
 sc  21   1.312916 -1.737084  0.067350 -0.421957 6.55382E-10
 ti  22   3.119287 -1.790712  0.013722 -0.475585 4.46801E-08
  v  23   2.155627 -1.804373  0.000062 -0.489245 5.17004E-09
 cr  24   3.819724 -1.820276 -0.015841 -0.505148 2.43492E-07
 mn  25   3.682158 -1.797842  0.006593 -0.482714 1.87423E-07
 fe  26   5.737977 -1.802023  0.000000 -0.486896 2.16647E-05
 co  27   3.207868 -1.662132  0.139891 -0.347005 6.74555E-08
 ni  28   4.409690 -1.790310  0.011714 -0.475183 1.06922E-06
 cu  29   2.664250 -1.585750  0.216274 -0.270622 2.08032E-08
 zn  30   2.895849 -1.734151  0.067873 -0.419024 3.64987E-08
 ga  31   1.492867 -1.587132  0.214891 -0.272005 1.53828E-09
 ge  32   1.951252 -1.628748  0.173275 -0.313621 4.60488E-09
 as  33   0.625321 -1.674679  0.127345 -0.359551 2.24244E-10
 se  34   1.784013 -1.555987  0.246036 -0.240860 3.40574E-09
 br  35   0.900448 -1.639552  0.162471 -0.324425 4.50617E-10
 kr  36   1.863636 -1.386364  0.415659 -0.071237 4.34171E-09
 rb  37   1.075142 -1.284858  0.517165  0.030269 7.20669E-10
 sr  38   1.921289 -0.958711  0.843313  0.356417 5.18422E-09
  y  39   1.322316 -0.847684  0.954340  0.467443 1.32446E-09
 zr  40   1.704418 -0.825582  0.976442  0.489546 3.27581E-09
 nb  41   0.539189 -0.870811  0.931213  0.444317 2.28047E-10
 mo  42   0.949796 -0.990204  0.811819  0.324923 6.06159E-10
 tc  43  -0.728473 -9.000000  0.000000  0.000000 1.29880E-11
 ru  44   0.603117 -1.156883  0.645140  0.158244 2.87429E-10
 rh  45  -0.327799 -1.387799  0.414225 -0.072671 3.43110E-11
 pd  46   0.660924 -0.989076  0.812947  0.326051 3.45731E-10
 ag  47  -0.217204 -1.417204  0.384819 -0.102077 4.63959E-11
 cd  48   0.826116 -0.883884  0.918139  0.431243 5.34215E-10
 in  49  -0.279430 -1.039430  0.762593  0.275697 4.27928E-11
 sn  50   1.284780 -0.785220  1.016803  0.529907 1.62202E-09
 sb  51  -0.205323 -1.215323  0.586700  0.099804 5.38236E-11
 te  52   0.890056 -1.289944  0.512079  0.025183 7.02583E-10
  i  53  -0.003457 -1.553457  0.248566 -0.238330 8.92912E-11
 xe  54   1.074618 -1.165382  0.636642  0.149746 1.10573E-09
 cs  55   0.345657 -0.734343  1.067681  0.580785 2.08925E-10
 ba  56   1.853467 -0.326533  1.475490  0.988594 6.95047E-09
 la  57   0.869063 -0.300937  1.501087  1.014191 7.28744E-10
 ce  58   1.383801 -0.196199  1.605825  1.118929 2.40481E-09
 pr  59   0.363998 -0.396002  1.406022  0.919126 2.31060E-10
 nd  60   1.135740 -0.314260  1.487764  1.000868 1.39835E-09
 pm  61   0.000000 -9.000000  0.000000  0.000000 0.00000E+00
 sm  62   0.340720 -0.599280  1.202744  0.715848 2.33692E-10
 eu  63  -0.661457 -1.171457  0.630566  0.143670 2.35003E-11
 gd  64   0.211978 -0.838022  0.964001  0.477105 1.81702E-10
 tb  65  -0.757196 -1.077196  0.724827  0.237931 1.97145E-11
 dy  66   0.334553 -0.795447  1.006576  0.519680 2.48998E-10
 ho  67  -0.637925 -1.107925  0.694098  0.207202 2.69256E-11
 er  68   0.192985 -0.727015  1.075008  0.588112 1.84997E-10
 tm  69  -0.759484 -0.879484  0.922539  0.435643 2.08461E-11
 yb  70   0.518929 -0.401071  1.400953  0.914057 4.05385E-10
 lu  71  -0.438405 -0.528405  1.273618  0.786722 4.52212E-11
 hf  72   0.494320 -0.215680  1.586343  1.099447 3.95116E-10
 ta  73  -0.470469 -0.350469  1.451555  0.964659 4.34386E-11
  w  74   0.444510 -0.205490  1.596533  1.109637 3.62861E-10
 re  75  -0.480155 -0.740155  1.061868  0.574972 4.37152E-11
 os  76   0.467387 -0.882613  0.919411  0.432515 3.95783E-10
 ir  77  -0.185048 -1.505048  0.296975 -0.189921 8.90296E-11
 pt  78   0.460086 -1.159914  0.642109  0.155213 3.99103E-10
 au  79  -0.330496 -1.130496  0.671528  0.184632 6.52663E-11
 hg  80   0.911720 -0.258280  1.543744  1.056848 1.16097E-09
 tl  81   0.624639 -0.145361  1.656662  1.169766 6.10765E-10
 pb  82   2.906897  0.866897  2.668920  2.182024 1.18598E-07
 bi  83   1.171529  0.521529  2.323552  1.836656 2.20001E-09
 po  84   2.089735 -9.000000  0.000000  0.000000 1.82252E-08
#[ls/Fe]_Thiswork =   0.9247, [hs/Fe]_Thiswork =   1.5275
#[hs/ls]_Thiswork =   0.6028, [Pb/hs]_Thiswork =   1.1415
# Elemental abundance ratios: 
# He/H =  1.0042E-01, C/O =  2.2448E+01, N/O = 1.63370E-01
#
#  TP   Mass     Mcore    Menv    log L
# 10 1.899645 0.665875 1.233771 4.036171
# El  Z   log e(X)   [X/H]    [X/Fe]     [X/O]      X(i)
  p   1  12.000000  0.000000  0.000000  0.000000 7.10001E-01
 he   2  11.009871  0.079871  1.881895  1.394999 2.88440E-01
  c   6   8.867990  0.397990  2.200014  1.713118 6.24263E-03
  n   7   6.640540 -1.229460  0.572564  0.085668 4.31205E-05
  o   8   7.482748 -1.247252  0.554772  0.000000 3.42483E-04
  f   9   4.849436  0.389436  2.191460  1.636688 9.46112E-07
 ne  10   7.694920 -0.275080  1.526944  0.972172 7.04108E-04
 na  11   5.655264 -0.654736  1.147287  0.592515 7.32152E-06
 mg  12   6.139843 -1.500157  0.301866 -0.252906 2.36231E-05
 al  13   4.849226 -1.620774  0.181250 -0.373522 1.34307E-06
 si  14   5.767133 -1.782867  0.019156 -0.535616 1.15723E-05
  p  15   3.838440 -1.631560  0.170464 -0.384308 1.50396E-07
  s  16   5.362991 -1.797009  0.005015 -0.549757 5.20980E-06
 cl  17   3.459908 -1.770092  0.031932 -0.522840 7.20046E-08
 ar  18   4.639984 -1.800016  0.002007 -0.552764 1.22822E-06
  k  19   3.291344 -1.788656  0.013367 -0.541405 5.38638E-08
 ca  20   4.489169 -1.800831  0.001193 -0.553579 8.70710E-07
 sc  21   1.331726 -1.718274  0.083750 -0.471022 6.79692E-10
 ti  22   3.125222 -1.784778  0.017246 -0.537526 4.49838E-08
  v  23   2.157891 -1.802109 -0.000085 -0.554857 5.16138E-09
 cr  24   3.822565 -1.817435 -0.015411 -0.570183 2.43407E-07
 mn  25   3.686537 -1.793463  0.008560 -0.546212 1.88022E-07
 fe  26   5.740525 -1.799475  0.000000 -0.552223 2.16425E-05
 co  27   3.234808 -1.635192  0.164283 -0.387940 7.12796E-08
 ni  28   4.413472 -1.786528  0.012947 -0.539277 1.07116E-06
 cu  29   2.687544 -1.562456  0.237019 -0.315205 2.17987E-08
 zn  30   2.908295 -1.721705  0.077769 -0.474454 3.73018E-08
 ga  31   1.528779 -1.551221  0.248254 -0.303969 1.65941E-09
 ge  32   1.990285 -1.589715  0.209760 -0.342463 5.00333E-09
 as  33   0.654283 -1.645717  0.153757 -0.398466 2.38062E-10
 se  34   1.837560 -1.502440  0.297035 -0.255189 3.82618E-09
 br  35   0.943236 -1.596764  0.202711 -0.349512 4.93859E-10
 kr  36   1.940152 -1.309848  0.489627 -0.062596 5.14262E-09
 rb  37   1.161664 -1.198336  0.601139  0.048916 8.73507E-10
 sr  38   2.033658 -0.846342  0.953133  0.400909 6.66898E-09
  y  39   1.443940 -0.726060  1.073415  0.521192 1.74048E-09
 zr  40   1.835081 -0.694919  1.104556  0.552333 4.39530E-09
 nb  41   0.671012 -0.738988  1.060487  0.508263 3.06799E-10
 mo  42   1.085119 -0.854881  0.944594  0.392371 8.22086E-10
 tc  43  -0.616709 -9.000000  0.000000  0.000000 1.66846E-11
 ru  44   0.730836 -1.029164  0.770311  0.218087 3.83051E-10
 rh  45  -0.229642 -1.289642  0.509833 -0.042390 4.27166E-11
 pd  46   0.794129 -0.855871  0.943604  0.391381 4.66607E-10
 ag  47  -0.120787 -1.320787  0.478688 -0.073535 5.75314E-11
 cd  48   0.964824 -0.745176  1.054298  0.502075 7.30181E-10
 in  49  -0.147230 -0.907230  0.892245  0.340021 5.76207E-11
 sn  50   1.430192 -0.639808  1.159667  0.607444 2.25153E-09
 sb  51  -0.067989 -1.077989  0.721485  0.169262 7.33354E-11
 te  52   1.033750 -1.146250  0.653224  0.101001 9.71401E-10
  i  53   0.074178 -1.475822  0.323653 -0.228571 1.06036E-10
 xe  54   1.206179 -1.033821  0.765653  0.213430 1.48668E-09
 cs  55   0.493885 -0.586115  1.213360  0.661137 2.91894E-10
 ba  56   1.997470 -0.182530  1.616945  1.064721 9.61666E-09
 la  57   1.009915 -0.160085  1.639390  1.087167 1.00100E-09
 ce  58   1.518092 -0.061908  1.737567  1.185344 3.25371E-09
 pr  59   0.497265 -0.262735  1.536740  0.984516 3.11888E-10
 nd  60   1.262608 -0.187392  1.612082  1.059859 1.85991E-09
 pm  61   0.000000 -9.000000  0.000000  0.000000 0.00000E+00
 sm  62   0.463438 -0.476562  1.322913  0.770690 3.07871E-10
 eu  63  -0.557139 -1.067139  0.732335  0.180112 2.96756E-11
 gd  64   0.329762 -0.720237  1.079237  0.527014 2.36675E-10
 tb  65  -0.650434 -0.970434  0.829041  0.276818 2.50355E-11
 dy  66   0.450842 -0.679158  1.120317  0.568093 3.23217E-10
 ho  67  -0.533261 -1.003261  0.796213  0.243990 3.40280E-11
 er  68   0.312603 -0.607397  1.192078  0.639854 2.41987E-10
 tm  69  -0.646643 -0.766643  1.032832  0.480609 2.68456E-11
 yb  70   0.640703 -0.279297  1.520178  0.967955 5.32903E-10
 lu  71  -0.320602 -0.410602  1.388872  0.836649 5.89050E-11
 hf  72   0.615932 -0.094068  1.705406  1.153183 5.19211E-10
 ta  73  -0.349657 -0.229657  1.569818  1.017594 5.69765E-11
  w  74   0.564639 -0.085361  1.714114  1.161891 4.75201E-10
 re  75  -0.364654 -0.624654  1.174821  0.622598 5.66423E-11
 os  76   0.573465 -0.776535  1.022940  0.470717 5.01814E-10
 ir  77  -0.120385 -1.440385  0.359089 -0.193134 1.02614E-10
 pt  78   0.556454 -1.063546  0.735928  0.183705 4.94835E-10
 au  79  -0.234263 -1.034263  0.765211  0.212988 8.08963E-11
 hg  80   1.024763 -0.145237  1.654238  1.102015 1.49579E-09
 tl  81   0.739170 -0.030830  1.768645  1.216422 7.89612E-10
 pb  82   3.009416  0.969416  2.768890  2.216667 1.49143E-07
 bi  83   1.269468  0.619468  2.418943  1.866720 2.73761E-09
 po  84   2.146026 -9.000000  0.000000  0.000000 2.06049E-08
#[ls/Fe]_Thiswork =   1.0437, [hs/Fe]_Thiswork =   1.6646
#[hs/ls]_Thiswork =   0.6209, [Pb/hs]_Thiswork =   1.1043
# Elemental abundance ratios: 
# He/H =  1.0230E-01, C/O =  2.4280E+01, N/O = 1.43811E-01
#
#  TP   Mass     Mcore    Menv    log L
# 11 1.899265 0.667905 1.231359 4.050889
# El  Z   log e(X)   [X/H]    [X/Fe]     [X/O]      X(i)
  p   1  12.000000  0.000000  0.000000  0.000000 7.04842E-01
 he   2  11.018381  0.088381  1.887856  1.335632 2.92010E-01
  c   6   8.952431  0.482430  2.281905  1.729682 7.52733E-03
  n   7   6.656187 -1.213813  0.585661  0.033438 4.43775E-05
  o   8   7.539288 -1.190712  0.608763  0.000000 3.87268E-04
  f   9   4.984940  0.524940  2.324414  1.715652 1.28315E-06
 ne  10   7.804443 -0.165557  1.633918  1.025155 8.99488E-04
 na  11   5.779860 -0.530140  1.269334  0.660572 9.68345E-06
 mg  12   6.217641 -1.422359  0.377116 -0.231647 2.80523E-05
 al  13   4.881688 -1.588312  0.211163 -0.397600 1.43679E-06
 si  14   5.772336 -1.777664  0.021811 -0.586952 1.16267E-05
  p  15   3.865732 -1.604268  0.195207 -0.413556 1.58987E-07
  s  16   5.366092 -1.793908  0.005567 -0.603196 5.20900E-06
 cl  17   3.468002 -1.761998  0.037477 -0.571286 7.28260E-08
 ar  18   4.642526 -1.797474  0.002001 -0.606762 1.22646E-06
  k  19   3.296184 -1.783816  0.015658 -0.593104 5.40716E-08
 ca  20   4.491598 -1.798402  0.001072 -0.607690 8.69230E-07
 sc  21   1.351443 -1.698557  0.100918 -0.507845 7.06094E-10
 ti  22   3.131438 -1.778562  0.020913 -0.587850 4.53008E-08
  v  23   2.160309 -1.799691 -0.000216 -0.608979 5.15248E-09
 cr  24   3.825587 -1.814413 -0.014938 -0.623701 2.43326E-07
 mn  25   3.691073 -1.788927  0.010548 -0.598215 1.88616E-07
 fe  26   5.743245 -1.796755  0.000000 -0.606043 2.16202E-05
 co  27   3.262573 -1.607427  0.189328 -0.416715 7.54333E-08
 ni  28   4.417347 -1.782652  0.014102 -0.591940 1.07291E-06
 cu  29   2.709657 -1.540343  0.256412 -0.349631 2.27707E-08
 zn  30   2.919930 -1.710071  0.086684 -0.519359 3.80363E-08
 ga  31   1.561945 -1.518055  0.278700 -0.327343 1.77808E-09
 ge  32   2.027520 -1.552480  0.244275 -0.361768 5.41162E-09
 as  33   0.683382 -1.616618  0.180137 -0.425906 2.52710E-10
 se  34   1.889862 -1.450138  0.346617 -0.259426 4.28450E-09
 br  35   0.986700 -1.553300  0.243455 -0.362588 5.41877E-10
 kr  36   2.012039 -1.237961  0.558794 -0.047249 6.02427E-09
 rb  37   1.244061 -1.115939  0.680815  0.074773 1.04832E-09
 sr  38   2.133778 -0.746222  1.050532  0.444489 8.33705E-09
  y  39   1.551181 -0.618819  1.177936  0.571893 2.21179E-09
 zr  40   1.947320 -0.582680  1.214075  0.608032 5.65016E-09
 nb  41   0.784687 -0.625313  1.171442  0.565399 3.95696E-10
 mo  42   1.199061 -0.740939  1.055816  0.449773 1.06094E-09
 tc  43  -0.530616 -9.000000  0.000000  0.000000 2.01949E-11
 ru  44   0.836133 -0.923867  0.872888  0.266845 4.84603E-10
 rh  45  -0.144461 -1.204461  0.592294 -0.013749 5.15954E-11
 pd  46   0.902938 -0.747062  1.049693  0.443650 5.95104E-10
 ag  47  -0.036061 -1.236061  0.560694 -0.045349 6.94165E-11
 cd  48   1.076797 -0.633203  1.163552  0.557509 9.38076E-10
 in  49  -0.039560 -0.799560  0.997195  0.391152 7.32962E-11
 sn  50   1.543520 -0.526480  1.270275  0.664232 2.90160E-09
 sb  51   0.038877 -0.971123  0.825631  0.219589 9.31134E-11
 te  52   1.142561 -1.037439  0.759316  0.153273 1.23892E-09
  i  53   0.139992 -1.410008  0.386747 -0.219296 1.22489E-10
 xe  54   1.305901 -0.934099  0.862655  0.256613 1.85683E-09
 cs  55   0.600220 -0.479780  1.316975  0.710932 3.70163E-10
 ba  56   2.099259 -0.080741  1.716014  1.109971 1.20683E-08
 la  57   1.110294 -0.059706  1.737049  1.131006 1.25212E-09
 ce  58   1.619467  0.039467  1.836222  1.230179 4.07930E-09
 pr  59   0.598705 -0.161295  1.635460  1.029417 3.91086E-10
 nd  60   1.361561 -0.088439  1.708316  1.102273 2.31888E-09
 pm  61   0.000000 -9.000000  0.000000  0.000000 0.00000E+00
 sm  62   0.561913 -0.378087  1.418668  0.812625 3.83422E-10
 eu  63  -0.469999 -0.979999  0.816756  0.210713 3.60059E-11
 gd  64   0.426154 -0.623846  1.172909  0.566866 2.93343E-10
 tb  65  -0.561102 -0.881102  0.915653  0.309610 3.05297E-11
 dy  66   0.546883 -0.583117  1.213637  0.607595 4.00283E-10
 ho  67  -0.444777 -0.914778  0.881977  0.275934 4.14146E-11
 er  68   0.411456 -0.508544  1.288211  0.682168 3.01632E-10
 tm  69  -0.552572 -0.672572  1.124183  0.518140 3.30961E-11
 yb  70   0.741861 -0.178139  1.618616  1.012573 6.67788E-10
 lu  71  -0.221339 -0.311339  1.485416  0.879373 7.34933E-11
 hf  72   0.718443  0.008443  1.805198  1.199155 6.52662E-10
 ta  73  -0.248455 -0.128455  1.668300  1.062257 7.14052E-11
  w  74   0.667132  0.017132  1.813887  1.207844 5.97316E-10
 re  75  -0.264419 -0.524419  1.272336  0.666293 7.08286E-11
 os  76   0.667278 -0.682722  1.114033  0.507990 6.18285E-10
 ir  77  -0.058084 -1.378084  0.418671 -0.187372 1.17582E-10
 pt  78   0.643346 -0.976654  0.820101  0.214058 6.00047E-10
 au  79  -0.146989 -0.946989  0.849766  0.243723 9.81829E-11
 hg  80   1.126514 -0.043486  1.753269  1.147226 1.87696E-09
 tl  81   0.845900  0.075900  1.872654  1.266612 1.00225E-09
 pb  82   3.092384  1.052384  2.849139  2.243096 1.79228E-07
 bi  83   1.348480  0.698480  2.495235  1.889192 3.25999E-09
 po  84   2.188292 -9.000000  0.000000  0.000000 2.25460E-08
#[ls/Fe]_Thiswork =   1.1475, [hs/Fe]_Thiswork =   1.7631
#[hs/ls]_Thiswork =   0.6156, [Pb/hs]_Thiswork =   1.0860
# Elemental abundance ratios: 
# He/H =  1.0432E-01, C/O =  2.5891E+01, N/O = 1.30888E-01
#
#  TP   Mass     Mcore    Menv    log L
# 12 1.898386 0.669872 1.228513 4.063466
# El  Z   log e(X)   [X/H]    [X/Fe]     [X/O]      X(i)
  p   1  12.000000  0.000000  0.000000  0.000000 6.99864E-01
 he   2  11.026573  0.096573  1.893328  1.287285 2.95469E-01
  c   6   9.020508  0.550508  2.347262  1.741220 8.74260E-03
  n   7   6.672760 -1.197240  0.599515 -0.006528 4.57781E-05
  o   8   7.584664 -1.145335  0.651420  0.000000 4.26884E-04
  f   9   5.096093  0.636093  2.432848  1.781428 1.64571E-06
 ne  10   7.895123 -0.074876  1.721879  1.070459 1.10052E-03
 na  11   5.888087 -0.421913  1.374842  0.723422 1.23361E-05
 mg  12   6.287786 -1.352213  0.444541 -0.206878 3.27367E-05
 al  13   4.910492 -1.559508  0.237247 -0.414173 1.52447E-06
 si  14   5.777270 -1.772730  0.024024 -0.627395 1.16765E-05
  p  15   3.889177 -1.580822  0.215932 -0.435487 1.66620E-07
  s  16   5.369068 -1.790932  0.005823 -0.645597 5.20778E-06
 cl  17   3.475728 -1.754272  0.042483 -0.608937 7.36096E-08
 ar  18   4.645001 -1.794999  0.001756 -0.649663 1.22476E-06
  k  19   3.300915 -1.779085  0.017670 -0.633750 5.42779E-08
 ca  20   4.493957 -1.796043  0.000712 -0.650708 8.67794E-07
 sc  21   1.370531 -1.679469  0.117286 -0.534134 7.32609E-10
 ti  22   3.137486 -1.772513  0.024241 -0.627178 4.56117E-08
  v  23   2.162688 -1.797312 -0.000557 -0.651977 5.14420E-09
 cr  24   3.828533 -1.811467 -0.014712 -0.666131 2.43252E-07
 mn  25   3.695409 -1.784591  0.012164 -0.639256 1.89162E-07
 fe  26   5.745893 -1.794107  0.000000 -0.648772 2.15989E-05
 co  27   3.289051 -1.580949  0.213158 -0.435614 7.96092E-08
 ni  28   4.421118 -1.778882  0.015225 -0.633547 1.07463E-06
 cu  29   2.730471 -1.519529  0.274578 -0.374194 2.37199E-08
 zn  30   2.931390 -1.698610  0.095497 -0.553275 3.87776E-08
 ga  31   1.594089 -1.485911  0.308196 -0.340576 1.90116E-09
 ge  32   2.064489 -1.515511  0.278596 -0.370175 5.85085E-09
 as  33   0.713327 -1.586673  0.207434 -0.441337 2.68838E-10
 se  34   1.941123 -1.398877  0.395230 -0.253542 4.78722E-09
 br  35   1.029872 -1.510128  0.283979 -0.364793 5.94284E-10
 kr  36   2.077332 -1.172668  0.621439 -0.027333 6.95214E-09
 rb  37   1.318419 -1.041581  0.752526  0.103754 1.23531E-09
 sr  38   2.211403 -0.668597  1.125510  0.476738 9.89827E-09
  y  39   1.632371 -0.537629  1.256478  0.607706 2.64762E-09
 zr  40   2.031140 -0.498860  1.295247  0.646476 6.80460E-09
 nb  41   0.869967 -0.540033  1.254074  0.605302 4.78150E-10
 mo  42   1.284540 -0.655460  1.138647  0.489875 1.28260E-09
 tc  43  -0.479146 -9.000000  0.000000  0.000000 2.25753E-11
 ru  44   0.915530 -0.844470  0.949637  0.300865 5.77704E-10
 rh  45  -0.078115 -1.138114  0.655993  0.007221 5.96870E-11
 pd  46   0.984302 -0.665698  1.128409  0.479637 7.12653E-10
 ag  47   0.030622 -1.169378  0.624729 -0.024042 8.03652E-11
 cd  48   1.160654 -0.549346  1.244761  0.595989 1.12984E-09
 in  49   0.042078 -0.717922  1.076185  0.427413 8.78297E-11
 sn  50   1.630009 -0.439991  1.354116  0.705344 3.51601E-09
 sb  51   0.122059 -0.887941  0.906166  0.257394 1.11974E-10
 te  52   1.227316 -0.952684  0.841423  0.192651 1.49527E-09
  i  53   0.195804 -1.354196  0.439911 -0.208861 1.38303E-10
 xe  54   1.386311 -0.853689  0.940418  0.291646 2.21873E-09
 cs  55   0.684401 -0.395599  1.398507  0.749736 4.46165E-10
 ba  56   2.182431  0.002431  1.796538  1.147766 1.45124E-08
 la  57   1.193071  0.023071  1.817178  1.168407 1.50434E-09
 ce  58   1.703930  0.123930  1.918037  1.269265 4.92006E-09
 pr  59   0.683558 -0.076442  1.717664  1.068893 4.72114E-10
 nd  60   1.443791 -0.006209  1.787898  1.139127 2.78247E-09
 pm  61   0.000000 -9.000000  0.000000  0.000000 0.00000E+00
 sm  62   0.644275 -0.295725  1.498382  0.849610 4.60215E-10
 eu  63  -0.394574 -0.904574  0.889533  0.240761 4.25324E-11
 gd  64   0.507905 -0.542095  1.252012  0.603240 3.51600E-10
 tb  65  -0.484957 -0.804957  0.989150  0.340378 3.61234E-11
 dy  66   0.627982 -0.502018  1.292089  0.643317 4.79059E-10
 ho  67  -0.368918 -0.838918  0.955189  0.306417 4.89705E-11
 er  68   0.495177 -0.424823  1.369284  0.720512 3.63179E-10
 tm  69  -0.473093 -0.593093  1.201014  0.552242 3.94618E-11
 yb  70   0.826498 -0.093502  1.700605  1.051833 8.05746E-10
 lu  71  -0.138300 -0.228300  1.565807  0.917035 8.83506E-11
 hf  72   0.804500  0.094500  1.888607  1.239835 7.90072E-10
 ta  73  -0.163212 -0.043212  1.750895  1.102123 8.62770E-11
  w  74   0.753036  0.103036  1.897143  1.248371 7.22818E-10
 re  75  -0.179149 -0.439149  1.354958  0.706187 8.55856E-11
 os  76   0.746572 -0.603428  1.190679  0.541908 7.36894E-10
 ir  77  -0.001691 -1.321691  0.472416 -0.176356 1.32940E-10
 pt  78   0.717821 -0.902179  0.891928  0.243156 7.07266E-10
 au  79  -0.072206 -0.872207  0.921900  0.273129 1.15808E-10
 hg  80   1.211628  0.041628  1.835735  1.186963 2.26721E-09
 tl  81   0.935974  0.165974  1.960081  1.311309 1.22454E-09
 pb  82   3.157447  1.117447  2.911554  2.262782 2.06724E-07
 bi  83   1.410523  0.760523  2.554630  1.905859 3.73406E-09
 po  84   2.218650 -9.000000  0.000000  0.000000 2.40076E-08
#[ls/Fe]_Thiswork =   1.2257, [hs/Fe]_Thiswork =   1.8439
#[hs/ls]_Thiswork =   0.6182, [Pb/hs]_Thiswork =   1.0676
# Elemental abundance ratios: 
# He/H =  1.0631E-01, C/O =  2.7280E+01, N/O = 1.22489E-01
#
#  TP   Mass     Mcore    Menv    log L
# 13 1.896113 0.671794 1.224319 4.074501
# El  Z   log e(X)   [X/H]    [X/Fe]     [X/O]      X(i)
  p   1  12.000000  0.000000  0.000000  0.000000 6.94951E-01
 he   2  11.034636  0.104635  1.898742  1.249970 2.98892E-01
  c   6   9.078421  0.608420  2.402527  1.753756 9.91959E-03
  n   7   6.689373 -1.180627  0.613480 -0.035292 4.72293E-05
  o   8   7.623880 -1.106120  0.687987  0.000000 4.63945E-04
  f   9   5.193694  0.733694  2.527801  1.839814 2.04595E-06
 ne  10   7.974500  0.004500  1.798607  1.110620 1.31194E-03
 na  11   5.988983 -0.321017  1.473090  0.785103 1.54531E-05
 mg  12   6.352602 -1.287397  0.506710 -0.181278 3.77391E-05
 al  13   4.937695 -1.532305  0.261802 -0.426185 1.61162E-06
 si  14   5.782113 -1.767887  0.026220 -0.661767 1.17246E-05
  p  15   3.910634 -1.559366  0.234741 -0.453246 1.73830E-07
  s  16   5.372013 -1.787987  0.006120 -0.681868 5.20640E-06
 cl  17   3.483310 -1.746690  0.047417 -0.640571 7.43800E-08
 ar  18   4.647473 -1.792527  0.001580 -0.686407 1.22310E-06
  k  19   3.305614 -1.774385  0.019722 -0.668266 5.44833E-08
 ca  20   4.496315 -1.793685  0.000422 -0.687566 8.66391E-07
 sc  21   1.388803 -1.661196  0.132910 -0.555077 7.58725E-10
 ti  22   3.143507 -1.766493  0.027614 -0.660373 4.59237E-08
  v  23   2.165081 -1.794919 -0.000812 -0.688799 5.13631E-09
 cr  24   3.831465 -1.808535 -0.014428 -0.702415 2.43180E-07
 mn  25   3.699756 -1.780244  0.013863 -0.674125 1.89724E-07
 fe  26   5.748529 -1.791471  0.000000 -0.685351 2.15778E-05
 co  27   3.313652 -1.556348  0.235123 -0.450228 8.36573E-08
 ni  28   4.424895 -1.775105  0.016366 -0.668985 1.07640E-06
 cu  29   2.750394 -1.499606  0.291864 -0.393486 2.46590E-08
 zn  30   2.942843 -1.687157  0.104314 -0.581037 3.95344E-08
 ga  31   1.624066 -1.455934  0.335537 -0.349814 2.02272E-09
 ge  32   2.098195 -1.481805  0.309666 -0.375685 6.27862E-09
 as  33   0.740813 -1.559187  0.232284 -0.453067 2.84391E-10
 se  34   1.986135 -1.353864  0.437606 -0.247745 5.27274E-09
 br  35   1.069913 -1.470087  0.321383 -0.363967 6.47105E-10
 kr  36   2.136637 -1.113363  0.678107 -0.007244 7.91342E-09
 rb  37   1.383516 -0.976484  0.814987  0.129636 1.42500E-09
 sr  38   2.281474 -0.598526  1.192945  0.507594 1.15497E-08
  y  39   1.704715 -0.465285  1.326185  0.640834 3.10555E-09
 zr  40   2.103814 -0.426186  1.365285  0.679934 7.98760E-09
 nb  41   0.943045 -0.466955  1.324515  0.639164 5.61800E-10
 mo  42   1.356601 -0.583399  1.208071  0.522720 1.50347E-09
 tc  43  -0.435159 -9.000000  0.000000  0.000000 2.48063E-11
 ru  44   0.984069 -0.775931  1.015539  0.330189 6.71715E-10
 rh  45  -0.019596 -1.079596  0.711874  0.026524 6.78170E-11
 pd  46   1.053302 -0.596698  1.194772  0.509421 8.29504E-10
 ag  47   0.088637 -1.111363  0.680108 -0.005243 9.12061E-11
 cd  48   1.230415 -0.479585  1.311886  0.626535 1.31740E-09
 in  49   0.109904 -0.650096  1.141375  0.456024 1.01955E-10
 sn  50   1.700053 -0.369947  1.421524  0.736173 4.10236E-09
 sb  51   0.189362 -0.820638  0.970832  0.285481 1.29825E-10
 te  52   1.295526 -0.884475  0.906996  0.221645 1.73728E-09
  i  53   0.243284 -1.306716  0.484755 -0.200596 1.53198E-10
 xe  54   1.451086 -0.788914  1.002557  0.317206 2.55753E-09
 cs  55   0.750880 -0.329120  1.462351  0.777000 5.16316E-10
 ba  56   2.253588  0.073588  1.865058  1.179707 1.69761E-08
 la  57   1.265418  0.095418  1.886889  1.201538 1.76454E-09
 ce  58   1.779553  0.199553  1.991024  1.305673 5.81480E-09
 pr  59   0.759656 -0.000344  1.791126  1.105776 5.58580E-10
 nd  60   1.518903  0.068903  1.860373  1.175022 3.28460E-09
 pm  61   0.000000 -9.000000  0.000000  0.000000 0.00000E+00
 sm  62   0.719316 -0.220684  1.570787  0.885436 5.43179E-10
 eu  63  -0.324656 -0.834656  0.956815  0.271464 4.96111E-11
 gd  64   0.582862 -0.467138  1.324332  0.638982 4.14903E-10
 tb  65  -0.414201 -0.734201  1.057270  0.371919 4.22167E-11
 dy  66   0.702618 -0.427382  1.364088  0.678737 5.64891E-10
 ho  67  -0.298249 -0.768249  1.023221  0.337870 5.72194E-11
 er  68   0.572246 -0.347754  1.443716  0.758365 4.30655E-10
 tm  69  -0.399093 -0.519093  1.272378  0.587027 4.64641E-11
 yb  70   0.904065 -0.015935  1.775536  1.090185 9.56545E-10
 lu  71  -0.061971 -0.151971  1.639500  0.954149 1.04587E-10
 hf  72   0.883216  0.173216  1.964686  1.279335 9.40424E-10
 ta  73  -0.084247  0.035753  1.827224  1.141873 1.02754E-10
  w  74   0.831425  0.181425  1.972895  1.287544 8.59723E-10
 re  75  -0.100751 -0.360751  1.430720  0.745369 1.01798E-10
 os  76   0.819689 -0.530311  1.261159  0.575808 8.65887E-10
 ir  77   0.053188 -1.266812  0.524659 -0.160692 1.49787E-10
 pt  78   0.787400 -0.832600  0.958871  0.273520 8.24332E-10
 au  79  -0.002144 -0.802144  0.989327  0.303976 1.35127E-10
 hg  80   1.289392  0.119392  1.910862  1.225511 2.69274E-09
 tl  81   1.016249  0.246249  2.037719  1.352368 1.46281E-09
 pb  82   3.211775  1.171775  2.963245  2.277894 2.32626E-07
 bi  83   1.461843  0.811844  2.603314  1.917963 4.17293E-09
 po  84   2.242954 -9.000000  0.000000  0.000000 2.52112E-08
#[ls/Fe]_Thiswork =   1.2948, [hs/Fe]_Thiswork =   1.9143
#[hs/ls]_Thiswork =   0.6195, [Pb/hs]_Thiswork =   1.0489
# Elemental abundance ratios: 
# He/H =  1.0830E-01, C/O =  2.8480E+01, N/O = 1.16277E-01
#
#  TP   Mass     Mcore    Menv    log L
# 14 1.889381 0.673692 1.215689 4.084437
# El  Z   log e(X)   [X/H]    [X/Fe]     [X/O]      X(i)
  p   1  12.000000  0.000000  0.000000  0.000000 6.89939E-01
 he   2  11.042811  0.112811  1.904282  1.218931 3.02376E-01
  c   6   9.130966  0.660966  2.452436  1.767086 1.11147E-02
  n   7   6.707343 -1.162657  0.628814 -0.056537 4.88695E-05
  o   8   7.660119 -1.069880  0.721590  0.000000 5.00682E-04
  f   9   5.281790  0.821790  2.613261  1.891671 2.48799E-06
 ne  10   8.047359  0.077359  1.868829  1.147239 1.54039E-03
 na  11   6.086296 -0.223704  1.567766  0.846176 1.91948E-05
 mg  12   6.415064 -1.224936  0.566535 -0.155056 4.32623E-05
 al  13   4.964893 -1.505107  0.286364 -0.435226 1.70340E-06
 si  14   5.787076 -1.762924  0.028547 -0.693043 1.17738E-05
  p  15   3.931247 -1.538753  0.252717 -0.468873 1.80965E-07
  s  16   5.375023 -1.784977  0.006494 -0.715096 5.20480E-06
 cl  17   3.491007 -1.738993  0.052477 -0.669113 7.51640E-08
 ar  18   4.650019 -1.789981  0.001489 -0.720101 1.22142E-06
  k  19   3.310443 -1.769557  0.021914 -0.699677 5.46950E-08
 ca  20   4.498739 -1.791261  0.000210 -0.721380 8.64958E-07
 sc  21   1.407262 -1.642738  0.148732 -0.572858 7.85959E-10
 ti  22   3.149705 -1.760295  0.031176 -0.690414 4.62478E-08
  v  23   2.167575 -1.792425 -0.000955 -0.722545 5.12863E-09
 cr  24   3.834480 -1.805520 -0.014049 -0.735639 2.43109E-07
 mn  25   3.704184 -1.775816  0.015654 -0.705936 1.90286E-07
 fe  26   5.751239 -1.788761  0.000000 -0.718880 2.15563E-05
 co  27   3.337807 -1.532193  0.256567 -0.462313 8.78041E-08
 ni  28   4.428779 -1.771221  0.017540 -0.701340 1.07824E-06
 cu  29   2.770356 -1.479644  0.309117 -0.409763 2.56327E-08
 zn  30   2.955008 -1.674993  0.113768 -0.605112 4.03641E-08
 ga  31   1.655380 -1.424620  0.364141 -0.354739 2.15828E-09
 ge  32   2.133522 -1.446478  0.342283 -0.376597 6.76158E-09
 as  33   0.770161 -1.529839  0.258921 -0.459959 3.02079E-10
 se  34   2.031722 -1.308278  0.480483 -0.238397 5.81405E-09
 br  35   1.110101 -1.429899  0.358861 -0.360019 7.04724E-10
 kr  36   2.194514 -1.055486  0.733275  0.014395 8.97632E-09
 rb  37   1.445221 -0.914779  0.873982  0.155102 1.63070E-09
 sr  38   2.343748 -0.536252  1.252509  0.533628 1.32343E-08
  y  39   1.768542 -0.401458  1.387303  0.668423 3.57128E-09
 zr  40   2.168143 -0.361857  1.426904  0.708024 9.19607E-09
 nb  41   1.007954 -0.402046  1.386714  0.667834 6.47660E-10
 mo  42   1.421155 -0.518845  1.269916  0.551035 1.73183E-09
 tc  43  -0.396170 -9.000000  0.000000  0.000000 2.69406E-11
 ru  44   1.045404 -0.714596  1.074165  0.355285 7.68028E-10
 rh  45   0.034035 -1.025965  0.762795  0.043915 7.61773E-11
 pd  46   1.115765 -0.534235  1.254525  0.535645 9.50906E-10
 ag  47   0.142696 -1.057304  0.731457  0.012577 1.02551E-10
 cd  48   1.294126 -0.415874  1.372886  0.654006 1.51455E-09
 in  49   0.172254 -0.587746  1.201014  0.482134 1.16846E-10
 sn  50   1.764741 -0.305259  1.483502  0.764621 4.72692E-09
 sb  51   0.252221 -0.757779  1.030982  0.312102 1.48962E-10
 te  52   1.359441 -0.820559  0.968201  0.249321 1.99821E-09
  i  53   0.289936 -1.260064  0.528697 -0.190183 1.69341E-10
 xe  54   1.512952 -0.727048  1.061713  0.342832 2.92781E-09
 cs  55   0.814395 -0.265605  1.523156  0.804275 5.93317E-10
 ba  56   2.318517  0.138517  1.927277  1.208397 1.95714E-08
 la  57   1.330562  0.160562  1.949322  1.230442 2.03532E-09
 ce  58   1.846562  0.266562  2.055323  1.336443 6.73596E-09
 pr  59   0.827087  0.067087  1.855848  1.136968 6.47698E-10
 nd  60   1.585090  0.135090  1.923850  1.204970 3.79775E-09
 pm  61   0.000000 -9.000000  0.000000  0.000000 0.00000E+00
 sm  62   0.785674 -0.154326  1.634435  0.915555 6.28284E-10
 eu  63  -0.262036 -0.772036  1.016724  0.297844 5.68925E-11
 gd  64   0.649233 -0.400767  1.387994  0.669113 4.79925E-10
 tb  65  -0.351118 -0.671118  1.117643  0.398762 4.84645E-11
 dy  66   0.768616 -0.361384  1.427376  0.708496 6.52858E-10
 ho  67  -0.235264 -0.705264  1.083497  0.364617 6.56728E-11
 er  68   0.640092 -0.279908  1.508852  0.789972 4.99840E-10
 tm  69  -0.333673 -0.453673  1.335088  0.616208 5.36284E-11
 yb  70   0.972340  0.052340  1.841100  1.122220 1.11131E-09
 lu  71   0.005429 -0.084571  1.704190  0.985310 1.21265E-10
 hf  72   0.952497  0.242497  2.031257  1.312377 1.09512E-09
 ta  73  -0.014995  0.105005  1.893766  1.174886 1.19649E-10
  w  74   0.900755  0.250755  2.039515  1.320635 1.00126E-09
 re  75  -0.031270 -0.291270  1.497491  0.778610 1.18598E-10
 os  76   0.885032 -0.464968  1.323792  0.604912 9.99219E-10
 ir  77   0.104104 -1.215896  0.572865 -0.146016 1.67204E-10
 pt  78   0.850097 -0.769903  1.018857  0.299977 9.45485E-10
 au  79   0.060974 -0.739026  1.049735  0.330855 1.55138E-10
 hg  80   1.358697  0.188697  1.977458  1.258577 3.13586E-09
 tl  81   1.088775  0.318775  2.107535  1.388655 1.71621E-09
 pb  82   3.260091  1.220091  3.008852  2.289971 2.58125E-07
 bi  83   1.507176  0.857176  2.645937  1.927057 4.59865E-09
 po  84   2.263796 -9.000000  0.000000  0.000000 2.62598E-08
#[ls/Fe]_Thiswork =   1.3556, [hs/Fe]_Thiswork =   1.9773
#[hs/ls]_Thiswork =   0.6217, [Pb/hs]_Thiswork =   1.0315
# Elemental abundance ratios: 
# He/H =  1.1036E-01, C/O =  2.9570E+01, N/O = 1.11487E-01
#
#  TP   Mass     Mcore    Menv    log L
# 15 1.865073 0.675507 1.189567 4.092729
# El  Z   log e(X)   [X/H]    [X/Fe]     [X/O]      X(i)
  p   1  12.000000  0.000000  0.000000  0.000000 6.85233E-01
 he   2  11.050442  0.120441  1.909202  1.190322 3.05636E-01
  c   6   9.175488  0.705487  2.494248  1.775368 1.22305E-02
  n   7   6.725853 -1.144147  0.644614 -0.074266 5.06496E-05
  o   8   7.691370 -1.038630  0.750131  0.000000 5.34368E-04
  f   9   5.357160  0.897160  2.685921  1.935790 2.93931E-06
 ne  10   8.110582  0.140583  1.929343  1.179212 1.76962E-03
 na  11   6.174523 -0.135477  1.653284  0.903152 2.33582E-05
 mg  12   6.472658 -1.167342  0.621418 -0.128713 4.90604E-05
 al  13   4.990409 -1.479590  0.309170 -0.440961 1.79416E-06
 si  14   5.791828 -1.758173  0.030588 -0.719543 1.18221E-05
  p  15   3.949871 -1.520129  0.268632 -0.481499 1.87606E-07
  s  16   5.377850 -1.782150  0.006611 -0.743520 5.20306E-06
 cl  17   3.498318 -1.731682  0.057078 -0.693053 7.59186E-08
 ar  18   4.652417 -1.787583  0.001178 -0.748953 1.21980E-06
  k  19   3.315042 -1.764957  0.023803 -0.726328 5.49003E-08
 ca  20   4.501014 -1.788986 -0.000226 -0.750357 8.63571E-07
 sc  21   1.424736 -1.625264  0.163497 -0.586634 8.12647E-10
 ti  22   3.155578 -1.754422  0.034338 -0.715793 4.65578E-08
  v  23   2.169967 -1.790033 -0.001273 -0.751404 5.12178E-09
 cr  24   3.837328 -1.802672 -0.013911 -0.764042 2.43039E-07
 mn  25   3.708215 -1.771785  0.016975 -0.733156 1.90750E-07
 fe  26   5.753793 -1.786207  0.000000 -0.747577 2.15355E-05
 co  27   3.360820 -1.509180  0.277027 -0.470551 9.19510E-08
 ni  28   4.432524 -1.767476  0.018731 -0.728847 1.08016E-06
 cu  29   2.789673 -1.460327  0.325880 -0.421698 2.66158E-08
 zn  30   2.966811 -1.663189  0.123018 -0.624559 4.11933E-08
 ga  31   1.684955 -1.395045  0.391161 -0.356416 2.29461E-09
 ge  32   2.166445 -1.413555  0.372652 -0.374926 7.24433E-09
 as  33   0.798000 -1.502000  0.284207 -0.463370 3.19880E-10
 se  34   2.073465 -1.266535  0.519672 -0.227905 6.35697E-09
 br  35   1.147640 -1.392360  0.393847 -0.353730 7.63109E-10
 kr  36   2.247829 -1.002171  0.784036  0.036459 1.00795E-08
 rb  37   1.501165 -0.858835  0.927372  0.179795 1.84224E-09
 sr  38   2.397253 -0.482747  1.303460  0.555882 1.48674E-08
  y  39   1.823550 -0.346450  1.439757  0.692180 4.02586E-09
 zr  40   2.223432 -0.306568  1.479638  0.732061 1.03733E-08
 nb  41   1.064044 -0.345956  1.440251  0.692674 7.31923E-10
 mo  42   1.476886 -0.463114  1.323092  0.575515 1.95553E-09
 tc  43  -0.363630 -9.000000  0.000000  0.000000 2.88385E-11
 ru  44   1.096932 -0.663068  1.123139  0.375562 8.58881E-10
 rh  45   0.079507 -0.980493  0.805714  0.058136 8.40088E-11
 pd  46   1.168296 -0.481704  1.304503  0.556925 1.06585E-09
 ag  47   0.189278 -1.010722  0.775484  0.027907 1.13383E-10
 cd  48   1.348063 -0.361937  1.424270  0.676693 1.70314E-09
 in  49   0.225248 -0.534752  1.251455  0.503878 1.31110E-10
 sn  50   1.819581 -0.250419  1.535788  0.788211 5.32655E-09
 sb  51   0.305588 -0.704412  1.081795  0.334217 1.67290E-10
 te  52   1.413318 -0.766682  1.019524  0.271947 2.24670E-09
  i  53   0.330509 -1.219491  0.566716 -0.180861 1.84656E-10
 xe  54   1.565187 -0.674814  1.111393  0.363816 3.27948E-09
 cs  55   0.867279 -0.212721  1.573486  0.825909 6.65577E-10
 ba  56   2.374002  0.194002  1.980209  1.232632 2.20870E-08
 la  57   1.386569  0.216569  2.002776  1.255199 2.29968E-09
 ce  58   1.904316  0.324316  2.110523  1.362945 7.64154E-09
 pr  59   0.885142  0.125142  1.911349  1.163772 7.35285E-10
 nd  60   1.642015  0.192014  1.978221  1.230644 4.30009E-09
 pm  61   0.000000 -9.000000  0.000000  0.000000 0.00000E+00
 sm  62   0.843127 -0.096873  1.689334  0.941757 7.12258E-10
 eu  63  -0.207713 -0.717713  1.068494  0.320916 6.40332E-11
 gd  64   0.706387 -0.343613  1.442593  0.695016 5.43694E-10
 tb  65  -0.296116 -0.616116  1.170091  0.422514 5.46329E-11
 dy  66   0.825693 -0.304307  1.481900  0.734323 7.39476E-10
 ho  67  -0.180496 -0.650496  1.135710  0.388133 7.39914E-11
 er  68   0.698009 -0.221991  1.564215  0.816638 5.67251E-10
 tm  69  -0.277155 -0.397155  1.389052  0.641475 6.06652E-11
 yb  70   1.031170  0.111170  1.897377  1.149799 1.26385E-09
 lu  71   0.064104 -0.025896  1.760311  1.012734 1.37860E-10
 hf  72   1.011776  0.301776  2.087983  1.340405 1.24672E-09
 ta  73   0.043591  0.163592  1.949798  1.202221 1.35995E-10
  w  74   0.960167  0.310167  2.096374  1.348796 1.14021E-09
 re  75   0.028116 -0.231884  1.554323  0.806746 1.35049E-10
 os  76   0.942085 -0.407915  1.378292  0.630715 1.13173E-09
 ir  77   0.149351 -1.170649  0.615558 -0.132019 1.84298E-10
 pt  78   0.904257 -0.715743  1.070464  0.322886 1.06376E-09
 au  79   0.115322 -0.684678  1.101529  0.353952 1.74620E-10
 hg  80   1.417447  0.247447  2.033654  1.286077 3.56561E-09
 tl  81   1.151230  0.381230  2.167437  1.419859 1.96812E-09
 pb  82   3.300299  1.260299  3.046505  2.298928 2.81233E-07
 bi  83   1.545618  0.895618  2.681825  1.934248 4.99000E-09
 po  84   2.280414 -9.000000  0.000000  0.000000 2.70981E-08
#[ls/Fe]_Thiswork =   1.4076, [hs/Fe]_Thiswork =   2.0312
#[hs/ls]_Thiswork =   0.6236, [Pb/hs]_Thiswork =   1.0153
# Elemental abundance ratios: 
# He/H =  1.1232E-01, C/O =  3.0487E+01, N/O = 1.08264E-01
#
#  TP   Mass     Mcore    Menv    log L
# 16 1.491552 0.677410 0.814142 4.097361
# El  Z   log e(X)   [X/H]    [X/Fe]     [X/O]      X(i)
  p   1  12.000000  0.000000  0.000000  0.000000 6.80628E-01
 he   2  11.057865  0.127865  1.914072  1.166494 3.08816E-01
  c   6   9.215380  0.745379  2.531586  1.784009 1.33171E-02
  n   7   6.745002 -1.124998  0.661209 -0.086368 5.25771E-05
  o   8   7.720250 -1.009750  0.776457  0.000000 5.67273E-04
  f   9   5.424637  0.964637  2.750844  1.974387 3.41031E-06
 ne  10   8.168262  0.198263  1.984469  1.208013 2.00739E-03
 na  11   6.257233 -0.052767  1.733440  0.956983 2.80686E-05
 mg  12   6.527768 -1.112232  0.673975 -0.102482 5.53239E-05
 al  13   5.015547 -1.454453  0.331754 -0.444703 1.88830E-06
 si  14   5.796607 -1.753393  0.032814 -0.743643 1.18726E-05
  p  15   3.967861 -1.502139  0.284068 -0.492389 1.94226E-07
  s  16   5.380625 -1.779375  0.006832 -0.769625 5.20122E-06
 cl  17   3.505552 -1.724448  0.061759 -0.714698 7.66752E-08
 ar  18   4.654773 -1.785227  0.000980 -0.775477 1.21820E-06
  k  19   3.319600 -1.760400  0.025807 -0.750650 5.51066E-08
 ca  20   4.503241 -1.786759 -0.000552 -0.777009 8.62176E-07
 sc  21   1.441769 -1.608231  0.177975 -0.598481 8.39470E-10
 ti  22   3.161383 -1.748617  0.037590 -0.738867 4.68671E-08
  v  23   2.172363 -1.787637 -0.001430 -0.777887 5.11550E-09
 cr  24   3.840127 -1.799873 -0.013666 -0.790123 2.42966E-07
 mn  25   3.712059 -1.767941  0.018266 -0.758191 1.91153E-07
 fe  26   5.756298 -1.783702  0.000000 -0.773952 2.15145E-05
 co  27   3.383505 -1.486495  0.297207 -0.476745 9.62305E-08
 ni  28   4.436317 -1.763683  0.020020 -0.753933 1.08231E-06
 cu  29   2.809069 -1.440931  0.342771 -0.431181 2.76443E-08
 zn  30   2.978454 -1.651546  0.132156 -0.641797 4.20282E-08
 ga  31   1.713109 -1.366891  0.416811 -0.357141 2.43184E-09
 ge  32   2.197621 -1.382379  0.401324 -0.372629 7.73120E-09
 as  33   0.824845 -1.475155  0.308548 -0.465405 3.37990E-10
 se  34   2.113104 -1.226896  0.556806 -0.217146 6.91767E-09
 br  35   1.183917 -1.356083  0.427619 -0.346333 8.24014E-10
 kr  36   2.299684 -0.950316  0.833386  0.059433 1.12815E-08
 rb  37   1.554897 -0.805103  0.978600  0.204647 2.07086E-09
 sr  38   2.447063 -0.432937  1.350766  0.576813 1.65621E-08
  y  39   1.874519 -0.295481  1.488222  0.714269 4.49676E-09
 zr  40   2.274076 -0.255924  1.527778  0.753825 1.15780E-08
 nb  41   1.115449 -0.294551  1.489151  0.715199 8.18356E-10
 mo  42   1.527738 -0.412262  1.371440  0.597487 2.18367E-09
 tc  43  -0.331963 -9.000000  0.000000  0.000000 3.08115E-11
 ru  44   1.143703 -0.616297  1.167405  0.393452 9.50110E-10
 rh  45   0.121121 -0.938879  0.844824  0.070871 9.18357E-11
 pd  46   1.215753 -0.434247  1.349455  0.575503 1.18093E-09
 ag  47   0.231937 -0.968063  0.815640  0.041687 1.24245E-10
 cd  48   1.396630 -0.313370  1.470333  0.696380 1.89186E-09
 in  49   0.273027 -0.486973  1.296730  0.522777 1.45374E-10
 sn  50   1.869079 -0.200921  1.582781  0.808829 5.92947E-09
 sb  51   0.354000 -0.656000  1.127702  0.353750 1.85761E-10
 te  52   1.462174 -0.717826  1.065877  0.291924 2.49732E-09
  i  53   0.368342 -1.181658  0.602045 -0.171908 2.00109E-10
 xe  54   1.612857 -0.627143  1.156559  0.382607 3.63536E-09
 cs  55   0.915447 -0.164553  1.619150  0.845197 7.38648E-10
 ba  56   2.424507  0.244507  2.028209  1.254257 2.46440E-08
 la  57   1.437440  0.267440  2.051142  1.277190 2.56809E-09
 ce  58   1.956262  0.376262  2.159964  1.386011 8.55458E-09
 pr  59   0.937255  0.177255  1.960957  1.187005 8.23455E-10
 nd  60   1.693128  0.243128  2.026830  1.252877 4.80466E-09
 pm  61   0.000000 -9.000000  0.000000  0.000000 0.00000E+00
 sm  62   0.894731 -0.045269  1.738433  0.964480 7.96732E-10
 eu  63  -0.158748 -0.668748  1.114955  0.341002 7.11938E-11
 gd  64   0.757660 -0.292340  1.491362  0.717410 6.07715E-10
 tb  65  -0.246325 -0.566325  1.217378  0.443425 6.08579E-11
 dy  66   0.876962 -0.253038  1.530664  0.756712 8.26541E-10
 ho  67  -0.131088 -0.601088  1.182614  0.408662 8.23495E-11
 er  68   0.749665 -0.170335  1.613368  0.839415 6.34606E-10
 tm  69  -0.226257 -0.346257  1.437445  0.663493 6.77500E-11
 yb  70   1.083743  0.163743  1.947445  1.173493 1.41690E-09
 lu  71   0.116852  0.026852  1.810554  1.036602 1.54617E-10
 hf  72   1.064661  0.354661  2.138363  1.364411 1.39870E-09
 ta  73   0.095916  0.215916  1.999618  1.225666 1.52377E-10
  w  74   1.013232  0.363232  2.146935  1.372982 1.27974E-09
 re  75   0.081405 -0.178595  1.605107  0.831155 1.51652E-10
 os  76   0.993643 -0.356357  1.427345  0.653393 1.26582E-09
 ir  77   0.191210 -1.128790  0.654912 -0.119040 2.01582E-10
 pt  78   0.953178 -0.666822  1.116881  0.342928 1.18259E-09
 au  79   0.164467 -0.635533  1.148169  0.374217 1.94227E-10
 hg  80   1.470052  0.300052  2.083754  1.309802 3.99770E-09
 tl  81   1.207568  0.437568  2.221271  1.447318 2.22568E-09
 pb  82   3.336070  1.296070  3.079772  2.305820 3.03325E-07
 bi  83   1.580129  0.930129  2.713831  1.939879 5.36639E-09
 po  84   2.294910 -9.000000  0.000000  0.000000 2.78296E-08
#[ls/Fe]_Thiswork =   1.4556, [hs/Fe]_Thiswork =   2.0798
#[hs/ls]_Thiswork =   0.6242, [Pb/hs]_Thiswork =   1.0000
# Elemental abundance ratios: 
# He/H =  1.1425E-01, C/O =  3.1270E+01, N/O = 1.05865E-01
#
# Final abundances
# El  Z   log e(X)   [X/H]    [X/Fe]     [X/O]      X(i)
  p   1  12.000000  0.000000  0.000000  0.000000 6.76119E-01
 he   2  11.065111  0.135111  1.916347  1.117824 3.11931E-01
  c   6   9.251097  0.781096  2.562333  1.763809 1.43628E-02
  n   7   6.773258 -1.096742  0.684494 -0.114029 5.57400E-05
  o   8   7.747287 -0.982713  0.798523  0.000000 5.99712E-04
  f   9   5.484350  1.024350  2.805586  2.007062 3.88705E-06
 ne  10   8.221171  0.251172  2.032408  1.233884 2.25245E-03
 na  11   6.335505  0.025506  1.806742  1.008218 3.33893E-05
 mg  12   6.579212 -1.060788  0.720448 -0.078075 6.18686E-05
 al  13   5.040854 -1.429145  0.352091 -0.446433 1.98834E-06
 si  14   5.801423 -1.748577  0.032659 -0.765864 1.19255E-05
  p  15   3.985715 -1.484285  0.296951 -0.501572 2.01037E-07
  s  16   5.383373 -1.776627  0.004609 -0.793914 5.19957E-06
 cl  17   3.512519 -1.717481  0.063755 -0.734768 7.73990E-08
 ar  18   4.657105 -1.782895 -0.001658 -0.800182 1.21664E-06
  k  19   3.324035 -1.755965  0.025271 -0.773252 5.53034E-08
 ca  20   4.505448 -1.784552 -0.003315 -0.801839 8.60830E-07
 sc  21   1.457990 -1.592010  0.189226 -0.609298 8.65647E-10
 ti  22   3.167113 -1.742887  0.038350 -0.760174 4.71750E-08
  v  23   2.174766 -1.785234 -0.003998 -0.802522 5.10981E-09
 cr  24   3.842885 -1.797115 -0.015879 -0.814402 2.42895E-07
 mn  25   3.715877 -1.764123  0.017113 -0.781411 1.91563E-07
 fe  26   5.758764 -1.781236  0.000000 -0.798523 2.14937E-05
 co  27   3.404168 -1.465832  0.315404 -0.483119 1.00251E-07
 ni  28   4.440104 -1.759896  0.021340 -0.777184 1.08456E-06
 cu  29   2.827781 -1.422219  0.359017 -0.439507 2.86703E-08
 zn  30   2.990365 -1.639635  0.141601 -0.656922 4.29107E-08
 ga  31   1.740232 -1.339767  0.441469 -0.357055 2.57141E-09
 ge  32   2.227412 -1.352588  0.428648 -0.369875 8.22528E-09
 as  33   0.850502 -1.449498  0.331738 -0.466785 3.56184E-10
 se  34   2.149782 -1.190218  0.591018 -0.207505 7.47744E-09
 br  35   1.216434 -1.323566  0.457670 -0.340854 8.82195E-10
 kr  36   2.348357 -0.901643  0.879593  0.081070 1.25359E-08
 rb  37   1.603603 -0.756397  1.024840  0.226316 2.30128E-09
 sr  38   2.491565 -0.388435  1.392801  0.594277 1.82277E-08
  y  39   1.919772 -0.250228  1.531008  0.732485 4.95754E-09
 zr  40   2.319186 -0.210814  1.570422  0.771899 1.27602E-08
 nb  41   1.161049 -0.248951  1.532285  0.733762 9.02933E-10
 mo  42   1.572862 -0.367138  1.414098  0.615574 2.40672E-09
 tc  43  -0.295428 -9.000000  0.000000  0.000000 3.32936E-11
 ru  44   1.186287 -0.573713  1.207523  0.409000 1.04105E-09
 rh  45   0.159857 -0.900143  0.881093  0.082570 9.97380E-11
 pd  46   1.259096 -0.390904  1.390332  0.591809 1.29623E-09
 ag  47   0.270960 -0.929040  0.852196  0.053673 1.35026E-10
 cd  48   1.440488 -0.269512  1.511724  0.713201 2.07903E-09
 in  49   0.316206 -0.443794  1.337442  0.538919 1.59507E-10
 sn  50   1.913793 -0.156207  1.625029  0.826505 6.52895E-09
 sb  51   0.397949 -0.612051  1.169185  0.370662 2.04182E-10
 te  52   1.506663 -0.673337  1.107899  0.309376 2.74839E-09
  i  53   0.403687 -1.146312  0.634924 -0.163600 2.15638E-10
 xe  54   1.656544 -0.583456  1.197780  0.399256 3.99345E-09
 cs  55   0.960289 -0.119711  1.661525  0.863002 8.13566E-10
 ba  56   2.470255  0.290255  2.071491  1.272968 2.72003E-08
 la  57   1.483515  0.313515  2.094751  1.296228 2.83661E-09
 ce  58   2.003343  0.423343  2.204579  1.406055 9.47096E-09
 pr  59   0.984637  0.224637  2.005873  1.207350 9.12297E-10
 nd  60   1.739651  0.289651  2.070887  1.272363 5.31251E-09
 pm  61   0.000000 -9.000000  0.000000  0.000000 0.00000E+00
 sm  62   0.941349  0.001349  1.782585  0.984062 8.81138E-10
 eu  63  -0.113491 -0.623491  1.157745  0.359222 7.84898E-11
 gd  64   0.804573 -0.245427  1.535809  0.737286 6.72554E-10
 tb  65  -0.200968 -0.520968  1.260268  0.461745 6.71101E-11
 dy  66   0.923648 -0.206352  1.574884  0.776361 9.14248E-10
 ho  67  -0.085833 -0.555833  1.225404  0.426880 9.07884E-11
 er  68   0.797414 -0.122586  1.658650  0.860127 7.03665E-10
 tm  69  -0.179512 -0.299512  1.481724  0.683201 7.49496E-11
 yb  70   1.131409  0.211409  1.992645  1.194121 1.57079E-09
 lu  71   0.164249  0.074249  1.855486  1.056962 1.71304E-10
 hf  72   1.113123  0.403123  2.184359  1.385836 1.55346E-09
 ta  73   0.145152  0.265152  2.046388  1.247865 1.69539E-10
  w  74   1.061535  0.411535  2.192771  1.394248 1.42081E-09
 re  75   0.131299 -0.128701  1.652535  0.854012 1.68989E-10
 os  76   1.039907 -0.310094  1.471143  0.672619 1.39878E-09
 ir  77   0.230593 -1.089407  0.691829 -0.106695 2.19254E-10
 pt  78   0.998042 -0.621958  1.159278  0.360755 1.30261E-09
 au  79   0.209834 -0.590166  1.191070  0.392547 2.14186E-10
 hg  80   1.518382  0.348382  2.129618  1.331095 4.43870E-09
 tl  81   1.258397  0.488397  2.269633  1.471110 2.48545E-09
 pb  82   3.368985  1.328985  3.110221  2.311698 3.25040E-07
 bi  83   1.611360  0.961360  2.742596  1.944072 5.72832E-09
 po  84   2.308393 -9.000000  0.000000  0.000000 2.85169E-08
#[ls/Fe]_Thiswork =   1.4981, [hs/Fe]_Thiswork =   2.1236
#[hs/ls]_Thiswork =   0.6255, [Pb/hs]_Thiswork =   0.9866
# Elemental abundance ratios: 
# He/H =  1.1617E-01, C/O =  3.1901E+01, N/O = 1.06163E-01
