# Initial mass = 2.100, Z =  0.0070, Y =  0.260, M_mix = 1.00E-03
# Final mass = 0.659, Mass expelled =   1.4410
# El  Z   log e(X)   [X/H]    [X/Fe]     X(i)     Net M(i) Mass(i) 
  p   1  12.000000  0.000000  0.000000  7.08678E-01 -4.33819E-02  1.02121E+00
 he   2  11.003403  0.073402  0.367528  2.83646E-01  3.38342E-02  4.08734E-01
  c   6   8.885669  0.415668  0.709794  6.48988E-03  7.52505E-03  9.35192E-03
  n   7   7.958297  0.088297  0.382422  8.94603E-04  7.53963E-04  1.28912E-03
  o   8   8.451378 -0.278622  0.015504  3.18024E-03  2.14012E-04  4.58272E-03
  f   9   4.803761  0.343761  0.637887  8.50075E-07  9.42577E-07  1.22496E-06
 ne  10   7.899621 -0.070378  0.223747  1.12598E-03  6.51911E-04  1.62254E-03
 na  11   6.199162 -0.110838  0.183287  2.55676E-05  1.26500E-05  3.68429E-05
 mg  12   7.348409 -0.291591  0.002535  3.81148E-04  2.43663E-06  5.49234E-04
 al  13   6.204123 -0.265876  0.028249  3.03519E-05  2.69679E-06  4.37371E-05
 si  14   7.256783 -0.293217  0.000909  3.56666E-04  3.53728E-07  5.13956E-04
  p  15   5.194509 -0.275491  0.018634  3.40796E-06  1.99646E-07  4.91087E-06
  s  16   6.866142 -0.293858  0.000268  1.65639E-04 -1.87065E-07  2.38686E-04
 cl  17   4.948370 -0.281630  0.012496  2.21316E-06  8.61164E-08  3.18916E-06
 ar  18   6.145666 -0.294334 -0.000208  3.92780E-05 -1.05691E-07  5.65997E-05
  k  19   4.790164 -0.289836  0.004289  1.69553E-06  2.38188E-08  2.44327E-06
 ca  20   5.995636 -0.294364 -0.000238  2.78953E-05 -7.70560E-08  4.01971E-05
 sc  21   2.784522 -0.265478  0.028648  1.92441E-08  1.73384E-09  2.77308E-08
 ti  22   4.621973 -0.288027  0.006098  1.40928E-06  2.55086E-08  2.03077E-06
  v  23   3.662513 -0.297487 -0.003362  1.64656E-07 -1.57965E-09  2.37269E-07
 cr  24   5.326970 -0.313030 -0.018904  7.76120E-06 -5.70799E-09  1.11839E-05
 mn  25   5.194860 -0.285141  0.008985  6.04953E-06  1.66428E-07  8.71737E-06
 fe  26   7.245874 -0.294126  0.000000  6.91588E-04 -1.39419E-06  9.96579E-04
 co  27   4.611145 -0.258854  0.035271  1.69236E-06  1.87091E-07  2.43869E-06
 ni  28   5.906438 -0.293562  0.000564  3.32670E-05 -5.21322E-09  4.79377E-05
 cu  29   3.991482 -0.258518  0.035607  4.38086E-07  4.88786E-08  6.31282E-07
 zn  30   4.360590 -0.269410  0.024716  1.05491E-06  8.20677E-08  1.52013E-06
 ga  31   2.930965 -0.149035  0.145091  4.18148E-08  1.70523E-08  6.02551E-08
 ge  32   3.412251 -0.167748  0.126377  1.31952E-07  5.86394E-08  1.90143E-07
 as  33   2.107278 -0.192722  0.101403  6.74336E-09  2.01272E-09  9.71718E-09
 se  34   3.254489 -0.085511  0.208615  9.97435E-08  6.32639E-08  1.43730E-07
 br  35   2.455282 -0.084718  0.209408  1.60265E-08  8.81479E-09  2.30943E-08
 kr  36   3.283912  0.033912  0.328037  1.13275E-07  8.67056E-08  1.63229E-07
 rb  37   2.311802 -0.048198  0.245928  1.23195E-08  7.66106E-09  1.77524E-08
 sr  38   3.478703  0.598702  0.892828  1.85479E-07  2.33211E-07  2.67275E-07
  y  39   2.832809  0.662809  0.956935  4.25333E-08  5.45127E-08  6.12905E-08
 zr  40   3.247942  0.717942  1.012068  1.13511E-07  1.47639E-07  1.63570E-07
 nb  41   2.033418  0.623418  0.917543  7.05425E-09  8.93437E-09  1.01652E-08
 mo  42   2.493430  0.553430  0.847556  2.10097E-08  2.70169E-08  3.02749E-08
 ru  44   2.241578  0.481578  0.775704  1.23934E-08  1.56416E-08  1.78588E-08
 rh  45   1.250401  0.190402  0.484527  1.28775E-09  1.24670E-09  1.85564E-09
 pd  46   2.237524  0.587524  0.881650  1.29281E-08  1.64916E-08  1.86295E-08
 ag  47   1.493493  0.293493  0.587619  2.36252E-09  2.52328E-09  3.40439E-09
 cd  48   2.400873  0.690873  0.984999  1.98917E-08  2.59523E-08  2.86639E-08
 in  49   1.277838  0.517838  0.811963  1.53051E-09  1.87955E-09  2.20547E-09
 sn  50   2.831032  0.761032  1.055157  5.65598E-08  7.52769E-08  8.15026E-08
 sb  51   1.342265  0.332265  0.626391  1.88261E-09  2.34546E-09  2.71284E-09
 te  52   2.455948  0.275948  0.570073  2.56323E-08  3.35429E-08  3.69361E-08
  i  53   1.529799 -0.020201  0.273924  3.02179E-09  2.03377E-09  4.35439E-09
 xe  54   2.616383  0.376383  0.670508  3.81604E-08  4.41923E-08  5.49891E-08
 cs  55   1.435399  0.355399  0.649525  2.54642E-09  2.84586E-09  3.66939E-09
 ba  56   3.366179  1.186178  1.480304  2.24348E-07  3.12596E-07  3.23286E-07
 la  57   2.358555  1.188555  1.482680  2.22979E-08  3.10734E-08  3.21313E-08
 ce  58   2.851191  1.271191  1.565316  6.99306E-08  9.80365E-08  1.00770E-07
 pr  59   1.784327  1.024327  1.318452  6.02908E-09  8.27001E-09  8.68791E-09
 nd  60   2.603138  1.153138  1.447263  4.06642E-08  5.66192E-08  5.85972E-08
 sm  62   1.838390  0.898390  1.192516  7.28637E-09  9.99899E-09  1.04997E-08
 eu  63   0.804590  0.294590  0.588716  6.81271E-10  7.28270E-10  9.81712E-10
 gd  64   1.666180  0.616180  0.910305  5.12577E-09  6.47690E-09  7.38624E-09
 tb  65   0.705933  0.385933  0.680058  5.67693E-10  6.46913E-10  8.18046E-10
 dy  66   1.814151  0.684151  0.978276  7.44722E-09  9.60337E-09  1.07314E-08
 ho  67   0.831662  0.361662  0.655788  7.86956E-10  8.83141E-10  1.13400E-09
 er  68   1.612588  0.692588  0.986713  4.81911E-09  6.23980E-09  6.94433E-09
 tm  69   0.715189  0.595189  0.889315  6.16446E-10  7.73523E-10  8.88299E-10
 yb  70   1.936850  1.016850  1.310975  1.05193E-08  1.45137E-08  1.51583E-08
 lu  71   1.010858  0.920858  1.214983  1.26125E-09  1.70653E-09  1.81747E-09
 hf  72   1.887224  1.177224  1.471350  9.67894E-09  1.34763E-08  1.39474E-08
 ta  73   0.986046  1.106046  1.400171  1.23194E-09  1.70449E-09  1.77522E-09
  w  74   1.828193  1.178193  1.472318  8.70206E-09  1.21169E-08  1.25397E-08
 re  75   0.871109  0.611109  0.905235  9.72957E-10  1.22740E-09  1.40203E-09
 os  76   1.888854  0.538854  0.832980  1.03543E-08  1.27261E-08  1.49206E-08
 ir  77   1.286296 -0.033704  0.260421  2.61262E-09  1.69498E-09  3.76479E-09
 pt  78   1.914628  0.294628  0.588754  1.12674E-08  1.23459E-08  1.62364E-08
 au  79   1.121469  0.321469  0.615594  1.83169E-09  1.99894E-09  2.63946E-09
 hg  80   2.306587  1.136587  1.430713  2.85684E-08  3.97453E-08  4.11670E-08
 tl  81   1.904746  1.134746  1.428872  1.15393E-08  1.60079E-08  1.66282E-08
 pb  82   3.220939  1.180939  1.475064  2.42280E-07  3.37416E-07  3.49125E-07
 bi  83   0.891587  0.241587  0.535713  1.14467E-09  1.16836E-09  1.64947E-09
#  [Rb/Zr]  [ls/Fe]  [hs/Fe]  [hs/ls]  [Pb/hs]
   -0.7661   0.9539   1.5094   0.5555  -0.0344
