#
# Initial mass = 1.500, Z =  0.0010, Y =  0.250, M_mix = 1.00E-03
#
# Initial abundances
# El  Z   log e(X)   [X/H]    [X/Fe]     [X/O]      X(i)
  p   1  12.000000  0.000000  0.000000  0.000000 7.54980E-01
 he   2  10.921398 -0.008602  1.157460  1.163334 2.50184E-01
  c   6   7.303931 -1.166070 -0.000007  0.005867 1.81128E-04
  n   7   6.703941 -1.166059  0.000004  0.005877 5.30593E-05
  o   8   7.558064 -1.171936 -0.005874  0.000000 4.33143E-04
  f   9   3.293932 -1.166068 -0.000006  0.005868 2.79972E-08
 ne  10   6.803936 -1.166064 -0.000002  0.005872 9.62348E-05
 na  11   5.143951 -1.166049  0.000013  0.005887 2.39864E-06
 mg  12   6.473934 -1.166066 -0.000003  0.005870 5.42132E-05
 al  13   5.303940 -1.166060  0.000002  0.005876 4.06902E-06
 si  14   6.383940 -1.166060  0.000002  0.005876 5.09220E-05
  p  15   4.303940 -1.166060  0.000002  0.005876 4.67103E-07
  s  16   5.993938 -1.166061  0.000001  0.005875 2.36835E-05
 cl  17   4.063938 -1.166062  0.000000  0.005874 3.07656E-07
 ar  18   5.273932 -1.166068 -0.000006  0.005868 5.62215E-06
  k  19   3.913364 -1.166636 -0.000573  0.005301 2.39880E-07
 ca  20   5.123924 -1.166076 -0.000014  0.005860 3.99305E-06
 sc  21   1.883937 -1.166063 -0.000001  0.005873 2.57751E-09
 ti  22   3.743938 -1.166061  0.000001  0.005875 1.98816E-07
  v  23   2.792850 -1.167150 -0.001087  0.004786 2.36811E-08
 cr  24   4.454648 -1.185352 -0.019290 -0.013416 1.10941E-06
 mn  25   4.313944 -1.166056  0.000006  0.005880 8.47798E-07
 fe  26   6.373938 -1.166062  0.000000  0.005874 9.89458E-05
 co  27   3.703936 -1.166064 -0.000002  0.005872 2.23239E-07
 ni  28   5.033941 -1.166059  0.000004  0.005877 4.75338E-06
 cu  29   3.083939 -1.166061  0.000001  0.005875 5.77434E-08
 zn  30   3.463943 -1.166058  0.000005  0.005878 1.42579E-07
 ga  31   1.913939 -1.166061  0.000001  0.005875 4.28342E-09
 ge  32   2.379563 -1.200437 -0.034374 -0.028501 1.30381E-08
 as  33   1.133936 -1.166064 -0.000002  0.005872 7.63871E-10
 se  34   2.130011 -1.209989 -0.043927 -0.038053 7.97799E-09
 br  35   1.373946 -1.166054  0.000009  0.005882 1.41576E-09
 kr  36   2.082365 -1.167635 -0.001573  0.004301 7.58708E-09
 rb  37   1.193951 -1.166049  0.000013  0.005887 1.00053E-09
 sr  38   1.711506 -1.168494 -0.002432  0.003442 3.37742E-09
  y  39   1.003958 -1.166042  0.000020  0.005894 6.71992E-10
 zr  40   1.363939 -1.166061  0.000002  0.005875 1.57952E-09
 nb  41   0.243948 -1.166052  0.000010  0.005884 1.22030E-10
 mo  42   0.652756 -1.287244 -0.121182 -0.115308 3.23021E-10
 tc  43   0.000000 -9.000000  0.000000  0.000000 0.00000E+00
 ru  44   0.462992 -1.297008 -0.130946 -0.125072 2.19831E-10
 rh  45  -0.106061 -1.166061  0.000001  0.005875 6.03747E-11
 pd  46   0.424754 -1.225246 -0.059183 -0.053310 2.11959E-10
 ag  47   0.033937 -1.166063  0.000000  0.005873 8.73586E-11
 cd  48   0.504217 -1.205783 -0.039721 -0.033847 2.68845E-10
 in  49  -0.425103 -1.185103 -0.019041 -0.013167 3.23134E-11
 sn  50   0.841505 -1.228495 -0.062433 -0.056559 6.17259E-10
 sb  51  -0.398594 -1.408594 -0.242532 -0.236658 3.64239E-11
 te  52   0.546565 -1.633435 -0.467373 -0.461499 3.36428E-10
  i  53   0.383932 -1.166068 -0.000005  0.005868 2.30082E-10
 xe  54   1.036857 -1.203143 -0.037081 -0.031207 1.07047E-09
 cs  55  -0.086061 -1.166062  0.000001  0.005875 8.16499E-11
 ba  56   1.013040 -1.166960 -0.000898  0.004976 1.05991E-09
 la  57   0.003547 -1.166453 -0.000391  0.005483 1.04892E-10
 ce  58   0.412037 -1.167963 -0.001901  0.003973 2.71019E-10
 pr  59  -0.406061 -1.166061  0.000001  0.005875 4.14334E-11
 nd  60   0.258936 -1.191064 -0.025002 -0.019128 1.96109E-10
 pm  61   0.000000 -9.000000  0.000000  0.000000 0.00000E+00
 sm  62  -0.355770 -1.295770 -0.129708 -0.123834 4.96407E-11
 eu  63  -0.656059 -1.166059  0.000003  0.005877 2.51279E-11
 gd  64  -0.116060 -1.166060  0.000002  0.005876 9.01584E-11
 tb  65  -0.846056 -1.166056  0.000006  0.005880 1.69673E-11
 dy  66  -0.036716 -1.166716 -0.000653  0.005221 1.11844E-10
 ho  67  -0.696060 -1.166060  0.000002  0.005876 2.48722E-11
 er  68  -0.253684 -1.173684 -0.007622 -0.001748 6.98524E-11
 tm  69  -1.046062 -1.166062  0.000001  0.005875 1.13797E-11
 yb  70  -0.307090 -1.227090 -0.061028 -0.055154 6.39047E-11
 lu  71  -1.076061 -1.166061  0.000001  0.005875 1.09994E-11
 hf  72  -0.456772 -1.166772 -0.000710  0.005164 4.67002E-11
 ta  73  -1.286115 -1.166115 -0.000052  0.005821 7.01318E-12
  w  74  -0.516582 -1.166582 -0.000520  0.005354 4.19115E-11
 re  75  -0.906063 -1.166063 -0.000001  0.005873 1.73145E-11
 os  76   0.183854 -1.166146 -0.000084  0.005790 2.17575E-10
 ir  77   0.153940 -1.166060  0.000003  0.005876 2.05215E-10
 pt  78   0.421599 -1.198401 -0.032338 -0.026465 3.85730E-10
 au  79  -0.366059 -1.166059  0.000003  0.005877 6.35054E-11
 hg  80  -0.027678 -1.197677 -0.031615 -0.025741 1.40964E-10
 tl  81  -0.396061 -1.166061  0.000001  0.005875 6.14979E-11
 pb  82   0.873936 -1.166064 -0.000002  0.005872 1.16092E-09
 bi  83  -0.516058 -1.166058  0.000004  0.005878 4.77004E-11
 po  84   0.000000 -9.000000  0.000000  0.000000 0.00000E+00
#[ls/Fe]_Thiswork =  -0.0008, [hs/Fe]_Thiswork =  -0.0011
#[hs/ls]_Thiswork =  -0.0003, [Pb/hs]_Thiswork =   0.0011
# Elemental abundance ratios: 
# He/H =  8.3445E-02, C/O =  5.5702E-01, N/O = 1.39919E-01
#
#
# During TP-AGB
#  TP   Mass     Mcore    Menv    log L
#  1 1.438390 0.561271 0.877119 3.314671
# El  Z   log e(X)   [X/H]    [X/Fe]     [X/O]      X(i)
  p   1  12.000000  0.000000  0.000000  0.000000 7.31772E-01
 he   2  10.973337  0.043337  1.209399  1.215273 2.73299E-01
  c   6   7.102545 -1.367455 -0.201393 -0.195519 1.10418E-04
  n   7   7.131314 -0.738686  0.427377  0.433250 1.37586E-04
  o   8   7.569252 -1.160748  0.005315  0.000000 4.30784E-04
  f   9   3.297015 -1.162985  0.003078 -0.002237 2.73299E-08
 ne  10   6.814993 -1.155006  0.011056  0.005741 9.56818E-05
 na  11   5.258802 -1.051198  0.114865  0.109550 3.02870E-06
 mg  12   6.487491 -1.152509  0.013554  0.008239 5.42128E-05
 al  13   5.317551 -1.152449  0.013614  0.008299 4.06949E-06
 si  14   6.397501 -1.152499  0.013563  0.008248 5.09221E-05
  p  15   4.317501 -1.152499  0.013563  0.008248 4.67103E-07
  s  16   6.007499 -1.152501  0.013561  0.008246 2.36835E-05
 cl  17   4.077498 -1.152502  0.013560  0.008245 3.07657E-07
 ar  18   5.287493 -1.152507  0.013555  0.008240 5.62216E-06
  k  19   3.926885 -1.153115  0.012947  0.007632 2.39858E-07
 ca  20   5.137486 -1.152514  0.013549  0.008234 3.99308E-06
 sc  21   1.897498 -1.152502  0.013561  0.008246 2.57751E-09
 ti  22   3.757500 -1.152500  0.013562  0.008247 1.98816E-07
  v  23   2.806412 -1.153588  0.012474  0.007159 2.36811E-08
 cr  24   4.468208 -1.171792 -0.005729 -0.011044 1.10941E-06
 mn  25   4.327505 -1.152495  0.013567  0.008252 8.47798E-07
 fe  26   6.387498 -1.152502  0.000000  0.008245 9.89458E-05
 co  27   3.717497 -1.152503 -0.000001  0.008245 2.23239E-07
 ni  28   5.047502 -1.152498  0.000004  0.008250 4.75339E-06
 cu  29   3.097499 -1.152501  0.000001  0.008246 5.77434E-08
 zn  30   3.477504 -1.152496  0.000006  0.008251 1.42579E-07
 ga  31   1.927500 -1.152500  0.000002  0.008247 4.28342E-09
 ge  32   2.393124 -1.186876 -0.034374 -0.026129 1.30381E-08
 as  33   1.147496 -1.152504 -0.000002  0.008244 7.63872E-10
 se  34   2.143572 -1.196428 -0.043926 -0.035681 7.97800E-09
 br  35   1.387507 -1.152493  0.000010  0.008255 1.41576E-09
 kr  36   2.095926 -1.154074 -0.001572  0.006674 7.58708E-09
 rb  37   1.204331 -1.155668 -0.003166  0.005079 9.93231E-10
 sr  38   1.726027 -1.153973 -0.001471  0.006775 3.38490E-09
  y  39   1.017518 -1.152482  0.000020  0.008265 6.71992E-10
 zr  40   1.377500 -1.152500  0.000002  0.008247 1.57952E-09
 nb  41   0.257508 -1.152492  0.000010  0.008256 1.22030E-10
 mo  42   0.666316 -1.273684 -0.121182 -0.112936 3.23021E-10
 tc  43   0.000000 -9.000000  0.000000  0.000000 6.07581E-25
 ru  44   0.476552 -1.283448 -0.130946 -0.122700 2.19831E-10
 rh  45  -0.092500 -1.152500  0.000002  0.008248 6.03748E-11
 pd  46   0.438314 -1.211686 -0.059183 -0.050938 2.11960E-10
 ag  47   0.047499 -1.152501  0.000001  0.008246 8.73587E-11
 cd  48   0.517777 -1.192223 -0.039721 -0.031475 2.68845E-10
 in  49  -0.411542 -1.171542 -0.019040 -0.010794 3.23134E-11
 sn  50   0.855065 -1.214935 -0.062433 -0.054187 6.17260E-10
 sb  51  -0.385033 -1.395033 -0.242531 -0.234285 3.64240E-11
 te  52   0.560126 -1.619874 -0.467372 -0.459126 3.36428E-10
  i  53   0.397493 -1.152507 -0.000005  0.008241 2.30083E-10
 xe  54   1.050417 -1.189583 -0.037081 -0.028836 1.07047E-09
 cs  55  -0.072500 -1.152500  0.000002  0.008247 8.16499E-11
 ba  56   1.026600 -1.153400 -0.000898  0.007347 1.05992E-09
 la  57   0.017108 -1.152892 -0.000390  0.007856 1.04892E-10
 ce  58   0.425597 -1.154403 -0.001901  0.006345 2.71019E-10
 pr  59  -0.392500 -1.152500  0.000002  0.008248 4.14334E-11
 nd  60   0.272496 -1.177504 -0.025002 -0.016756 1.96109E-10
 pm  61   0.000000 -9.000000  0.000000  0.000000 0.00000E+00
 sm  62  -0.342209 -1.282209 -0.129707 -0.121461 4.96407E-11
 eu  63  -0.642499 -1.152499  0.000003  0.008249 2.51280E-11
 gd  64  -0.102499 -1.152499  0.000003  0.008249 9.01584E-11
 tb  65  -0.832496 -1.152496  0.000006  0.008252 1.69673E-11
 dy  66  -0.023154 -1.153154 -0.000652  0.007593 1.11844E-10
 ho  67  -0.682500 -1.152500  0.000002  0.008248 2.48723E-11
 er  68  -0.240123 -1.160123 -0.007621  0.000625 6.98524E-11
 tm  69  -1.032501 -1.152501  0.000001  0.008246 1.13797E-11
 yb  70  -0.293529 -1.213529 -0.061027 -0.052781 6.39047E-11
 lu  71  -1.062904 -1.152904 -0.000402  0.007843 1.09892E-11
 hf  72  -0.443113 -1.153113 -0.000611  0.007634 4.67106E-11
 ta  73  -1.272553 -1.152553 -0.000051  0.008194 7.01318E-12
  w  74  -0.503022 -1.153022 -0.000520  0.007725 4.19115E-11
 re  75  -0.900994 -1.160994 -0.008492 -0.000247 1.69792E-11
 os  76   0.198098 -1.151902  0.000600  0.008846 2.17917E-10
 ir  77   0.167501 -1.152499  0.000003  0.008249 2.05215E-10
 pt  78   0.435161 -1.184839 -0.032337 -0.024092 3.85731E-10
 au  79  -0.352498 -1.152498  0.000004  0.008250 6.35054E-11
 hg  80  -0.014116 -1.184116 -0.031614 -0.023369 1.40964E-10
 tl  81  -0.382500 -1.152500  0.000002  0.008248 6.14979E-11
 pb  82   0.887496 -1.152504 -0.000002  0.008244 1.16092E-09
 bi  83  -0.502497 -1.152497  0.000005  0.008251 4.77005E-11
 po  84   0.000000 -9.000000  0.000000  0.000000 2.47537E-25
#[ls/Fe]_Thiswork =  -0.0005, [hs/Fe]_Thiswork =  -0.0011
#[hs/ls]_Thiswork =  -0.0006, [Pb/hs]_Thiswork =   0.0011
# Elemental abundance ratios: 
# He/H =  9.4045E-02, C/O =  3.4142E-01, N/O = 3.64806E-01
#
#  TP   Mass     Mcore    Menv    log L
#  2 1.438389 0.564670 0.873719 3.425457
# El  Z   log e(X)   [X/H]    [X/Fe]     [X/O]      X(i)
  p   1  12.000000  0.000000  0.000000  0.000000 7.31592E-01
 he   2  10.973725  0.043725  1.196227  1.204473 2.73476E-01
  c   6   7.100610 -1.369390 -0.216888 -0.208643 1.09900E-04
  n   7   7.135862 -0.734138  0.418365  0.426610 1.39000E-04
  o   8   7.568424 -1.161575 -0.009073  0.000000 4.29859E-04
  f   9   3.295561 -1.164439 -0.011937 -0.002864 2.72319E-08
 ne  10   6.814977 -1.155023 -0.002521  0.006553 9.56549E-05
 na  11   5.263282 -1.046718  0.105784  0.114858 3.05935E-06
 mg  12   6.487592 -1.152408  0.000094  0.009167 5.42120E-05
 al  13   5.317754 -1.152246  0.000256  0.009329 4.07039E-06
 si  14   6.397608 -1.152392  0.000110  0.009183 5.09221E-05
  p  15   4.317607 -1.152393  0.000109  0.009182 4.67103E-07
  s  16   6.007606 -1.152394  0.000108  0.009181 2.36835E-05
 cl  17   4.077605 -1.152395  0.000107  0.009180 3.07657E-07
 ar  18   5.287600 -1.152400  0.000102  0.009175 5.62216E-06
  k  19   3.926991 -1.153008 -0.000506  0.008567 2.39858E-07
 ca  20   5.137593 -1.152407  0.000095  0.009169 3.99308E-06
 sc  21   1.897605 -1.152395  0.000107  0.009180 2.57751E-09
 ti  22   3.757606 -1.152394  0.000108  0.009181 1.98816E-07
  v  23   2.806518 -1.153482 -0.000980  0.008093 2.36811E-08
 cr  24   4.468315 -1.171685 -0.019183 -0.010110 1.10941E-06
 mn  25   4.327611 -1.152389  0.000113  0.009187 8.47798E-07
 fe  26   6.387605 -1.152395  0.000000  0.009180 9.89458E-05
 co  27   3.717603 -1.152397 -0.000002  0.009178 2.23239E-07
 ni  28   5.047608 -1.152391  0.000004  0.009184 4.75339E-06
 cu  29   3.097606 -1.152394  0.000001  0.009181 5.77434E-08
 zn  30   3.477611 -1.152390  0.000006  0.009186 1.42579E-07
 ga  31   1.927606 -1.152394  0.000001  0.009181 4.28342E-09
 ge  32   2.393230 -1.186769 -0.034374 -0.025194 1.30381E-08
 as  33   1.147603 -1.152397 -0.000002  0.009178 7.63872E-10
 se  34   2.143679 -1.196321 -0.043926 -0.034746 7.97800E-09
 br  35   1.387613 -1.152387  0.000009  0.009189 1.41576E-09
 kr  36   2.096033 -1.153967 -0.001572  0.007608 7.58708E-09
 rb  37   1.204438 -1.155562 -0.003166  0.006014 9.93231E-10
 sr  38   1.726134 -1.153866 -0.001471  0.007710 3.38490E-09
  y  39   1.017625 -1.152375  0.000020  0.009200 6.71992E-10
 zr  40   1.377606 -1.152394  0.000002  0.009182 1.57952E-09
 nb  41   0.257615 -1.152385  0.000010  0.009190 1.22030E-10
 mo  42   0.666423 -1.273577 -0.121182 -0.112002 3.23021E-10
 tc  43   0.000000 -9.000000  0.000000  0.000000 1.85913E-24
 ru  44   0.476659 -1.283341 -0.130946 -0.121766 2.19831E-10
 rh  45  -0.092394 -1.152394  0.000001  0.009181 6.03748E-11
 pd  46   0.438421 -1.211579 -0.059183 -0.050003 2.11960E-10
 ag  47   0.047605 -1.152395  0.000000  0.009180 8.73587E-11
 cd  48   0.517884 -1.192116 -0.039721 -0.030540 2.68845E-10
 in  49  -0.411436 -1.171436 -0.019041 -0.009861 3.23134E-11
 sn  50   0.855172 -1.214828 -0.062433 -0.053252 6.17260E-10
 sb  51  -0.384926 -1.394926 -0.242531 -0.233351 3.64240E-11
 te  52   0.560232 -1.619768 -0.467373 -0.458193 3.36428E-10
  i  53   0.397600 -1.152400 -0.000005  0.009176 2.30083E-10
 xe  54   1.050524 -1.189476 -0.037081 -0.027901 1.07047E-09
 cs  55  -0.072394 -1.152394  0.000001  0.009181 8.16499E-11
 ba  56   1.026707 -1.153293 -0.000898  0.008282 1.05992E-09
 la  57   0.017214 -1.152786 -0.000391  0.008789 1.04892E-10
 ce  58   0.425704 -1.154296 -0.001901  0.007279 2.71019E-10
 pr  59  -0.392394 -1.152394  0.000001  0.009181 4.14334E-11
 nd  60   0.272603 -1.177397 -0.025002 -0.015822 1.96109E-10
 pm  61   0.000000 -9.000000  0.000000  0.000000 0.00000E+00
 sm  62  -0.342103 -1.282103 -0.129708 -0.120528 4.96407E-11
 eu  63  -0.642392 -1.152392  0.000003  0.009183 2.51280E-11
 gd  64  -0.102393 -1.152393  0.000002  0.009182 9.01584E-11
 tb  65  -0.832389 -1.152389  0.000006  0.009187 1.69673E-11
 dy  66  -0.023048 -1.153048 -0.000653  0.008527 1.11844E-10
 ho  67  -0.682393 -1.152393  0.000002  0.009182 2.48723E-11
 er  68  -0.240017 -1.160017 -0.007622  0.001558 6.98524E-11
 tm  69  -1.032394 -1.152394  0.000001  0.009181 1.13797E-11
 yb  70  -0.293423 -1.213423 -0.061028 -0.051847 6.39047E-11
 lu  71  -1.062798 -1.152798 -0.000402  0.008778 1.09892E-11
 hf  72  -0.443007 -1.153007 -0.000611  0.008569 4.67106E-11
 ta  73  -1.272448 -1.152448 -0.000052  0.009128 7.01318E-12
  w  74  -0.502915 -1.152915 -0.000520  0.008660 4.19115E-11
 re  75  -0.900888 -1.160888 -0.008493  0.000687 1.69791E-11
 os  76   0.198205 -1.151795  0.000600  0.009780 2.17918E-10
 ir  77   0.167608 -1.152392  0.000003  0.009184 2.05215E-10
 pt  78   0.435267 -1.184733 -0.032337 -0.023157 3.85731E-10
 au  79  -0.352391 -1.152391  0.000004  0.009184 6.35054E-11
 hg  80  -0.014009 -1.184009 -0.031614 -0.022434 1.40964E-10
 tl  81  -0.382393 -1.152393  0.000002  0.009182 6.14979E-11
 pb  82   0.887603 -1.152397 -0.000002  0.009178 1.16092E-09
 bi  83  -0.502391 -1.152391  0.000004  0.009184 4.77005E-11
 po  84   0.000000 -9.000000  0.000000  0.000000 3.70101E-25
#[ls/Fe]_Thiswork =  -0.0005, [hs/Fe]_Thiswork =  -0.0011
#[hs/ls]_Thiswork =  -0.0006, [Pb/hs]_Thiswork =   0.0011
# Elemental abundance ratios: 
# He/H =  9.4129E-02, C/O =  3.4055E-01, N/O = 3.69350E-01
#
#  TP   Mass     Mcore    Menv    log L
#  3 1.438386 0.569757 0.868629 3.511368
# El  Z   log e(X)   [X/H]    [X/Fe]     [X/O]      X(i)
  p   1  12.000000  0.000000  0.000000  0.000000 7.31591E-01
 he   2  10.973728  0.043728  1.196123  1.205303 2.73478E-01
  c   6   7.100560 -1.369440 -0.217045 -0.207865 1.09887E-04
  n   7   7.135940 -0.734060  0.418335  0.427516 1.39025E-04
  o   8   7.568414 -1.161586 -0.009191  0.000000 4.29848E-04
  f   9   3.295546 -1.164454 -0.012059 -0.002869 2.72309E-08
 ne  10   6.814977 -1.155023 -0.002628  0.006563 9.56546E-05
 na  11   5.263328 -1.046672  0.105723  0.114913 3.05967E-06
 mg  12   6.487592 -1.152408 -0.000012  0.009178 5.42121E-05
 al  13   5.317753 -1.152246  0.000149  0.009339 4.07038E-06
 si  14   6.397608 -1.152392  0.000003  0.009194 5.09221E-05
  p  15   4.317608 -1.152392  0.000003  0.009194 4.67103E-07
  s  16   6.007606 -1.152394  0.000001  0.009192 2.36835E-05
 cl  17   4.077605 -1.152395  0.000000  0.009191 3.07657E-07
 ar  18   5.287600 -1.152400 -0.000005  0.009186 5.62216E-06
  k  19   3.926991 -1.153008 -0.000613  0.008577 2.39858E-07
 ca  20   5.137594 -1.152406 -0.000011  0.009180 3.99308E-06
 sc  21   1.897606 -1.152394  0.000001  0.009192 2.57751E-09
 ti  22   3.757607 -1.152393  0.000002  0.009192 1.98816E-07
  v  23   2.806519 -1.153481 -0.001086  0.008104 2.36811E-08
 cr  24   4.468316 -1.171684 -0.019289 -0.010098 1.10941E-06
 mn  25   4.327612 -1.152388  0.000007  0.009198 8.47798E-07
 fe  26   6.387605 -1.152395  0.000000  0.009191 9.89458E-05
 co  27   3.717604 -1.152396 -0.000001  0.009190 2.23239E-07
 ni  28   5.047609 -1.152390  0.000004  0.009195 4.75339E-06
 cu  29   3.097607 -1.152393  0.000001  0.009192 5.77434E-08
 zn  30   3.477611 -1.152390  0.000005  0.009196 1.42579E-07
 ga  31   1.927607 -1.152393  0.000001  0.009192 4.28342E-09
 ge  32   2.393231 -1.186769 -0.034374 -0.025183 1.30381E-08
 as  33   1.147603 -1.152397 -0.000002  0.009189 7.63872E-10
 se  34   2.143679 -1.196321 -0.043926 -0.034735 7.97800E-09
 br  35   1.387614 -1.152386  0.000009  0.009200 1.41576E-09
 kr  36   2.096033 -1.153967 -0.001572  0.007619 7.58708E-09
 rb  37   1.204438 -1.155562 -0.003167  0.006024 9.93230E-10
 sr  38   1.726135 -1.153865 -0.001470  0.007721 3.38490E-09
  y  39   1.017626 -1.152374  0.000021  0.009212 6.71992E-10
 zr  40   1.377607 -1.152393  0.000002  0.009193 1.57952E-09
 nb  41   0.257616 -1.152384  0.000011  0.009202 1.22030E-10
 mo  42   0.666424 -1.273576 -0.121181 -0.111990 3.23021E-10
 tc  43   0.000000 -9.000000  0.000000  0.000000 1.04005E-24
 ru  44   0.476659 -1.283341 -0.130946 -0.121755 2.19831E-10
 rh  45  -0.092393 -1.152393  0.000002  0.009193 6.03748E-11
 pd  46   0.438422 -1.211578 -0.059183 -0.049992 2.11960E-10
 ag  47   0.047606 -1.152395  0.000000  0.009191 8.73587E-11
 cd  48   0.517885 -1.192115 -0.039720 -0.030529 2.68845E-10
 in  49  -0.411435 -1.171435 -0.019040 -0.009849 3.23134E-11
 sn  50   0.855173 -1.214827 -0.062432 -0.053241 6.17260E-10
 sb  51  -0.384925 -1.394925 -0.242530 -0.233339 3.64240E-11
 te  52   0.560233 -1.619767 -0.467372 -0.458181 3.36428E-10
  i  53   0.397600 -1.152400 -0.000005  0.009186 2.30083E-10
 xe  54   1.050524 -1.189476 -0.037081 -0.027890 1.07047E-09
 cs  55  -0.072393 -1.152393  0.000001  0.009192 8.16499E-11
 ba  56   1.026708 -1.153292 -0.000898  0.008293 1.05992E-09
 la  57   0.017215 -1.152785 -0.000390  0.008801 1.04892E-10
 ce  58   0.425705 -1.154295 -0.001900  0.007291 2.71019E-10
 pr  59  -0.392393 -1.152393  0.000002  0.009193 4.14334E-11
 nd  60   0.272604 -1.177396 -0.025001 -0.015810 1.96109E-10
 pm  61   0.000000 -9.000000  0.000000  0.000000 0.00000E+00
 sm  62  -0.342102 -1.282102 -0.129707 -0.120516 4.96407E-11
 eu  63  -0.642391 -1.152391  0.000004  0.009195 2.51280E-11
 gd  64  -0.102392 -1.152392  0.000003  0.009194 9.01584E-11
 tb  65  -0.832388 -1.152388  0.000007  0.009198 1.69673E-11
 dy  66  -0.023047 -1.153047 -0.000653  0.008538 1.11844E-10
 ho  67  -0.682392 -1.152392  0.000003  0.009194 2.48723E-11
 er  68  -0.240016 -1.160016 -0.007621  0.001570 6.98524E-11
 tm  69  -1.032393 -1.152393  0.000001  0.009192 1.13797E-11
 yb  70  -0.293422 -1.213422 -0.061027 -0.051836 6.39047E-11
 lu  71  -1.062798 -1.152798 -0.000403  0.008788 1.09892E-11
 hf  72  -0.443007 -1.153007 -0.000612  0.008579 4.67106E-11
 ta  73  -1.272447 -1.152447 -0.000052  0.009139 7.01318E-12
  w  74  -0.502914 -1.152914 -0.000520  0.008671 4.19115E-11
 re  75  -0.900889 -1.160889 -0.008495  0.000696 1.69791E-11
 os  76   0.198205 -1.151795  0.000600  0.009791 2.17918E-10
 ir  77   0.167609 -1.152391  0.000004  0.009195 2.05215E-10
 pt  78   0.435267 -1.184733 -0.032338 -0.023147 3.85731E-10
 au  79  -0.352390 -1.152390  0.000005  0.009196 6.35054E-11
 hg  80  -0.014009 -1.184008 -0.031614 -0.022423 1.40964E-10
 tl  81  -0.382392 -1.152392  0.000003  0.009194 6.14979E-11
 pb  82   0.887604 -1.152396 -0.000001  0.009190 1.16092E-09
 bi  83  -0.502390 -1.152390  0.000005  0.009196 4.77005E-11
 po  84   0.000000 -9.000000  0.000000  0.000000 3.72708E-25
#[ls/Fe]_Thiswork =  -0.0005, [hs/Fe]_Thiswork =  -0.0011
#[hs/ls]_Thiswork =  -0.0006, [Pb/hs]_Thiswork =   0.0011
# Elemental abundance ratios: 
# He/H =  9.4130E-02, C/O =  3.4052E-01, N/O = 3.69425E-01
#
#  TP   Mass     Mcore    Menv    log L
#  4 1.438382 0.576066 0.862316 3.572435
# El  Z   log e(X)   [X/H]    [X/Fe]     [X/O]      X(i)
  p   1  12.000000  0.000000  0.000000  0.000000 7.31631E-01
 he   2  10.973642  0.043642  1.196037  1.205228 2.73438E-01
  c   6   7.100967 -1.369033 -0.216638 -0.207447 1.09996E-04
  n   7   7.135457 -0.734543  0.417852  0.427043 1.38878E-04
  o   8   7.568413 -1.161586 -0.009192  0.000000 4.29870E-04
  f   9   3.295538 -1.164462 -0.012067 -0.002876 2.72318E-08
 ne  10   6.814961 -1.155039 -0.002644  0.006547 9.56563E-05
 na  11   5.263026 -1.046974  0.105421  0.114612 3.05771E-06
 mg  12   6.487569 -1.152431 -0.000036  0.009155 5.42121E-05
 al  13   5.317728 -1.152272  0.000123  0.009314 4.07036E-06
 si  14   6.397585 -1.152415 -0.000021  0.009171 5.09221E-05
  p  15   4.317584 -1.152416 -0.000021  0.009171 4.67103E-07
  s  16   6.007583 -1.152417 -0.000022  0.009169 2.36835E-05
 cl  17   4.077582 -1.152418 -0.000023  0.009168 3.07657E-07
 ar  18   5.287577 -1.152423 -0.000029  0.009163 5.62216E-06
  k  19   3.926969 -1.153031 -0.000637  0.008555 2.39858E-07
 ca  20   5.137570 -1.152430 -0.000035  0.009157 3.99308E-06
 sc  21   1.897582 -1.152418 -0.000023  0.009168 2.57751E-09
 ti  22   3.757583 -1.152417 -0.000022  0.009169 1.98816E-07
  v  23   2.806495 -1.153505 -0.001111  0.008081 2.36811E-08
 cr  24   4.468292 -1.171708 -0.019313 -0.010122 1.10941E-06
 mn  25   4.327589 -1.152411 -0.000017  0.009175 8.47798E-07
 fe  26   6.387582 -1.152418  0.000000  0.009168 9.89458E-05
 co  27   3.717580 -1.152420 -0.000002  0.009166 2.23239E-07
 ni  28   5.047585 -1.152414  0.000004  0.009172 4.75339E-06
 cu  29   3.097583 -1.152417  0.000001  0.009169 5.77434E-08
 zn  30   3.477588 -1.152412  0.000006  0.009174 1.42579E-07
 ga  31   1.927583 -1.152417  0.000001  0.009169 4.28342E-09
 ge  32   2.393208 -1.186792 -0.034374 -0.025206 1.30381E-08
 as  33   1.147580 -1.152420 -0.000002  0.009166 7.63872E-10
 se  34   2.143656 -1.196344 -0.043926 -0.034758 7.97800E-09
 br  35   1.387590 -1.152410  0.000009  0.009177 1.41576E-09
 kr  36   2.096010 -1.153990 -0.001572  0.007596 7.58708E-09
 rb  37   1.204414 -1.155586 -0.003167  0.006001 9.93229E-10
 sr  38   1.726111 -1.153889 -0.001471  0.007698 3.38490E-09
  y  39   1.017602 -1.152398  0.000020  0.009188 6.71992E-10
 zr  40   1.377584 -1.152416  0.000002  0.009170 1.57952E-09
 nb  41   0.257592 -1.152408  0.000010  0.009179 1.22030E-10
 mo  42   0.666400 -1.273600 -0.121182 -0.112014 3.23021E-10
 tc  43   0.000000 -9.000000  0.000000  0.000000 5.46726E-25
 ru  44   0.476636 -1.283364 -0.130946 -0.121778 2.19831E-10
 rh  45  -0.092417 -1.152417  0.000001  0.009170 6.03748E-11
 pd  46   0.438398 -1.211602 -0.059183 -0.050015 2.11960E-10
 ag  47   0.047582 -1.152418  0.000000  0.009168 8.73587E-11
 cd  48   0.517861 -1.192139 -0.039721 -0.030552 2.68845E-10
 in  49  -0.411459 -1.171459 -0.019041 -0.009873 3.23134E-11
 sn  50   0.855149 -1.214851 -0.062433 -0.053264 6.17260E-10
 sb  51  -0.384949 -1.394949 -0.242531 -0.233362 3.64240E-11
 te  52   0.560210 -1.619790 -0.467372 -0.458204 3.36428E-10
  i  53   0.397577 -1.152423 -0.000005  0.009164 2.30083E-10
 xe  54   1.050501 -1.189499 -0.037081 -0.027913 1.07047E-09
 cs  55  -0.072417 -1.152417  0.000001  0.009169 8.16499E-11
 ba  56   1.026684 -1.153316 -0.000898  0.008270 1.05992E-09
 la  57   0.017191 -1.152809 -0.000391  0.008777 1.04892E-10
 ce  58   0.425681 -1.154319 -0.001901  0.007267 2.71019E-10
 pr  59  -0.392417 -1.152417  0.000001  0.009169 4.14334E-11
 nd  60   0.272580 -1.177420 -0.025002 -0.015834 1.96109E-10
 pm  61   0.000000 -9.000000  0.000000  0.000000 0.00000E+00
 sm  62  -0.342126 -1.282126 -0.129708 -0.120540 4.96407E-11
 eu  63  -0.642415 -1.152415  0.000003  0.009171 2.51280E-11
 gd  64  -0.102416 -1.152416  0.000002  0.009170 9.01584E-11
 tb  65  -0.832412 -1.152412  0.000006  0.009175 1.69673E-11
 dy  66  -0.023071 -1.153071 -0.000653  0.008515 1.11844E-10
 ho  67  -0.682416 -1.152416  0.000002  0.009170 2.48723E-11
 er  68  -0.240040 -1.160040 -0.007622  0.001546 6.98524E-11
 tm  69  -1.032417 -1.152417  0.000001  0.009169 1.13797E-11
 yb  70  -0.293446 -1.213446 -0.061028 -0.051859 6.39047E-11
 lu  71  -1.062820 -1.152820 -0.000402  0.008766 1.09892E-11
 hf  72  -0.443029 -1.153029 -0.000611  0.008557 4.67106E-11
 ta  73  -1.272470 -1.152470 -0.000052  0.009116 7.01318E-12
  w  74  -0.502938 -1.152938 -0.000520  0.008648 4.19115E-11
 re  75  -0.900913 -1.160913 -0.008495  0.000673 1.69791E-11
 os  76   0.198182 -1.151818  0.000600  0.009768 2.17918E-10
 ir  77   0.167585 -1.152415  0.000003  0.009172 2.05215E-10
 pt  78   0.435245 -1.184755 -0.032337 -0.023169 3.85731E-10
 au  79  -0.352414 -1.152414  0.000004  0.009172 6.35054E-11
 hg  80  -0.014032 -1.184032 -0.031614 -0.022446 1.40964E-10
 tl  81  -0.382416 -1.152416  0.000002  0.009171 6.14979E-11
 pb  82   0.887580 -1.152420 -0.000002  0.009166 1.16092E-09
 bi  83  -0.502414 -1.152414  0.000004  0.009173 4.77005E-11
 po  84   0.000000 -9.000000  0.000000  0.000000 3.70890E-25
#[ls/Fe]_Thiswork =  -0.0005, [hs/Fe]_Thiswork =  -0.0011
#[hs/ls]_Thiswork =  -0.0006, [Pb/hs]_Thiswork =   0.0011
# Elemental abundance ratios: 
# He/H =  9.4111E-02, C/O =  3.4084E-01, N/O = 3.69015E-01
#
#  TP   Mass     Mcore    Menv    log L
#  5 1.438376 0.583149 0.855227 3.625387
# El  Z   log e(X)   [X/H]    [X/Fe]     [X/O]      X(i)
  p   1  12.000000  0.000000  0.000000  0.000000 7.31385E-01
 he   2  10.974175  0.044175  1.196593  1.205761 2.73682E-01
  c   6   7.101099 -1.368901 -0.216483 -0.207315 1.09993E-04
  n   7   7.136485 -0.733515  0.418903  0.428071 1.39160E-04
  o   8   7.568239 -1.161761 -0.009343  0.000000 4.29553E-04
  f   9   3.295314 -1.164686 -0.012268 -0.002925 2.72086E-08
 ne  10   6.815038 -1.154962 -0.002544  0.006799 9.56410E-05
 na  11   5.264199 -1.045801  0.106617  0.115960 3.06495E-06
 mg  12   6.487697 -1.152303  0.000115  0.009458 5.42099E-05
 al  13   5.319294 -1.150706  0.001712  0.011055 4.08370E-06
 si  14   6.397741 -1.152259  0.000159  0.009502 5.09233E-05
  p  15   4.317730 -1.152269  0.000149  0.009491 4.67103E-07
  s  16   6.007729 -1.152271  0.000147  0.009490 2.36835E-05
 cl  17   4.077734 -1.152266  0.000152  0.009495 3.07661E-07
 ar  18   5.287723 -1.152277  0.000141  0.009483 5.62216E-06
  k  19   3.927114 -1.152885 -0.000467  0.008875 2.39858E-07
 ca  20   5.137716 -1.152284  0.000134  0.009477 3.99308E-06
 sc  21   1.897728 -1.152272  0.000146  0.009489 2.57751E-09
 ti  22   3.757730 -1.152270  0.000148  0.009490 1.98816E-07
  v  23   2.806642 -1.153358 -0.000940  0.008402 2.36811E-08
 cr  24   4.468438 -1.171562 -0.019144 -0.009801 1.10941E-06
 mn  25   4.327734 -1.152266  0.000153  0.009495 8.47798E-07
 fe  26   6.387728 -1.152272  0.000000  0.009489 9.89458E-05
 co  27   3.717727 -1.152273 -0.000001  0.009488 2.23239E-07
 ni  28   5.047731 -1.152268  0.000004  0.009492 4.75339E-06
 cu  29   3.097729 -1.152271  0.000001  0.009490 5.77434E-08
 zn  30   3.477734 -1.152267  0.000006  0.009494 1.42579E-07
 ga  31   1.927730 -1.152270  0.000002  0.009490 4.28342E-09
 ge  32   2.393353 -1.186646 -0.034374 -0.024886 1.30381E-08
 as  33   1.147726 -1.152274 -0.000002  0.009487 7.63872E-10
 se  34   2.143802 -1.196198 -0.043926 -0.034437 7.97800E-09
 br  35   1.387737 -1.152263  0.000010  0.009498 1.41576E-09
 kr  36   2.096156 -1.153844 -0.001572  0.007917 7.58708E-09
 rb  37   1.204560 -1.155440 -0.003167  0.006321 9.93228E-10
 sr  38   1.726257 -1.153743 -0.001471  0.008018 3.38490E-09
  y  39   1.017748 -1.152252  0.000020  0.009509 6.71992E-10
 zr  40   1.377729 -1.152271  0.000002  0.009490 1.57952E-09
 nb  41   0.257738 -1.152262  0.000010  0.009499 1.22030E-10
 mo  42   0.666546 -1.273454 -0.121182 -0.111693 3.23021E-10
 tc  43   0.000000 -9.000000  0.000000  0.000000 3.09305E-22
 ru  44   0.476782 -1.283218 -0.130946 -0.121457 2.19831E-10
 rh  45  -0.092270 -1.152270  0.000002  0.009491 6.03748E-11
 pd  46   0.438544 -1.211456 -0.059183 -0.049695 2.11960E-10
 ag  47   0.047729 -1.152272  0.000001  0.009489 8.73587E-11
 cd  48   0.518007 -1.191993 -0.039721 -0.030232 2.68845E-10
 in  49  -0.411312 -1.171312 -0.019040 -0.009551 3.23134E-11
 sn  50   0.855295 -1.214705 -0.062433 -0.052944 6.17260E-10
 sb  51  -0.384803 -1.394803 -0.242531 -0.233042 3.64240E-11
 te  52   0.560356 -1.619644 -0.467372 -0.457883 3.36428E-10
  i  53   0.397723 -1.152277 -0.000005  0.009484 2.30083E-10
 xe  54   1.050647 -1.189353 -0.037081 -0.027592 1.07047E-09
 cs  55  -0.072270 -1.152270  0.000002  0.009490 8.16499E-11
 ba  56   1.026830 -1.153170 -0.000898  0.008590 1.05992E-09
 la  57   0.017338 -1.152662 -0.000390  0.009099 1.04892E-10
 ce  58   0.425827 -1.154173 -0.001901  0.007588 2.71019E-10
 pr  59  -0.392270 -1.152270  0.000002  0.009491 4.14334E-11
 nd  60   0.272726 -1.177274 -0.025002 -0.015513 1.96109E-10
 pm  61   0.000000 -9.000000  0.000000  0.000000 0.00000E+00
 sm  62  -0.341980 -1.281980 -0.129708 -0.120219 4.96407E-11
 eu  63  -0.642269 -1.152269  0.000003  0.009492 2.51280E-11
 gd  64  -0.102269 -1.152269  0.000003  0.009492 9.01584E-11
 tb  65  -0.832266 -1.152266  0.000006  0.009495 1.69673E-11
 dy  66  -0.022924 -1.152924 -0.000652  0.008836 1.11844E-10
 ho  67  -0.682270 -1.152270  0.000002  0.009491 2.48723E-11
 er  68  -0.239893 -1.159893 -0.007621  0.001868 6.98524E-11
 tm  69  -1.032271 -1.152271  0.000001  0.009489 1.13797E-11
 yb  70  -0.293299 -1.213299 -0.061027 -0.051538 6.39047E-11
 lu  71  -1.062675 -1.152675 -0.000402  0.009086 1.09892E-11
 hf  72  -0.442883 -1.152884 -0.000611  0.008877 4.67106E-11
 ta  73  -1.272324 -1.152324 -0.000051  0.009437 7.01318E-12
  w  74  -0.502792 -1.152792 -0.000520  0.008968 4.19115E-11
 re  75  -0.900768 -1.160768 -0.008496  0.000993 1.69790E-11
 os  76   0.198328 -1.151672  0.000600  0.010089 2.17918E-10
 ir  77   0.167731 -1.152269  0.000003  0.009492 2.05215E-10
 pt  78   0.435390 -1.184610 -0.032337 -0.022849 3.85731E-10
 au  79  -0.352268 -1.152268  0.000004  0.009493 6.35054E-11
 hg  80  -0.013886 -1.183886 -0.031614 -0.022126 1.40964E-10
 tl  81  -0.382270 -1.152270  0.000002  0.009491 6.14979E-11
 pb  82   0.887726 -1.152274 -0.000002  0.009487 1.16092E-09
 bi  83  -0.502268 -1.152268  0.000004  0.009493 4.77005E-11
 po  84   0.000000 -9.000000  0.000000  0.000000 1.16094E-23
#[ls/Fe]_Thiswork =  -0.0005, [hs/Fe]_Thiswork =  -0.0011
#[hs/ls]_Thiswork =  -0.0006, [Pb/hs]_Thiswork =   0.0011
# Elemental abundance ratios: 
# He/H =  9.4227E-02, C/O =  3.4108E-01, N/O = 3.70038E-01
#
#  TP   Mass     Mcore    Menv    log L
#  6 1.438365 0.589337 0.849028 3.698160
# El  Z   log e(X)   [X/H]    [X/Fe]     [X/O]      X(i)
  p   1  12.000000  0.000000  0.000000  0.000000 7.29524E-01
 he   2  10.977285  0.047285  1.199557  1.209046 2.74948E-01
  c   6   7.883946 -0.586054  0.566218  0.575707 6.65433E-04
  n   7   7.138515 -0.731485  0.420787  0.430275 1.39456E-04
  o   8   7.588023 -1.141976  0.010296  0.000000 4.48431E-04
  f   9   3.477112 -0.982888  0.169384  0.159088 4.12476E-08
 ne  10   6.842666 -1.127334  0.024939  0.014643 1.01664E-04
 na  11   5.272155 -1.037845  0.114428  0.104132 3.11368E-06
 mg  12   6.489083 -1.150917  0.001356 -0.008940 5.42448E-05
 al  13   5.324483 -1.145516  0.006756 -0.003540 4.12227E-06
 si  14   6.399046 -1.150954  0.001318 -0.008977 5.09467E-05
  p  15   4.335166 -1.134833  0.017439  0.007143 4.85001E-07
  s  16   6.008616 -1.151383  0.000889 -0.009407 2.36716E-05
 cl  17   4.080229 -1.149771  0.002501 -0.007794 3.08647E-07
 ar  18   5.288541 -1.151459  0.000813 -0.009482 5.61844E-06
  k  19   3.929535 -1.150465  0.001807 -0.008489 2.40585E-07
 ca  20   5.138299 -1.151700  0.000572 -0.009724 3.98827E-06
 sc  21   1.911055 -1.138945  0.013327  0.003031 2.65107E-09
 ti  22   3.760013 -1.149987  0.002285 -0.008011 1.99355E-07
  v  23   2.807370 -1.152630 -0.000358 -0.010653 2.36606E-08
 cr  24   4.469152 -1.170847 -0.018575 -0.028871 1.10841E-06
 mn  25   4.328441 -1.151559  0.000713 -0.009583 8.47018E-07
 fe  26   6.388406 -1.151594  0.000000 -0.009617 9.88484E-05
 co  27   3.734217 -1.135783  0.015810  0.006193 2.31289E-07
 ni  28   5.052243 -1.147757  0.003837 -0.005781 4.79080E-06
 cu  29   3.191611 -1.058389  0.093205  0.083588 7.14956E-08
 zn  30   3.518235 -1.111765  0.039829  0.030211 1.56118E-07
 ga  31   2.120409 -0.959591  0.192003  0.182385 6.65832E-09
 ge  32   2.585567 -0.994433  0.157160  0.147543 2.02452E-08
 as  33   1.267066 -1.032934  0.118660  0.109042 1.00289E-09
 se  34   2.413104 -0.926896  0.224698  0.215080 1.47942E-08
 br  35   1.532820 -1.007180  0.144413  0.134796 1.97227E-09
 kr  36   2.560792 -0.689208  0.462386  0.452768 2.20600E-08
 rb  37   1.787220 -0.572780  0.578814  0.569196 3.78968E-09
 sr  38   2.145761 -0.734240  0.417354  0.407737 8.87040E-09
  y  39   1.431171 -0.738829  0.412765  0.403148 1.73653E-09
 zr  40   1.778425 -0.751575  0.400019  0.390402 3.96381E-09
 nb  41   0.583345 -0.826655  0.324939  0.315322 2.57613E-10
 mo  42   1.042922 -0.897078  0.254516  0.244898 7.66480E-10
 tc  43  -0.691220 -9.000000  0.000000  0.000000 1.44406E-11
 ru  44   0.787836 -0.972164  0.179430  0.169812 4.48784E-10
 rh  45   0.022442 -1.037558  0.114036  0.104418 7.84263E-11
 pd  46   0.737413 -0.912587  0.239007  0.229390 4.20742E-10
 ag  47   0.127964 -1.072036  0.079558  0.069940 1.04818E-10
 cd  48   0.811139 -0.898861  0.252733  0.243115 5.26656E-10
 in  49  -0.217705 -0.977705  0.173889  0.164272 5.03367E-11
 sn  50   1.164581 -0.905419  0.246175  0.236558 1.25501E-09
 sb  51  -0.204562 -1.214562 -0.062968 -0.072586 5.50201E-11
 te  52   0.795336 -1.384664 -0.233071 -0.242688 5.76455E-10
  i  53   0.424644 -1.125355  0.026238  0.016621 2.44174E-10
 xe  54   1.178722 -1.061278  0.090316  0.080699 1.43398E-09
 cs  55   0.093467 -0.986533  0.165060  0.155443 1.19285E-10
 ba  56   1.469969 -0.710031  0.441562  0.431945 2.93295E-09
 la  57   0.393122 -0.776878  0.374715  0.365098 2.48555E-10
 ce  58   0.827035 -0.752965  0.398629  0.389011 6.80929E-10
 pr  59  -0.135859 -0.895859  0.255735  0.246118 7.45858E-11
 nd  60   0.577314 -0.872686  0.278908  0.269291 3.94439E-10
 pm  61   0.000000 -9.000000  0.000000  0.000000 0.00000E+00
 sm  62  -0.096588 -1.036588  0.115005  0.105388 8.71212E-11
 eu  63  -0.596351 -1.106351  0.045243  0.035626 2.78593E-11
 gd  64   0.007430 -1.042570  0.109024  0.099406 1.15771E-10
 tb  65  -0.773390 -1.093390  0.058204  0.048587 1.93812E-11
 dy  66   0.097736 -1.032264  0.119330  0.109713 1.47289E-10
 ho  67  -0.629395 -1.099395  0.052199  0.042582 2.80210E-11
 er  68  -0.113597 -1.033597  0.117997  0.108379 9.31905E-11
 tm  69  -0.937650 -1.057650  0.093944  0.084327 1.41139E-11
 yb  70  -0.011886 -0.931886  0.219708  0.210091 1.21854E-10
 lu  71  -0.852657 -0.942657  0.208936  0.199319 1.77778E-11
 hf  72  -0.090705 -0.800705  0.350889  0.341271 1.04831E-10
 ta  73  -0.995901 -0.875901  0.275693  0.266075 1.32200E-11
  w  74  -0.148763 -0.798763  0.352831  0.343214 9.44620E-11
 re  75  -0.779434 -1.039434  0.112159  0.102542 2.23945E-11
 os  76   0.304055 -1.045945  0.105649  0.096032 2.77277E-10
 ir  77   0.183395 -1.136605  0.014989  0.005372 2.12210E-10
 pt  78   0.490076 -1.129924  0.021670  0.012052 4.36379E-10
 au  79  -0.301249 -1.101249  0.050345  0.040728 7.12401E-11
 hg  80   0.301594 -0.868406  0.283188  0.273570 2.90725E-10
 tl  81  -0.024801 -0.794801  0.356792  0.347175 1.39709E-10
 pb  82   1.137224 -0.902776  0.248818  0.239201 2.05681E-09
 bi  83  -0.438757 -1.088757  0.062837  0.053219 5.50715E-11
 po  84  -1.532891 -9.000000  0.000000  0.000000 4.43439E-12
#[ls/Fe]_Thiswork =   0.4100, [hs/Fe]_Thiswork =   0.4050
#[hs/ls]_Thiswork =  -0.0051, [Pb/hs]_Thiswork =  -0.1562
# Elemental abundance ratios: 
# He/H =  9.4904E-02, C/O =  1.9766E+00, N/O = 3.55215E-01
#
#  TP   Mass     Mcore    Menv    log L
#  7 1.438334 0.594891 0.843444 3.756245
# El  Z   log e(X)   [X/H]    [X/Fe]     [X/O]      X(i)
  p   1  12.000000  0.000000  0.000000  0.000000 7.26484E-01
 he   2  10.982114  0.052114  1.203707  1.194090 2.76863E-01
  c   6   8.292488 -0.177512  0.974082  0.964464 1.69759E-03
  n   7   7.146104 -0.723896  0.427698  0.418080 1.41324E-04
  o   8   7.627083 -1.102917  0.048677  0.000000 4.88586E-04
  f   9   3.856919 -0.603081  0.548513  0.499836 9.84902E-08
 ne  10   6.943093 -1.026907  0.124687  0.076010 1.27579E-04
 na  11   5.291870 -1.018130  0.133463  0.084786 3.24470E-06
 mg  12   6.491683 -1.148317  0.003277 -0.045400 5.43430E-05
 al  13   5.330494 -1.139506  0.012088 -0.036589 4.16230E-06
 si  14   6.401165 -1.148836  0.002758 -0.045919 5.09823E-05
  p  15   4.363851 -1.106149  0.045445 -0.003232 5.15957E-07
  s  16   6.010090 -1.149909  0.001684 -0.046993 2.36530E-05
 cl  17   4.084866 -1.145134  0.006460 -0.042217 3.10659E-07
 ar  18   5.289843 -1.150157  0.001437 -0.047240 5.61182E-06
  k  19   3.933567 -1.146433  0.005161 -0.043516 2.41817E-07
 ca  20   5.139295 -1.150705  0.000889 -0.047788 3.98077E-06
 sc  21   1.932834 -1.117166  0.034427 -0.014250 2.77579E-09
 ti  22   3.764309 -1.145691  0.005903 -0.042774 2.00498E-07
  v  23   2.808637 -1.151363  0.000230 -0.048447 2.36308E-08
 cr  24   4.470362 -1.169638 -0.018044 -0.066721 1.10687E-06
 mn  25   4.329637 -1.150363  0.001230 -0.047447 8.45814E-07
 fe  26   6.389480 -1.150520  0.000000 -0.047603 9.86801E-05
 co  27   3.757142 -1.112858  0.037662 -0.009941 2.42810E-07
 ni  28   5.059072 -1.140928  0.009592 -0.038012 4.84644E-06
 cu  29   3.308004 -0.941996  0.208524  0.160921 9.30803E-08
 zn  30   3.583992 -1.046008  0.104512  0.056909 1.80882E-07
 ga  31   2.342130 -0.737870  0.412650  0.365047 1.10477E-08
 ge  32   2.808475 -0.771525  0.378994  0.331391 3.36834E-08
 as  33   1.429811 -0.870188  0.280331  0.232728 1.45274E-09
 se  34   2.685455 -0.654545  0.495975  0.448372 2.75821E-08
 br  35   1.730511 -0.809489  0.341031  0.293427 3.09631E-09
 kr  36   2.906501 -0.343499  0.807021  0.759418 4.86967E-08
 rb  37   2.156068 -0.203932  0.946588  0.898985 8.82341E-09
 sr  38   2.530873 -0.349127  0.801393  0.753790 2.14409E-08
  y  39   1.843176 -0.326824  0.823696  0.776093 4.46552E-09
 zr  40   2.168845 -0.361155  0.789365  0.741762 9.69884E-09
 nb  41   0.957610 -0.452390  0.698130  0.650527 6.07322E-10
 mo  42   1.397111 -0.542889  0.607631  0.560028 1.72535E-09
 tc  43  -0.287210 -9.000000  0.000000  0.000000 3.64570E-11
 ru  44   1.065415 -0.694585  0.455935  0.408332 8.46843E-10
 rh  45   0.167318 -0.892682  0.257838  0.210235 1.09025E-10
 pd  46   1.019180 -0.630820  0.519700  0.472097 8.01622E-10
 ag  47   0.251896 -0.948104  0.202416  0.154813 1.38853E-10
 cd  48   1.130695 -0.579305  0.571215  0.523612 1.09464E-09
 in  49   0.050837 -0.709163  0.441356  0.393753 9.30276E-11
 sn  50   1.542433 -0.527567  0.622953  0.575350 2.98322E-09
 sb  51   0.085508 -0.924492  0.226028  0.178425 1.06851E-10
 te  52   1.132157 -1.047843  0.102677  0.055074 1.24673E-09
  i  53   0.491264 -1.058736  0.091784  0.044181 2.83468E-10
 xe  54   1.390120 -0.849880  0.300639  0.253036 2.32342E-09
 cs  55   0.351389 -0.728611  0.421909  0.374306 2.15127E-10
 ba  56   1.881772 -0.298228  0.852292  0.804689 7.53864E-09
 la  57   0.828383 -0.341617  0.808903  0.761300 6.74325E-10
 ce  58   1.284875 -0.295125  0.855395  0.807792 1.94593E-09
 pr  59   0.251217 -0.508783  0.641737  0.594134 1.81100E-10
 nd  60   0.990850 -0.459150  0.691370  0.643767 1.01789E-09
 pm  61   0.000000 -9.000000  0.000000  0.000000 0.00000E+00
 sm  62   0.269459 -0.670541  0.479979  0.432375 2.01538E-10
 eu  63  -0.476094 -0.986094  0.164426  0.116822 3.65942E-11
 gd  64   0.236320 -0.813680  0.336839  0.289236 1.95288E-10
 tb  65  -0.631488 -0.951488  0.199032  0.151429 2.67590E-11
 dy  66   0.343273 -0.786727  0.363793  0.316190 2.58162E-10
 ho  67  -0.493871 -0.963871  0.186649  0.139046 3.81236E-11
 er  68   0.148533 -0.771467  0.379053  0.331450 1.69702E-10
 tm  69  -0.727157 -0.847157  0.303363  0.255760 2.28205E-11
 yb  70   0.393363 -0.526637  0.623883  0.576280 3.08514E-10
 lu  71  -0.504893 -0.594893  0.555627  0.508023 3.94302E-11
 hf  72   0.350254 -0.359746  0.790774  0.743171 2.88160E-10
 ta  73  -0.607708 -0.487708  0.662812  0.615209 3.21819E-11
  w  74   0.295745 -0.354255  0.796265  0.748662 2.61789E-10
 re  75  -0.522930 -0.782930  0.367590  0.319987 4.02560E-11
 os  76   0.526134 -0.823866  0.326653  0.279050 4.60445E-10
 ir  77   0.227711 -1.092289  0.058231  0.010627 2.34028E-10
 pt  78   0.623331 -0.996669  0.153851  0.106248 5.90615E-10
 au  79  -0.174443 -0.974443  0.176077  0.128473 9.49982E-11
 hg  80   0.726395 -0.443605  0.706915  0.659311 7.69962E-10
 tl  81   0.451125 -0.318875  0.831645  0.784042 4.16232E-10
 pb  82   1.958146 -0.081854  1.068666  1.021063 1.35613E-08
 bi  83   0.121325 -0.528675  0.621844  0.574241 1.99157E-10
 po  84   0.299382 -9.000000  0.000000  0.000000 3.00119E-10
#[ls/Fe]_Thiswork =   0.8048, [hs/Fe]_Thiswork =   0.8389
#[hs/ls]_Thiswork =   0.0340, [Pb/hs]_Thiswork =   0.2298
# Elemental abundance ratios: 
# He/H =  9.5965E-02, C/O =  4.6281E+00, N/O = 3.30386E-01
#
#  TP   Mass     Mcore    Menv    log L
#  8 1.438246 0.600099 0.838148 3.800400
# El  Z   log e(X)   [X/H]    [X/Fe]     [X/O]      X(i)
  p   1  12.000000  0.000000  0.000000  0.000000 7.22895E-01
 he   2  10.987770  0.057770  1.208290  1.160686 2.79107E-01
  c   6   8.529384  0.059383  1.209903  1.162300 2.91459E-03
  n   7   7.152902 -0.717098  0.433422  0.385818 1.42844E-04
  o   8   7.671182 -1.058817  0.091702  0.000000 5.38133E-04
  f   9   4.255833 -0.204167  0.946352  0.854650 2.45558E-07
 ne  10   7.078503 -0.891497  0.259023  0.167321 1.73396E-04
 na  11   5.326378 -0.983622  0.166898  0.075196 3.49568E-06
 mg  12   6.495560 -1.144440  0.006080 -0.085623 5.45595E-05
 al  13   5.336941 -1.133059  0.017461 -0.074241 4.20368E-06
 si  14   6.403629 -1.146371  0.004149 -0.087554 5.10192E-05
  p  15   4.392519 -1.077480  0.073040 -0.018663 5.48443E-07
  s  16   6.011913 -1.148087  0.002433 -0.089269 2.36352E-05
 cl  17   4.090686 -1.139314  0.011206 -0.080496 3.13295E-07
 ar  18   5.291430 -1.148570  0.001950 -0.089752 5.60454E-06
  k  19   3.937931 -1.142069  0.008451 -0.083251 2.43053E-07
 ca  20   5.140614 -1.149386  0.001133 -0.090569 3.97314E-06
 sc  21   1.952994 -1.097006  0.053514 -0.038188 2.89332E-09
 ti  22   3.769435 -1.140565  0.009955 -0.081748 2.01876E-07
  v  23   2.810201 -1.149799  0.000721 -0.090982 2.35989E-08
 cr  24   4.471944 -1.168056 -0.017536 -0.109238 1.10542E-06
 mn  25   4.331441 -1.148559  0.001961 -0.089741 8.45141E-07
 fe  26   6.390862 -1.149138  0.000000 -0.090321 9.85055E-05
 co  27   3.779955 -1.090045  0.059093 -0.031228 2.54641E-07
 ni  28   5.065853 -1.134147  0.014991 -0.075330 4.89839E-06
 cu  29   3.392185 -0.857815  0.291324  0.201003 1.12432E-07
 zn  30   3.640615 -0.989386  0.159753  0.069432 2.05053E-07
 ga  31   2.488227 -0.591773  0.557365  0.467044 1.53892E-08
 ge  32   2.959215 -0.620785  0.528354  0.438033 4.74248E-08
 as  33   1.552515 -0.747485  0.401654  0.311332 1.91752E-09
 se  34   2.855701 -0.484298  0.664840  0.574519 4.06184E-08
 br  35   1.882705 -0.657295  0.491843  0.401522 4.37409E-09
 kr  36   3.104350 -0.145650  1.003489  0.913167 7.64185E-08
 rb  37   2.333688 -0.026312  1.122826  1.032505 1.32162E-08
 sr  38   2.762514 -0.117486  1.031652  0.941331 3.63690E-08
  y  39   2.079844 -0.090156  1.058983  0.968662 7.66284E-09
 zr  40   2.400587 -0.129413  1.019726  0.929404 1.64555E-08
 nb  41   1.186046 -0.223954  0.925184  0.834863 1.02259E-09
 mo  42   1.611330 -0.328670  0.820468  0.730147 2.81154E-09
 tc  43  -0.089041 -9.000000  0.000000  0.000000 5.72532E-11
 ru  44   1.277834 -0.482166  0.666972  0.576651 1.37427E-09
 rh  45   0.313100 -0.746900  0.402238  0.311917 1.51759E-10
 pd  46   1.250826 -0.399174  0.749964  0.659643 1.35976E-09
 ag  47   0.388357 -0.811643  0.337496  0.247175 1.89175E-10
 cd  48   1.369267 -0.340733  0.808406  0.718085 1.88665E-09
 in  49   0.259731 -0.500269  0.648870  0.558549 1.49746E-10
 sn  50   1.785420 -0.284580  0.864559  0.774238 5.19424E-09
 sb  51   0.300493 -0.709507  0.439632  0.349311 1.74426E-10
 te  52   1.372313 -0.807688  0.341451  0.251130 2.15664E-09
  i  53   0.570047 -0.979953  0.169186  0.078865 3.38171E-10
 xe  54   1.572337 -0.667663  0.481476  0.391155 3.51717E-09
 cs  55   0.558537 -0.521464  0.627675  0.537354 3.44899E-10
 ba  56   2.201931  0.021931  1.171069  1.080748 1.56784E-08
 la  57   1.176991  0.006991  1.156129  1.065808 1.49736E-09
 ce  58   1.653737  0.073737  1.222875  1.132554 4.52730E-09
 pr  59   0.603821 -0.156179  0.992959  0.902638 4.05855E-10
 nd  60   1.379625 -0.070375  1.078764  0.988443 2.47928E-09
 pm  61   0.000000 -9.000000  0.000000  0.000000 0.00000E+00
 sm  62   0.629528 -0.310472  0.838666  0.748345 4.59489E-10
 eu  63  -0.288191 -0.798191  0.350948  0.260627 5.61260E-11
 gd  64   0.514256 -0.535744  0.613394  0.523073 3.68520E-10
 tb  65  -0.423190 -0.743190  0.405948  0.315627 4.30147E-11
 dy  66   0.635330 -0.494670  0.654469  0.564148 5.03266E-10
 ho  67  -0.289979 -0.759979  0.389159  0.298838 6.06646E-11
 er  68   0.451631 -0.468369  0.680769  0.590448 3.39339E-10
 tm  69  -0.456248 -0.576248  0.572890  0.482569 4.23724E-11
 yb  70   0.763176 -0.156824  0.992314  0.901993 7.19344E-10
 lu  71  -0.157713 -0.247713  0.901425  0.811104 8.72685E-11
 hf  72   0.735379  0.025379  1.174518  1.084197 6.95998E-10
 ta  73  -0.230942 -0.110942  1.038197  0.947876 7.62476E-11
  w  74   0.683532  0.033532  1.182670  1.092349 6.36189E-10
 re  75  -0.222846 -0.482846  0.666292  0.575971 7.99401E-11
 os  76   0.803169 -0.546831  0.602308  0.511987 8.67087E-10
 ir  77   0.314857 -1.005143  0.143996  0.053675 2.84619E-10
 pt  78   0.830546 -0.789454  0.359685  0.269364 9.47041E-10
 au  79   0.028949 -0.771051  0.378087  0.287766 1.50993E-10
 hg  80   1.127034 -0.042966  1.106173  1.015852 1.92734E-09
 tl  81   0.845706  0.075706  1.224844  1.134523 1.02746E-09
 pb  82   2.428518  0.388518  1.537657  1.447336 3.98587E-08
 bi  83   0.546371 -0.103629  1.045510  0.955189 5.27341E-10
 po  84   1.102156 -9.000000  0.000000  0.000000 1.89634E-09
#[ls/Fe]_Thiswork =   1.0368, [hs/Fe]_Thiswork =   1.1834
#[hs/ls]_Thiswork =   0.1466, [Pb/hs]_Thiswork =   0.3543
# Elemental abundance ratios: 
# He/H =  9.7223E-02, C/O =  7.2144E+00, N/O = 3.03193E-01
#
#  TP   Mass     Mcore    Menv    log L
#  9 1.437921 0.605040 0.832881 3.835456
# El  Z   log e(X)   [X/H]    [X/Fe]     [X/O]      X(i)
  p   1  12.000000  0.000000  0.000000  0.000000 7.19060E-01
 he   2  10.993824  0.063824  1.212962  1.122641 2.81523E-01
  c   6   8.688337  0.218337  1.367476  1.277154 4.18043E-03
  n   7   7.161117 -0.708883  0.440256  0.349935 1.44799E-04
  o   8   7.713696 -1.016303  0.132835  0.000000 5.90329E-04
  f   9   4.495070  0.035070  1.184209  1.051373 4.23724E-07
 ne  10   7.215302 -0.754698  0.394440  0.261605 2.36335E-04
 na  11   5.371188 -0.938812  0.210327  0.077491 3.85507E-06
 mg  12   6.500885 -1.139115  0.010024 -0.122812 5.49396E-05
 al  13   5.343733 -1.126266  0.022872 -0.109963 4.24729E-06
 si  14   6.406217 -1.143783  0.005355 -0.127480 5.10519E-05
  p  15   4.415867 -1.054132  0.095006 -0.037829 5.75664E-07
  s  16   6.013954 -1.146046  0.003093 -0.129743 2.36206E-05
 cl  17   4.097219 -1.132782  0.016357 -0.116478 3.16356E-07
 ar  18   5.293212 -1.146788  0.002350 -0.130485 5.59773E-06
  k  19   3.942231 -1.137769  0.011370 -0.121466 2.44169E-07
 ca  20   5.142194 -1.147806  0.001333 -0.131503 3.96648E-06
 sc  21   1.969093 -1.080907  0.068232 -0.064604 2.98666E-09
 ti  22   3.774396 -1.135604  0.013535 -0.119301 2.03113E-07
  v  23   2.811795 -1.148205  0.000934 -0.131902 2.35601E-08
 cr  24   4.473817 -1.166183 -0.017045 -0.149880 1.10431E-06
 mn  25   4.333935 -1.146065  0.003074 -0.129762 8.45499E-07
 fe  26   6.392531 -1.147469  0.000000 -0.131166 9.83604E-05
 co  27   3.801108 -1.068892  0.078577 -0.052588 2.65933E-07
 ni  28   5.071584 -1.128416  0.019053 -0.112113 4.93714E-06
 cu  29   3.444309 -0.805691  0.341778  0.210612 1.26096E-07
 zn  30   3.681087 -0.948913  0.198556  0.067390 2.23887E-07
 ga  31   2.574064 -0.505936  0.641533  0.510367 1.86528E-08
 ge  32   3.047976 -0.532023  0.615445  0.484280 5.78704E-08
 as  33   1.628643 -0.671357  0.476112  0.344946 2.27278E-09
 se  34   2.952769 -0.387231  0.760238  0.629072 5.05221E-08
 br  35   1.984207 -0.555793  0.591676  0.460510 5.49643E-09
 kr  36   3.211882 -0.038118  1.109350  0.978185 9.73688E-08
 rb  37   2.424065  0.064065  1.211533  1.080368 1.61873E-08
 sr  38   2.908247  0.028247  1.175715  1.044550 5.06006E-08
  y  39   2.225886  0.055886  1.203355  1.072189 1.06690E-08
 zr  40   2.542723  0.012723  1.160191  1.029026 2.27058E-08
 nb  41   1.328266 -0.081734  1.065735  0.934569 1.41129E-09
 mo  42   1.743166 -0.196834  0.950634  0.819469 3.78853E-09
 tc  43   0.005839 -9.000000  0.000000  0.000000 7.08550E-11
 ru  44   1.420567 -0.339433  0.808035  0.676870 1.89886E-09
 rh  45   0.424198 -0.635802  0.511667  0.380501 1.94959E-10
 pd  46   1.405654 -0.244346  0.903123  0.771957 1.93189E-09
 ag  47   0.495815 -0.704185  0.443284  0.312118 2.40997E-10
 cd  48   1.525528 -0.184472  0.962996  0.831831 2.68931E-09
 in  49   0.402215 -0.357785  0.789684  0.658518 2.06790E-10
 sn  50   1.938557 -0.131443  1.016025  0.884860 7.35103E-09
 sb  51   0.439293 -0.570707  0.576761  0.445596 2.38837E-10
 te  52   1.520726 -0.659274  0.488195  0.357029 3.01913E-09
  i  53   0.633924 -0.916076  0.231392  0.100227 3.89676E-10
 xe  54   1.691348 -0.548652  0.598817  0.467651 4.60145E-09
 cs  55   0.681932 -0.398068  0.749401  0.618235 4.55805E-10
 ba  56   2.374498  0.194498  1.341967  1.210801 2.32038E-08
 la  57   1.358673  0.188673  1.336142  1.204976 2.26308E-09
 ce  58   1.838914  0.258914  1.406382  1.275217 6.89773E-09
 pr  59   0.786343  0.026343  1.173811  1.042646 6.14587E-10
 nd  60   1.579515  0.129515  1.276984  1.145818 3.90756E-09
 pm  61   0.000000 -9.000000  0.000000  0.000000 0.00000E+00
 sm  62   0.819500 -0.120500  1.026968  0.895803 7.07844E-10
 eu  63  -0.161405 -0.671405  0.476064  0.344898 7.47551E-11
 gd  64   0.676744 -0.373255  0.774213  0.643048 5.32893E-10
 tb  65  -0.286623 -0.606623  0.540846  0.409680 5.85968E-11
 dy  66   0.804981 -0.325019  0.822450  0.691284 7.39843E-10
 ho  67  -0.153977 -0.623977  0.523491  0.392326 8.25330E-11
 er  68   0.624024 -0.295976  0.851493  0.720327 5.02017E-10
 tm  69  -0.293226 -0.413226  0.734242  0.603077 6.13473E-11
 yb  70   0.951136  0.031136  1.178604  1.047439 1.10303E-09
 lu  71   0.022963 -0.067037  1.080431  0.949266 1.31590E-10
 hf  72   0.926339  0.216339  1.363808  1.232642 1.07463E-09
 ta  73  -0.034534  0.085466  1.232934  1.101769 1.19213E-10
  w  74   0.876887  0.226887  1.374356  1.243190 9.87716E-10
 re  75  -0.056003 -0.316003  0.831466  0.700300 1.16761E-10
 os  76   0.964182 -0.385818  0.761650  0.630485 1.24958E-09
 ir  77   0.386492 -0.933508  0.213960  0.082795 3.33878E-10
 pt  78   0.970229 -0.649771  0.497698  0.366532 1.29940E-09
 au  79   0.169052 -0.630948  0.516521  0.385355 2.07372E-10
 hg  80   1.339458  0.169459  1.316927  1.185762 3.12660E-09
 tl  81   1.040948  0.270948  1.418417  1.287251 1.60213E-09
 pb  82   2.743245  0.703245  1.850714  1.719548 8.18351E-08
 bi  83   0.853350  0.203350  1.350818  1.219653 1.06355E-09
 po  84   1.528841 -9.000000  0.000000  0.000000 5.03839E-09
#[ls/Fe]_Thiswork =   1.1798, [hs/Fe]_Thiswork =   1.3615
#[hs/ls]_Thiswork =   0.1817, [Pb/hs]_Thiswork =   0.4892
# Elemental abundance ratios: 
# He/H =  9.8588E-02, C/O =  9.4328E+00, N/O = 2.80169E-01
#
#  TP   Mass     Mcore    Menv    log L
# 10 1.436372 0.609800 0.826572 3.863644
# El  Z   log e(X)   [X/H]    [X/Fe]     [X/O]      X(i)
  p   1  12.000000  0.000000  0.000000  0.000000 7.14828E-01
 he   2  11.000562  0.070561  1.218030  1.086864 2.84242E-01
  c   6   8.810922  0.340921  1.488390  1.357224 5.51115E-03
  n   7   7.171747 -0.698253  0.449216  0.318050 1.47514E-04
  o   8   7.754370 -0.975629  0.171839  0.000000 6.44472E-04
  f   9   4.667628  0.207628  1.355097  1.183258 6.26725E-07
 ne  10   7.351858 -0.618142  0.529327  0.357488 3.21751E-04
 na  11   5.435112 -0.874887  0.272581  0.100742 4.44010E-06
 mg  12   6.507989 -1.132011  0.015458 -0.156382 5.55170E-05
 al  13   5.351245 -1.118754  0.028714 -0.143125 4.29596E-06
 si  14   6.409028 -1.140973  0.006496 -0.165343 5.10809E-05
  p  15   4.435255 -1.034745  0.112723 -0.059116 5.98402E-07
  s  16   6.016291 -1.143709  0.003759 -0.168080 2.36082E-05
 cl  17   4.104475 -1.125525  0.021944 -0.149895 3.19794E-07
 ar  18   5.295280 -1.144721  0.002748 -0.169091 5.59134E-06
  k  19   3.946637 -1.133363  0.014106 -0.157733 2.45207E-07
 ca  20   5.144108 -1.145892  0.001577 -0.170262 3.96055E-06
 sc  21   1.982955 -1.067045  0.080424 -0.091416 3.06537E-09
 ti  22   3.779290 -1.130710  0.016759 -0.155080 2.04206E-07
  v  23   2.813525 -1.146475  0.000994 -0.170846 2.35148E-08
 cr  24   4.476053 -1.163947 -0.016478 -0.188317 1.10348E-06
 mn  25   4.337359 -1.142641  0.004827 -0.167012 8.47175E-07
 fe  26   6.394564 -1.145436  0.000000 -0.169806 9.82403E-05
 co  27   3.821238 -1.048762  0.096673 -0.073133 2.76909E-07
 ni  28   5.076692 -1.123308  0.022128 -0.147678 4.96615E-06
 cu  29   3.478952 -0.771048  0.374388  0.204582 1.35763E-07
 zn  30   3.711001 -0.918999  0.226437  0.056631 2.38440E-07
 ga  31   2.629365 -0.450635  0.694801  0.524994 2.10612E-08
 ge  32   3.104725 -0.475275  0.670161  0.500354 6.55604E-08
 as  33   1.678472 -0.621528  0.523907  0.354101 2.53409E-09
 se  34   3.012789 -0.327211  0.818225  0.648418 5.76683E-08
 br  35   2.054852 -0.485148  0.660287  0.490481 6.42927E-09
 kr  36   3.276291  0.026291  1.171727  1.001920 1.12270E-07
 rb  37   2.475916  0.115916  1.261352  1.091545 1.81326E-08
 sr  38   2.998857  0.118856  1.264292  1.094486 6.19728E-08
  y  39   2.314337  0.144337  1.289773  1.119966 1.30020E-08
 zr  40   2.627003  0.097003  1.242439  1.072632 2.74065E-08
 nb  41   1.413192  0.003192  1.148628  0.978821 1.70599E-09
 mo  42   1.822208 -0.117792  1.027644  0.857838 4.51804E-09
 tc  43   0.031088 -9.000000  0.000000  0.000000 7.46543E-11
 ru  44   1.507679 -0.252321  0.893115  0.723308 2.30697E-09
 rh  45   0.493889 -0.566111  0.579325  0.409518 2.27547E-10
 pd  46   1.494892 -0.155108  0.990328  0.820521 2.35861E-09
 ag  47   0.563833 -0.636167  0.509269  0.339463 2.80199E-10
 cd  48   1.616953 -0.093047  1.052389  0.882582 3.29992E-09
 in  49   0.488364 -0.271636  0.873800  0.703994 2.50678E-10
 sn  50   2.029305 -0.040695  1.104740  0.934934 9.00603E-09
 sb  51   0.522933 -0.487067  0.658369  0.488562 2.87858E-10
 te  52   1.608157 -0.571843  0.573593  0.403786 3.67070E-09
  i  53   0.677348 -0.872652  0.272784  0.102978 4.28119E-10
 xe  54   1.764143 -0.475857  0.669579  0.499772 5.40911E-09
 cs  55   0.749565 -0.330435  0.815001  0.645194 5.29477E-10
 ba  56   2.479732  0.299731  1.445167  1.275361 2.93920E-08
 la  57   1.470395  0.300395  1.445831  1.276024 2.90976E-09
 ce  58   1.957837  0.377837  1.523273  1.353466 9.01709E-09
 pr  59   0.905048  0.145048  1.290484  1.120678 8.03017E-10
 nd  60   1.709951  0.259951  1.405387  1.235581 5.24540E-09
 pm  61   0.000000 -9.000000  0.000000  0.000000 0.00000E+00
 sm  62   0.948409  0.008409  1.153845  0.984038 9.46853E-10
 eu  63  -0.064267 -0.574267  0.571169  0.401362 9.29426E-11
 gd  64   0.794415 -0.255585  0.889850  0.720044 6.94619E-10
 tb  65  -0.183372 -0.503372  0.642063  0.472257 7.38857E-11
 dy  66   0.924062 -0.205938  0.939498  0.769691 9.67511E-10
 ho  67  -0.053158 -0.523158  0.622278  0.452471 1.03486E-10
 er  68   0.742734 -0.177266  0.968170  0.798363 6.55941E-10
 tm  69  -0.178115 -0.298115  0.847321  0.677514 7.94957E-11
 yb  70   1.076391  0.156391  1.301827  1.132020 1.46312E-09
 lu  71   0.146539  0.056539  1.201975  1.032168 1.73875E-10
 hf  72   1.055948  0.345948  1.491384  1.321578 1.43980E-09
 ta  73   0.102979  0.222979  1.368415  1.198608 1.62657E-10
  w  74   1.008001  0.358001  1.503437  1.333631 1.32795E-09
 re  75   0.062156 -0.197844  0.947592  0.777785 1.52368E-10
 os  76   1.079346 -0.270654  0.874781  0.704975 1.61944E-09
 ir  77   0.447806 -0.872194  0.273242  0.103436 3.82243E-10
 pt  78   1.076509 -0.543491  0.601945  0.432139 1.64991E-09
 au  79   0.277850 -0.522150  0.623286  0.453479 2.64841E-10
 hg  80   1.487919  0.317919  1.463355  1.293548 4.37491E-09
 tl  81   1.163144  0.393144  1.538580  1.368773 2.11023E-09
 pb  82   2.982973  0.942973  2.088409  1.918602 1.41288E-07
 bi  83   1.079436  0.429436  1.574872  1.405066 1.77944E-09
 po  84   1.787167 -9.000000  0.000000  0.000000 9.07933E-09
#[ls/Fe]_Thiswork =   1.2655, [hs/Fe]_Thiswork =   1.4714
#[hs/ls]_Thiswork =   0.2059, [Pb/hs]_Thiswork =   0.6170
# Elemental abundance ratios: 
# He/H =  1.0013E-01, C/O =  1.1391E+01, N/O = 2.61443E-01
#
#  TP   Mass     Mcore    Menv    log L
# 11 1.430611 0.614463 0.816147 3.887654
# El  Z   log e(X)   [X/H]    [X/Fe]     [X/O]      X(i)
  p   1  12.000000  0.000000  0.000000  0.000000 7.10678E-01
 he   2  11.007178  0.077178  1.222614  1.052807 2.86931E-01
  c   6   8.903856  0.433856  1.579292  1.409485 6.78653E-03
  n   7   7.182557 -0.687443  0.457993  0.288186 1.50354E-04
  o   8   7.789402 -0.940598  0.204838  0.000000 6.94555E-04
  f   9   4.794743  0.334743  1.480178  1.275341 8.34955E-07
 ne  10   7.464572 -0.505428  0.640008  0.435170 4.14673E-04
 na  11   5.499931 -0.810069  0.335367  0.130529 5.12487E-06
 mg  12   6.516517 -1.123483  0.021953 -0.182885 5.62893E-05
 al  13   5.358651 -1.111349  0.034087 -0.170751 4.34448E-06
 si  14   6.411769 -1.138231  0.007205 -0.197633 5.11059E-05
  p  15   4.450143 -1.019856  0.125579 -0.079258 6.15677E-07
  s  16   6.018650 -1.141350  0.004086 -0.200752 2.35990E-05
 cl  17   4.111407 -1.118593  0.026843 -0.177995 3.23052E-07
 ar  18   5.297395 -1.142605  0.002831 -0.202007 5.58602E-06
  k  19   3.950724 -1.129276  0.016160 -0.188678 2.46088E-07
 ca  20   5.146124 -1.143876  0.001560 -0.203278 3.95588E-06
 sc  21   1.994622 -1.055378  0.090058 -0.114780 3.13056E-09
 ti  22   3.783724 -1.126276  0.019160 -0.185678 2.05103E-07
  v  23   2.815230 -1.144770  0.000666 -0.204172 2.34703E-08
 cr  24   4.478361 -1.161639 -0.016203 -0.221041 1.10292E-06
 mn  25   4.341305 -1.138695  0.006741 -0.198097 8.49944E-07
 fe  26   6.396698 -1.143301  0.000000 -0.202703 9.81512E-05
 co  27   3.838134 -1.031866  0.111435 -0.091268 2.86223E-07
 ni  28   5.080743 -1.119256  0.024045 -0.178658 4.98359E-06
 cu  29   3.499551 -0.750449  0.392852  0.190149 1.41531E-07
 zn  30   3.730073 -0.899927  0.243374  0.040671 2.47698E-07
 ga  31   2.661396 -0.418604  0.724698  0.521994 2.25416E-08
 ge  32   3.137668 -0.442332  0.700969  0.498266 7.03163E-08
 as  33   1.708009 -0.591991  0.551310  0.348607 2.69669E-09
 se  34   3.046953 -0.293047  0.850255  0.647551 6.20259E-08
 br  35   2.102196 -0.437804  0.705497  0.502794 7.12816E-09
 kr  36   3.312734  0.062734  1.206035  1.003332 1.21389E-07
 rb  37   2.504113  0.144113  1.287415  1.084711 1.92367E-08
 sr  38   3.060160  0.180160  1.323461  1.120758 7.09538E-08
  y  39   2.376797  0.206797  1.350098  1.147395 1.49259E-08
 zr  40   2.691698  0.161698  1.305000  1.102296 3.16242E-08
 nb  41   1.478455  0.068455  1.211756  1.009053 1.97111E-09
 mo  42   1.887167 -0.052833  1.090468  0.887765 5.21650E-09
 tc  43   0.055369 -9.000000  0.000000  0.000000 7.84889E-11
 ru  44   1.578675 -0.181325  0.961977  0.759273 2.70091E-09
 rh  45   0.553401 -0.506599  0.636703  0.433999 2.59450E-10
 pd  46   1.569712 -0.080288  1.063013  0.860310 2.78578E-09
 ag  47   0.623894 -0.576106  0.567195  0.364492 3.19889E-10
 cd  48   1.694587 -0.015413  1.127888  0.925185 3.92291E-09
 in  49   0.562662 -0.197338  0.945964  0.743260 2.95723E-10
 sn  50   2.108539  0.038539  1.181840  0.979137 1.07458E-08
 sb  51   0.597651 -0.412349  0.730952  0.528249 3.39913E-10
 te  52   1.687769 -0.492231  0.651070  0.448367 4.38361E-09
  i  53   0.721235 -0.828765  0.314537  0.111833 4.70893E-10
 xe  54   1.833624 -0.406376  0.736925  0.534222 6.31070E-09
 cs  55   0.809540 -0.270460  0.872841  0.670138 6.04357E-10
 ba  56   2.574153  0.394153  1.537454  1.334751 3.63180E-08
 la  57   1.568583  0.398584  1.541885  1.339182 3.62675E-09
 ce  58   2.060922  0.480922  1.624223  1.421520 1.13664E-08
 pr  59   1.007927  0.247927  1.391228  1.188525 1.01175E-09
 nd  60   1.818383  0.368383  1.511685  1.308981 6.69394E-09
 pm  61   0.000000 -9.000000  0.000000  0.000000 0.00000E+00
 sm  62   1.055610  0.115610  1.258911  1.056208 1.20491E-09
 eu  63   0.021892 -0.488108  0.655193  0.452490 1.12679E-10
 gd  64   0.893708 -0.156292  0.987010  0.784306 8.67984E-10
 tb  65  -0.094158 -0.414158  0.729143  0.526440 9.02083E-11
 dy  66   1.024773 -0.105227  1.038074  0.835371 1.21294E-09
 ho  67   0.035720 -0.434280  0.709021  0.506318 1.26250E-10
 er  68   0.842689 -0.077311  1.065990  0.863287 8.20900E-10
 tm  69  -0.080081 -0.200081  0.943220  0.740517 9.90486E-11
 yb  70   1.179264  0.259264  1.402565  1.199862 1.84341E-09
 lu  71   0.248325  0.158325  1.301627  1.098923 2.18522E-10
 hf  72   1.159508  0.449508  1.592809  1.390106 1.81692E-09
 ta  73   0.212564  0.332564  1.475865  1.273162 2.08127E-10
  w  74   1.112050  0.462050  1.605352  1.402648 1.67765E-09
 re  75   0.157815 -0.102185  1.041116  0.838413 1.88809E-10
 os  76   1.171137 -0.178863  0.964438  0.761735 1.98897E-09
 ir  77   0.501956 -0.818044  0.325257  0.122554 4.30487E-10
 pt  78   1.163554 -0.456446  0.686856  0.484152 2.00436E-09
 au  79   0.367389 -0.432611  0.710690  0.507987 3.23590E-10
 hg  80   1.598714  0.428714  1.572015  1.369312 5.61353E-09
 tl  81   1.246021  0.476021  1.619323  1.416619 2.53909E-09
 pb  82   3.129583  1.089583  2.232885  2.030181 1.96873E-07
 bi  83   1.223739  0.573739  1.717040  1.514337 2.46636E-09
 po  84   1.981753 -9.000000  0.000000  0.000000 1.41290E-08
#[ls/Fe]_Thiswork =   1.3262, [hs/Fe]_Thiswork =   1.5679
#[hs/ls]_Thiswork =   0.2417, [Pb/hs]_Thiswork =   0.6650
# Elemental abundance ratios: 
# He/H =  1.0167E-01, C/O =  1.3015E+01, N/O = 2.47261E-01
#
#  TP   Mass     Mcore    Menv    log L
# 12 1.413129 0.619081 0.794048 3.908679
# El  Z   log e(X)   [X/H]    [X/Fe]     [X/O]      X(i)
  p   1  12.000000  0.000000  0.000000  0.000000 7.06764E-01
 he   2  11.013435  0.083435  1.226737  1.024033 2.89491E-01
  c   6   8.975342  0.505342  1.648643  1.445940 7.95674E-03
  n   7   7.194229 -0.675771  0.467531  0.264827 1.53599E-04
  o   8   7.818501 -0.911499  0.231802  0.000000 7.38597E-04
  f   9   4.891872  0.431872  1.575173  1.343371 1.03847E-06
 ne  10   7.558424 -0.411576  0.731725  0.499923 5.11869E-04
 na  11   5.569210 -0.740790  0.402512  0.170709 5.97810E-06
 mg  12   6.525720 -1.114280  0.029021 -0.202781 5.71781E-05
 al  13   5.365608 -1.104392  0.038910 -0.192893 4.39032E-06
 si  14   6.414338 -1.135663  0.007639 -0.224164 5.11260E-05
  p  15   4.461524 -1.008476  0.134825 -0.096977 6.28543E-07
  s  16   6.020916 -1.139084  0.004217 -0.227585 2.35918E-05
 cl  17   4.117796 -1.112204  0.031098 -0.200705 3.26034E-07
 ar  18   5.299447 -1.140553  0.002748 -0.229054 5.58157E-06
  k  19   3.954434 -1.125566  0.017736 -0.214067 2.46833E-07
 ca  20   5.148111 -1.141889  0.001412 -0.230390 3.95213E-06
 sc  21   2.004496 -1.045504  0.097797 -0.134005 3.18491E-09
 ti  22   3.787658 -1.122342  0.020959 -0.210843 2.05830E-07
  v  23   2.816819 -1.143181  0.000121 -0.231682 2.34266E-08
 cr  24   4.480617 -1.159383 -0.016081 -0.247884 1.10256E-06
 mn  25   4.345375 -1.134625  0.008676 -0.223126 8.53221E-07
 fe  26   6.398803 -1.141197  0.000000 -0.229698 9.80847E-05
 co  27   3.852440 -1.017560  0.123637 -0.106061 2.94180E-07
 ni  28   5.083984 -1.116015  0.025181 -0.204516 4.99327E-06
 cu  29   3.512421 -0.737579  0.403617  0.173920 1.44985E-07
 zn  30   3.742351 -0.887650  0.253547  0.023849 2.53397E-07
 ga  31   2.681330 -0.398670  0.742527  0.512829 2.34703E-08
 ge  32   3.158548 -0.421452  0.719745  0.490047 7.33734E-08
 as  33   1.727192 -0.572808  0.568389  0.338691 2.80295E-09
 se  34   3.069118 -0.270881  0.870315  0.640618 6.49142E-08
 br  35   2.136215 -0.403785  0.737412  0.507714 7.66651E-09
 kr  36   3.334888  0.084888  1.226084  0.996387 1.27039E-07
 rb  37   2.520944  0.160944  1.302140  1.072443 1.98866E-08
 sr  38   3.104443  0.224442  1.365639  1.135942 7.81376E-08
  y  39   2.422030  0.252030  1.393227  1.163529 1.64731E-08
 zr  40   2.737334  0.207334  1.348531  1.118833 3.49347E-08
 nb  41   1.524393  0.114393  1.255590  1.025892 2.17897E-09
 mo  42   1.931833 -0.008167  1.133030  0.903332 5.74972E-09
 tc  43   0.051342 -9.000000  0.000000  0.000000 7.73361E-11
 ru  44   1.626451 -0.133549  1.007647  0.777950 2.99838E-09
 rh  45   0.593662 -0.466338  0.674859  0.445161 2.83085E-10
 pd  46   1.618912 -0.031088  1.110108  0.880411 3.10277E-09
 ag  47   0.665213 -0.534787  0.606409  0.376712 3.49880E-10
 cd  48   1.745501  0.035501  1.176697  0.947000 4.38655E-09
 in  49   0.611533 -0.148467  0.992730  0.763032 3.29122E-10
 sn  50   2.159043  0.089043  1.230240  1.000542 1.20045E-08
 sb  51   0.644791 -0.365209  0.775987  0.546290 3.76799E-10
 te  52   1.736580 -0.443420  0.697777  0.468079 4.87803E-09
  i  53   0.749804 -0.800195  0.341001  0.111304 5.00143E-10
 xe  54   1.876029 -0.363971  0.777226  0.547528 6.91966E-09
 cs  55   0.845598 -0.234402  0.906795  0.677097 6.53060E-10
 ba  56   2.625434  0.445434  1.586631  1.356933 4.06447E-08
 la  57   1.620650  0.450650  1.591847  1.362149 4.06617E-09
 ce  58   2.114520  0.534520  1.675717  1.446019 1.27886E-08
 pr  59   1.062416  0.302416  1.443613  1.213915 1.14068E-09
 nd  60   1.874896  0.424896  1.566093  1.336395 7.58222E-09
 pm  61   0.000000 -9.000000  0.000000  0.000000 0.00000E+00
 sm  62   1.110576  0.170576  1.311772  1.082075 1.35995E-09
 eu  63   0.067991 -0.442009  0.699188  0.469490 1.24608E-10
 gd  64   0.946260 -0.103740  1.037457  0.807760 9.74237E-10
 tb  65  -0.045782 -0.365782  0.775415  0.545717 1.00282E-10
 dy  66   1.077869 -0.052131  1.089066  0.859368 1.36313E-09
 ho  67   0.083056 -0.386944  0.754253  0.524555 1.40014E-10
 er  68   0.895034 -0.024966  1.116230  0.886533 9.20953E-10
 tm  69  -0.028744 -0.148744  0.992453  0.762755 1.10863E-10
 yb  70   1.232881  0.312881  1.454077  1.224380 2.07415E-09
 lu  71   0.301462  0.211462  1.352659  1.122961 2.45602E-10
 hf  72   1.213885  0.503885  1.645082  1.415384 2.04792E-09
 ta  73   0.270247  0.390247  1.531443  1.301746 2.36382E-10
  w  74   1.167240  0.517240  1.658437  1.428739 1.89450E-09
 re  75   0.210196 -0.049804  1.091392  0.861695 2.11839E-10
 os  76   1.220954 -0.129046  1.012151  0.782453 2.21844E-09
 ir  77   0.533504 -0.786497  0.354700  0.125003 4.60372E-10
 pt  78   1.210426 -0.409574  0.731623  0.501925 2.22049E-09
 au  79   0.415303 -0.384697  0.756500  0.526802 3.59344E-10
 hg  80   1.657642  0.487642  1.628839  1.399141 6.39390E-09
 tl  81   1.293270  0.523270  1.664467  1.434769 2.81533E-09
 pb  82   3.246363  1.206363  2.347559  2.117862 2.56193E-07
 bi  83   1.341074  0.691074  1.832271  1.602573 3.21361E-09
 po  84   2.106861 -9.000000  0.000000  0.000000 1.87422E-08
#[ls/Fe]_Thiswork =   1.3691, [hs/Fe]_Thiswork =   1.6181
#[hs/ls]_Thiswork =   0.2489, [Pb/hs]_Thiswork =   0.7295
# Elemental abundance ratios: 
# He/H =  1.0314E-01, C/O =  1.4350E+01, N/O = 2.37536E-01
#
#  TP   Mass     Mcore    Menv    log L
# 13 1.203563 0.623689 0.579874 3.925775
# El  Z   log e(X)   [X/H]    [X/Fe]     [X/O]      X(i)
  p   1  12.000000  0.000000  0.000000  0.000000 7.02864E-01
 he   2  11.019654  0.089654  1.230851  1.001153 2.92046E-01
  c   6   9.036118  0.566117  1.707314  1.477616 9.10139E-03
  n   7   7.207183 -0.662817  0.478380  0.248682 1.57376E-04
  o   8   7.844587 -0.885412  0.255785  0.000000 7.79994E-04
  f   9   4.976835  0.516835  1.658032  1.402247 1.25590E-06
 ne  10   7.647957 -0.322042  0.819154  0.563370 6.25590E-04
 na  11   5.654807 -0.655193  0.486003  0.230219 7.24030E-06
 mg  12   6.536199 -1.103801  0.037396 -0.218389 5.82513E-05
 al  13   5.372515 -1.097485  0.043712 -0.212072 4.43609E-06
 si  14   6.416896 -1.133104  0.008093 -0.247692 5.11443E-05
  p  15   4.471484 -0.998516  0.142681 -0.113103 6.39577E-07
  s  16   6.023201 -1.136799  0.004397 -0.251387 2.35854E-05
 cl  17   4.123946 -1.106054  0.035142 -0.220642 3.28859E-07
 ar  18   5.301530 -1.138470  0.002727 -0.253058 5.57745E-06
  k  19   3.958024 -1.121976  0.019221 -0.236564 2.47508E-07
 ca  20   5.150145 -1.139855  0.001341 -0.254443 3.94877E-06
 sc  21   2.013745 -1.036255  0.104942 -0.150842 3.23552E-09
 ti  22   3.791493 -1.118506  0.022690 -0.233094 2.06510E-07
  v  23   2.818420 -1.141580 -0.000383 -0.256167 2.33834E-08
 cr  24   4.482914 -1.157085 -0.015889 -0.271673 1.10229E-06
 mn  25   4.349611 -1.130389  0.010808 -0.244977 8.56830E-07
 fe  26   6.400957 -1.139043  0.000000 -0.253631 9.80285E-05
 co  27   3.865655 -1.004345  0.134698 -0.118933 3.01596E-07
 ni  28   5.086864 -1.113135  0.025908 -0.227723 4.99875E-06
 cu  29   3.521712 -0.728288  0.410755  0.157125 1.47303E-07
 zn  30   3.751056 -0.878944  0.260098  0.006468 2.57101E-07
 ga  31   2.694951 -0.385049  0.753994  0.500363 2.40846E-08
 ge  32   3.172951 -0.407049  0.731994  0.478363 7.54288E-08
 as  33   1.740653 -0.559347  0.579696  0.326065 2.87523E-09
 se  34   3.084621 -0.255378  0.883664  0.630034 6.69020E-08
 br  35   2.162145 -0.377855  0.761188  0.507557 8.09327E-09
 kr  36   3.350457  0.100457  1.239500  0.985869 1.30949E-07
 rb  37   2.532885  0.172885  1.311928  1.058297 2.03282E-08
 sr  38   3.140235  0.260235  1.399278  1.145647 8.43820E-08
  y  39   2.460402  0.290401  1.429444  1.175814 1.78955E-08
 zr  40   2.779049  0.249049  1.388092  1.134461 3.82445E-08
 nb  41   1.566648  0.156649  1.295691  1.042061 2.38838E-09
 mo  42   1.975117  0.035117  1.174160  0.920529 6.31725E-09
 tc  43   0.065593 -9.000000  0.000000  0.000000 7.94749E-11
 ru  44   1.672434 -0.087566  1.051477  0.797846 3.31488E-09
 rh  45   0.633682 -0.426318  0.712725  0.459095 3.08698E-10
 pd  46   1.667384  0.017384  1.156427  0.902796 3.45000E-09
 ag  47   0.706679 -0.493321  0.645722  0.392092 3.82810E-10
 cd  48   1.796328  0.086328  1.225370  0.971740 4.90397E-09
 in  49   0.660801 -0.099199  1.039844  0.786213 3.66625E-10
 sn  50   2.210856  0.140857  1.279899  1.026269 1.34510E-08
 sb  51   0.694092 -0.315908  0.823135  0.569504 4.19766E-10
 te  52   1.788534 -0.391466  0.747577  0.493946 5.46759E-09
  i  53   0.781788 -0.768212  0.370831  0.117200 5.35395E-10
 xe  54   1.922367 -0.317633  0.821410  0.567779 7.65632E-09
 cs  55   0.885978 -0.194022  0.945021  0.691390 7.12738E-10
 ba  56   2.671610  0.491610  1.630653  1.377022 4.49549E-08
 la  57   1.664350  0.494350  1.633392  1.379762 4.47179E-09
 ce  58   2.155862  0.575862  1.714905  1.461274 1.39882E-08
 pr  59   1.104000  0.344000  1.483043  1.229412 1.24838E-09
 nd  60   1.916384  0.466384  1.605427  1.351796 8.29623E-09
 pm  61   0.000000 -9.000000  0.000000  0.000000 0.00000E+00
 sm  62   1.150031  0.210031  1.349074  1.095443 1.48107E-09
 eu  63   0.101562 -0.408438  0.730604  0.476974 1.33879E-10
 gd  64   0.983828 -0.066172  1.072870  0.819240 1.05640E-09
 tb  65  -0.010872 -0.330872  0.808171  0.554540 1.08077E-10
 dy  66   1.115929 -0.014071  1.124972  0.871341 1.47977E-09
 ho  67   0.117414 -0.352586  0.786457  0.532827 1.50704E-10
 er  68   0.932702  0.012702  1.151745  0.898114 9.98856E-10
 tm  69   0.008185 -0.111815  1.027228  0.773598 1.20037E-10
 yb  70   1.270821  0.350821  1.489863  1.236233 2.25101E-09
 lu  71   0.338795  0.248795  1.387838  1.134207 2.66172E-10
 hf  72   1.251714  0.541714  1.680757  1.427126 2.22197E-09
 ta  73   0.310100  0.430100  1.569142  1.315512 2.57670E-10
  w  74   1.205498  0.555498  1.694541  1.440910 2.05754E-09
 re  75   0.246796 -0.013204  1.125839  0.872208 2.29194E-10
 os  76   1.255456 -0.094544  1.044499  0.790868 2.38861E-09
 ir  77   0.556230 -0.763770  0.375272  0.121642 4.82427E-10
 pt  78   1.243152 -0.376848  0.762195  0.508564 2.38106E-09
 au  79   0.448677 -0.351323  0.787720  0.534089 3.85906E-10
 hg  80   1.697317  0.527317  1.666360  1.412729 6.96686E-09
 tl  81   1.325978  0.555978  1.695021  1.441391 3.01880E-09
 pb  82   3.341537  1.301537  2.440579  2.186949 3.17203E-07
 bi  83   1.439124  0.789124  1.928167  1.674536 4.00534E-09
 po  84   2.204909 -9.000000  0.000000  0.000000 2.33597E-08
#[ls/Fe]_Thiswork =   1.4056, [hs/Fe]_Thiswork =   1.6596
#[hs/ls]_Thiswork =   0.2540, [Pb/hs]_Thiswork =   0.7809
# Elemental abundance ratios: 
# He/H =  1.0463E-01, C/O =  1.5543E+01, N/O = 2.30460E-01
#
#  TP   Mass     Mcore    Menv    log L
# 14 0.641807 0.629045 0.012762 3.991027
# El  Z   log e(X)   [X/H]    [X/Fe]     [X/O]      X(i)
  p   1  12.000000  0.000000  0.000000  0.000000 6.99645E-01
 he   2  11.024858  0.094858  1.233901  0.980270 2.94213E-01
  c   6   9.078344  0.608344  1.747387  1.493756 9.98484E-03
  n   7   7.227066 -0.642934  0.496109  0.242478 1.63994E-04
  o   8   7.863446 -0.866554  0.272489  0.000000 8.10879E-04
  f   9   5.038039  0.578039  1.717082  1.444592 1.43934E-06
 ne  10   7.712348 -0.257652  0.881391  0.608902 7.22248E-04
 na  11   5.728084 -0.581916  0.557127  0.284637 8.53178E-06
 mg  12   6.545504 -1.094496  0.044547 -0.227942 5.92403E-05
 al  13   5.378304 -1.091695  0.047348 -0.225142 4.47503E-06
 si  14   6.419007 -1.130993  0.008049 -0.264440 5.11580E-05
  p  15   4.478910 -0.991089  0.147954 -0.124536 6.47627E-07
  s  16   6.025105 -1.134894  0.004148 -0.268341 2.35805E-05
 cl  17   4.128767 -1.101233  0.037810 -0.234679 3.31007E-07
 ar  18   5.303280 -1.136720  0.002323 -0.270166 5.57433E-06
  k  19   3.960942 -1.119058  0.019985 -0.252504 2.48036E-07
 ca  20   5.151860 -1.138140  0.000903 -0.271586 3.94623E-06
 sc  21   2.020928 -1.029072  0.109971 -0.162518 3.27441E-09
 ti  22   3.794630 -1.115370  0.023673 -0.248816 2.07054E-07
  v  23   2.819797 -1.140203 -0.001161 -0.273650 2.33502E-08
 cr  24   4.484839 -1.155160 -0.016118 -0.288607 1.10211E-06
 mn  25   4.353086 -1.126915  0.012128 -0.260361 8.59757E-07
 fe  26   6.402768 -1.137232  0.000000 -0.270678 9.79872E-05
 co  27   3.875975 -0.994025  0.143207 -0.127471 3.07433E-07
 ni  28   5.089125 -1.110875  0.026357 -0.244321 5.00182E-06
 cu  29   3.528057 -0.721943  0.415289  0.144611 1.48786E-07
 zn  30   3.756657 -0.873343  0.263888 -0.006790 2.59245E-07
 ga  31   2.703422 -0.376578  0.760653  0.489975 2.44464E-08
 ge  32   3.181890 -0.398109  0.739122  0.468444 7.66449E-08
 as  33   1.749067 -0.550933  0.586299  0.315621 2.91805E-09
 se  34   3.094049 -0.245951  0.891280  0.620602 6.80570E-08
 br  35   2.181287 -0.358713  0.778519  0.507841 8.41924E-09
 kr  36   3.360632  0.110632  1.247864  0.977186 1.33439E-07
 rb  37   2.540913  0.180913  1.318145  1.047467 2.06126E-08
 sr  38   3.165984  0.285984  1.423216  1.152538 8.91260E-08
  y  39   2.489256  0.319256  1.456488  1.185810 1.90373E-08
 zr  40   2.812013  0.282013  1.419245  1.148566 4.10714E-08
 nb  41   1.600114  0.190114  1.327346  1.056668 2.56788E-09
 mo  42   2.010103  0.070103  1.207335  0.936657 6.81585E-09
 tc  43   0.071159 -9.000000  0.000000  0.000000 8.01313E-11
 ru  44   1.709506 -0.050494  1.086738  0.816060 3.59373E-09
 rh  45   0.666195 -0.393805  0.743427  0.472749 3.31171E-10
 pd  46   1.706235  0.056235  1.193467  0.922789 3.75557E-09
 ag  47   0.740674 -0.459326  0.677906  0.407228 4.12082E-10
 cd  48   1.837022  0.127022  1.264254  0.993576 5.36102E-09
 in  49   0.700358 -0.059642  1.077590  0.806912 3.99747E-10
 sn  50   2.252251  0.182251  1.319483  1.048805 1.47284E-08
 sb  51   0.733642 -0.276358  0.860873  0.590195 4.57682E-10
 te  52   1.830105 -0.349895  0.787337  0.516659 5.98926E-09
  i  53   0.808479 -0.741521  0.395711  0.125033 5.66725E-10
 xe  54   1.959853 -0.280147  0.857085  0.586407 8.30830E-09
 cs  55   0.918999 -0.161001  0.976231  0.705552 7.65522E-10
 ba  56   2.706325  0.526325  1.663556  1.392878 4.84727E-08
 la  57   1.696270  0.526270  1.663502  1.392824 4.79081E-09
 ce  58   2.184613  0.604613  1.741845  1.471167 1.48771E-08
 pr  59   1.132667  0.372667  1.509898  1.239220 1.32745E-09
 nd  60   1.944128  0.494128  1.631360  1.360682 8.80301E-09
 pm  61   0.000000 -9.000000  0.000000  0.000000 0.00000E+00
 sm  62   1.176029  0.236029  1.373261  1.102583 1.56523E-09
 eu  63   0.124020 -0.385980  0.751251  0.480573 1.40339E-10
 gd  64   1.008488 -0.041512  1.095720  0.825042 1.11300E-09
 tb  65   0.012222 -0.307778  0.829454  0.558776 1.13457E-10
 dy  66   1.140758  0.010758  1.147989  0.877311 1.55965E-09
 ho  67   0.139972 -0.330028  0.807204  0.536525 1.58011E-10
 er  68   0.957312  0.037312  1.174543  0.903865 1.05225E-09
 tm  69   0.032444 -0.087556  1.049676  0.778998 1.26351E-10
 yb  70   1.295412  0.375412  1.512644  1.241966 2.37124E-09
 lu  71   0.362960  0.272960  1.410192  1.139514 2.80113E-10
 hf  72   1.275800  0.565800  1.703032  1.432353 2.33793E-09
 ta  73   0.335675  0.455675  1.592907  1.322229 2.72048E-10
  w  74   1.229621  0.579621  1.716853  1.446175 2.16510E-09
 re  75   0.270473  0.010473  1.147704  0.877026 2.40927E-10
 os  76   1.276958 -0.073042  1.064190  0.793512 2.49836E-09
 ir  77   0.570937 -0.749063  0.388169  0.117491 4.96759E-10
 pt  78   1.263505 -0.356495  0.780737  0.510059 2.48388E-09
 au  79   0.469503 -0.330497  0.806735  0.536057 4.03009E-10
 hg  80   1.721182  0.551182  1.688414  1.417736 7.32670E-09
 tl  81   1.345909  0.575909  1.713141  1.442463 3.14609E-09
 pb  82   3.404990  1.364990  2.502222  2.231544 3.65424E-07
 bi  83   1.505628  0.855628  1.992859  1.722181 4.64675E-09
 po  84   2.264724 -9.000000  0.000000  0.000000 2.66862E-08
#[ls/Fe]_Thiswork =   1.4330, [hs/Fe]_Thiswork =   1.6896
#[hs/ls]_Thiswork =   0.2567, [Pb/hs]_Thiswork =   0.8126
# Elemental abundance ratios: 
# He/H =  1.0589E-01, C/O =  1.6402E+01, N/O = 2.31004E-01
#
# Final abundances
# El  Z   log e(X)   [X/H]    [X/Fe]     [X/O]      X(i)
  p   1  12.000000  0.000000  0.000000  0.000000 7.03151E-01
 he   2  11.019142  0.089142  1.228195  0.977719 2.91820E-01
  c   6   9.032015  0.562015  1.701067  1.450592 9.01949E-03
  n   7   7.211368 -0.658632  0.480421  0.229945 1.58965E-04
  o   8   7.841423 -0.888577  0.250476  0.000000 7.74646E-04
  f   9   4.986551  0.526551  1.665604  1.415128 1.28483E-06
 ne  10   7.664007 -0.305993  0.833060  0.582584 6.49406E-04
 na  11   5.684846 -0.625154  0.513899  0.263423 7.76198E-06
 mg  12   6.538604 -1.101396  0.037657 -0.212819 5.85986E-05
 al  13   5.372114 -1.097886  0.041167 -0.209309 4.43380E-06
 si  14   6.416658 -1.133342  0.005711 -0.244765 5.11372E-05
  p  15   4.466390 -1.003610  0.135443 -0.115033 6.32376E-07
  s  16   6.023095 -1.136905  0.002148 -0.248328 2.35893E-05
 cl  17   4.123505 -1.106495  0.032557 -0.217918 3.28659E-07
 ar  18   5.301451 -1.138549  0.000504 -0.249972 5.57871E-06
  k  19   3.957651 -1.122349  0.016704 -0.233772 2.47397E-07
 ca  20   5.150127 -1.139873 -0.000820 -0.251296 3.95022E-06
 sc  21   2.010589 -1.039411  0.099642 -0.150834 3.21340E-09
 ti  22   3.790889 -1.119111  0.019942 -0.230534 2.06307E-07
  v  23   2.818248 -1.141752 -0.002699 -0.253175 2.33836E-08
 cr  24   4.482893 -1.157106 -0.018054 -0.268529 1.10269E-06
 mn  25   4.350045 -1.129955  0.009098 -0.241378 8.58037E-07
 fe  26   6.400947 -1.139053  0.000000 -0.250476 9.80662E-05
 co  27   3.863858 -1.006142  0.132911 -0.117565 3.00473E-07
 ni  28   5.085414 -1.114586  0.024467 -0.226009 4.98412E-06
 cu  29   3.505265 -0.744735  0.394318  0.143842 1.41887E-07
 zn  30   3.739205 -0.890795  0.248258 -0.002218 2.50283E-07
 ga  31   2.672907 -0.407093  0.731960  0.481484 2.29019E-08
 ge  32   3.151044 -0.428956  0.710097  0.459621 7.17477E-08
 as  33   1.721397 -0.578603  0.560450  0.309974 2.75167E-09
 se  34   3.059611 -0.280389  0.858664  0.608188 6.31839E-08
 br  35   2.160930 -0.379070  0.759983  0.509507 8.07395E-09
 kr  36   3.325679  0.075679  1.214732  0.964256 1.23737E-07
 rb  37   2.506508  0.146508  1.285561  1.035085 1.91381E-08
 sr  38   3.125505  0.245505  1.384558  1.134082 8.16011E-08
  y  39   2.447835  0.277835  1.416888  1.166412 1.73922E-08
 zr  40   2.769595  0.239595  1.378648  1.128172 3.74363E-08
 nb  41   1.557846  0.147846  1.286899  1.036423 2.34141E-09
 mo  42   1.967479  0.027479  1.166532  0.916056 6.20965E-09
 tc  43  -0.105081 -9.000000  0.000000  0.000000 5.36704E-11
 ru  44   1.669503 -0.090497  1.048556  0.798080 3.29393E-09
 rh  45   0.628799 -0.431201  0.707852  0.457376 3.05372E-10
 pd  46   1.662432  0.012432  1.151485  0.901009 3.41227E-09
 ag  47   0.706497 -0.493503  0.645550  0.395074 3.82805E-10
 cd  48   1.792768  0.082767  1.221820  0.971344 4.86592E-09
 in  49   0.657485 -0.102515  1.036538  0.786062 3.63985E-10
 sn  50   2.207530  0.137530  1.276583  1.026107 1.33538E-08
 sb  51   0.690744 -0.319256  0.819797  0.569321 4.16713E-10
 te  52   1.785830 -0.394170  0.744883  0.494407 5.43587E-09
  i  53   0.780234 -0.769766  0.369287  0.118811 5.33700E-10
 xe  54   1.919254 -0.320746  0.818307  0.567831 7.60475E-09
 cs  55   0.874698 -0.205302  0.933751  0.683275 6.94747E-10
 ba  56   2.662678  0.482678  1.621731  1.371255 4.40577E-08
 la  57   1.653264  0.483264  1.622317  1.371841 4.36087E-09
 ce  58   2.142290  0.562290  1.701343  1.450867 1.35633E-08
 pr  59   1.090785  0.330785  1.469838  1.219362 1.21146E-09
 nd  60   1.902124  0.452124  1.591177  1.340701 8.03154E-09
 pm  61   0.000000 -9.000000  0.000000  0.000000 0.00000E+00
 sm  62   1.134850  0.194850  1.333902  1.083426 1.43077E-09
 eu  63   0.088943 -0.421057  0.717996  0.467520 1.30099E-10
 gd  64   0.969394 -0.080606  1.058447  0.807971 1.02229E-09
 tb  65  -0.024056 -0.344056  0.794996  0.544521 1.04888E-10
 dy  66   1.101287 -0.028713  1.110340  0.859864 1.43129E-09
 ho  67   0.104110 -0.365890  0.773163  0.522687 1.46217E-10
 er  68   0.917734 -0.002266  1.136787  0.886311 9.65410E-10
 tm  69  -0.006221 -0.126221  1.012832  0.762356 1.16168E-10
 yb  70   1.254490  0.334490  1.473543  1.223067 2.16882E-09
 lu  71   0.322579  0.232579  1.371632  1.121156 2.56522E-10
 hf  72   1.234499  0.524499  1.663552  1.413076 2.13649E-09
 ta  73   0.294353  0.414353  1.553406  1.302930 2.48597E-10
  w  74   1.188821  0.538821  1.677874  1.427398 1.98084E-09
 re  75   0.231306 -0.028694  1.110359  0.859883 2.21254E-10
 os  76   1.238982 -0.111018  1.028035  0.777559 2.30064E-09
 ir  77   0.545994 -0.774006  0.365047  0.114571 4.71383E-10
 pt  78   1.228165 -0.391835  0.747218  0.496742 2.30123E-09
 au  79   0.434084 -0.365916  0.773137  0.522661 3.73306E-10
 hg  80   1.680039  0.510039  1.649092  1.398616 6.69788E-09
 tl  81   1.306540  0.536541  1.675593  1.425117 2.88784E-09
 pb  82   3.352033  1.312033  2.451086  2.200610 3.25095E-07
 bi  83   1.452165  0.802165  1.941218  1.690742 4.12912E-09
 po  84   2.212317 -9.000000  0.000000  0.000000 2.37712E-08
#[ls/Fe]_Thiswork =   1.3934, [hs/Fe]_Thiswork =   1.6485
#[hs/ls]_Thiswork =   0.2551, [Pb/hs]_Thiswork =   0.8026
# Elemental abundance ratios: 
# He/H =  1.0451E-01, C/O =  1.5509E+01, N/O = 2.34393E-01
