# Initial mass = 2.250, Z =  0.0028, Y =  0.250, M_mix = 1.00E-03
# Final mass = 0.664, Mass expelled =   1.5860
  species    A      yield       mass(i)_lost    mass(i)_0        <X(i)>           X0(i)   log10(<X(i)>/X0(i)) 
      n      1   0.0000000E+00  0.0000000E+00  0.0000000E+00  0.0000000E+00  0.0000000E+00  0.0000000E+00
      p      1  -8.7965488E-02  1.0969676E+00  1.1849331E+00  6.9165671E-01  7.4716753E-01 -3.3527382E-02
      d      2   7.3344947E-18  7.3344947E-18  0.0000000E+00  4.6245236E-18  0.0000000E+00  0.0000000E+00
    he3      3   2.4495384E-04  2.4495384E-04  0.0000000E+00  1.5444757E-04  0.0000000E+00  0.0000000E+00
    he4      4   6.6256464E-02  4.6271423E-01  3.9645776E-01  2.9174918E-01  2.4998912E-01  6.7088537E-02
    li7      7  -2.6014428E-09  2.8476985E-10  2.8862126E-09  1.7955223E-10  1.8199209E-09 -1.0058618E+00
    be7      7   2.8025512E-18  2.8025512E-18  0.0000000E+00  1.7670561E-18  0.0000000E+00  0.0000000E+00
     b8      8   2.7158935E-25  2.7158935E-25  0.0000000E+00  1.7124171E-25  0.0000000E+00  0.0000000E+00
    c12     12   1.8585026E-02  1.9379679E-02  7.9465355E-04  1.2219218E-02  5.0107419E-04  1.3871415E+00
    c13     13   1.3561363E-05  2.3191005E-05  9.6296426E-06  1.4622323E-05  6.0720358E-06  3.8168204E-01
    c14     14   5.3034843E-09  5.3034843E-09  0.0000000E+00  3.3439371E-09  0.0000000E+00  0.0000000E+00
    n13     13   0.0000000E+00  0.0000000E+00  0.0000000E+00  0.0000000E+00  0.0000000E+00  0.0000000E+00
    n14     14   4.2627231E-04  6.6121889E-04  2.3494658E-04  4.1690975E-04  1.4814714E-04  4.4934878E-01
    n15     15  -2.7560225E-07  3.0309923E-07  5.7870147E-07  1.9110922E-07  3.6490411E-07 -2.8089714E-01
    o14     14   0.0000000E+00  0.0000000E+00  0.0000000E+00  0.0000000E+00  0.0000000E+00  0.0000000E+00
    o15     15   0.0000000E+00  0.0000000E+00  0.0000000E+00  0.0000000E+00  0.0000000E+00  0.0000000E+00
    o16     16   3.9889803E-04  2.3177790E-03  1.9188810E-03  1.4613990E-03  1.2099633E-03  8.1996582E-02
    o17     17   1.6708287E-05  1.7482877E-05  7.7458964E-07  1.1023251E-05  4.8842276E-07  1.3535138E+00
    o18     18  -1.6405943E-06  2.6768880E-06  4.3174823E-06  1.6878234E-06  2.7224175E-06 -2.0762774E-01
    o19     19   0.0000000E+00  0.0000000E+00  0.0000000E+00  0.0000000E+00  0.0000000E+00  0.0000000E+00
    f17     17   0.0000000E+00  0.0000000E+00  0.0000000E+00  0.0000000E+00  0.0000000E+00  0.0000000E+00
    f18     18   0.0000000E+00  0.0000000E+00  0.0000000E+00  0.0000000E+00  0.0000000E+00  0.0000000E+00
    f19     19   3.5733910E-06  3.6977228E-06  1.2433169E-07  2.3314772E-06  7.8398187E-08  1.4733253E+00
    f20     20   0.0000000E+00  0.0000000E+00  0.0000000E+00  0.0000000E+00  0.0000000E+00  0.0000000E+00
   ne19     19   0.0000000E+00  0.0000000E+00  0.0000000E+00  0.0000000E+00  0.0000000E+00  0.0000000E+00
   ne20     20   2.0031963E-05  4.1365426E-04  3.9362229E-04  2.6081604E-04  2.4820119E-04  2.1530397E-02
   ne21     21   8.3250904E-07  1.8232570E-06  9.9074794E-07  1.1495945E-06  6.2472282E-07  2.6485732E-01
   ne22     22   1.9528178E-03  1.9846554E-03  3.1837651E-05  1.2513590E-03  2.0075448E-05  1.7947167E+00
   ne23     23   0.0000000E+00  0.0000000E+00  0.0000000E+00  0.0000000E+00  0.0000000E+00  0.0000000E+00
   na21     21   0.0000000E+00  0.0000000E+00  0.0000000E+00  0.0000000E+00  0.0000000E+00  0.0000000E+00
   na22     22   6.4792287E-25  6.4792287E-25  0.0000000E+00  4.0852639E-25  0.0000000E+00  0.0000000E+00
   na23     23   2.2857917E-05  3.3513465E-05  1.0655547E-05  2.1130809E-05  6.7189276E-06  4.9761620E-01
   na24     24   0.0000000E+00  0.0000000E+00  0.0000000E+00  0.0000000E+00  0.0000000E+00  0.0000000E+00
   mg23     23   0.0000000E+00  0.0000000E+00  0.0000000E+00  0.0000000E+00  0.0000000E+00  0.0000000E+00
   mg24     24   8.6453801E-06  1.9641031E-04  1.8776493E-04  1.2384004E-04  1.1839645E-04  1.9522430E-02
   mg25     25   8.6847158E-06  3.3445882E-05  2.4761166E-05  2.1088197E-05  1.5613321E-05  1.3054416E-01
   mg26     26   2.1862925E-06  3.0538795E-05  2.8352502E-05  1.9255229E-05  1.7877861E-05  3.2233160E-02
   mg27     27   0.0000000E+00  0.0000000E+00  0.0000000E+00  0.0000000E+00  0.0000000E+00  0.0000000E+00
   al25     25   0.0000000E+00  0.0000000E+00  0.0000000E+00  0.0000000E+00  0.0000000E+00  0.0000000E+00
   al-6     26   3.9638039E-08  3.9638039E-08  0.0000000E+00  2.4992458E-08  0.0000000E+00  0.0000000E+00
   al*6     26   0.0000000E+00  0.0000000E+00  0.0000000E+00  0.0000000E+00  0.0000000E+00  0.0000000E+00
   al27     27   2.9553448E-06  2.1035436E-05  1.8080091E-05  1.3263199E-05  1.1400523E-05  6.5723523E-02
   al28     28   0.0000000E+00  0.0000000E+00  0.0000000E+00  0.0000000E+00  0.0000000E+00  0.0000000E+00
   si27     27   0.0000000E+00  0.0000000E+00  0.0000000E+00  0.0000000E+00  0.0000000E+00  0.0000000E+00
   si28     28   2.9307557E-07  2.0819806E-04  2.0790499E-04  1.3127242E-04  1.3109591E-04  5.8437075E-04
   si29     29   1.3118552E-07  1.1065554E-05  1.0934368E-05  6.9770199E-06  6.8947397E-06  5.1521035E-03
   si30     30   3.4539744E-07  7.8017210E-06  7.4563236E-06  4.9191176E-06  4.7016356E-06  1.9638237E-02
    p31     31   3.0381898E-07  2.3796813E-06  2.0758623E-06  1.5004296E-06  1.3089490E-06  5.9292860E-02
    p32     32   0.0000000E+00  0.0000000E+00  0.0000000E+00  0.0000000E+00  0.0000000E+00  0.0000000E+00
    p33     33   0.0000000E+00  0.0000000E+00  0.0000000E+00  0.0000000E+00  0.0000000E+00  0.0000000E+00
    s32     32  -4.5738125E-07  9.9172394E-05  9.9629775E-05  6.2529878E-05  6.2822226E-05 -2.0257642E-03
    s33     33   6.8082556E-08  8.9063320E-07  8.2255065E-07  5.6155938E-07  5.1866482E-07  3.4508858E-02
    s34     34   8.9636160E-08  4.8733718E-06  4.7837357E-06  3.0727438E-06  3.0164167E-06  8.0350256E-03
    s35     35   0.0000000E+00  0.0000000E+00  0.0000000E+00  0.0000000E+00  0.0000000E+00  0.0000000E+00
    s36     36   1.4197180E-08  3.7810711E-08  2.3613531E-08  2.3840297E-08  1.4889672E-08  2.0442651E-01
   cl35     35  -1.2461442E-08  1.0095575E-06  1.0220190E-06  6.3654318E-07  6.4444100E-07 -5.3553232E-03
   cl36     36   1.5137271E-09  1.5137271E-09  0.0000000E+00  9.5443076E-10  0.0000000E+00  0.0000000E+00
   cl37     37   1.3242033E-07  4.7772710E-07  3.4530677E-07  3.0121507E-07  2.1773552E-07  1.4094742E-01
   ar36     36  -2.3859502E-07  1.8792902E-05  1.9031497E-05  1.1849244E-05  1.2000438E-05 -5.5064075E-03
   ar37     37   0.0000000E+00  0.0000000E+00  0.0000000E+00  0.0000000E+00  0.0000000E+00  0.0000000E+00
   ar38     38   7.8390030E-08  3.7309649E-06  3.6525748E-06  2.3524367E-06  2.3031557E-06  9.1946274E-03
   ar39     39   4.1579223E-12  4.1579223E-12  0.0000000E+00  2.6216408E-12  0.0000000E+00  0.0000000E+00
   ar40     40   1.0877381E-08  1.7026727E-08  6.1493455E-09  1.0735641E-08  3.8775112E-09  4.4227493E-01
    k39     39   8.6548653E-09  9.9948761E-07  9.9083275E-07  6.3019394E-07  6.2477625E-07  3.7497084E-03
    k40     40   6.2657701E-09  6.4261672E-09  1.6039700E-10  4.0518078E-09  1.0113942E-10  1.6027285E+00
    k41     41   1.7585116E-08  9.2756267E-08  7.5171151E-08  5.8484403E-08  4.7399677E-08  9.1264673E-02
   ca40     40  -1.6446938E-07  1.6990416E-05  1.7154885E-05  1.0712746E-05  1.0817129E-05 -4.2112125E-03
   ca41     41   1.8980961E-09  1.8980961E-09  0.0000000E+00  1.1967819E-09  0.0000000E+00  0.0000000E+00
   ca42     42   1.1214425E-08  1.3143760E-07  1.2022318E-07  8.2873640E-08  7.5807542E-08  3.8703971E-02
   ca43     43   2.1377176E-09  2.7819713E-08  2.5681995E-08  1.7540803E-08  1.6193955E-08  3.4696553E-02
   ca44     44   5.6070064E-09  4.1167871E-07  4.0607171E-07  2.5957044E-07  2.5605127E-07  5.9282952E-03
   ca45     45   0.0000000E+00  0.0000000E+00  0.0000000E+00  0.0000000E+00  0.0000000E+00  0.0000000E+00
   ca46     46   6.9670727E-09  7.7811313E-09  8.1405843E-10  4.9061355E-09  5.1331006E-10  9.8035973E-01
   ca47     47   0.0000000E+00  0.0000000E+00  0.0000000E+00  0.0000000E+00  0.0000000E+00  0.0000000E+00
   ca48     48  -1.1345236E-10  3.9598298E-08  3.9711750E-08  2.4967401E-08  2.5040510E-08 -1.2698011E-03
   sc45     45   2.6308857E-09  1.4087263E-08  1.1456377E-08  8.8822585E-09  7.2238957E-09  8.9751966E-02
   sc46     46   0.0000000E+00  0.0000000E+00  0.0000000E+00  0.0000000E+00  0.0000000E+00  0.0000000E+00
   sc47     47   0.0000000E+00  0.0000000E+00  0.0000000E+00  0.0000000E+00  0.0000000E+00  0.0000000E+00
   sc48     48  -2.0630772E-32  7.2049664E-30  7.2255971E-30  4.5428538E-30  4.5561488E-30  0.0000000E+00
   ti46     46   5.6989791E-10  7.0562258E-08  6.9992360E-08  4.4490704E-08  4.4134158E-08  3.4944362E-03
   ti47     47  -7.5745987E-10  6.3735364E-08  6.4492824E-08  4.0186229E-08  4.0666389E-08 -5.1583424E-03
   ti48     48  -1.4559589E-08  6.3806186E-07  6.5262145E-07  4.0230884E-07  4.1151486E-07 -9.8259225E-03
   ti49     49   1.4156175E-08  6.3047061E-08  4.8890886E-08  3.9752244E-08  3.0828478E-08  1.1040954E-01
   ti50     50   3.4839903E-08  8.2608310E-08  4.7768406E-08  5.2085944E-08  3.0120688E-08  2.3785566E-01
    v51     51  -2.0716442E-09  1.0320160E-07  1.0527324E-07  6.5070367E-08  6.6380750E-08 -8.6588711E-03
   cr52     52  -3.7351583E-08  4.2781130E-06  4.3154646E-06  2.6974230E-06  2.7211454E-06 -3.8027077E-03
   cr53     53  -3.9886459E-09  4.9475841E-07  4.9874706E-07  3.1195358E-07  3.1448832E-07 -3.5145611E-03
   cr54     54   3.6477772E-08  1.6296906E-07  1.2649129E-07  1.0275476E-07  7.9759928E-08  1.1001718E-01
   mn55     55   1.8544370E-07  3.9542501E-06  3.7688064E-06  2.4932219E-06  2.3764464E-06  2.0832893E-02
   fe54     54  -7.0105125E-07  2.4131350E-05  2.4832401E-05  1.5215227E-05  1.5658239E-05 -1.2464489E-02
   fe55     55   3.3284984E-24  3.3284984E-24  0.0000000E+00  2.0986749E-24  0.0000000E+00  0.0000000E+00
   fe56     56  -4.6809146E-06  3.9956643E-04  4.0424734E-04  2.5193344E-04  2.5490089E-04 -5.0855521E-03
   fe57     57   1.8947030E-06  1.1397291E-05  9.5025880E-06  7.1861859E-06  5.9919212E-06  7.8932390E-02
   fe58     58   1.6546132E-06  2.9414250E-06  1.2868118E-06  1.8546185E-06  8.1140786E-07  3.5901538E-01
   fe59     59   0.0000000E+00  0.0000000E+00  0.0000000E+00  0.0000000E+00  0.0000000E+00  0.0000000E+00
   fe60     60   2.2638901E-08  2.2638901E-08  0.0000000E+00  1.4274212E-08  0.0000000E+00  0.0000000E+00
   co59     59   3.6975018E-07  1.3621463E-06  9.9239617E-07  8.5885642E-07  6.2576214E-07  1.3751128E-01
   co60     60   4.5621740E-14  4.5621740E-14  0.0000000E+00  2.8765283E-14  0.0000000E+00  0.0000000E+00
   ni58     58  -4.0787745E-07  1.3791348E-05  1.4199225E-05  8.6956788E-06  8.9534178E-06 -1.2685334E-02
   ni59     59   1.4514271E-08  1.4514271E-08  0.0000000E+00  9.1514947E-09  0.0000000E+00  0.0000000E+00
   ni60     60   1.1820885E-07  5.7763905E-06  5.6581816E-06  3.6421125E-06  3.5678047E-06  8.9522731E-03
   ni61     61   1.2407770E-07  3.7413946E-07  2.5006176E-07  2.3590130E-07  1.5767813E-07  1.7495885E-01
   ni62     62   1.5248179E-07  9.6282815E-07  8.1034636E-07  6.0707953E-07  5.1096936E-07  7.4850723E-02
   ni63     63   3.8730694E-12  3.8730694E-12  0.0000000E+00  2.4420362E-12  0.0000000E+00  0.0000000E+00
   ni64     64   1.6214834E-07  3.7518254E-07  2.1303420E-07  2.3655898E-07  1.3433015E-07  2.4576594E-01
   cu63     63   5.4448023E-08  2.3027897E-07  1.7583095E-07  1.4519480E-07  1.1087139E-07  1.1713156E-01
   cu64     64   0.0000000E+00  0.0000000E+00  0.0000000E+00  0.0000000E+00  0.0000000E+00  0.0000000E+00
   cu65     65   4.1056353E-08  1.2191359E-07  8.0857234E-08  7.6868588E-08  5.0985079E-08  1.7830580E-01
   zn64     64   4.3374655E-09  3.0558954E-07  3.0125207E-07  1.9267939E-07  1.8995654E-07  6.1810184E-03
   zn65     65   0.0000000E+00  0.0000000E+00  0.0000000E+00  0.0000000E+00  0.0000000E+00  0.0000000E+00
   zn66     66   3.6765584E-08  2.1499727E-07  1.7823169E-07  1.3555943E-07  1.1238519E-07  8.1420705E-02
   zn67     67   8.4152969E-09  3.5003467E-08  2.6588170E-08  2.2070282E-08  1.6765350E-08  1.1939524E-01
   zn68     68   4.3658375E-08  1.6706647E-07  1.2340810E-07  1.0533825E-07  7.7815812E-08  1.3151823E-01
   zn69     69   0.0000000E+00  0.0000000E+00  0.0000000E+00  0.0000000E+00  0.0000000E+00  0.0000000E+00
   zn70     70   1.0048584E-10  4.3012571E-09  4.2007713E-09  2.7120157E-09  2.6488247E-09  1.0239000E-02
   ga69     69   6.9407022E-09  1.8254754E-08  1.1314052E-08  1.1509933E-08  7.1341515E-09  2.0773044E-01
   ga70     70   0.0000000E+00  0.0000000E+00  0.0000000E+00  0.0000000E+00  0.0000000E+00  0.0000000E+00
   ga71     71   7.3558244E-09  1.5082250E-08  7.7264257E-09  9.5096153E-09  4.8719500E-09  2.9046014E-01
   ge70     70   1.1886494E-08  2.4470825E-08  1.2584332E-08  1.5429272E-08  7.9351352E-09  2.8879112E-01
   ge71     71   0.0000000E+00  0.0000000E+00  0.0000000E+00  0.0000000E+00  0.0000000E+00  0.0000000E+00
   ge72     72   1.3035935E-08  3.0141216E-08  1.7105281E-08  1.9004549E-08  1.0785850E-08  2.4600321E-01
   ge73     73   3.7985646E-09  8.6665111E-09  4.8679465E-09  5.4643827E-09  3.0695164E-09  2.5047114E-01
   ge74     74   1.7000600E-08  4.0160387E-08  2.3159787E-08  2.5321807E-08  1.4603560E-08  2.3903599E-01
   as75     75   1.4947334E-09  4.8901563E-09  3.3954228E-09  3.0833267E-09  2.1410067E-09  1.5840153E-01
   se76     76   5.8756320E-09  9.4105763E-09  3.5349443E-09  5.9335283E-09  2.2289830E-09  4.2520630E-01
   se77     77   2.2820443E-09  5.1984954E-09  2.9164511E-09  3.2777399E-09  1.8389880E-09  2.5099561E-01
   se78     78   1.5955385E-08  2.5159022E-08  9.2036370E-09  1.5863192E-08  5.8034155E-09  4.3670693E-01
   se79     79   1.2620935E-09  1.2620935E-09  0.0000000E+00  7.9577145E-10  0.0000000E+00  0.0000000E+00
   se80     80   2.0667873E-08  4.0369223E-08  1.9701350E-08  2.5453481E-08  1.2422819E-08  3.1152701E-01
   br79     79   2.1932818E-09  5.3438396E-09  3.1505578E-09  3.3693817E-09  1.9866055E-09  2.2943857E-01
   br80     80   0.0000000E+00  0.0000000E+00  0.0000000E+00  0.0000000E+00  0.0000000E+00  0.0000000E+00
   br81     81   2.8192402E-09  5.9616978E-09  3.1424576E-09  3.7589518E-09  1.9814979E-09  2.7807316E-01
   kr80     80   5.7875094E-11  8.0869628E-10  7.5082118E-10  5.0989674E-10  4.7343540E-10  3.2221481E-02
   kr81     81   1.0540024E-11  1.0540024E-11  0.0000000E+00  6.6456641E-12  0.0000000E+00  0.0000000E+00
   kr82     82   1.2444266E-08  1.6300417E-08  3.8561514E-09  1.0277690E-08  2.4315223E-09  6.2601727E-01
   kr83     83   4.1924366E-09  8.0592857E-09  3.8668491E-09  5.0815165E-09  2.4382678E-09  3.1891197E-01
   kr84     84   3.0609463E-08  4.9895846E-08  1.9286382E-08  3.1460178E-08  1.2161159E-08  4.1278622E-01
   kr-5     85   6.7578443E-18  6.7578443E-18  0.0000000E+00  4.2609360E-18  0.0000000E+00  0.0000000E+00
   kr*5     85   0.0000000E+00  0.0000000E+00  0.0000000E+00  0.0000000E+00  0.0000000E+00  0.0000000E+00
   kr86     86   3.0312236E-08  3.6283563E-08  5.9713265E-09  2.2877403E-08  3.7652601E-09  7.8361171E-01
   rb85     85   6.3046439E-09  9.4348680E-09  3.1302243E-09  5.9488445E-09  1.9737840E-09  4.7913304E-01
   rb86     86   0.0000000E+00  0.0000000E+00  0.0000000E+00  0.0000000E+00  0.0000000E+00  0.0000000E+00
   rb87     87   3.2912260E-09  4.6097242E-09  1.3184983E-09  2.9065095E-09  8.3138801E-10  5.4356802E-01
   sr86     86   1.1065914E-08  1.2526586E-08  1.4606726E-09  7.8982252E-09  9.2103702E-10  9.3325239E-01
   sr87     87   7.5545845E-09  8.5872420E-09  1.0326577E-09  5.4144023E-09  6.5114930E-10  9.1986990E-01
   sr88     88   1.7006764E-07  1.8259058E-07  1.2522940E-08  1.1512647E-07  7.8964248E-09  1.1637447E+00
   sr89     89   0.0000000E+00  0.0000000E+00  0.0000000E+00  0.0000000E+00  0.0000000E+00  0.0000000E+00
   sr90     90   5.9433200E-16  5.9433200E-16  0.0000000E+00  3.7473643E-16  0.0000000E+00  0.0000000E+00
    y89     89   4.9322939E-08  5.2310003E-08  2.9870650E-09  3.2982346E-08  1.8835140E-09  1.2433127E+00
    y90     90   1.5030199E-19  1.5030199E-19  0.0000000E+00  9.4767957E-20  0.0000000E+00  0.0000000E+00
    y91     91   0.0000000E+00  0.0000000E+00  0.0000000E+00  0.0000000E+00  0.0000000E+00  0.0000000E+00
   zr90     90   6.0663943E-08  6.4224068E-08  3.5601273E-09  4.0494367E-08  2.2448623E-09  1.2562050E+00
   zr91     91   1.5971731E-08  1.6756722E-08  7.8499207E-10  1.0565398E-08  4.9498206E-10  1.3292965E+00
   zr92     92   2.5582736E-08  2.6795806E-08  1.2130706E-09  1.6895212E-08  7.6490991E-10  1.3441534E+00
   zr93     93   7.2630333E-09  7.2630333E-09  0.0000000E+00  4.5794661E-09  0.0000000E+00  0.0000000E+00
   zr94     94   3.6599388E-08  3.7855465E-08  1.2560777E-09  2.3868514E-08  7.9202828E-10  1.4790847E+00
   zr95     95   0.0000000E+00  0.0000000E+00  0.0000000E+00  0.0000000E+00  0.0000000E+00  0.0000000E+00
   zr96     96   1.4631412E-09  1.6698067E-09  2.0666552E-10  1.0528416E-09  1.3031433E-10  9.0737087E-01
   nb93     93   1.7822848E-09  2.3246951E-09  5.4241034E-10  1.4657598E-09  3.4202050E-10  6.3201076E-01
   nb94     94   2.0804955E-13  2.0804955E-13  0.0000000E+00  1.3117877E-13  0.0000000E+00  0.0000000E+00
   nb95     95   0.0000000E+00  0.0000000E+00  0.0000000E+00  0.0000000E+00  0.0000000E+00  0.0000000E+00
   mo94     94   2.9392655E-11  1.9938695E-10  1.6999430E-10  1.2571687E-10  1.0719105E-10  6.9235019E-02
   mo95     95   5.0591797E-09  5.3565254E-09  2.9734570E-10  3.3773804E-09  1.8749335E-10  1.2555941E+00
   mo96     96   8.9230321E-09  9.2393257E-09  3.1629338E-10  5.8255520E-09  1.9944092E-10  1.4655229E+00
   mo97     97   2.8005118E-09  2.9845180E-09  1.8400620E-10  1.8817894E-09  1.1602635E-10  1.2100145E+00
   mo98     98   1.0300246E-08  1.0772634E-08  4.7238863E-10  6.7923294E-09  2.9786784E-10  1.3579952E+00
   tc99     99   4.0294323E-10  4.0294323E-10  0.0000000E+00  2.5406255E-10  0.0000000E+00  0.0000000E+00
   ru99     99   9.0980057E-10  1.0747387E-09  1.6493819E-10  6.7764105E-10  1.0400289E-10  8.1395429E-01
  ru100    100   5.1738769E-09  5.3383911E-09  1.6451411E-10  3.3659464E-09  1.0373549E-10  1.5111800E+00
  ru101    101   1.1081358E-09  1.3331123E-09  2.2497650E-10  8.4054996E-10  1.4186044E-10  7.7270228E-01
  ru102    102   7.2850357E-09  7.7052098E-09  4.2017417E-10  4.8582658E-09  2.6494365E-10  1.2633278E+00
  rh103    103   1.2097698E-09  1.4781025E-09  2.6833266E-10  9.3196884E-10  1.6919897E-10  7.4100369E-01
  pd104    104   4.0426160E-09  4.1600403E-09  1.1742432E-10  2.6229761E-09  7.4042696E-11  1.5493122E+00
  pd105    105   1.0117973E-09  1.2494337E-09  2.3763630E-10  7.8778917E-10  1.4984318E-10  7.2077304E-01
  pd106    106   4.7533573E-09  5.0469744E-09  2.9361694E-10  3.1822032E-09  1.8514214E-10  1.2352227E+00
  pd107    107   8.7777674E-10  8.7777674E-10  0.0000000E+00  5.5345317E-10  0.0000000E+00  0.0000000E+00
  pd108    108   6.1072258E-09  6.3968599E-09  2.8963429E-10  4.0333288E-09  1.8263085E-10  1.3440895E+00
  ag107    107   5.3468466E-11  2.5293870E-10  1.9947023E-10  1.5948215E-10  1.2577731E-10  1.0310975E-01
  ag108    108   0.0000000E+00  0.0000000E+00  0.0000000E+00  0.0000000E+00  0.0000000E+00  0.0000000E+00
  ag109    109   1.5233694E-09  1.7121485E-09  1.8877905E-10  1.0795388E-09  1.1903591E-10  9.5756030E-01
  cd108    108   1.4434770E-11  2.5620055E-11  1.1185284E-11  1.6153880E-11  7.0529567E-12  3.5990560E-01
  cd109    109   7.1151412E-38  7.1151412E-38  0.0000000E+00  4.4862175E-38  0.0000000E+00  0.0000000E+00
  cd110    110   5.3573315E-09  5.5172107E-09  1.5987904E-10  3.4786951E-09  1.0081281E-10  1.5379007E+00
  cd111    111   1.7670152E-09  1.9323505E-09  1.6533534E-10  1.2183798E-09  1.0425332E-10  1.0676929E+00
  cd112    112   6.8313475E-09  7.1458399E-09  3.1449238E-10  4.5055737E-09  1.9830529E-10  1.3564159E+00
  cd113    113   2.0001412E-09  2.1608288E-09  1.6068766E-10  1.3624394E-09  1.0132269E-10  1.1286105E+00
  cd114    114   9.9584332E-09  1.0339564E-08  3.8113038E-10  6.5192709E-09  2.4032434E-10  1.4334013E+00
  in115    115   1.9013346E-09  2.0450464E-09  1.4371165E-10  1.2894366E-09  9.0618360E-11  1.1531838E+00
  sn116    116   1.4146284E-08  1.4595910E-08  4.4962623E-10  9.2029699E-09  2.8351485E-10  1.5113523E+00
  sn117    117   4.1088848E-09  4.3484274E-09  2.3954244E-10  2.7417575E-09  1.5104511E-10  1.2589225E+00
  sn118    118   1.9918382E-08  2.0648818E-08  7.3043571E-10  1.3019431E-08  4.6058116E-10  1.4512860E+00
  sn119    119   5.7537859E-09  6.0262924E-09  2.7250666E-10  3.7996797E-09  1.7183090E-10  1.3446457E+00
  sn120    120   3.2503561E-08  3.3545795E-08  1.0422335E-09  2.1151195E-08  6.5718736E-10  1.5076458E+00
  sb121    121   2.3151243E-09  2.4758515E-09  1.6072717E-10  1.5610665E-09  1.0134760E-10  1.1876080E+00
  te122    122   4.1048978E-09  4.2117367E-09  1.0683877E-10  2.6555715E-09  6.7367910E-11  1.5957050E+00
  te123    123   1.5147786E-09  1.5523736E-09  3.7594938E-11  9.7879793E-10  2.3705742E-11  1.6158396E+00
  te124    124   8.1309537E-09  8.3328082E-09  2.0185409E-10  5.2539773E-09  1.2728045E-10  1.6157266E+00
  te125    125   2.7365590E-09  3.0400633E-09  3.0350428E-10  1.9168116E-09  1.9137668E-10  1.0006905E+00
  te126    126   1.5704611E-08  1.6519856E-08  8.1524404E-10  1.0416050E-08  5.1405763E-10  1.3066913E+00
   i127    127   2.0138322E-09  3.0362621E-09  1.0224299E-09  1.9144148E-09  6.4470013E-10  4.7267830E-01
   i128    128   0.0000000E+00  0.0000000E+00  0.0000000E+00  0.0000000E+00  0.0000000E+00  0.0000000E+00
   i129    129   8.1146212E-13  8.1146212E-13  0.0000000E+00  5.1164064E-13  0.0000000E+00  0.0000000E+00
  xe128    128   5.0251083E-09  5.1355409E-09  1.1043271E-10  3.2380458E-09  6.9634090E-11  1.6674612E+00
  xe129    129   1.8978907E-09  3.2842356E-09  1.3863449E-09  2.0707664E-09  8.7416918E-10  3.7453568E-01
  xe130    130   1.0534971E-08  1.0759283E-08  2.2431230E-10  6.7839112E-09  1.4144164E-10  1.6809028E+00
  xe131    131   4.0151580E-09  5.1356870E-09  1.1205289E-09  3.2381380E-09  7.0655709E-10  6.6114807E-01
  xe132    132   2.1230083E-08  2.2610109E-08  1.3800270E-09  1.4256059E-08  8.7018531E-10  1.2143878E+00
  xe133    133   0.0000000E+00  0.0000000E+00  0.0000000E+00  0.0000000E+00  0.0000000E+00  0.0000000E+00
  xe134    134   8.2622403E-10  1.3434949E-09  5.1727084E-10  8.4709634E-10  3.2616862E-10  4.1449064E-01
  cs133    133   2.8450158E-09  3.2078327E-09  3.6281689E-10  2.0225930E-09  2.2877664E-10  9.4649684E-01
  cs134    134   9.4577877E-31  9.4577877E-31  0.0000000E+00  5.9632960E-31  0.0000000E+00  0.0000000E+00
  cs135    135   1.7706834E-09  1.7706834E-09  0.0000000E+00  1.1164459E-09  0.0000000E+00  0.0000000E+00
  cs136    136   0.0000000E+00  0.0000000E+00  0.0000000E+00  0.0000000E+00  0.0000000E+00  0.0000000E+00
  cs137    137   1.7065855E-15  1.7065855E-15  0.0000000E+00  1.0760312E-15  0.0000000E+00  0.0000000E+00
  ba134    134   6.9391226E-09  7.0503501E-09  1.1122747E-10  4.4453654E-09  7.0135231E-11  1.8019712E+00
  ba135    135   2.5441613E-09  2.8497835E-09  3.0562231E-10  1.7968370E-09  1.9271221E-10  9.6959949E-01
  ba136    136   2.1825874E-08  2.2192705E-08  3.6682962E-10  1.3992878E-08  2.3130689E-10  1.7817185E+00
  ba137    137   1.7948148E-08  1.8476609E-08  5.2846044E-10  1.1649816E-08  3.3322431E-10  1.5435826E+00
  ba138    138   2.3425073E-07  2.3764873E-07  3.3980014E-09  1.4984157E-07  2.1426330E-09  1.8446846E+00
  la139    139   2.7624756E-08  2.8090835E-08  4.6607829E-10  1.7711749E-08  2.9388883E-10  1.7800784E+00
  ce140    140   8.6079730E-08  8.7147939E-08  1.0682094E-09  5.4948256E-08  6.7356665E-10  1.9115734E+00
  ce141    141   0.0000000E+00  0.0000000E+00  0.0000000E+00  0.0000000E+00  0.0000000E+00  0.0000000E+00
  ce142    142   1.2994530E-09  1.4355972E-09  1.3614417E-10  9.0516844E-10  8.5846621E-11  1.0230062E+00
  pr141    141   7.9359230E-09  8.1200238E-09  1.8410061E-10  5.1198130E-09  1.1608588E-10  1.6444749E+00
  nd142    142   2.3529935E-08  2.3775517E-08  2.4558103E-10  1.4990867E-08  1.5485278E-10  1.9859079E+00
  nd143    143   3.3550798E-09  3.4650287E-09  1.0994903E-10  2.1847595E-09  6.9329098E-11  1.4984882E+00
  nd144    144   1.0579041E-08  1.0797554E-08  2.1851281E-10  6.8080412E-09  1.3778473E-10  1.6938211E+00
  nd145    145   1.9585222E-09  2.0397803E-09  8.1258139E-11  1.2861162E-09  5.1237868E-11  1.3996893E+00
  nd146    146   1.0016591E-08  1.0176528E-08  1.5993720E-10  6.4164740E-09  1.0084949E-10  1.8036227E+00
  nd147    147   0.0000000E+00  0.0000000E+00  0.0000000E+00  0.0000000E+00  0.0000000E+00  0.0000000E+00
  nd148    148   9.3911723E-10  9.9321629E-10  5.4099041E-11  6.2623978E-10  3.4112515E-11  1.2638270E+00
  pm147    147   2.0286469E-26  2.0286469E-26  0.0000000E+00  1.2790964E-26  0.0000000E+00  0.0000000E+00
  pm148    148   0.0000000E+00  0.0000000E+00  0.0000000E+00  0.0000000E+00  0.0000000E+00  0.0000000E+00
  sm147    147   1.1656617E-09  1.2092084E-09  4.3546753E-11  7.6242646E-10  2.7458699E-11  1.4435180E+00
  sm148    148   2.7200600E-09  2.7529348E-09  3.2874849E-11  1.7357722E-09  2.0729458E-11  1.9229048E+00
  sm149    149   4.2924062E-10  4.6993476E-10  4.0694136E-11  2.9630184E-10  2.5659962E-11  1.0624783E+00
  sm150    150   2.1297966E-09  2.1516735E-09  2.1876856E-11  1.3566668E-09  1.3794600E-11  1.9927644E+00
  sm151    151   3.4211478E-14  3.4211478E-14  0.0000000E+00  2.1570919E-14  0.0000000E+00  0.0000000E+00
  sm152    152   1.9078223E-09  1.9881776E-09  8.0355202E-11  1.2535798E-09  5.0668515E-11  1.3934139E+00
  eu151    151   3.1187042E-10  3.6487741E-10  5.3006974E-11  2.3006141E-10  3.3423906E-11  8.3778656E-01
  eu152    152   3.4750824E-20  3.4750824E-20  0.0000000E+00  2.1910985E-20  0.0000000E+00  0.0000000E+00
  eu153    153   3.6301398E-10  4.2164361E-10  5.8629629E-11  2.6585348E-10  3.6969310E-11  8.5680103E-01
  eu154    154   9.9479649E-21  9.9479649E-21  0.0000000E+00  6.2723611E-21  0.0000000E+00  0.0000000E+00
  eu155    155   4.3778357E-23  4.3778357E-23  0.0000000E+00  2.7602997E-23  0.0000000E+00  0.0000000E+00
  gd152    152   1.0634438E-12  1.8373953E-12  7.7395149E-13  1.1585089E-12  4.8802032E-13  3.7546152E-01
  gd153    153   0.0000000E+00  0.0000000E+00  0.0000000E+00  0.0000000E+00  0.0000000E+00  0.0000000E+00
  gd154    154   8.3496077E-10  8.4350793E-10  8.5471413E-12  5.3184607E-10  5.3894575E-12  1.9942411E+00
  gd155    155   3.3498496E-10  3.9338793E-10  5.8402984E-11  2.4803778E-10  3.6826396E-11  8.2835865E-01
  gd156    156   1.3662171E-09  1.4475143E-09  8.1297177E-11  9.1268237E-10  5.1262487E-11  1.2505201E+00
  gd157    157   6.4491257E-10  7.0746520E-10  6.2552602E-11  4.4606885E-10  3.9442966E-11  1.0534323E+00
  gd158    158   2.6744511E-09  2.7743698E-09  9.9918844E-11  1.7492874E-09  6.3004497E-11  1.4434897E+00
  gd159    159   0.0000000E+00  0.0000000E+00  0.0000000E+00  0.0000000E+00  0.0000000E+00  0.0000000E+00
  gd160    160   1.1811693E-10  2.0716198E-10  8.9045049E-11  1.3061915E-10  5.6147954E-11  3.6667293E-01
  tb159    159   5.7054184E-10  6.4591871E-10  7.5376864E-11  4.0726272E-10  4.7529390E-11  9.3291241E-01
  tb160    160   0.0000000E+00  0.0000000E+00  0.0000000E+00  0.0000000E+00  0.0000000E+00  0.0000000E+00
  tb161    161   0.0000000E+00  0.0000000E+00  0.0000000E+00  0.0000000E+00  0.0000000E+00  0.0000000E+00
  dy160    160   9.6229991E-10  9.7370567E-10  1.1405805E-11  6.1393801E-10  7.1920070E-12  1.9312745E+00
  dy161    161   4.3927192E-10  5.3235605E-10  9.3084131E-11  3.3565953E-10  5.8694827E-11  7.5729918E-01
  dy162    162   1.9992832E-09  2.1256032E-09  1.2632001E-10  1.3402290E-09  7.9651931E-11  1.2259828E+00
  dy163    163   8.5529517E-10  9.7950503E-10  1.2420985E-10  6.1759459E-10  7.8321356E-11  8.9682329E-01
  dy164    164   4.2464552E-09  4.3883110E-09  1.4185601E-10  2.7669047E-09  8.9448268E-11  1.4904224E+00
  ho165    165   7.8996859E-10  9.0045804E-10  1.1048945E-10  5.6775412E-10  6.9669867E-11  9.1111529E-01
  er166    166   1.8070989E-09  1.9120612E-09  1.0496222E-10  1.2055871E-09  6.6184641E-11  1.2604414E+00
  er167    167   7.2798217E-10  8.0005935E-10  7.2077164E-11  5.0445104E-10  4.5448742E-11  1.0452971E+00
  er168    168   2.8407523E-09  2.9262890E-09  8.5536682E-11  1.8450750E-09  5.3935734E-11  1.5341376E+00
  er169    169   0.0000000E+00  0.0000000E+00  0.0000000E+00  0.0000000E+00  0.0000000E+00  0.0000000E+00
  er170    170   7.9973561E-10  8.4757240E-10  4.7836818E-11  5.3440879E-10  3.0163826E-11  1.2483872E+00
  tm169    169   6.9407968E-10  7.4462980E-10  5.0550116E-11  4.6950177E-10  3.1874718E-11  1.1681910E+00
  tm170    170   0.0000000E+00  0.0000000E+00  0.0000000E+00  0.0000000E+00  0.0000000E+00  0.0000000E+00
  tm171    171   1.8047399E-29  1.8047399E-29  0.0000000E+00  1.1379192E-29  0.0000000E+00  0.0000000E+00
  yb170    170   9.5813357E-10  9.6769437E-10  9.5607853E-12  6.1014777E-10  6.0286177E-12  2.0052176E+00
  yb171    171   1.2165371E-09  1.2620092E-09  4.5472064E-11  7.9571821E-10  2.8672717E-11  1.4432905E+00
  yb172    172   3.2403662E-09  3.3107772E-09  7.0411031E-11  2.0875013E-09  4.4398148E-11  1.6722620E+00
  yb173    173   1.4173368E-09  1.4699031E-09  5.2566319E-11  9.2679892E-10  3.3146048E-11  1.4465538E+00
  yb174    174   6.5892016E-09  6.6943824E-09  1.0518076E-10  4.2209218E-09  6.6322434E-11  1.8037469E+00
  lu175    175   8.6236268E-10  9.0983587E-10  4.7473202E-11  5.7366700E-10  2.9934548E-11  1.2824872E+00
  lu176    176   6.5048494E-10  6.5187067E-10  1.3857068E-12  4.1101555E-10  8.7376677E-13  2.6724627E+00
  lu177    177   0.0000000E+00  0.0000000E+00  0.0000000E+00  0.0000000E+00  0.0000000E+00  0.0000000E+00
  hf176    176  -5.8954491E-13  1.0072872E-11  1.0662417E-11  6.3511171E-12  6.7232595E-12 -2.4729759E-02
  hf177    177   7.0427586E-10  7.4259932E-10  3.8323452E-11  4.6822152E-10  2.4165113E-11  1.2872626E+00
  hf178    178   3.4229635E-09  3.4795038E-09  5.6540269E-11  2.1938864E-09  3.5651850E-11  1.7891320E+00
  hf179    179   1.1994126E-09  1.2278017E-09  2.8389215E-11  7.7414986E-10  1.7901011E-11  1.6359476E+00
  hf180    180   6.9510828E-09  7.0246031E-09  7.3520391E-11  4.4291317E-09  4.6358781E-11  1.9801867E+00
  hf181    181   0.0000000E+00  0.0000000E+00  0.0000000E+00  0.0000000E+00  0.0000000E+00  0.0000000E+00
  hf182    182   1.3543576E-09  1.3543576E-09  0.0000000E+00  8.5394553E-10  0.0000000E+00  0.0000000E+00
  ta181    181   1.6862027E-09  1.7173529E-09  3.1150232E-11  1.0828203E-09  1.9641989E-11  1.7413709E+00
  ta182    182   1.4531057E-17  1.4531057E-17  0.0000000E+00  9.1620783E-18  0.0000000E+00  0.0000000E+00
  ta183    183   0.0000000E+00  0.0000000E+00  0.0000000E+00  0.0000000E+00  0.0000000E+00  0.0000000E+00
   w182    182   3.2000753E-09  3.2489580E-09  4.8882624E-11  2.0485234E-09  3.0823271E-11  1.8225622E+00
   w183    183   1.9482678E-09  1.9748094E-09  2.6541760E-11  1.2451510E-09  1.6736085E-11  1.8715682E+00
   w184    184   4.8091295E-09  4.8662696E-09  5.7140053E-11  3.0682656E-09  3.6030047E-11  1.9302281E+00
   w185    185   0.0000000E+00  0.0000000E+00  0.0000000E+00  0.0000000E+00  0.0000000E+00  0.0000000E+00
   w186    186   2.1002520E-09  2.1538471E-09  5.3595066E-11  1.3580372E-09  3.3794727E-11  1.6040628E+00
  re185    185   9.1678187E-10  9.4402208E-10  2.7240217E-11  5.9522198E-10  1.7176502E-11  1.5397444E+00
  re186    186   0.0000000E+00  0.0000000E+00  0.0000000E+00  0.0000000E+00  0.0000000E+00  0.0000000E+00
  re187    187   4.5706949E-10  5.0674526E-10  4.9675750E-11  3.1951150E-10  3.1323378E-11  1.0086179E+00
  os186    186   1.9052870E-09  1.9203852E-09  1.5098056E-11  1.2108355E-09  9.5201815E-12  2.1044402E+00
  os187    187   5.1778581E-10  5.2985899E-10  1.2073163E-11  3.3408509E-10  7.6128140E-12  1.6423119E+00
  os188    188   3.8189878E-09  3.9463517E-09  1.2736380E-10  2.4882418E-09  8.0310106E-11  1.4911225E+00
  os189    189   7.6772499E-10  9.2383823E-10  1.5611323E-10  5.8249572E-10  9.8438258E-11  7.7212888E-01
  os190    190   3.9544692E-09  4.2096890E-09  2.5521985E-10  2.6542806E-09  1.6093059E-10  1.2173083E+00
  os191    191   0.0000000E+00  0.0000000E+00  0.0000000E+00  0.0000000E+00  0.0000000E+00  0.0000000E+00
  os192    192   9.6748531E-10  1.3680403E-09  4.0055503E-10  8.6257268E-10  2.5257268E-10  5.3340936E-01
  ir191    191   7.4278195E-10  1.0805206E-09  3.3773861E-10  6.8128658E-10  2.1296337E-10  5.0502491E-01
  ir192    192   0.0000000E+00  0.0000000E+00  0.0000000E+00  0.0000000E+00  0.0000000E+00  0.0000000E+00
  ir193    193   8.9947011E-10  1.4731407E-09  5.7367061E-10  9.2884028E-10  3.6173187E-10  4.0955433E-01
  pt192    192   1.0540151E-09  1.0682166E-09  1.4201536E-11  6.7352873E-10  8.9548742E-12  1.8762966E+00
  pt193    193   4.7714035E-15  4.7714035E-15  0.0000000E+00  3.0084510E-15  0.0000000E+00  0.0000000E+00
  pt194    194   3.2083465E-09  3.8132932E-09  6.0494687E-10  2.4043463E-09  3.8145337E-10  7.9955554E-01
  pt195    195   1.2957337E-09  1.9197741E-09  6.2404037E-10  1.2104502E-09  3.9349285E-10  4.8801008E-01
  pt196    196   5.8966068E-09  6.3645755E-09  4.6796872E-10  4.0129731E-09  2.9508085E-10  1.1335253E+00
  au197    197   1.9180060E-09  2.2000424E-09  2.8203634E-10  1.3871642E-09  1.7783992E-10  8.9209861E-01
  hg198    198   6.7989503E-09  6.8652031E-09  6.6252850E-11  4.3286272E-09  4.1776180E-11  2.0154216E+00
  hg199    199   2.9607514E-09  3.0734200E-09  1.1266851E-10  1.9378437E-09  7.1043886E-11  1.4357922E+00
  hg200    200   9.8980202E-09  1.0053070E-08  1.5504988E-10  6.3386318E-09  9.7767745E-11  1.8118000E+00
  hg201    201   4.0389256E-09  4.1278319E-09  8.8906320E-11  2.6026681E-09  5.6060479E-11  1.6667620E+00
  hg202    202   1.7034385E-08  1.7236813E-08  2.0242789E-10  1.0868104E-08  1.2764229E-10  1.9301592E+00
  tl203    203   8.3534157E-09  8.4334912E-09  8.0075301E-11  5.3174598E-09  5.0492024E-11  2.0224817E+00
  tl204    204   9.3514929E-23  9.3514929E-23  0.0000000E+00  5.8962752E-23  0.0000000E+00  0.0000000E+00
  tl205    205   6.6558887E-09  6.8489237E-09  1.9303513E-10  4.3183630E-09  1.2171961E-10  1.5499587E+00
  pb204    204   9.4879464E-09  9.5893018E-09  1.0135554E-10  6.0462177E-09  6.3910419E-11  1.9759123E+00
  pb205    205   5.3182347E-09  5.3182347E-09  0.0000000E+00  3.3532375E-09  0.0000000E+00  0.0000000E+00
  pb206    206   8.6531571E-08  8.7483912E-08  9.5234098E-10  5.5160093E-08  6.0050509E-10  1.9631085E+00
  pb207    207   1.6669026E-07  1.6774925E-07  1.0589895E-09  1.0576876E-07  6.6775296E-10  2.1997418E+00
  pb208    208   1.2359914E-06  1.2390371E-06  3.0457954E-09  7.8123401E-07  1.9205468E-09  2.6093564E+00
  bi209    209   1.4736591E-08  1.4948419E-08  2.1182910E-10  9.4252330E-09  1.3357027E-10  1.8485823E+00
  bi210    210   0.0000000E+00  0.0000000E+00  0.0000000E+00  0.0000000E+00  0.0000000E+00  0.0000000E+00
  po210    210   2.5310991E-08  2.5310991E-08  0.0000000E+00  1.5959010E-08  0.0000000E+00  0.0000000E+00
