# Initial mass = 4.000, Z =  0.0028, Y =  0.250, M_mix = 5.00E-04
# Final mass = 0.867, Mass expelled =   3.1330
  species    A      yield       mass(i)_lost    mass(i)_0        <X(i)>           X0(i)   log10(<X(i)>/X0(i)) 
      n      1   0.0000000E+00  0.0000000E+00  0.0000000E+00  0.0000000E+00  0.0000000E+00  0.0000000E+00
      p      1  -1.4963341E-01  2.1910930E+00  2.3407264E+00  6.9935942E-01  7.4716753E-01 -2.8717548E-02
      d      2   1.8755083E-17  1.8755083E-17  0.0000000E+00  5.9863020E-18  0.0000000E+00  0.0000000E+00
    he3      3   1.4952764E-04  1.4952764E-04  0.0000000E+00  4.7726666E-05  0.0000000E+00  0.0000000E+00
    he4      4   1.3058418E-01  9.1375005E-01  7.8316587E-01  2.9165339E-01  2.4998912E-01  6.6945933E-02
    li7      7   2.1869010E-08  2.7570458E-08  5.7014478E-09  8.8000185E-09  1.8199209E-09  6.8443114E-01
    be7      7   3.2573343E-12  3.2573343E-12  0.0000000E+00  1.0396854E-12  0.0000000E+00  0.0000000E+00
     b8      8   7.0415480E-25  7.0415480E-25  0.0000000E+00  2.2475416E-25  0.0000000E+00  0.0000000E+00
    c12     12   1.4061192E-02  1.5630957E-02  1.5697652E-03  4.9891341E-03  5.0107419E-04  9.9812317E-01
    c13     13   1.4012044E-03  1.4202269E-03  1.9022473E-05  4.5331212E-04  6.0720358E-06  1.8730631E+00
    c14     14   2.3721263E-07  2.3721263E-07  0.0000000E+00  7.5714219E-08  0.0000000E+00  0.0000000E+00
    n13     13   0.0000000E+00  0.0000000E+00  0.0000000E+00  0.0000000E+00  0.0000000E+00  0.0000000E+00
    n14     14   1.5871141E-03  2.0512294E-03  4.6411535E-04  6.5471733E-04  1.4814714E-04  6.4536059E-01
    n15     15  -1.0741397E-06  6.9031827E-08  1.1431715E-06  2.2033779E-08  3.6490411E-07 -1.2190899E+00
    o14     14   0.0000000E+00  0.0000000E+00  0.0000000E+00  0.0000000E+00  0.0000000E+00  0.0000000E+00
    o15     15   0.0000000E+00  0.0000000E+00  0.0000000E+00  0.0000000E+00  0.0000000E+00  0.0000000E+00
    o16     16   1.7635548E-04  3.9669285E-03  3.7905730E-03  1.2661758E-03  1.2099633E-03  1.9721804E-02
    o17     17   1.6387985E-05  1.7918115E-05  1.5301307E-06  5.7191560E-06  4.8842276E-07  1.0685360E+00
    o18     18  -6.8483914E-06  1.6803981E-06  8.5287893E-06  5.3635432E-07  2.7224175E-06 -7.0550299E-01
    o19     19   0.0000000E+00  0.0000000E+00  0.0000000E+00  0.0000000E+00  0.0000000E+00  0.0000000E+00
    f17     17   0.0000000E+00  0.0000000E+00  0.0000000E+00  0.0000000E+00  0.0000000E+00  0.0000000E+00
    f18     18   0.0000000E+00  0.0000000E+00  0.0000000E+00  0.0000000E+00  0.0000000E+00  0.0000000E+00
    f19     19   1.6940148E-06  1.9396207E-06  2.4560583E-07  6.1909378E-07  7.8398187E-08  8.9745045E-01
    f20     20   0.0000000E+00  0.0000000E+00  0.0000000E+00  0.0000000E+00  0.0000000E+00  0.0000000E+00
   ne19     19   0.0000000E+00  0.0000000E+00  0.0000000E+00  0.0000000E+00  0.0000000E+00  0.0000000E+00
   ne20     20   1.2667093E-05  7.9023174E-04  7.7756465E-04  2.5222846E-04  2.4820119E-04  6.9902232E-03
   ne21     21   2.6124819E-06  4.5696133E-06  1.9571314E-06  1.4585424E-06  6.2472282E-07  3.6823168E-01
   ne22     22   1.4092232E-03  1.4721155E-03  6.2892359E-05  4.6987410E-04  2.0075448E-05  1.3693163E+00
   ne23     23   0.0000000E+00  0.0000000E+00  0.0000000E+00  0.0000000E+00  0.0000000E+00  0.0000000E+00
   na21     21   0.0000000E+00  0.0000000E+00  0.0000000E+00  0.0000000E+00  0.0000000E+00  0.0000000E+00
   na22     22   6.3713748E-13  6.3713748E-13  0.0000000E+00  2.0336339E-13  0.0000000E+00  0.0000000E+00
   na23     23   2.8391569E-05  4.9440623E-05  2.1049054E-05  1.5780601E-05  6.7189276E-06  3.7082362E-01
   na24     24   0.0000000E+00  0.0000000E+00  0.0000000E+00  0.0000000E+00  0.0000000E+00  0.0000000E+00
   mg23     23   0.0000000E+00  0.0000000E+00  0.0000000E+00  0.0000000E+00  0.0000000E+00  0.0000000E+00
   mg24     24  -2.2375025E-06  3.6867487E-04  3.7091237E-04  1.1767472E-04  1.1839645E-04 -2.6555120E-03
   mg25     25   8.6072774E-05  1.3498619E-04  4.8913411E-05  4.3085282E-05  1.5613321E-05  4.4083363E-01
   mg26     26   8.4013998E-05  1.4002176E-04  5.6007764E-05  4.4692551E-05  1.7877861E-05  3.9791965E-01
   mg27     27   0.0000000E+00  0.0000000E+00  0.0000000E+00  0.0000000E+00  0.0000000E+00  0.0000000E+00
   al25     25   0.0000000E+00  0.0000000E+00  0.0000000E+00  0.0000000E+00  0.0000000E+00  0.0000000E+00
   al-6     26   3.5227224E-08  3.5227224E-08  0.0000000E+00  1.1243928E-08  0.0000000E+00  0.0000000E+00
   al*6     26   0.0000000E+00  0.0000000E+00  0.0000000E+00  0.0000000E+00  0.0000000E+00  0.0000000E+00
   al27     27   6.8343288E-06  4.2549887E-05  3.5715559E-05  1.3581197E-05  1.1400523E-05  7.6013289E-02
   al28     28   0.0000000E+00  0.0000000E+00  0.0000000E+00  0.0000000E+00  0.0000000E+00  0.0000000E+00
   si27     27   0.0000000E+00  0.0000000E+00  0.0000000E+00  0.0000000E+00  0.0000000E+00  0.0000000E+00
   si28     28   1.0778051E-05  4.2147527E-04  4.1069722E-04  1.3452770E-04  1.3109591E-04  1.1222600E-02
   si29     29   2.0977695E-06  2.3697608E-05  2.1599839E-05  7.5638713E-06  6.8947397E-06  4.0226266E-02
   si30     30   3.5397297E-06  1.8269013E-05  1.4729283E-05  5.8311566E-06  4.7016356E-06  9.3505725E-02
    p31     31   1.3369422E-06  5.4376178E-06  4.1006756E-06  1.7355947E-06  1.3089490E-06  1.2252555E-01
    p32     32   3.0809610E-32  3.0809610E-32  0.0000000E+00  9.8339007E-33  0.0000000E+00  0.0000000E+00
    p33     33   2.5215281E-33  2.5215281E-33  0.0000000E+00  8.0482866E-34  0.0000000E+00  0.0000000E+00
    s32     32  -1.8512073E-06  1.9495825E-04  1.9680946E-04  6.2227344E-05  6.2822226E-05 -4.1320729E-03
    s33     33   4.1217618E-08  1.6660907E-06  1.6248731E-06  5.3178769E-07  5.1866482E-07  1.0851474E-02
    s34     34   5.4190605E-07  9.9917361E-06  9.4498300E-06  3.1891914E-06  3.0164167E-06  2.4189262E-02
    s35     35   3.6498878E-25  3.6498878E-25  0.0000000E+00  1.1649818E-25  0.0000000E+00  0.0000000E+00
    s36     36   7.3674684E-08  1.2032105E-07  4.6646363E-08  3.8404423E-08  1.4889672E-08  4.1149610E-01
   cl35     35  -2.0260131E-08  1.9986444E-06  2.0189045E-06  6.3793311E-07  6.4444100E-07 -4.4080252E-03
   cl36     36   1.7825562E-09  1.7825562E-09  0.0000000E+00  5.6896149E-10  0.0000000E+00  0.0000000E+00
   cl37     37   1.6479646E-07  8.4691823E-07  6.8212177E-07  2.7032181E-07  2.1773552E-07  9.3951821E-02
   ar36     36  -6.5152562E-07  3.6943446E-05  3.7594971E-05  1.1791716E-05  1.2000438E-05 -7.6200645E-03
   ar37     37   2.1432553E-27  2.1432553E-27  0.0000000E+00  6.8409046E-28  0.0000000E+00  0.0000000E+00
   ar38     38   2.4013843E-07  7.4554646E-06  7.2153261E-06  2.3796567E-06  2.3031557E-06  1.4190972E-02
   ar39     39   1.2046458E-10  1.2046458E-10  0.0000000E+00  3.8450236E-11  0.0000000E+00  0.0000000E+00
   ar40     40   7.5235853E-08  8.7383320E-08  1.2147467E-08  2.7891263E-08  3.8775112E-09  8.5691512E-01
    k39     39   4.9897380E-08  2.0071961E-06  1.9572988E-06  6.4066268E-07  6.2477625E-07  1.0904893E-02
    k40     40   2.2575939E-09  2.5744435E-09  3.1684957E-10  8.2171836E-10  1.0113942E-10  9.0980256E-01
    k41     41   1.1104945E-08  1.5959864E-07  1.4849370E-07  5.0941157E-08  4.7399677E-08  3.1293415E-02
   ca40     40  -4.8050788E-07  3.3407392E-05  3.3887900E-05  1.0663069E-05  1.0817129E-05 -6.2298183E-03
   ca41     41   2.3508713E-09  2.3508713E-09  0.0000000E+00  7.5035794E-10  0.0000000E+00  0.0000000E+00
   ca42     42   1.9683554E-08  2.5717341E-07  2.3748986E-07  8.2085357E-08  7.5807542E-08  3.4553282E-02
   ca43     43   5.9958403E-09  5.6728258E-08  5.0732417E-08  1.8106689E-08  1.6193955E-08  4.8486128E-02
   ca44     44   1.4613306E-08  8.1677064E-07  8.0215733E-07  2.6069921E-07  2.5605127E-07  7.8128213E-03
   ca45     45   1.2150433E-20  1.2150433E-20  0.0000000E+00  3.8782105E-21  0.0000000E+00  0.0000000E+00
   ca46     46   2.0931051E-08  2.2539147E-08  1.6080977E-09  7.1941106E-09  5.1331006E-10  1.1465974E+00
   ca47     47   2.3341440E-37  2.3341440E-37  0.0000000E+00  7.4501883E-38  0.0000000E+00  0.0000000E+00
   ca48     48   4.8571991E-10  7.8932629E-08  7.8446909E-08  2.5193946E-08  2.5040510E-08  2.6530609E-03
   sc45     45   8.8107033E-09  3.1441722E-08  2.2631019E-08  1.0035660E-08  7.2238957E-09  1.4277452E-01
   sc46     46   3.8461452E-32  3.8461452E-32  0.0000000E+00  1.2276238E-32  0.0000000E+00  0.0000000E+00
   sc47     47   6.0862468E-36  6.0862468E-36  0.0000000E+00  1.9426258E-36  0.0000000E+00  0.0000000E+00
   sc48     48   8.8671018E-32  1.4362173E-29  1.4273502E-29  4.5841601E-30  4.5561488E-30  0.0000000E+00
   ti46     46  -2.7185365E-10  1.3799163E-07  1.3826349E-07  4.4044569E-08  4.4134158E-08 -8.8249444E-04
   ti47     47  -1.0778933E-10  1.2729187E-07  1.2739966E-07  4.0629388E-08  4.0666389E-08 -3.9532917E-04
   ti48     48  -2.4419364E-08  1.2647744E-06  1.2891937E-06  4.0369434E-07  4.1151486E-07 -8.3328374E-03
   ti49     49   7.7434024E-09  1.0432285E-07  9.6579448E-08  3.3298072E-08  3.0828478E-08  3.3467013E-02
   ti50     50   4.4230745E-08  1.3859284E-07  9.4362093E-08  4.4236465E-08  3.0120688E-08  1.6691554E-01
    v51     51  -1.3832420E-09  2.0657438E-07  2.0795763E-07  6.5935012E-08  6.6380750E-08 -2.9260446E-03
   cr52     52  -1.2827513E-07  8.3965288E-06  8.5248039E-06  2.6800285E-06  2.7211454E-06 -6.6123581E-03
   cr53     53  -1.2826149E-08  9.7240286E-07  9.8522901E-07  3.1037436E-07  3.1448832E-07 -5.7187062E-03
   cr54     54   8.2889073E-08  3.3276098E-07  2.4987190E-07  1.0621162E-07  7.9759928E-08  1.2438726E-01
   mn55     55  -1.1923294E-07  7.3256983E-06  7.4449313E-06  2.3382377E-06  2.3764464E-06 -7.0393793E-03
   fe54     54  -1.1154079E-06  4.7938716E-05  4.9054124E-05  1.5301219E-05  1.5658239E-05 -1.0016899E-02
   fe55     55  -9.1503656E-16 -9.1503656E-16  0.0000000E+00 -2.9206403E-16  0.0000000E+00  0.0000000E+00
   fe56     56  -1.4444464E-05  7.8410900E-04  7.9855346E-04  2.5027420E-04  2.5490089E-04 -7.9552913E-03
   fe57     57   8.4730164E-07  1.9618790E-05  1.8771489E-05  6.2619824E-06  5.9919212E-06  1.9145798E-02
   fe58     58   4.6623391E-06  7.2043176E-06  2.5419783E-06  2.2994950E-06  8.1140786E-07  4.5239329E-01
   fe59     59  -4.2629704E-26 -4.2629704E-26  0.0000000E+00 -1.3606673E-26  0.0000000E+00  0.0000000E+00
   fe60     60   3.0359743E-06  3.0359743E-06  0.0000000E+00  9.6903102E-07  0.0000000E+00  0.0000000E+00
   co59     59   1.9031991E-06  3.8635867E-06  1.9603876E-06  1.2331908E-06  6.2576214E-07  2.9462099E-01
   co60     60   5.2859119E-12  5.2859119E-12  0.0000000E+00  1.6871728E-12  0.0000000E+00  0.0000000E+00
   ni58     58  -6.4333290E-07  2.7405935E-05  2.8049268E-05  8.7475055E-06  8.9534178E-06 -1.0104616E-02
   ni59     59   2.5209201E-09  2.5209201E-09  0.0000000E+00  8.0463458E-10  0.0000000E+00  0.0000000E+00
   ni60     60   6.1298942E-07  1.1790207E-05  1.1177218E-05  3.7632326E-06  3.5678047E-06  2.3159975E-02
   ni61     61   6.9510367E-07  1.1890777E-06  4.9397403E-07  3.7953328E-07  1.5767813E-07  3.8147840E-01
   ni62     62   1.3459909E-06  2.9467556E-06  1.6007647E-06  9.4055400E-07  5.1096936E-07  2.6498890E-01
   ni63     63   3.0312713E-10  3.0312713E-10  0.0000000E+00  9.6753001E-11  0.0000000E+00  0.0000000E+00
   ni64     64   1.2215615E-06  1.6423910E-06  4.2082948E-07  5.2422314E-07  1.3433015E-07  5.9134275E-01
   cu63     63   7.3272963E-07  1.0800675E-06  3.4733787E-07  3.4473908E-07  1.1087139E-07  4.9267101E-01
   cu64     64   0.0000000E+00  0.0000000E+00  0.0000000E+00  0.0000000E+00  0.0000000E+00  0.0000000E+00
   cu65     65   1.9889384E-07  3.5861990E-07  1.5972606E-07  1.1446534E-07  5.0985079E-08  3.5123092E-01
   zn64     64  -1.1367092E-08  5.8372871E-07  5.9509580E-07  1.8631623E-07  1.8995654E-07 -8.4035611E-03
   zn65     65   2.0744205E-21  2.0744205E-21  0.0000000E+00  6.6211956E-22  0.0000000E+00  0.0000000E+00
   zn66     66   1.8147588E-07  5.3355620E-07  3.5208032E-07  1.7030202E-07  1.1238519E-07  1.8051074E-01
   zn67     67   3.9807393E-08  9.2329884E-08  5.2522491E-08  2.9470121E-08  1.6765350E-08  2.4496929E-01
   zn68     68   2.4149182E-07  4.8527318E-07  2.4378136E-07  1.5489090E-07  7.7815812E-08  2.9895803E-01
   zn69     69   0.0000000E+00  0.0000000E+00  0.0000000E+00  0.0000000E+00  0.0000000E+00  0.0000000E+00
   zn70     70   2.0146880E-09  1.0312926E-08  8.2982377E-09  3.2917096E-09  2.6488247E-09  9.4368294E-02
   ga69     69   3.3985010E-08  5.6334880E-08  2.2349870E-08  1.7981131E-08  7.1341515E-09  4.0147465E-01
   ga70     70   0.0000000E+00  0.0000000E+00  0.0000000E+00  0.0000000E+00  0.0000000E+00  0.0000000E+00
   ga71     71   2.9575620E-08  4.4838465E-08  1.5262845E-08  1.4311672E-08  4.8719500E-09  4.6798760E-01
   ge70     70   5.1216901E-08  7.6076091E-08  2.4859190E-08  2.4282187E-08  7.9351352E-09  4.8573348E-01
   ge71     71   1.9727082E-32  1.9727082E-32  0.0000000E+00  6.2965472E-33  0.0000000E+00  0.0000000E+00
   ge72     72   4.9084640E-08  8.2874550E-08  3.3789910E-08  2.6452140E-08  1.0785850E-08  3.8960642E-01
   ge73     73   1.4531879E-08  2.4148060E-08  9.6161807E-09  7.7076479E-09  3.0695164E-09  3.9985186E-01
   ge74     74   6.4177542E-08  1.0992758E-07  4.5750031E-08  3.5087002E-08  1.4603560E-08  3.8068753E-01
   as75     75   5.8756031E-09  1.2582949E-08  6.7073458E-09  4.0162620E-09  2.1410067E-09  2.7320403E-01
   se76     76   2.0780920E-08  2.7763878E-08  6.9829578E-09  8.8617549E-09  2.2289830E-09  5.9941304E-01
   se77     77   8.2109457E-09  1.3972127E-08  5.7611809E-09  4.4596637E-09  1.8389880E-09  3.8472325E-01
   se78     78   5.3674569E-08  7.1855510E-08  1.8180939E-08  2.2935049E-08  5.8034155E-09  5.9681606E-01
   se79     79   1.0029249E-08  1.0029249E-08  0.0000000E+00  3.2011647E-09  0.0000000E+00  0.0000000E+00
   se80     80   6.7883619E-08  1.0680183E-07  3.8918206E-08  3.4089318E-08  1.2422819E-08  4.3839815E-01
   br79     79   1.9942390E-09  8.2178762E-09  6.2236372E-09  2.6230056E-09  1.9866055E-09  1.2068759E-01
   br80     80   0.0000000E+00  0.0000000E+00  0.0000000E+00  0.0000000E+00  0.0000000E+00  0.0000000E+00
   br81     81   9.0795096E-09  1.5287146E-08  6.2076362E-09  4.8793956E-09  1.9814979E-09  3.9137244E-01
   kr80     80  -3.4710679E-11  1.4484676E-09  1.4831782E-09  4.6232609E-10  4.7343540E-10 -1.0312336E-02
   kr81     81   2.4455267E-13  2.4455267E-13  0.0000000E+00  7.8057034E-14  0.0000000E+00  0.0000000E+00
   kr82     82   3.1390446E-08  3.9007919E-08  7.6174729E-09  1.2450661E-08  2.4315223E-09  7.0931417E-01
   kr83     83   1.1049600E-08  1.8688205E-08  7.6386044E-09  5.9649556E-09  2.4382678E-09  3.8852581E-01
   kr84     84   7.4475992E-08  1.1257447E-07  3.8098477E-08  3.5931844E-08  1.2161159E-08  4.7050455E-01
   kr-5     85  -6.1945390E-14 -6.1945390E-14  0.0000000E+00 -1.9771909E-14  0.0000000E+00  0.0000000E+00
   kr*5     85   0.0000000E+00  0.0000000E+00  0.0000000E+00  0.0000000E+00  0.0000000E+00  0.0000000E+00
   kr86     86   3.7659277E-07  3.8838857E-07  1.1795807E-08  1.2396700E-07  3.7652601E-09  1.5175111E+00
   rb85     85   2.6461386E-08  3.2644856E-08  6.1834706E-09  1.0419680E-08  1.9737840E-09  7.2255480E-01
   rb86     86   4.2146471E-31  4.2146471E-31  0.0000000E+00  1.3452433E-31  0.0000000E+00  0.0000000E+00
   rb87     87   6.7198734E-08  6.9803306E-08  2.6045721E-09  2.2280021E-08  8.3138801E-10  1.4281119E+00
   sr86     86   1.3688968E-08  1.6574393E-08  2.8854248E-09  5.2902629E-09  9.2103702E-10  7.5920016E-01
   sr87     87   6.3293664E-09  8.3692866E-09  2.0399205E-09  2.6713332E-09  6.5114930E-10  6.1304748E-01
   sr88     88   1.9778935E-07  2.2252726E-07  2.4737917E-08  7.1026896E-08  7.8964248E-09  9.5399237E-01
   sr89     89  -7.0720348E-27 -7.0720348E-27  0.0000000E+00 -2.2572725E-27  0.0000000E+00  0.0000000E+00
   sr90     90   6.5136931E-13  6.5136931E-13  0.0000000E+00  2.0790594E-13  0.0000000E+00  0.0000000E+00
    y89     89   6.0349294E-08  6.6249967E-08  5.9006724E-09  2.1145857E-08  1.8835140E-09  1.0502565E+00
    y90     90   1.6472627E-16  1.6472627E-16  0.0000000E+00  5.2577810E-17  0.0000000E+00  0.0000000E+00
    y91     91  -1.2793141E-26 -1.2793141E-26  0.0000000E+00 -4.0833517E-27  0.0000000E+00  0.0000000E+00
   zr90     90   5.2848470E-08  5.9881174E-08  7.0327042E-09  1.9113047E-08  2.2448623E-09  9.3014026E-01
   zr91     91   1.5158193E-08  1.6708873E-08  1.5506797E-09  5.3331863E-09  4.9498206E-10  1.0323973E+00
   zr92     92   2.7912613E-08  3.0308922E-08  2.3963096E-09  9.6740900E-09  7.6490991E-10  1.1019999E+00
   zr93     93   1.0164262E-08  1.0164262E-08  0.0000000E+00  3.2442586E-09  0.0000000E+00  0.0000000E+00
   zr94     94   3.6469267E-08  3.8950532E-08  2.4812661E-09  1.2432344E-08  7.9202828E-10  1.1958123E+00
   zr95     95  -1.8880456E-25 -1.8880456E-25  0.0000000E+00 -6.0263186E-26  0.0000000E+00  0.0000000E+00
   zr96     96   4.4039197E-08  4.4447447E-08  4.0824871E-10  1.4186865E-08  1.3031433E-10  2.0368946E+00
   nb93     93   5.2052640E-10  1.5920082E-09  1.0714818E-09  5.0814181E-10  3.4202050E-10  1.7193285E-01
   nb94     94   2.2976571E-15  2.2976571E-15  0.0000000E+00  7.3337288E-16  0.0000000E+00  0.0000000E+00
   nb95     95  -2.2752575E-25 -2.2752575E-25  0.0000000E+00 -7.2622332E-26  0.0000000E+00  0.0000000E+00
   mo94     94  -7.8274054E-12  3.2798070E-10  3.3580810E-10  1.0468583E-10  1.0719105E-10 -1.0270641E-02
   mo95     95   6.6273991E-09  7.2147781E-09  5.8737915E-10  2.3028339E-09  1.8749335E-10  1.0892768E+00
   mo96     96   1.3928478E-08  1.4553287E-08  6.2480848E-10  4.6451603E-09  1.9944092E-10  1.3671865E+00
   mo97     97   5.5006919E-09  5.8641794E-09  3.6348732E-10  1.8717459E-09  1.1602635E-10  1.2076902E+00
   mo98     98   1.4902977E-08  1.5836138E-08  9.3316033E-10  5.0546243E-09  2.9786784E-10  1.2296653E+00
   tc99     99   1.3254252E-09  1.3254252E-09  0.0000000E+00  4.2305306E-10  0.0000000E+00  0.0000000E+00
   ru99     99   4.8488769E-10  8.1070795E-10  3.2582023E-10  2.5876412E-10  1.0400289E-10  3.9585865E-01
  ru100    100   6.0516188E-09  6.3766015E-09  3.2498254E-10  2.0353021E-09  1.0373549E-10  1.2927016E+00
  ru101    101   1.2470157E-09  1.6914361E-09  4.4442039E-10  5.3987748E-10  1.4186044E-10  5.8043391E-01
  ru102    102   6.9970096E-09  7.8270253E-09  8.3001545E-10  2.4982527E-09  2.6494365E-10  9.7448289E-01
  rh103    103   1.1200324E-09  1.6500989E-09  5.3006655E-10  5.2668336E-10  1.6919897E-10  4.9315190E-01
  pd104    104   3.4864438E-09  3.7184047E-09  2.3196095E-10  1.1868512E-09  7.4042696E-11  1.2049141E+00
  pd105    105   8.4716528E-10  1.3165939E-09  4.6942866E-10  4.2023426E-10  1.4984318E-10  4.4785443E-01
  pd106    106   3.7297450E-09  4.3097583E-09  5.8001332E-10  1.3756012E-09  1.8514214E-10  8.7098730E-01
  pd107    107   7.1151218E-10  7.1151218E-10  0.0000000E+00  2.2710252E-10  0.0000000E+00  0.0000000E+00
  pd108    108   4.4179367E-09  4.9900826E-09  5.7214589E-10  1.5927490E-09  1.8263085E-10  9.4057322E-01
  ag107    107   1.6645851E-12  3.9569970E-10  3.9403511E-10  1.2630058E-10  1.2577731E-10  1.8030409E-03
  ag108    108   0.0000000E+00  0.0000000E+00  0.0000000E+00  0.0000000E+00  0.0000000E+00  0.0000000E+00
  ag109    109   1.0675725E-09  1.4404882E-09  3.7291567E-10  4.5977919E-10  1.1903591E-10  5.8687139E-01
  cd108    108  -2.6541616E-13  2.1830086E-11  2.2095503E-11  6.9677905E-12  7.0529567E-12 -5.2761585E-03
  cd109    109  -1.3396132E-24 -1.3396132E-24  0.0000000E+00 -4.2758164E-25  0.0000000E+00  0.0000000E+00
  cd110    110   3.6499679E-09  3.9657944E-09  3.1582637E-10  1.2658138E-09  1.0081281E-10  1.0988542E+00
  cd111    111   1.1756451E-09  1.5022499E-09  3.2660480E-10  4.7949250E-10  1.0425332E-10  6.6269195E-01
  cd112    112   4.4627484E-09  5.0839990E-09  6.2125077E-10  1.6227255E-09  1.9830529E-10  9.1291070E-01
  cd113    113   1.2895607E-09  1.6069843E-09  3.1742370E-10  5.1292193E-10  1.0132269E-10  7.0434457E-01
  cd114    114   6.3553238E-09  7.1082118E-09  7.5288803E-10  2.2688196E-09  2.4032434E-10  9.7500217E-01
  in115    115   1.2018999E-09  1.4857890E-09  2.8388916E-10  4.7423848E-10  9.0618360E-11  7.1878064E-01
  sn116    116   8.9118961E-09  9.8000914E-09  8.8819530E-10  3.1280216E-09  2.8351485E-10  1.0426940E+00
  sn117    117   2.5730991E-09  3.0462932E-09  4.7319404E-10  9.7232467E-10  1.5104511E-10  8.0870461E-01
  sn118    118   1.3251902E-08  1.4694811E-08  1.4429086E-09  4.6903321E-09  4.6058116E-10  1.0078975E+00
  sn119    119   3.8265657E-09  4.3648773E-09  5.3831184E-10  1.3931942E-09  1.7183090E-10  9.0891039E-01
  sn120    120   2.3499673E-08  2.5558510E-08  2.0588364E-09  8.1578397E-09  6.5718736E-10  1.0938860E+00
  sb121    121   1.6732045E-09  1.9907063E-09  3.1750177E-10  6.3539940E-10  1.0134760E-10  7.9723334E-01
  te122    122   2.9682332E-09  3.1792833E-09  2.1105018E-10  1.0147728E-09  6.7367910E-11  1.1779158E+00
  te123    123   1.0873862E-09  1.1616516E-09  7.4265344E-11  3.7077932E-10  2.3705742E-11  1.1942620E+00
  te124    124   5.8090874E-09  6.2078316E-09  3.9874420E-10  1.9814337E-09  1.2728045E-10  1.1922179E+00
  te125    125   1.9427315E-09  2.5422764E-09  5.9954480E-10  8.1145118E-10  1.9137668E-10  6.2737346E-01
  te126    126   1.1537980E-08  1.3148420E-08  1.6104397E-09  4.1967509E-09  5.1405763E-10  9.1190141E-01
   i127    127   1.4781054E-09  3.4978218E-09  2.0197164E-09  1.1164449E-09  6.4470013E-10  2.3847955E-01
   i128    128   0.0000000E+00  0.0000000E+00  0.0000000E+00  0.0000000E+00  0.0000000E+00  0.0000000E+00
   i129    129   2.2651720E-12  2.2651720E-12  0.0000000E+00  7.2300418E-13  0.0000000E+00  0.0000000E+00
  xe128    128   3.7085666E-09  3.9267163E-09  2.1814966E-10  1.2533407E-09  6.9634090E-11  1.2552472E+00
  xe129    129   1.3901789E-09  4.1287760E-09  2.7385971E-09  1.3178347E-09  8.7416918E-10  1.7826551E-01
  xe130    130   7.6640800E-09  8.1071887E-09  4.4310833E-10  2.5876761E-09  1.4144164E-10  1.2623327E+00
  xe131    131   2.9336249E-09  5.1471267E-09  2.2135018E-09  1.6428748E-09  7.0655709E-10  3.6645722E-01
  xe132    132   1.6173226E-08  1.8899343E-08  2.7261167E-09  6.0323471E-09  8.7018531E-10  8.4087461E-01
  xe133    133   1.5941905E-35  1.5941905E-35  0.0000000E+00  5.0883835E-36  0.0000000E+00  0.0000000E+00
  xe134    134   1.6580438E-08  1.7602259E-08  1.0218210E-09  5.6183400E-09  3.2616862E-10  1.2361659E+00
  cs133    133   2.1900601E-09  2.9067717E-09  7.1671147E-10  9.2779184E-10  2.2877664E-10  6.0803884E-01
  cs134    134   5.5282507E-18  5.5282507E-18  0.0000000E+00  1.7645231E-18  0.0000000E+00  0.0000000E+00
  cs135    135   3.9261492E-09  3.9261492E-09  0.0000000E+00  1.2531597E-09  0.0000000E+00  0.0000000E+00
  cs136    136   5.9698685E-33  5.9698685E-33  0.0000000E+00  1.9054800E-33  0.0000000E+00  0.0000000E+00
  cs137    137   1.4331609E-12  1.4331609E-12  0.0000000E+00  4.5744045E-13  0.0000000E+00  0.0000000E+00
  ba134    134   5.1721023E-09  5.3918221E-09  2.1971963E-10  1.7209775E-09  7.0135231E-11  1.3898391E+00
  ba135    135   1.8205859E-09  2.4243147E-09  6.0372879E-10  7.7379980E-10  1.9271221E-10  6.0371941E-01
  ba136    136   1.8624158E-08  1.9348796E-08  7.2463824E-10  6.1758048E-09  2.3130689E-10  1.4265051E+00
  ba137    137   4.8833666E-08  4.9877592E-08  1.0439251E-09  1.5920074E-08  3.3322431E-10  1.6792084E+00
  ba138    138   2.3375767E-07  2.4047011E-07  6.7124399E-09  7.6753949E-08  2.1426330E-09  1.5541531E+00
  la139    139   2.8395752E-08  2.9316446E-08  9.2069491E-10  9.3573087E-09  2.9388883E-10  1.5029680E+00
  ce140    140   8.8852666E-08  9.0962814E-08  2.1101496E-09  2.9033774E-08  6.7356665E-10  1.6345230E+00
  ce141    141  -1.7522630E-31 -1.7522630E-31  0.0000000E+00 -5.5929240E-32  0.0000000E+00  0.0000000E+00
  ce142    142   1.5570418E-08  1.5839358E-08  2.6894029E-10  5.0556523E-09  8.5846621E-11  1.7700540E+00
  pr141    141   9.3034913E-09  9.6671648E-09  3.6367384E-10  3.0855938E-09  1.1608588E-10  1.4245595E+00
  nd142    142   1.8082870E-08  1.8567993E-08  4.8512278E-10  5.9265859E-09  1.5485278E-10  1.5828856E+00
  nd143    143   4.2088093E-09  4.4260036E-09  2.1719421E-10  1.4127046E-09  6.9329098E-11  1.3091359E+00
  nd144    144   1.2814012E-08  1.3245664E-08  4.3165196E-10  4.2277897E-09  1.3778473E-10  1.4869124E+00
  nd145    145   2.4120783E-09  2.5725964E-09  1.6051799E-10  8.2112878E-10  5.1237868E-11  1.2048203E+00
  nd146    146   1.1428172E-08  1.1744113E-08  3.1594127E-10  3.7485202E-09  1.0084949E-10  1.5701863E+00
  nd147    147   2.5903508E-33  2.5903508E-33  0.0000000E+00  8.2679571E-34  0.0000000E+00  0.0000000E+00
  nd148    148   1.6146888E-09  1.7215566E-09  1.0686769E-10  5.4949140E-10  3.4112515E-11  1.2070472E+00
  pm147    147  -8.7697894E-17 -8.7697894E-17  0.0000000E+00 -2.7991670E-17  0.0000000E+00  0.0000000E+00
  pm148    148   0.0000000E+00  0.0000000E+00  0.0000000E+00  0.0000000E+00  0.0000000E+00  0.0000000E+00
  sm147    147   1.3703089E-09  1.4563315E-09  8.6022613E-11  4.6483611E-10  2.7458699E-11  1.2286199E+00
  sm148    148   2.8393743E-09  2.9043155E-09  6.4941240E-11  9.2700786E-10  2.0729458E-11  1.6504955E+00
  sm149    149   5.3174504E-10  6.1213257E-10  8.0387523E-11  1.9538225E-10  2.5659962E-11  8.8162911E-01
  sm150    150   2.4701066E-09  2.5133222E-09  4.3215719E-11  8.0220947E-10  1.3794600E-11  1.7645787E+00
  sm151    151   8.0975327E-14  8.0975327E-14  0.0000000E+00  2.5845940E-14  0.0000000E+00  0.0000000E+00
  sm152    152   2.2245401E-09  2.3832745E-09  1.5873432E-10  7.6070045E-10  5.0668515E-11  1.1764755E+00
  eu151    151   3.6790959E-10  4.7262000E-10  1.0471041E-10  1.5085222E-10  3.3423906E-11  6.5449452E-01
  eu152    152   4.2080187E-19  4.2080187E-19  0.0000000E+00  1.3431277E-19  0.0000000E+00  0.0000000E+00
  eu153    153   4.2621554E-10  5.4203297E-10  1.1581745E-10  1.7300766E-10  3.6969310E-11  6.7022407E-01
  eu154    154  -5.1537012E-17 -5.1537012E-17  0.0000000E+00 -1.6449732E-17  0.0000000E+00  0.0000000E+00
  eu155    155  -4.0935104E-17 -4.0935104E-17  0.0000000E+00 -1.3065785E-17  0.0000000E+00  0.0000000E+00
  gd152    152   4.4909367E-13  1.9779638E-12  1.5288701E-12  6.3133223E-13  4.8802032E-13  1.1182006E-01
  gd153    153  -1.1060342E-27 -1.1060342E-27  0.0000000E+00 -3.5302722E-28  0.0000000E+00  0.0000000E+00
  gd154    154   9.9449460E-10  1.0113786E-09  1.6884091E-11  3.2281477E-10  5.3894575E-12  1.7774084E+00
  gd155    155   4.2262349E-10  5.3799321E-10  1.1536973E-10  1.7171824E-10  3.6826396E-11  6.6865724E-01
  gd156    156   1.6690065E-09  1.8296016E-09  1.6059511E-10  5.8397753E-10  5.1262487E-11  1.0565965E+00
  gd157    157   8.0515172E-10  9.2871866E-10  1.2356692E-10  2.9643113E-10  3.9442966E-11  8.7595427E-01
  gd158    158   3.2333431E-09  3.4307237E-09  1.9738049E-10  1.0950284E-09  6.3004497E-11  1.2400539E+00
  gd159    159   0.0000000E+00  0.0000000E+00  0.0000000E+00  0.0000000E+00  0.0000000E+00  0.0000000E+00
  gd160    160   2.1719160E-10  3.9309189E-10  1.7590029E-10  1.2546821E-10  5.6147954E-11  3.4919977E-01
  tb159    159   7.0288397E-10  8.5178403E-10  1.4890007E-10  2.7187491E-10  4.7529390E-11  7.5740695E-01
  tb160    160  -7.4870789E-27 -7.4870789E-27  0.0000000E+00 -2.3897476E-27  0.0000000E+00  0.0000000E+00
  tb161    161   8.7601686E-36  8.7601686E-36  0.0000000E+00  2.7960960E-36  0.0000000E+00  0.0000000E+00
  dy160    160   1.1553586E-09  1.1778897E-09  2.2531118E-11  3.7596223E-10  7.1920070E-12  1.7182941E+00
  dy161    161   5.6903660E-10  7.5291573E-10  1.8387915E-10  2.4031782E-10  5.8694827E-11  6.1218619E-01
  dy162    162   2.4278106E-09  2.6773441E-09  2.4953356E-10  8.5456248E-10  7.9651931E-11  1.0305475E+00
  dy163    163   1.0479650E-09  1.2933302E-09  2.4536512E-10  4.1280890E-10  7.8321356E-11  7.2186887E-01
  dy164    164   5.0360502E-09  5.3162736E-09  2.8022351E-10  1.6968636E-09  8.9448268E-11  1.2780751E+00
  ho165    165   9.4471098E-10  1.1629727E-09  2.1826174E-10  3.7120101E-10  6.9669867E-11  7.2656423E-01
  er166    166   2.1282633E-09  2.3356066E-09  2.0734323E-10  7.4548567E-10  6.6184641E-11  1.0516820E+00
  er167    167   8.7217017E-10  1.0145520E-09  1.4238181E-10  3.2382766E-10  4.5448742E-11  8.5279208E-01
  er168    168   3.3146128E-09  3.4835828E-09  1.6896985E-10  1.1119000E-09  5.3935734E-11  1.3141892E+00
  er169    169   1.0744292E-33  1.0744292E-33  0.0000000E+00  3.4293943E-34  0.0000000E+00  0.0000000E+00
  er170    170   1.1574829E-09  1.2519801E-09  9.4497229E-11  3.9961062E-10  3.0163826E-11  1.1221507E+00
  tm169    169   8.4326035E-10  9.4311747E-10  9.9857116E-11  3.0102698E-10  3.1874718E-11  9.7515905E-01
  tm170    170   2.0407076E-23  2.0407076E-23  0.0000000E+00  6.5135898E-24  0.0000000E+00  0.0000000E+00
  tm171    171   3.6370437E-18  3.6370437E-18  0.0000000E+00  1.1608821E-18  0.0000000E+00  0.0000000E+00
  yb170    170   1.0275373E-09  1.0464237E-09  1.8886453E-11  3.3400055E-10  6.0286177E-12  1.7435294E+00
  yb171    171   1.5819747E-09  1.6718006E-09  8.9825883E-11  5.3361016E-10  2.8672717E-11  1.2697552E+00
  yb172    172   4.1327115E-09  4.2718020E-09  1.3909052E-10  1.3634862E-09  4.4398148E-11  1.4872860E+00
  yb173    173   1.9190391E-09  2.0228790E-09  1.0383994E-10  6.4566841E-10  3.3146048E-11  1.2895778E+00
  yb174    174   8.7470298E-09  8.9548049E-09  2.0777492E-10  2.8582205E-09  6.6322434E-11  1.6344354E+00
  lu175    175   1.1516649E-09  1.2454439E-09  9.3778943E-11  3.9752437E-10  2.9934548E-11  1.1231911E+00
  lu176    176   8.6232238E-10  8.6505969E-10  2.7373364E-12  2.7611227E-10  8.7376677E-13  2.4996903E+00
  lu177    177   1.3329938E-34  1.3329938E-34  0.0000000E+00  4.2546883E-35  0.0000000E+00  0.0000000E+00
  hf176    176  -4.9451762E-13  2.0568110E-11  2.1062627E-11  6.5649890E-12  6.7232595E-12 -1.0345870E-02
  hf177    177   9.4404606E-10  1.0197505E-09  7.5704457E-11  3.2548692E-10  2.4165113E-11  1.1293447E+00
  hf178    178   4.3018060E-09  4.4134962E-09  1.1169011E-10  1.4087126E-09  3.5651850E-11  1.5967404E+00
  hf179    179   1.5166739E-09  1.5727541E-09  5.6080283E-11  5.0199622E-10  1.7901011E-11  1.4478230E+00
  hf180    180   8.3555660E-09  8.5007992E-09  1.4523278E-10  2.7133098E-09  4.6358781E-11  1.7673674E+00
  hf181    181  -4.5209866E-29 -4.5209866E-29  0.0000000E+00 -1.4430217E-29  0.0000000E+00  0.0000000E+00
  hf182    182   2.9037519E-09  2.9037519E-09  0.0000000E+00  9.2682795E-10  0.0000000E+00  0.0000000E+00
  ta181    181   2.0541782E-09  2.1157125E-09  6.1534423E-11  6.7529926E-10  1.9641989E-11  1.5363109E+00
  ta182    182   3.1154696E-17  3.1154696E-17  0.0000000E+00  9.9440460E-18  0.0000000E+00  0.0000000E+00
  ta183    183   3.5456308E-36  3.5456308E-36  0.0000000E+00  1.1317047E-36  0.0000000E+00  0.0000000E+00
   w182    182   3.5423890E-09  3.6389523E-09  9.6563139E-11  1.1614913E-09  3.0823271E-11  1.5761373E+00
   w183    183   2.6873870E-09  2.7398177E-09  5.2430806E-11  8.7450297E-10  1.6736085E-11  1.7181075E+00
   w184    184   6.6083601E-09  6.7212351E-09  1.1287493E-10  2.1453033E-09  3.6030047E-11  1.7748239E+00
   w185    185  -1.1258781E-25 -1.1258781E-25  0.0000000E+00 -3.5936102E-26  0.0000000E+00  0.0000000E+00
   w186    186   3.1581648E-09  3.2640370E-09  1.0587212E-10  1.0418248E-09  3.3794727E-11  1.4889458E+00
  re185    185   1.3260923E-09  1.3799029E-09  5.3810543E-11  4.4044141E-10  1.7176502E-11  1.4089535E+00
  re186    186   9.5946704E-37  9.5946704E-37  0.0000000E+00  3.0624548E-37  0.0000000E+00  0.0000000E+00
  re187    187   7.0127348E-10  7.9940338E-10  9.8129872E-11  2.5515590E-10  3.1323378E-11  9.1093707E-01
  os186    186   2.4753100E-09  2.5051348E-09  2.9824823E-11  7.9959617E-10  9.5201815E-12  1.9242256E+00
  os187    187   7.1333822E-10  7.3718764E-10  2.3849422E-11  2.3529770E-10  7.6128140E-12  1.4900725E+00
  os188    188   5.4735501E-09  5.7251457E-09  2.5159549E-10  1.8273686E-09  8.0310106E-11  1.3570560E+00
  os189    189   1.1223866E-09  1.4307741E-09  3.0838737E-10  4.5667861E-10  9.8438258E-11  6.6644681E-01
  os190    190   5.3188569E-09  5.8230203E-09  5.0416338E-10  1.8586085E-09  1.6093059E-10  1.0625494E+00
  os191    191   2.8456129E-32  2.8456129E-32  0.0000000E+00  9.0827098E-33  0.0000000E+00  0.0000000E+00
  os192    192   1.2106214E-09  2.0018811E-09  7.9125972E-10  6.3896621E-10  2.5257268E-10  4.0309152E-01
  ir191    191   1.0127923E-09  1.6799639E-09  6.6717160E-10  5.3621579E-10  2.1296337E-10  4.0103471E-01
  ir192    192   5.9158058E-28  5.9158058E-28  0.0000000E+00  1.8882241E-28  0.0000000E+00  0.0000000E+00
  ir193    193   1.2134338E-09  2.3466673E-09  1.1332335E-09  7.4901607E-10  3.6173187E-10  3.1610438E-01
  pt192    192   1.2766659E-09  1.3047197E-09  2.8053827E-11  4.1644421E-10  8.9548742E-12  1.6674974E+00
  pt193    193   2.4228585E-14  2.4228585E-14  0.0000000E+00  7.7333498E-15  0.0000000E+00  0.0000000E+00
  pt194    194   4.1121662E-09  5.3071831E-09  1.1950171E-09  1.6939621E-09  3.8145337E-10  6.4746225E-01
  pt195    195   1.6777926E-09  2.9105269E-09  1.2327344E-09  9.2899044E-10  3.9349285E-10  3.7307441E-01
  pt196    196   7.2330080E-09  8.1574374E-09  9.2442920E-10  2.6037146E-09  2.9508085E-10  9.4565237E-01
  au197    197   2.3523796E-09  2.9095166E-09  5.5713689E-10  9.2866798E-10  1.7783992E-10  7.1783125E-01
  hg198    198   8.0241040E-09  8.1549807E-09  1.3087641E-10  2.6029303E-09  4.1776180E-11  1.7945338E+00
  hg199    199   3.5196999E-09  3.7422661E-09  2.2256627E-10  1.1944673E-09  7.1043886E-11  1.2256477E+00
  hg200    200   1.1582094E-08  1.1888381E-08  3.0628680E-10  3.7945678E-09  9.7767745E-11  1.5889668E+00
  hg201    201   4.7897335E-09  4.9653597E-09  1.7562628E-10  1.5848579E-09  5.6060479E-11  1.4513336E+00
  hg202    202   1.8309024E-08  1.8708901E-08  3.9987771E-10  5.9715615E-09  1.2764229E-10  1.6700933E+00
  tl203    203   9.7907851E-09  9.9489661E-09  1.5818141E-10  3.1755398E-09  5.0492024E-11  1.7985948E+00
  tl204    204  -2.1438156E-15 -2.1438156E-15  0.0000000E+00 -6.8426927E-16  0.0000000E+00  0.0000000E+00
  tl205    205   2.1470164E-08  2.1851488E-08  3.8132317E-10  6.9746213E-09  1.2171961E-10  1.7581601E+00
  pb204    204   6.8915842E-09  7.0918027E-09  2.0021855E-10  2.2635822E-09  6.3910419E-11  1.5492247E+00
  pb205    205   1.0132338E-09  1.0132338E-09  0.0000000E+00  3.2340691E-10  0.0000000E+00  0.0000000E+00
  pb206    206   8.5978996E-08  8.7860258E-08  1.8812623E-09  2.8043493E-08  6.0050509E-10  1.6693155E+00
  pb207    207   1.4731020E-07  1.4940214E-07  2.0919364E-09  4.7686608E-08  6.6775296E-10  1.8537806E+00
  pb208    208   1.2931968E-06  1.2992134E-06  6.0166885E-09  4.1468670E-07  1.9205468E-09  2.3342953E+00
  bi209    209   5.4034782E-08  5.4453231E-08  4.1844894E-10  1.7380540E-08  1.3357027E-10  2.1143537E+00
  bi210    210   2.1071253E-36  2.1071253E-36  0.0000000E+00  6.7255838E-37  0.0000000E+00  0.0000000E+00
  po210    210   5.4194857E-08  5.4194857E-08  0.0000000E+00  1.7298072E-08  0.0000000E+00  0.0000000E+00
