# Initial mass = 4.500, Z =  0.0028, Y =  0.250, M_mix = 1.00E-04
# Final mass = 0.886, Mass expelled =   3.6140
  species    A      yield       mass(i)_lost    mass(i)_0        <X(i)>           X0(i)   log10(<X(i)>/X0(i)) 
      n      1   0.0000000E+00  0.0000000E+00  0.0000000E+00  0.0000000E+00  0.0000000E+00  0.0000000E+00
      p      1  -2.3920965E-01  2.4609046E+00  2.7001143E+00  6.8093646E-01  7.4716753E-01 -4.0311389E-02
      d      2   1.9361936E-17  1.9361936E-17  0.0000000E+00  5.3574805E-18  0.0000000E+00  0.0000000E+00
    he3      3   1.4264481E-05  1.4264481E-05  0.0000000E+00  3.9470060E-06  0.0000000E+00  0.0000000E+00
    he4      4   2.1704942E-01  1.1204602E+00  9.0341073E-01  3.1003320E-01  2.4998912E-01  9.3487114E-02
    li7      7   1.7886997E-08  2.4463828E-08  6.5768306E-09  6.7691825E-09  1.8199209E-09  5.7048374E-01
    be7      7   2.8828745E-11  2.8828745E-11  0.0000000E+00  7.9769628E-12  0.0000000E+00  0.0000000E+00
     b8      8   2.0235182E-24  2.0235182E-24  0.0000000E+00  5.5991089E-25  0.0000000E+00  0.0000000E+00
    c12     12   2.1810089E-03  3.9917910E-03  1.8107820E-03  1.1045353E-03  5.0107419E-04  3.4327757E-01
    c13     13   5.7039829E-04  5.9234141E-04  2.1943126E-05  1.6390187E-04  6.0720358E-06  1.4312497E+00
    c14     14   6.4340703E-08  6.4340703E-08  0.0000000E+00  1.7803181E-08  0.0000000E+00  0.0000000E+00
    n13     13   0.0000000E+00  0.0000000E+00  0.0000000E+00  0.0000000E+00  0.0000000E+00  0.0000000E+00
    n14     14   1.9040601E-02  1.9575976E-02  5.3537422E-04  5.4167057E-03  1.4814714E-04  1.5630420E+00
    n15     15  -9.3121184E-07  3.8747871E-07  1.3186906E-06  1.0721601E-07  3.6490411E-07 -5.3191912E-01
    o14     14   0.0000000E+00  0.0000000E+00  0.0000000E+00  0.0000000E+00  0.0000000E+00  0.0000000E+00
    o15     15   0.0000000E+00  0.0000000E+00  0.0000000E+00  0.0000000E+00  0.0000000E+00  0.0000000E+00
    o16     16  -3.1688949E-04  4.0556765E-03  4.3725660E-03  1.1222125E-03  1.2099633E-03 -3.2697104E-02
    o17     17   7.7244331E-06  9.4894958E-06  1.7650623E-06  2.6257594E-06  4.8842276E-07  7.3045903E-01
    o18     18  -9.6390286E-06  1.9924511E-07  9.8382734E-06  5.5131459E-08  2.7224175E-06 -1.6935552E+00
    o19     19   0.0000000E+00  0.0000000E+00  0.0000000E+00  0.0000000E+00  0.0000000E+00  0.0000000E+00
    f17     17   0.0000000E+00  0.0000000E+00  0.0000000E+00  0.0000000E+00  0.0000000E+00  0.0000000E+00
    f18     18   0.0000000E+00  0.0000000E+00  0.0000000E+00  0.0000000E+00  0.0000000E+00  0.0000000E+00
    f19     19   3.1438771E-07  5.9770309E-07  2.8331539E-07  1.6538546E-07  7.8398187E-08  3.2419130E-01
    f20     20   0.0000000E+00  0.0000000E+00  0.0000000E+00  0.0000000E+00  0.0000000E+00  0.0000000E+00
   ne19     19   0.0000000E+00  0.0000000E+00  0.0000000E+00  0.0000000E+00  0.0000000E+00  0.0000000E+00
   ne20     20  -4.5573688E-06  8.9239219E-04  8.9694955E-04  2.4692641E-04  2.4820119E-04 -2.2363418E-03
   ne21     21  -1.5537506E-06  7.0387284E-07  2.2576235E-06  1.9476280E-07  6.2472282E-07 -5.0618136E-01
   ne22     22   5.4206542E-04  6.1461405E-04  7.2548653E-05  1.7006474E-04  2.0075448E-05  9.2794907E-01
   ne23     23   0.0000000E+00  0.0000000E+00  0.0000000E+00  0.0000000E+00  0.0000000E+00  0.0000000E+00
   na21     21   0.0000000E+00  0.0000000E+00  0.0000000E+00  0.0000000E+00  0.0000000E+00  0.0000000E+00
   na22     22   4.3701206E-11  4.3701206E-11  0.0000000E+00  1.2092197E-11  0.0000000E+00  0.0000000E+00
   na23     23   2.9601797E-05  5.3882657E-05  2.4280860E-05  1.4909422E-05  6.7189276E-06  3.4616089E-01
   na24     24   0.0000000E+00  0.0000000E+00  0.0000000E+00  0.0000000E+00  0.0000000E+00  0.0000000E+00
   mg23     23   0.0000000E+00  0.0000000E+00  0.0000000E+00  0.0000000E+00  0.0000000E+00  0.0000000E+00
   mg24     24  -9.6938747E-06  4.1816724E-04  4.2786112E-04  1.1570758E-04  1.1839645E-04 -9.9768480E-03
   mg25     25   4.6657111E-05  1.0308054E-04  5.6423425E-05  2.8522558E-05  1.5613321E-05  2.6169318E-01
   mg26     26   3.7184989E-05  1.0179201E-04  6.4607026E-05  2.8166023E-05  1.7877861E-05  1.9741002E-01
   mg27     27   0.0000000E+00  0.0000000E+00  0.0000000E+00  0.0000000E+00  0.0000000E+00  0.0000000E+00
   al25     25   0.0000000E+00  0.0000000E+00  0.0000000E+00  0.0000000E+00  0.0000000E+00  0.0000000E+00
   al-6     26   7.2951752E-07  7.2951752E-07  0.0000000E+00  2.0185873E-07  0.0000000E+00  0.0000000E+00
   al*6     26   0.0000000E+00  0.0000000E+00  0.0000000E+00  0.0000000E+00  0.0000000E+00  0.0000000E+00
   al27     27   7.4577874E-06  4.8657002E-05  4.1199215E-05  1.3463475E-05  1.1400523E-05  7.2232366E-02
   al28     28   0.0000000E+00  0.0000000E+00  0.0000000E+00  0.0000000E+00  0.0000000E+00  0.0000000E+00
   si27     27   0.0000000E+00  0.0000000E+00  0.0000000E+00  0.0000000E+00  0.0000000E+00  0.0000000E+00
   si28     28   1.1063123E-05  4.8481749E-04  4.7375436E-04  1.3414981E-04  1.3109591E-04  1.0000972E-02
   si29     29   1.6999966E-06  2.6616210E-05  2.4916213E-05  7.3647502E-06  6.8947397E-06  2.8640164E-02
   si30     30   2.4975616E-06  1.9488334E-05  1.6990773E-05  5.3924550E-06  4.7016356E-06  5.9537541E-02
    p31     31   5.8364913E-07  5.3139297E-06  4.7302806E-06  1.4703734E-06  1.3089490E-06  5.0504915E-02
    p32     32   3.4964584E-29  3.4964584E-29  0.0000000E+00  9.6747594E-30  0.0000000E+00  0.0000000E+00
    p33     33   1.7882281E-29  1.7882281E-29  0.0000000E+00  4.9480571E-30  0.0000000E+00  0.0000000E+00
    s32     32  -1.5710975E-06  2.2545588E-04  2.2702698E-04  6.2384024E-05  6.2822226E-05 -3.0399458E-03
    s33     33   4.9681717E-08  1.9240329E-06  1.8743511E-06  5.3238313E-07  5.1866482E-07  1.1337463E-02
    s34     34   4.1771727E-07  1.1318445E-05  1.0900728E-05  3.1318330E-06  3.0164167E-06  1.6307263E-02
    s35     35  -2.1556688E-22 -2.1556688E-22  0.0000000E+00 -5.9647723E-23  0.0000000E+00  0.0000000E+00
    s36     36   4.7173668E-08  1.0098196E-07  5.3808296E-08  2.7941880E-08  1.4889672E-08  2.7337047E-01
   cl35     35  -1.7227421E-08  2.3116536E-06  2.3288810E-06  6.3963847E-07  6.4444100E-07 -3.2485907E-03
   cl36     36   2.2703677E-09  2.2703677E-09  0.0000000E+00  6.2821459E-10  0.0000000E+00  0.0000000E+00
   cl37     37   1.6495716E-07  9.5180980E-07  7.8685264E-07  2.6336738E-07  2.1773552E-07  8.2632691E-02
   ar36     36  -5.5168857E-07  4.2815496E-05  4.3367185E-05  1.1847120E-05  1.2000438E-05 -5.5843028E-03
   ar37     37   7.2678654E-24  7.2678654E-24  0.0000000E+00  2.0110307E-24  0.0000000E+00  0.0000000E+00
   ar38     38   2.2596032E-07  8.5491047E-06  8.3231444E-06  2.3655516E-06  2.3031557E-06  1.1609086E-02
   ar39     39   2.6007480E-10  2.6007480E-10  0.0000000E+00  7.1963137E-11  0.0000000E+00  0.0000000E+00
   ar40     40   4.3521002E-08  5.7533555E-08  1.4012552E-08  1.5919632E-08  3.8775112E-09  6.1337996E-01
    k39     39   3.8264488E-08  2.2960810E-06  2.2578165E-06  6.3532951E-07  6.2477625E-07  7.2745066E-03
    k40     40   3.2447862E-09  3.6102838E-09  3.6549766E-10  9.9897168E-10  1.0113942E-10  9.9463272E-01
    k41     41   9.8775672E-09  1.8117053E-07  1.7129297E-07  5.0130193E-08  4.7399677E-08  2.4323998E-02
   ca40     40  -3.8496364E-07  3.8705977E-05  3.9090941E-05  1.0710010E-05  1.0817129E-05 -4.3221572E-03
   ca41     41   3.7861185E-09  3.7861185E-09  0.0000000E+00  1.0476254E-09  0.0000000E+00  0.0000000E+00
   ca42     42   1.7493790E-08  2.9144709E-07  2.7395330E-07  8.0643900E-08  7.5807542E-08  2.6859103E-02
   ca43     43   5.1196594E-09  6.3641380E-08  5.8521721E-08  1.7609677E-08  1.6193955E-08  3.6398504E-02
   ca44     44   7.9415372E-09  9.3325963E-07  9.2531809E-07  2.5823451E-07  2.5605127E-07  3.6873417E-03
   ca45     45  -1.4983136E-19 -1.4983136E-19  0.0000000E+00 -4.1458590E-20  0.0000000E+00  0.0000000E+00
   ca46     46   1.2032943E-08  1.3887942E-08  1.8549999E-09  3.8428172E-09  5.1331006E-10  8.7426990E-01
   ca47     47   3.8268170E-34  3.8268170E-34  0.0000000E+00  1.0588867E-34  0.0000000E+00  0.0000000E+00
   ca48     48   3.3814729E-11  9.0525212E-08  9.0491397E-08  2.5048479E-08  2.5040510E-08  1.3820908E-04
   sc45     45   6.7034733E-09  3.2809190E-08  2.6105717E-08  9.0783585E-09  7.2238957E-09  9.9235877E-02
   sc46     46   8.6397710E-27  8.6397710E-27  0.0000000E+00  2.3906393E-27  0.0000000E+00  0.0000000E+00
   sc47     47   2.8554459E-32  2.8554459E-32  0.0000000E+00  7.9010669E-33  0.0000000E+00  0.0000000E+00
   sc48     48   6.2081148E-33  1.6471219E-29  1.6465011E-29  4.5576143E-30  4.5561488E-30  0.0000000E+00
   ti46     46  -1.0382735E-09  1.5845376E-07  1.5949203E-07  4.3844423E-08  4.4134158E-08 -2.8605063E-03
   ti47     47  -1.1801973E-09  1.4578002E-07  1.4696022E-07  4.0337579E-08  4.0666389E-08 -3.5257826E-03
   ti48     48  -2.5327722E-08  1.4618049E-06  1.4871326E-06  4.0448390E-07  4.1151486E-07 -7.4842549E-03
   ti49     49   8.8780112E-09  1.2028597E-07  1.1140796E-07  3.3283332E-08  3.0828478E-08  3.3274710E-02
   ti50     50   2.7762006E-08  1.3661216E-07  1.0885015E-07  3.7800813E-08  3.0120688E-08  9.8636262E-02
    v51     51  -2.7035156E-09  2.3718327E-07  2.3988679E-07  6.5629010E-08  6.6380750E-08 -4.9462914E-03
   cr52     52  -1.1130851E-07  9.7223674E-06  9.8336759E-06  2.6901955E-06  2.7211454E-06 -4.9679447E-03
   cr53     53  -9.9330464E-09  1.1265649E-06  1.1364980E-06  3.1172243E-07  3.1448832E-07 -3.8364739E-03
   cr54     54   8.0969187E-08  3.6920565E-07  2.8823646E-07  1.0215982E-07  7.9759928E-08  1.0749538E-01
   mn55     55  -6.7238034E-08  8.5207648E-06  8.5880029E-06  2.3577099E-06  2.3764464E-06 -3.4376620E-03
   fe54     54  -1.0884614E-06  5.5497287E-05  5.6585748E-05  1.5356192E-05  1.5658239E-05 -8.4593836E-03
   fe55     55  -3.6583644E-14 -3.6583644E-14  0.0000000E+00 -1.0122756E-14  0.0000000E+00  0.0000000E+00
   fe56     56  -1.2359524E-05  9.0880145E-04  9.2116097E-04  2.5146690E-04  2.5490089E-04 -5.8905403E-03
   fe57     57   1.5097266E-06  2.3163333E-05  2.1653606E-05  6.4093333E-06  5.9919212E-06  2.9246802E-02
   fe58     58   5.2321316E-06  8.1643975E-06  2.9322659E-06  2.2591025E-06  8.1140786E-07  4.4469672E-01
   fe59     59  -1.3145026E-25 -1.3145026E-25  0.0000000E+00 -3.6372509E-26  0.0000000E+00  0.0000000E+00
   fe60     60   2.0563821E-06  2.0563821E-06  0.0000000E+00  5.6900438E-07  0.0000000E+00  0.0000000E+00
   co59     59   1.8827400E-06  4.1441194E-06  2.2613794E-06  1.1466849E-06  6.2576214E-07  2.6303482E-01
   co60     60  -4.0348454E-12 -4.0348454E-12  0.0000000E+00 -1.1164485E-12  0.0000000E+00  0.0000000E+00
   ni58     58  -6.3346306E-07  3.1722400E-05  3.2355863E-05  8.7776416E-06  8.9534178E-06 -8.6109973E-03
   ni59     59   8.9688399E-09  8.9688399E-09  0.0000000E+00  2.4816931E-09  0.0000000E+00  0.0000000E+00
   ni60     60   5.5424152E-07  1.3447575E-05  1.2893333E-05  3.7209668E-06  3.5678047E-06  1.8254718E-02
   ni61     61   5.7256216E-07  1.1423795E-06  5.6981730E-07  3.1609832E-07  1.5767813E-07  3.0205074E-01
   ni62     62   1.0218992E-06  2.8684403E-06  1.8465412E-06  7.9370227E-07  5.1096936E-07  1.9126275E-01
   ni63     63   6.8472045E-10  6.8472045E-10  0.0000000E+00  1.8946331E-10  0.0000000E+00  0.0000000E+00
   ni64     64   7.9555343E-07  1.2809958E-06  4.8544234E-07  3.5445370E-07  1.3433015E-07  4.2138603E-01
   cu63     63   5.3385361E-07  9.3452070E-07  4.0066709E-07  2.5858347E-07  1.1087139E-07  3.6778128E-01
   cu64     64   0.0000000E+00  0.0000000E+00  0.0000000E+00  0.0000000E+00  0.0000000E+00  0.0000000E+00
   cu65     65   1.2369041E-07  3.0794030E-07  1.8424988E-07  8.5207603E-08  5.0985079E-08  2.2303523E-01
   zn64     64  -1.1668419E-08  6.7479658E-07  6.8646500E-07  1.8671736E-07  1.8995654E-07 -7.4695596E-03
   zn65     65  -1.3184685E-19 -1.3184685E-19  0.0000000E+00 -3.6482245E-20  0.0000000E+00  0.0000000E+00
   zn66     66   1.0633877E-07  5.1247639E-07  4.0613762E-07  1.4180308E-07  1.1238519E-07  1.0097664E-01
   zn67     67   2.3316673E-08  8.3903302E-08  6.0586629E-08  2.3216185E-08  1.6765350E-08  1.4137822E-01
   zn68     68   1.2934620E-07  4.1055699E-07  2.8121079E-07  1.1360181E-07  7.7815812E-08  1.6431741E-01
   zn69     69   0.0000000E+00  0.0000000E+00  0.0000000E+00  0.0000000E+00  0.0000000E+00  0.0000000E+00
   zn70     70   7.9058093E-10  1.0362904E-08  9.5723234E-09  2.8674332E-09  2.6488247E-09  3.4440093E-02
   ga69     69   1.7914200E-08  4.3695600E-08  2.5781400E-08  1.2090647E-08  7.1341515E-09  2.2910720E-01
   ga70     70   0.0000000E+00  0.0000000E+00  0.0000000E+00  0.0000000E+00  0.0000000E+00  0.0000000E+00
   ga71     71   1.4713720E-08  3.2319974E-08  1.7606254E-08  8.9429912E-09  4.8719500E-09  2.6378000E-01
   ge70     70   2.6267678E-08  5.4943673E-08  2.8675995E-08  1.5203007E-08  7.9351352E-09  2.8237519E-01
   ge71     71   1.3703461E-29  1.3703461E-29  0.0000000E+00  3.7917709E-30  0.0000000E+00  0.0000000E+00
   ge72     72   2.3536927E-08  6.2514836E-08  3.8977909E-08  1.7297960E-08  1.0785850E-08  2.0514053E-01
   ge73     73   6.9282899E-09  1.8020909E-08  1.1092619E-08  4.9864162E-09  3.0695164E-09  2.1071853E-01
   ge74     74   2.8764312E-08  8.1538658E-08  5.2774347E-08  2.2561885E-08  1.4603560E-08  1.8891665E-01
   as75     75   2.5830387E-09  1.0320210E-08  7.7371709E-09  2.8556195E-09  2.1410067E-09  1.2508231E-01
   se76     76   9.1625587E-09  1.7217658E-08  8.0550997E-09  4.7641553E-09  2.2289830E-09  3.2987922E-01
   se77     77   3.5452659E-09  1.0191001E-08  6.6457351E-09  2.8198672E-09  1.8389880E-09  1.8564978E-01
   se78     78   2.2102865E-08  4.3075250E-08  2.0972385E-08  1.1918995E-08  5.8034155E-09  3.1255597E-01
   se79     79   4.4932147E-09  4.4932147E-09  0.0000000E+00  1.2432801E-09  0.0000000E+00  0.0000000E+00
   se80     80   2.5092600E-08  6.9986186E-08  4.4893586E-08  1.9365295E-08  1.2422819E-08  1.9280395E-01
   br79     79   3.5777781E-10  7.5369737E-09  7.1791959E-09  2.0854933E-09  1.9866055E-09  2.1097165E-02
   br80     80   0.0000000E+00  0.0000000E+00  0.0000000E+00  0.0000000E+00  0.0000000E+00  0.0000000E+00
   br81     81   3.2989496E-09  1.0459686E-08  7.1607369E-09  2.8942129E-09  1.9814979E-09  1.6453688E-01
   kr80     80  -3.4352077E-11  1.6765489E-09  1.7109010E-09  4.6390392E-10  4.7343540E-10 -8.8326922E-03
   kr81     81   5.7442001E-13  5.7442001E-13  0.0000000E+00  1.5894298E-13  0.0000000E+00  0.0000000E+00
   kr82     82   1.1126722E-08  1.9913758E-08  8.7870360E-09  5.5101705E-09  2.4315223E-09  3.5528681E-01
   kr83     83   3.8070036E-09  1.2618417E-08  8.8114129E-09  3.4915371E-09  2.4382678E-09  1.5593527E-01
   kr84     84   2.3469507E-08  6.7417510E-08  4.3948003E-08  1.8654539E-08  1.2161159E-08  1.8580955E-01
   kr-5     85  -1.0085564E-13 -1.0085564E-13  0.0000000E+00 -2.7906927E-14  0.0000000E+00  0.0000000E+00
   kr*5     85   0.0000000E+00  0.0000000E+00  0.0000000E+00  0.0000000E+00  0.0000000E+00  0.0000000E+00
   kr86     86   7.5343983E-08  8.8950884E-08  1.3606899E-08  2.4612859E-08  3.7652601E-09  8.1536710E-01
   rb85     85   8.0295095E-09  1.5162371E-08  7.1328619E-09  4.1954538E-09  1.9737840E-09  3.2747933E-01
   rb86     86   1.9301615E-28  1.9301615E-28  0.0000000E+00  5.3407891E-29  0.0000000E+00  0.0000000E+00
   rb87     87   1.4499398E-08  1.7503869E-08  3.0044702E-09  4.8433502E-09  8.3138801E-10  7.6534212E-01
   sr86     86   4.1499151E-09  7.4783593E-09  3.3284440E-09  2.0692745E-09  9.2103702E-10  3.5154101E-01
   sr87     87   1.8917836E-09  4.2449071E-09  2.3531235E-09  1.1745730E-09  6.5114930E-10  2.5619945E-01
   sr88     88   4.5504478E-08  7.4040578E-08  2.8536101E-08  2.0487153E-08  7.8964248E-09  4.1405115E-01
   sr89     89  -2.8870830E-26 -2.8870830E-26  0.0000000E+00 -7.9886072E-27  0.0000000E+00  0.0000000E+00
   sr90     90   5.2865069E-13  5.2865069E-13  0.0000000E+00  1.4627854E-13  0.0000000E+00  0.0000000E+00
    y89     89   1.3678135E-08  2.0484778E-08  6.8066432E-09  5.6681726E-09  1.8835140E-09  4.7847420E-01
    y90     90   1.3369168E-16  1.3369168E-16  0.0000000E+00  3.6992715E-17  0.0000000E+00  0.0000000E+00
    y91     91  -1.2768024E-25 -1.2768024E-25  0.0000000E+00 -3.5329339E-26  0.0000000E+00  0.0000000E+00
   zr90     90   1.2062197E-08  2.0174681E-08  8.1124840E-09  5.5823683E-09  2.2448623E-09  3.9562878E-01
   zr91     91   3.5217274E-09  5.3104938E-09  1.7887664E-09  1.4694226E-09  4.9498206E-10  4.7255725E-01
   zr92     92   6.4942949E-09  9.2585264E-09  2.7642317E-09  2.5618498E-09  7.6490991E-10  5.2494341E-01
   zr93     93   2.4214724E-09  2.4214724E-09  0.0000000E+00  6.7002548E-10  0.0000000E+00  0.0000000E+00
   zr94     94   8.5371932E-09  1.1399425E-08  2.8622322E-09  3.1542402E-09  7.9202828E-10  6.0015410E-01
   zr95     95  -1.4457612E-24 -1.4457612E-24  0.0000000E+00 -4.0004455E-25  0.0000000E+00  0.0000000E+00
   zr96     96   7.9499944E-09  8.4209244E-09  4.7092996E-10  2.3300839E-09  1.3031433E-10  1.2523794E+00
   nb93     93   7.0993655E-11  1.3069875E-09  1.2359939E-09  3.6164566E-10  3.4202050E-10  2.4231175E-02
   nb94     94   3.8333243E-15  3.8333243E-15  0.0000000E+00  1.0606873E-15  0.0000000E+00  0.0000000E+00
   nb95     95  -1.7429613E-24 -1.7429613E-24  0.0000000E+00 -4.8228037E-25  0.0000000E+00  0.0000000E+00
   mo94     94  -7.8709539E-12  3.7949610E-10  3.8736706E-10  1.0500721E-10  1.0719105E-10 -8.9394329E-03
   mo95     95   1.6481045E-09  2.3256681E-09  6.7756351E-10  6.4351630E-10  1.8749335E-10  5.3557372E-01
   mo96     96   3.2360072E-09  3.9567469E-09  7.2073963E-10  1.0948386E-09  1.9944092E-10  7.3953581E-01
   mo97     97   1.1755953E-09  1.5948913E-09  4.1929604E-10  4.4130913E-10  1.1602635E-10  5.8018631E-01
   mo98     98   3.0227065E-09  4.0991415E-09  1.0764349E-09  1.1342394E-09  2.9786784E-10  5.8068115E-01
   tc99     99   2.9208341E-10  2.9208341E-10  0.0000000E+00  8.0819976E-11  0.0000000E+00  0.0000000E+00
   ru99     99   6.7970324E-11  4.4381601E-10  3.7584569E-10  1.2280464E-10  1.0400289E-10  7.2169363E-02
  ru100    100   1.2070971E-09  1.5819764E-09  3.7487935E-10  4.3773554E-10  1.0373549E-10  6.2528455E-01
  ru101    101   2.4007213E-10  7.5272744E-10  5.1265531E-10  2.0828095E-10  1.4186044E-10  1.6678827E-01
  ru102    102   1.3882437E-09  2.3456972E-09  9.5745345E-10  6.4905836E-10  2.6494365E-10  3.8913023E-01
  rh103    103   2.1357083E-10  8.2502216E-10  6.1145133E-10  2.2828503E-10  1.6919897E-10  1.3007972E-01
  pd104    104   6.9968842E-10  9.6726394E-10  2.6757552E-10  2.6764357E-10  7.4042696E-11  5.5807465E-01
  pd105    105   1.6123758E-10  7.0274087E-10  5.4150329E-10  1.9444958E-10  1.4984318E-10  1.1316997E-01
  pd106    106   7.5045353E-10  1.4195203E-09  6.6906675E-10  3.9278367E-10  1.8514214E-10  3.2664812E-01
  pd107    107   1.4583275E-10  1.4583275E-10  0.0000000E+00  4.0352170E-11  0.0000000E+00  0.0000000E+00
  pd108    108   9.0499958E-10  1.5649910E-09  6.5999145E-10  4.3303566E-10  1.8263085E-10  3.7494951E-01
  ag107    107  -8.1690210E-12  4.4636503E-10  4.5453405E-10  1.2350995E-10  1.2577731E-10 -7.9003777E-03
  ag108    108   0.0000000E+00  0.0000000E+00  0.0000000E+00  0.0000000E+00  0.0000000E+00  0.0000000E+00
  ag109    109   2.1392585E-10  6.4409783E-10  4.3017198E-10  1.7822296E-10  1.1903591E-10  1.7528567E-01
  cd108    108  -2.1824209E-13  2.5269738E-11  2.5487980E-11  6.9921790E-12  7.0529567E-12 -3.7587082E-03
  cd109    109  -1.9662369E-22 -1.9662369E-22  0.0000000E+00 -5.4406108E-23  0.0000000E+00  0.0000000E+00
  cd110    110   7.6349527E-10  1.1278126E-09  3.6431738E-10  3.1206765E-10  1.0081281E-10  4.9073303E-01
  cd111    111   2.4164207E-10  6.1839273E-10  3.7675066E-10  1.7111031E-10  1.0425332E-10  2.1518627E-01
  cd112    112   9.4674912E-10  1.6633849E-09  7.1663570E-10  4.6026141E-10  1.9830529E-10  3.6567026E-01
  cd113    113   2.7151731E-10  6.3767724E-10  3.6615994E-10  1.7644637E-10  1.0132269E-10  2.4090602E-01
  cd114    114   1.3860768E-09  2.2545610E-09  8.6848412E-10  6.2384081E-10  2.4032434E-10  4.1427597E-01
  in115    115   2.5981337E-10  5.8728999E-10  3.2747663E-10  1.6250414E-10  9.0618360E-11  2.5364822E-01
  sn116    116   2.0179565E-09  3.0425225E-09  1.0245661E-09  8.4187113E-10  2.8351485E-10  4.7266981E-01
  sn117    117   5.8451344E-10  1.1303602E-09  5.4584681E-10  3.1277259E-10  1.5104511E-10  3.1612200E-01
  sn118    118   3.1600458E-09  4.8244941E-09  1.6644484E-09  1.3349457E-09  4.6058116E-10  4.6215749E-01
  sn119    119   9.1857327E-10  1.5395358E-09  6.2096256E-10  4.2599216E-10  1.7183090E-10  3.9430034E-01
  sn120    120   5.8398451E-09  8.2147888E-09  2.3749440E-09  2.2730460E-09  6.5718736E-10  5.3891903E-01
  sb121    121   4.1282602E-10  7.7907603E-10  3.6625000E-10  2.1557166E-10  1.0134760E-10  3.2777819E-01
  te122    122   7.4332784E-10  9.8678199E-10  2.4345417E-10  2.7304425E-10  6.7367910E-11  6.0777998E-01
  te123    123   2.7220376E-10  3.5787157E-10  8.5667820E-11  9.9023664E-11  2.3705742E-11  6.2088549E-01
  te124    124   1.4610853E-09  1.9210513E-09  4.5996612E-10  5.3155813E-10  1.2728045E-10  6.2078911E-01
  te125    125   4.7936471E-10  1.1709618E-09  6.9159706E-10  3.2400710E-10  1.9137668E-10  2.2866556E-01
  te126    126   2.8885450E-09  4.7462465E-09  1.8577015E-09  1.3132945E-09  5.1405763E-10  4.0735033E-01
   i127    127   3.3438075E-10  2.6641982E-09  2.3298175E-09  7.3718814E-10  6.4470013E-10  5.8220588E-02
   i128    128   0.0000000E+00  0.0000000E+00  0.0000000E+00  0.0000000E+00  0.0000000E+00  0.0000000E+00
   i129    129   5.3069268E-13  5.3069268E-13  0.0000000E+00  1.4684356E-13  0.0000000E+00  0.0000000E+00
  xe128    128   9.3220420E-10  1.1838479E-09  2.5164371E-10  3.2757272E-10  6.9634090E-11  6.7248583E-01
  xe129    129   2.9708391E-10  3.4561567E-09  3.1590728E-09  9.5632435E-10  8.7416918E-10  3.9009742E-02
  xe130    130   1.9161268E-09  2.4272686E-09  5.1114180E-10  6.7162931E-10  1.4144164E-10  6.7655241E-01
  xe131    131   6.9381101E-10  3.2471672E-09  2.5533562E-09  8.9849667E-10  7.0655709E-10  1.0436921E-01
  xe132    132   3.9419854E-09  7.0866615E-09  3.1446759E-09  1.9608912E-09  8.7018531E-10  3.5284176E-01
  xe133    133   9.9401345E-33  9.9401345E-33  0.0000000E+00  2.7504520E-33  0.0000000E+00  0.0000000E+00
  xe134    134   3.5398928E-09  4.7186011E-09  1.1787082E-09  1.3056449E-09  3.2616862E-10  6.0238290E-01
  cs133    133   5.2806465E-10  1.3548177E-09  8.2675305E-10  3.7488035E-10  2.2877664E-10  2.1448103E-01
  cs134    134  -3.1921376E-17 -3.1921376E-17  0.0000000E+00 -8.8326991E-18  0.0000000E+00  0.0000000E+00
  cs135    135   9.0558222E-10  9.0558222E-10  0.0000000E+00  2.5057614E-10  0.0000000E+00  0.0000000E+00
  cs136    136   1.2232837E-30  1.2232837E-30  0.0000000E+00  3.3848468E-31  0.0000000E+00  0.0000000E+00
  cs137    137   1.0305342E-12  1.0305342E-12  0.0000000E+00  2.8515054E-13  0.0000000E+00  0.0000000E+00
  ba134    134   1.2589679E-09  1.5124226E-09  2.5345473E-10  4.1848991E-10  7.0135231E-11  7.7574873E-01
  ba135    135   4.2153386E-10  1.1179573E-09  6.9642342E-10  3.0934066E-10  1.9271221E-10  2.0552778E-01
  ba136    136   4.2226365E-09  5.0585336E-09  8.3589691E-10  1.3997048E-09  2.3130689E-10  7.8184789E-01
  ba137    137   9.0847188E-09  1.0288924E-08  1.2042061E-09  2.8469627E-09  3.3322431E-10  9.3164510E-01
  ba138    138   5.2500731E-08  6.0243778E-08  7.7430471E-09  1.6669555E-08  2.1426330E-09  8.9097619E-01
  la139    139   6.4329839E-09  7.4950393E-09  1.0620556E-09  2.0738899E-09  2.9388883E-10  8.4860259E-01
  ce140    140   2.0195571E-08  2.2629706E-08  2.4341356E-09  6.2616778E-09  6.7356665E-10  9.6831018E-01
  ce141    141   2.0335995E-28  2.0335995E-28  0.0000000E+00  5.6270046E-29  0.0000000E+00  0.0000000E+00
  ce142    142   3.2388141E-09  3.5490466E-09  3.1023256E-10  9.8202724E-10  8.5846621E-11  1.0584004E+00
  pr141    141   2.1317481E-09  2.5512594E-09  4.1951120E-10  7.0593781E-10  1.1608588E-10  7.8398705E-01
  nd142    142   4.1369432E-09  4.6965503E-09  5.5960703E-10  1.2995434E-09  1.5485278E-10  9.2387176E-01
  nd143    143   9.2473079E-10  1.1752723E-09  2.5054153E-10  3.2519984E-10  6.9329098E-11  6.7123485E-01
  nd144    144   2.8018521E-09  3.2997787E-09  4.9792648E-10  9.1305435E-10  1.3778473E-10  8.2129556E-01
  nd145    145   5.2907201E-10  7.1423545E-10  1.8516343E-10  1.9763015E-10  5.1237868E-11  5.8626217E-01
  nd146    146   2.5091904E-09  2.8736402E-09  3.6444989E-10  7.9514112E-10  1.0084949E-10  8.9677054E-01
  nd147    147   6.0219410E-31  6.0219410E-31  0.0000000E+00  1.6662812E-31  0.0000000E+00  0.0000000E+00
  nd148    148   3.8577169E-10  5.0904753E-10  1.2327582E-10  1.4085431E-10  3.4112515E-11  6.1585647E-01
  pm147    147  -7.0260187E-16 -7.0260187E-16  0.0000000E+00 -1.9441112E-16  0.0000000E+00  0.0000000E+00
  pm148    148   8.1559956E-37  8.1559956E-37  0.0000000E+00  2.2567777E-37  0.0000000E+00  0.0000000E+00
  sm147    147   3.0273109E-10  4.0196135E-10  9.9230256E-11  1.1122338E-10  2.7458699E-11  6.0751617E-01
  sm148    148   6.0429234E-10  6.7920447E-10  7.4912118E-11  1.8793703E-10  2.0729458E-11  9.5742440E-01
  sm149    149   1.1585666E-10  2.0858663E-10  9.2729976E-11  5.7716273E-11  2.5659962E-11  3.5204226E-01
  sm150    150   5.4935057E-10  5.9920152E-10  4.9850932E-11  1.6580007E-10  1.3794600E-11  1.0798757E+00
  sm151    151   5.0858846E-14  5.0858846E-14  0.0000000E+00  1.4072729E-14  0.0000000E+00  0.0000000E+00
  sm152    152   4.9490423E-10  6.7801015E-10  1.8310589E-10  1.8760656E-10  5.0668515E-11  5.6850982E-01
  eu151    151   8.0092780E-11  2.0088010E-10  1.2078732E-10  5.5583864E-11  3.3423906E-11  2.2089151E-01
  eu152    152   4.0452656E-18  4.0452656E-18  0.0000000E+00  1.1193318E-18  0.0000000E+00  0.0000000E+00
  eu153    153   9.3165711E-11  2.2676541E-10  1.3359970E-10  6.2746371E-11  3.6969310E-11  2.2974730E-01
  eu154    154  -1.6752663E-16 -1.6752663E-16  0.0000000E+00 -4.6354900E-17  0.0000000E+00  0.0000000E+00
  eu155    155  -3.0283477E-16 -3.0283477E-16  0.0000000E+00 -8.3794892E-17  0.0000000E+00  0.0000000E+00
  gd152    152   1.1793767E-13  1.8815457E-12  1.7636080E-12  5.2062689E-13  4.8802032E-13  2.8088685E-02
  gd153    153  -8.9570312E-26 -8.9570312E-26  0.0000000E+00 -2.4784256E-26  0.0000000E+00  0.0000000E+00
  gd154    154   2.2371155E-10  2.4318797E-10  1.9476424E-11  6.7290520E-11  5.3894575E-12  1.0964088E+00
  gd155    155   9.1536223E-11  2.2461946E-10  1.3308324E-10  6.2152582E-11  3.6826396E-11  2.2729996E-01
  gd156    156   3.6815215E-10  5.5340454E-10  1.8525240E-10  1.5312797E-10  5.1262487E-11  4.7525489E-01
  gd157    157   1.7727882E-10  3.1981781E-10  1.4253899E-10  8.8494129E-11  3.9442966E-11  3.5094494E-01
  gd158    158   7.1052653E-10  9.3821217E-10  2.2768568E-10  2.5960489E-10  6.3004497E-11  6.1494130E-01
  gd159    159   0.0000000E+00  0.0000000E+00  0.0000000E+00  0.0000000E+00  0.0000000E+00  0.0000000E+00
  gd160    160   4.9638266E-11  2.5254576E-10  2.0290750E-10  6.9879838E-11  5.6147954E-11  9.5017962E-02
  tb159    159   1.5263266E-10  3.2439437E-10  1.7176172E-10  8.9760470E-11  4.7529390E-11  2.7612290E-01
  tb160    160  -5.2310907E-26 -5.2310907E-26  0.0000000E+00 -1.4474516E-26  0.0000000E+00  0.0000000E+00
  tb161    161   6.5784778E-33  6.5784778E-33  0.0000000E+00  1.8202760E-33  0.0000000E+00  0.0000000E+00
  dy160    160   2.5518054E-10  2.8117103E-10  2.5990477E-11  7.7800502E-11  7.1920070E-12  1.0341324E+00
  dy161    161   1.2235629E-10  3.3446768E-10  2.1211138E-10  9.2547768E-11  5.8694827E-11  1.9776613E-01
  dy162    162   5.3014149E-10  8.1798768E-10  2.8784616E-10  2.2633857E-10  7.9651931E-11  4.5356232E-01
  dy163    163   2.2711874E-10  5.1015647E-10  2.8303773E-10  1.4116115E-10  7.8321356E-11  2.5583503E-01
  dy164    164   1.1060994E-09  1.4293476E-09  3.2324815E-10  3.9550291E-10  8.9448268E-11  6.4557779E-01
  ho165    165   2.0458574E-10  4.5635873E-10  2.5177299E-10  1.2627523E-10  6.9669867E-11  2.5827321E-01
  er166    166   4.6519644E-10  7.0437450E-10  2.3917807E-10  1.9490161E-10  6.6184641E-11  4.6905822E-01
  er167    167   1.9030037E-10  3.5454306E-10  1.6424269E-10  9.8102665E-11  4.5448742E-11  3.3415896E-01
  er168    168   7.2667261E-10  9.2158559E-10  1.9491297E-10  2.5500430E-10  5.3935734E-11  6.7467093E-01
  er169    169   2.9469535E-31  2.9469535E-31  0.0000000E+00  8.1542703E-32  0.0000000E+00  0.0000000E+00
  er170    170   2.7989652E-10  3.8890258E-10  1.0900605E-10  1.0761000E-10  3.0163826E-11  5.5236626E-01
  tm169    169   1.8434509E-10  2.9953395E-10  1.1518887E-10  8.2881549E-11  3.1874718E-11  4.1501153E-01
  tm170    170  -2.6556153E-22 -2.6556153E-22  0.0000000E+00 -7.3481320E-23  0.0000000E+00  0.0000000E+00
  tm171    171  -2.7173828E-16 -2.7173828E-16  0.0000000E+00 -7.5190440E-17  0.0000000E+00  0.0000000E+00
  yb170    170   2.2404238E-10  2.4582861E-10  2.1786220E-11  6.8021193E-11  6.0286177E-12  1.0524266E+00
  yb171    171   3.5993961E-10  4.6355708E-10  1.0361748E-10  1.2826702E-10  2.8672717E-11  6.5064621E-01
  yb172    172   9.1795177E-10  1.0783978E-09  1.6044605E-10  2.9839450E-10  4.4398148E-11  8.2742596E-01
  yb173    173   4.2478526E-10  5.4456845E-10  1.1978320E-10  1.5068301E-10  3.3146048E-11  6.5763259E-01
  yb174    174   1.9018642E-09  2.1415403E-09  2.3967603E-10  5.9256783E-10  6.6322434E-11  9.5107764E-01
  lu175    175   2.4913610E-10  3.5731357E-10  1.0817747E-10  9.8869267E-11  2.9934548E-11  5.1888859E-01
  lu176    176   1.8767825E-10  1.9083586E-10  3.1576187E-12  5.2804604E-11  8.7376677E-13  1.7812762E+00
  lu177    177   4.0621626E-32  4.0621626E-32  0.0000000E+00  1.1240073E-32  0.0000000E+00  0.0000000E+00
  hf176    176  -5.3015058E-13  2.3766367E-11  2.4296518E-11  6.5761940E-12  6.7232595E-12 -9.6052550E-03
  hf177    177   2.0366667E-10  2.9099456E-10  8.7327888E-11  8.0518689E-11  2.4165113E-11  5.2270788E-01
  hf178    178   9.2915747E-10  1.0579961E-09  1.2883865E-10  2.9274932E-10  3.5651850E-11  9.1441381E-01
  hf179    179   3.2836542E-10  3.9305609E-10  6.4690676E-11  1.0875929E-10  1.7901011E-11  7.8358883E-01
  hf180    180   1.8054223E-09  1.9729536E-09  1.6753138E-10  5.4591959E-10  4.6358781E-11  1.0709966E+00
  hf181    181   8.2162232E-28  8.2162232E-28  0.0000000E+00  2.2734428E-28  0.0000000E+00  0.0000000E+00
  hf182    182   6.7626971E-10  6.7626971E-10  0.0000000E+00  1.8712497E-10  0.0000000E+00  0.0000000E+00
  ta181    181   4.5169812E-10  5.2268034E-10  7.0982227E-11  1.4462653E-10  1.9641989E-11  8.6706251E-01
  ta182    182   7.2557686E-18  7.2557686E-18  0.0000000E+00  2.0076834E-18  0.0000000E+00  0.0000000E+00
  ta183    183   1.5935554E-33  1.5935554E-33  0.0000000E+00  4.4093946E-34  0.0000000E+00  0.0000000E+00
   w182    182   7.5598472E-10  8.6737389E-10  1.1138915E-10  2.4000382E-10  3.0823271E-11  8.9133942E-01
   w183    183   5.8980998E-10  6.5029082E-10  6.0480870E-11  1.7993657E-10  1.6736085E-11  1.0314655E+00
   w184    184   1.4297550E-09  1.5599604E-09  1.3020540E-10  4.3164367E-10  3.6030047E-11  1.0784606E+00
   w185    185  -1.3729477E-24 -1.3729477E-24  0.0000000E+00 -3.7989695E-25  0.0000000E+00  0.0000000E+00
   w186    186   7.0170936E-10  8.2383672E-10  1.2212739E-10  2.2795701E-10  3.3794727E-11  8.2900399E-01
  re185    185   2.8774433E-10  3.4981679E-10  6.2072444E-11  9.6794898E-11  1.7176502E-11  7.5091779E-01
  re186    186   6.7616804E-34  6.7616804E-34  0.0000000E+00  1.8709684E-34  0.0000000E+00  0.0000000E+00
  re187    187   1.5450979E-10  2.6770622E-10  1.1319643E-10  7.4074760E-11  3.1323378E-11  3.7380171E-01
  os186    186   5.2201499E-10  5.5641902E-10  3.4404035E-11  1.5396208E-10  9.5201815E-12  1.2087686E+00
  os187    187   1.4744876E-10  1.7495995E-10  2.7511190E-11  4.8411712E-11  7.6128140E-12  8.0340517E-01
  os188    188   1.1515691E-09  1.4417938E-09  2.9022468E-10  3.9894676E-10  8.0310106E-11  6.9614482E-01
  os189    189   2.3167476E-10  5.8741095E-10  3.5573619E-10  1.6253761E-10  9.8438258E-11  2.1778998E-01
  os190    190   1.1139804E-09  1.6955514E-09  5.8157101E-10  4.6916193E-10  1.6093059E-10  4.6468419E-01
  os191    191   7.6645519E-30  7.6645519E-30  0.0000000E+00  2.1207944E-30  0.0000000E+00  0.0000000E+00
  os192    192   2.6091451E-10  1.1736618E-09  9.1274732E-10  3.2475422E-10  2.5257268E-10  1.0916843E-01
  ir191    191   2.0123248E-10  9.7083952E-10  7.6960704E-10  2.6863292E-10  2.1296337E-10  1.0085430E-01
  ir192    192   2.6429059E-27  2.6429059E-27  0.0000000E+00  7.3129654E-28  0.0000000E+00  0.0000000E+00
  ir193    193   2.4140367E-10  1.5486303E-09  1.3072267E-09  4.2850862E-10  3.6173187E-10  7.3572822E-02
  pt192    192   2.6285696E-10  2.9521810E-10  3.2361128E-11  8.1687344E-11  8.9548742E-12  9.6009529E-01
  pt193    193   1.7076516E-14  1.7076516E-14  0.0000000E+00  4.7251009E-15  0.0000000E+00  0.0000000E+00
  pt194    194   8.6223317E-10  2.2407294E-09  1.3784962E-09  6.2001360E-10  3.8145337E-10  2.1095978E-01
  pt195    195   3.3686709E-10  1.7588717E-09  1.4220046E-09  4.8668275E-10  3.9349285E-10  9.2309088E-02
  pt196    196   1.5399275E-09  2.6062907E-09  1.0663632E-09  7.2116507E-10  2.9508085E-10  3.8809368E-01
  au197    197   4.9811838E-10  1.1407963E-09  6.4267797E-10  3.1566028E-10  1.7783992E-10  2.4919069E-01
  hg198    198   1.7342838E-09  1.8852546E-09  1.5097078E-10  5.2165311E-10  4.1776180E-11  1.0964532E+00
  hg199    199   7.6122131E-10  1.0179597E-09  2.5673841E-10  2.8167119E-10  7.1043886E-11  5.9821582E-01
  hg200    200   2.5259159E-09  2.8792291E-09  3.5331310E-10  7.9668755E-10  9.7767745E-11  9.1109246E-01
  hg201    201   1.0513043E-09  1.2538957E-09  2.0259137E-10  3.4695505E-10  5.6060479E-11  7.9161638E-01
  hg202    202   4.0397721E-09  4.5010458E-09  4.6127371E-10  1.2454470E-09  1.2764229E-10  9.8933065E-01
  tl203    203   2.1969460E-09  2.3794140E-09  1.8246810E-10  6.5838784E-10  5.0492024E-11  1.1152591E+00
  tl204    204  -6.8018626E-15 -6.8018626E-15  0.0000000E+00 -1.8820869E-15  0.0000000E+00  0.0000000E+00
  tl205    205   4.5096775E-09  4.9495479E-09  4.3987033E-10  1.3695483E-09  1.2171961E-10  1.0512168E+00
  pb204    204   1.6034539E-09  1.8344134E-09  2.3095949E-10  5.0758531E-10  6.3910419E-11  8.9993745E-01
  pb205    205   3.3607372E-10  3.3607372E-10  0.0000000E+00  9.2992170E-11  0.0000000E+00  0.0000000E+00
  pb206    206   1.9443233E-08  2.1613339E-08  2.1701054E-09  5.9804472E-09  6.0050509E-10  9.9821699E-01
  pb207    207   3.3077889E-08  3.5491016E-08  2.4131257E-09  9.8204245E-09  6.6775296E-10  1.1675144E+00
  pb208    208   4.8593802E-07  4.9287848E-07  6.9404722E-09  1.3638031E-07  1.9205468E-09  1.8513268E+00
  bi209    209   1.7555246E-08  1.8037943E-08  4.8269627E-10  4.9911293E-09  1.3357027E-10  1.5724891E+00
  bi210    210   1.3312129E-33  1.3312129E-33  0.0000000E+00  3.6834887E-34  0.0000000E+00  0.0000000E+00
  po210    210   4.5152309E-08  4.5152309E-08  0.0000000E+00  1.2493720E-08  0.0000000E+00  0.0000000E+00
