# Initial mass = 1.700, Z =  0.0006, Y =  0.300, M_mix = 4.00E-03
# Final mass = 0.683, Mass expelled =   1.0170
  species    A      yield       mass(i)_lost    mass(i)_0        <X(i)>           X0(i)   log10(<X(i)>/X0(i)) 
      n      1   0.0000000E+00  0.0000000E+00  0.0000000E+00  0.0000000E+00  0.0000000E+00  0.0000000E+00
      p      1  -4.8858643E-02  6.6237122E-01  7.1122986E-01  6.5129912E-01  6.9939989E-01 -3.0945066E-02
      d      2  -1.9752492E-06  1.1557447E-08  1.9868066E-06  1.1364254E-08  1.9537597E-06 -2.2353303E+00
    he3      3   1.5679632E-04  1.6943371E-04  1.2637397E-05  1.6660147E-04  1.2427197E-05  1.1273057E+00
    he4      4   3.7923366E-02  3.4299770E-01  3.0507433E-01  3.3726418E-01  2.9999998E-01  5.0848965E-02
    li7      7  -8.4976781E-10  5.4734639E-10  1.3971142E-09  5.3819699E-10  1.3738758E-09 -4.0700623E-01
    be7      7   6.1129248E-13  6.1129248E-13  0.0000000E+00  6.0107420E-13  0.0000000E+00  0.0000000E+00
     b8      8   4.3319206E-28  4.3319206E-28  0.0000000E+00  4.2595085E-28  0.0000000E+00  0.0000000E+00
    c12     12   9.0693980E-03  9.1738608E-03  1.0446233E-04  9.0205120E-03  1.0272479E-04  1.9435560E+00
    c13     13   2.0473594E-06  3.3126612E-06  1.2653018E-06  3.2572871E-06  1.2442558E-06  4.1794634E-01
    c14     14   7.5263333E-09  7.5263333E-09  0.0000000E+00  7.4005242E-09  0.0000000E+00  0.0000000E+00
    n13     13   0.0000000E+00  0.0000000E+00  0.0000000E+00  0.0000000E+00  0.0000000E+00  0.0000000E+00
    n14     14   7.3655916E-05  1.0452700E-04  3.0871081E-05  1.0277973E-04  3.0357596E-05  5.2964014E-01
    n15     15  -5.0147619E-09  6.8880333E-08  7.3895094E-08  6.7728934E-08  7.2665983E-08 -3.0556934E-02
    o14     14   0.0000000E+00  0.0000000E+00  0.0000000E+00  0.0000000E+00  0.0000000E+00  0.0000000E+00
    o15     15   0.0000000E+00  0.0000000E+00  0.0000000E+00  0.0000000E+00  0.0000000E+00  0.0000000E+00
    o16     16   4.3631508E-04  6.9188111E-04  2.5556603E-04  6.8031572E-04  2.5131516E-04  4.3249184E-01
    o17     17   2.8700968E-06  2.9732551E-06  1.0315824E-07  2.9235546E-06  1.0144239E-07  1.4596919E+00
    o18     18  -2.2381778E-07  3.5257494E-07  5.7639272E-07  3.4668133E-07  5.6680551E-07 -2.1350360E-01
    o19     19   0.0000000E+00  0.0000000E+00  0.0000000E+00  0.0000000E+00  0.0000000E+00  0.0000000E+00
    f17     17   0.0000000E+00  0.0000000E+00  0.0000000E+00  0.0000000E+00  0.0000000E+00  0.0000000E+00
    f18     18   0.0000000E+00  0.0000000E+00  0.0000000E+00  0.0000000E+00  0.0000000E+00  0.0000000E+00
    f19     19   1.8436870E-06  1.8585869E-06  1.4899869E-08  1.8275190E-06  1.4652037E-08  2.0959642E+00
    f20     20   0.0000000E+00  0.0000000E+00  0.0000000E+00  0.0000000E+00  0.0000000E+00  0.0000000E+00
   ne19     19   0.0000000E+00  0.0000000E+00  0.0000000E+00  0.0000000E+00  0.0000000E+00  0.0000000E+00
   ne20     20   1.5480422E-05  6.7201494E-05  5.1721072E-05  6.6078159E-05  5.0860792E-05  1.1367480E-01
   ne21     21   8.9707498E-07  1.0272563E-06  1.3018131E-07  1.0100848E-06  1.2801597E-07  8.9709371E-01
   ne22     22   1.1328839E-03  1.1370672E-03  4.1833173E-06  1.1180601E-03  4.1137355E-06  2.4342289E+00
   ne23     23   0.0000000E+00  0.0000000E+00  0.0000000E+00  0.0000000E+00  0.0000000E+00  0.0000000E+00
   na21     21   0.0000000E+00  0.0000000E+00  0.0000000E+00  0.0000000E+00  0.0000000E+00  0.0000000E+00
   na22     22   6.0707461E-25  6.0707461E-25  0.0000000E+00  5.9692681E-25  0.0000000E+00  0.0000000E+00
   na23     23   1.2119805E-05  1.3311430E-05  1.1916243E-06  1.3088918E-05  1.1718038E-06  1.0480489E+00
   na24     24   0.0000000E+00  0.0000000E+00  0.0000000E+00  0.0000000E+00  0.0000000E+00  0.0000000E+00
   mg23     23   0.0000000E+00  0.0000000E+00  0.0000000E+00  0.0000000E+00  0.0000000E+00  0.0000000E+00
   mg24     24   1.9481013E-05  4.4152494E-05  2.4671481E-05  4.3414446E-05  2.4261117E-05  2.5272349E-01
   mg25     25   5.4336638E-06  8.6871796E-06  3.2535158E-06  8.5419661E-06  3.1993995E-06  4.2648935E-01
   mg26     26   5.9373961E-06  9.6628655E-06  3.7254697E-06  9.5013420E-06  3.6635033E-06  4.1388839E-01
   mg27     27   0.0000000E+00  0.0000000E+00  0.0000000E+00  0.0000000E+00  0.0000000E+00  0.0000000E+00
   al25     25   0.0000000E+00  0.0000000E+00  0.0000000E+00  0.0000000E+00  0.0000000E+00  0.0000000E+00
   al-6     26   0.0000000E+00  0.0000000E+00  0.0000000E+00  0.0000000E+00  0.0000000E+00  0.0000000E+00
   al*6     26   0.0000000E+00  0.0000000E+00  0.0000000E+00  0.0000000E+00  0.0000000E+00  0.0000000E+00
   al27     27   7.8106746E-07  3.0497586E-06  2.2686911E-06  2.9987791E-06  2.2309555E-06  1.2845354E-01
   al28     28   0.0000000E+00  0.0000000E+00  0.0000000E+00  0.0000000E+00  0.0000000E+00  0.0000000E+00
   si27     27   0.0000000E+00  0.0000000E+00  0.0000000E+00  0.0000000E+00  0.0000000E+00  0.0000000E+00
   si28     28   6.1121136E-07  2.7928783E-05  2.7317572E-05  2.7461929E-05  2.6863196E-05  9.5733497E-03
   si29     29   4.6351488E-08  1.4830115E-06  1.4366600E-06  1.4582216E-06  1.4127638E-06  1.3753965E-02
   si30     30   8.2602583E-08  1.0623305E-06  9.7972793E-07  1.0445727E-06  9.6343194E-07  3.5117630E-02
    p31     31   2.3753114E-07  4.7509860E-07  2.3756746E-07  4.6715692E-07  2.3361595E-07  3.0096030E-01
    p32     32   3.6433065E-31  3.6433065E-31  0.0000000E+00  3.5824053E-31  0.0000000E+00  0.0000000E+00
    p33     33   7.1102746E-30  7.1102746E-30  0.0000000E+00  6.9914199E-30  0.0000000E+00  0.0000000E+00
    s32     32  -4.0908162E-08  1.3049789E-05  1.3090697E-05  1.2831651E-05  1.2872958E-05 -1.3958637E-03
    s33     33   4.7310849E-09  1.1281122E-07  1.0808014E-07  1.1092548E-07  1.0628242E-07  1.8569872E-02
    s34     34   2.3166763E-08  6.5174186E-07  6.2857509E-07  6.4084742E-07  6.1811994E-07  1.5681867E-02
    s35     35   4.8493809E-25  4.8493809E-25  0.0000000E+00  4.7683190E-25  0.0000000E+00  0.0000000E+00
    s36     36   6.8730177E-09  9.9758433E-09  3.1028253E-09  9.8090887E-09  3.0512155E-09  5.0715578E-01
   cl35     35  -2.3836293E-09  1.3190642E-07  1.3429005E-07  1.2970149E-07  1.3205637E-07 -7.8143962E-03
   cl36     36   0.0000000E+00  0.0000000E+00  0.0000000E+00  0.0000000E+00  0.0000000E+00  0.0000000E+00
   cl37     37   1.9671166E-08  6.5043402E-08  4.5372236E-08  6.3956143E-08  4.4617554E-08  1.5637648E-01
   ar36     36  -5.0846438E-08  2.4498354E-06  2.5006818E-06  2.4088843E-06  2.4590877E-06 -8.9580882E-03
   ar37     37   1.7838072E-24  1.7838072E-24  0.0000000E+00  1.7539892E-24  0.0000000E+00  0.0000000E+00
   ar38     38   1.4186185E-08  4.9411358E-07  4.7992739E-07  4.8585406E-07  4.7194470E-07  1.2614737E-02
   ar39     39   1.0645150E-12  1.0645150E-12  0.0000000E+00  1.0467207E-12  0.0000000E+00  0.0000000E+00
   ar40     40   5.0524451E-09  5.8604446E-09  8.0799950E-10  5.7624820E-09  7.9455992E-10  8.6048293E-01
    k39     39   2.3930937E-09  1.3258465E-07  1.3019155E-07  1.3036838E-07  1.2802606E-07  7.8738863E-03
    k40     40  -2.1076961E-11  0.0000000E+00  2.1076961E-11  0.0000000E+00  2.0726386E-11  0.0000000E+00
    k41     41   2.1795312E-09  1.2056719E-08  9.8771880E-09  1.1855181E-08  9.7128989E-09  8.6559288E-02
   ca40     40  -4.0944315E-08  2.2131887E-06  2.2541331E-06  2.1761932E-06  2.2166396E-06 -7.9976618E-03
   ca41     41   0.0000000E+00  0.0000000E+00  0.0000000E+00  0.0000000E+00  0.0000000E+00  0.0000000E+00
   ca42     42   2.2570479E-09  1.8053917E-08  1.5796870E-08  1.7752130E-08  1.5534118E-08  5.7963882E-02
   ca43     43   5.3750582E-10  3.9120303E-09  3.3745244E-09  3.8466372E-09  3.3183956E-09  6.4153090E-02
   ca44     44   2.2314772E-09  5.5588078E-08  5.3356601E-08  5.4658873E-08  5.2469112E-08  1.7756931E-02
   ca45     45   2.3125206E-25  2.3125206E-25  0.0000000E+00  2.2738647E-25  0.0000000E+00  0.0000000E+00
   ca46     46   2.2996407E-09  2.4066054E-09  1.0696458E-10  2.3663769E-09  1.0518542E-10  1.3521284E+00
   ca47     47  -9.2372108E-35 -9.2372108E-35  0.0000000E+00 -9.0828026E-35  0.0000000E+00  0.0000000E+00
   ca48     48  -4.3329340E-11  5.1746611E-09  5.2179905E-09  5.0881619E-09  5.1311990E-09 -3.6579317E-03
   sc45     45   6.1206806E-10  2.1173900E-09  1.5053220E-09  2.0819959E-09  1.4802837E-09  1.4813492E-01
   sc46     46   1.8911979E-26  1.8911979E-26  0.0000000E+00  1.8595849E-26  0.0000000E+00  0.0000000E+00
   sc47     47  -2.5320885E-34 -2.5320885E-34  0.0000000E+00 -2.4897625E-34  0.0000000E+00  0.0000000E+00
   sc48     48  -7.8778810E-33  9.4153693E-31  9.4941481E-31  9.2579829E-31  9.3362313E-31  0.0000000E+00
   ti46     46   3.1994229E-10  9.5166959E-09  9.1967536E-09  9.3576160E-09  9.0437826E-09  1.4815115E-02
   ti47     47   1.3498447E-10  8.6090326E-09  8.4740481E-09  8.4651246E-09  8.3330987E-09  6.8268110E-03
   ti48     48  -1.8698501E-09  8.3882874E-08  8.5752724E-08  8.2480696E-08  8.4326388E-08 -9.6111828E-03
   ti49     49   2.0101005E-09  8.4342293E-09  6.4241288E-09  8.2932434E-09  6.3172751E-09  1.1819461E-01
   ti50     50   1.1277422E-08  1.7554020E-08  6.2765988E-09  1.7260589E-08  6.1721988E-09  4.4661573E-01
    v51     51   8.9816155E-11  1.3922409E-08  1.3832593E-08  1.3689684E-08  1.3602514E-08  2.7742244E-03
   cr52     52  -8.0204359E-09  5.5901751E-07  5.6703794E-07  5.4967302E-07  5.5760631E-07 -6.2232795E-03
   cr53     53  -8.6231466E-10  6.4671468E-08  6.5533783E-08  6.3590427E-08  6.4443753E-08 -5.7890844E-03
   cr54     54   5.6465268E-09  2.2267047E-08  1.6620520E-08  2.1894833E-08  1.6344069E-08  1.2698144E-01
   mn55     55   5.7841021E-09  5.0099089E-07  4.9520679E-07  4.9261638E-07  4.8696990E-07  5.0067301E-03
   fe54     54  -1.0407780E-07  3.1588745E-06  3.2629523E-06  3.1060711E-06  3.2086793E-06 -1.4114939E-02
   fe55     55   1.4165775E-20  1.4165775E-20  0.0000000E+00  1.3928982E-20  0.0000000E+00  0.0000000E+00
   fe56     56  -1.0382973E-06  5.2077496E-05  5.3115793E-05  5.1206975E-05  5.2232310E-05 -8.6100996E-03
   fe57     57   1.7132663E-07  1.4199201E-06  1.2485934E-06  1.3961849E-06  1.2278254E-06  5.5806302E-02
   fe58     58   2.4400214E-07  4.1308422E-07  1.6908210E-07  4.0617917E-07  1.6626973E-07  3.8790447E-01
   fe59     59   1.9962665E-25  1.9962665E-25  0.0000000E+00  1.9628972E-25  0.0000000E+00  0.0000000E+00
   fe60     60   0.0000000E+00  0.0000000E+00  0.0000000E+00  0.0000000E+00  0.0000000E+00  0.0000000E+00
   co59     59   5.0979182E-08  1.8137632E-07  1.3039714E-07  1.7834445E-07  1.2822822E-07  1.4327592E-01
   co60     60   8.7483257E-15  8.7483257E-15  0.0000000E+00  8.6020897E-15  0.0000000E+00  0.0000000E+00
   ni58     58  -6.0697289E-08  1.8050143E-06  1.8657116E-06  1.7748420E-06  1.8346790E-06 -1.4400439E-02
   ni59     59   0.0000000E+00  0.0000000E+00  0.0000000E+00  0.0000000E+00  0.0000000E+00  0.0000000E+00
   ni60     60   2.2827692E-08  7.6628157E-07  7.4345388E-07  7.5347248E-07  7.3108788E-07  1.3097804E-02
   ni61     61   1.8639412E-08  5.1496404E-08  3.2856992E-08  5.0635595E-08  3.2310474E-08  1.9511259E-01
   ni62     62   5.4106458E-08  1.6058308E-07  1.0647663E-07  1.5789880E-07  1.0470558E-07  1.7840898E-01
   ni63     63   0.0000000E+00  0.0000000E+00  0.0000000E+00  0.0000000E+00  0.0000000E+00  0.0000000E+00
   ni64     64   5.0129849E-08  7.8120536E-08  2.7990689E-08  7.6814679E-08  2.7525116E-08  4.4571507E-01
   cu63     63   1.1033075E-08  3.4136669E-08  2.3103594E-08  3.3566042E-08  2.2719309E-08  1.6950500E-01
   cu64     64   0.0000000E+00  0.0000000E+00  0.0000000E+00  0.0000000E+00  0.0000000E+00  0.0000000E+00
   cu65     65   1.3742394E-08  2.4366953E-08  1.0624559E-08  2.3959638E-08  1.0447839E-08  3.6045378E-01
   zn64     64   8.6098240E-10  4.0444167E-08  3.9583185E-08  3.9768107E-08  3.8924792E-08  9.3086073E-03
   zn65     65   1.9686115E-23  1.9686115E-23  0.0000000E+00  1.9357045E-23  0.0000000E+00  0.0000000E+00
   zn66     66   1.5819175E-08  3.9238216E-08  2.3419041E-08  3.8582314E-08  2.3029507E-08  2.2410363E-01
   zn67     67   3.6019778E-09  7.0955788E-09  3.4936010E-09  6.9769701E-09  3.4354914E-09  3.0767801E-01
   zn68     68   2.3544192E-08  3.9759630E-08  1.6215438E-08  3.9095013E-08  1.5945725E-08  3.8947707E-01
   zn69     69   0.0000000E+00  0.0000000E+00  0.0000000E+00  0.0000000E+00  0.0000000E+00  0.0000000E+00
   zn70     70   9.5768449E-11  6.4772920E-10  5.5196075E-10  6.3690186E-10  5.4277993E-10  6.9448747E-02
   ga69     69   3.5477208E-09  5.0343369E-09  1.4866162E-09  4.9501834E-09  1.4618891E-09  5.2970690E-01
   ga70     70   0.0000000E+00  0.0000000E+00  0.0000000E+00  0.0000000E+00  0.0000000E+00  0.0000000E+00
   ga71     71   3.8675543E-09  4.8827857E-09  1.0152316E-09  4.8011657E-09  9.9834507E-10  6.8206602E-01
   ge70     70   6.0997758E-09  7.7533233E-09  1.6535474E-09  7.6237194E-09  1.6260437E-09  6.7103475E-01
   ge71     71  -6.3541289E-30 -6.3541289E-30  0.0000000E+00 -6.2479138E-30  0.0000000E+00  0.0000000E+00
   ge72     72   7.6360687E-09  9.8836512E-09  2.2475823E-09  9.7184376E-09  2.2101980E-09  6.4316529E-01
   ge73     73   2.3080351E-09  2.9476417E-09  6.3960653E-10  2.8983693E-09  6.2896788E-10  6.6352522E-01
   ge74     74   1.0987622E-08  1.4030800E-08  3.0431773E-09  1.3796263E-08  2.9925595E-09  6.6371870E-01
   as75     75   1.0092944E-09  1.4554351E-09  4.4614065E-10  1.4311062E-09  4.3871992E-10  5.1348454E-01
   se76     76   3.6652388E-09  4.1297246E-09  4.6448578E-10  4.0606927E-09  4.5675991E-10  9.4891220E-01
   se77     77   1.4613780E-09  1.8445900E-09  3.8321199E-10  1.8137560E-09  3.7683795E-10  6.8242425E-01
   se78     78   1.0269526E-08  1.1478860E-08  1.2093341E-09  1.1286980E-08  1.1892191E-09  9.7731590E-01
   se79     79   0.0000000E+00  0.0000000E+00  0.0000000E+00  0.0000000E+00  0.0000000E+00  0.0000000E+00
   se80     80   1.4100684E-08  1.6689373E-08  2.5886895E-09  1.6410397E-08  2.5456315E-09  8.0932355E-01
   br79     79   2.3229418E-09  2.7368983E-09  4.1395654E-10  2.6911486E-09  4.0707113E-10  8.2026738E-01
   br80     80   0.0000000E+00  0.0000000E+00  0.0000000E+00  0.0000000E+00  0.0000000E+00  0.0000000E+00
   br81     81   1.9026278E-09  2.3155324E-09  4.1290463E-10  2.2768263E-09  4.0603673E-10  7.4876457E-01
   kr80     80  -1.2485013E-12  9.7406826E-11  9.8655327E-11  9.5778586E-11  9.7014383E-11 -5.5677053E-03
   kr81     81   0.0000000E+00  0.0000000E+00  0.0000000E+00  0.0000000E+00  0.0000000E+00  0.0000000E+00
   kr82     82   7.3989757E-09  7.9056681E-09  5.0669263E-10  7.7735178E-09  4.9826471E-10  1.1931576E+00
   kr83     83   2.6011790E-09  3.1092566E-09  5.0807764E-10  3.0572826E-09  4.9962673E-10  7.8668994E-01
   kr84     84   1.9562908E-08  2.2097069E-08  2.5341622E-09  2.1727697E-08  2.4920110E-09  9.4046372E-01
   kr-5     85   1.4601649E-18  1.4601649E-18  0.0000000E+00  1.4357569E-18  0.0000000E+00  0.0000000E+00
   kr*5     85   0.0000000E+00  0.0000000E+00  0.0000000E+00  0.0000000E+00  0.0000000E+00  0.0000000E+00
   kr86     86   1.7530407E-08  1.8315015E-08  7.8460799E-10  1.8008864E-08  7.7155748E-10  1.3681182E+00
   rb85     85   5.2921445E-09  5.8866285E-09  5.9448402E-10  5.7882281E-09  5.8459587E-10  9.9568987E-01
   rb86     86  -8.7019822E-28 -8.7019822E-28  0.0000000E+00 -8.5565206E-28  0.0000000E+00  0.0000000E+00
   rb87     87   2.9912866E-09  3.2417036E-09  2.5041694E-10  3.1875156E-09  2.4625171E-10  1.1120731E+00
   sr86     86   5.3983817E-09  5.5903095E-09  1.9192795E-10  5.4968625E-09  1.8873558E-10  1.4642612E+00
   sr87     87   3.8388266E-09  3.9745136E-09  1.3568704E-10  3.9080761E-09  1.3343014E-10  1.4667091E+00
   sr88     88   7.6083332E-08  7.7728807E-08  1.6454780E-09  7.6429501E-08  1.6181085E-09  1.6742533E+00
   sr89     89  -3.0947329E-27 -3.0947329E-27  0.0000000E+00 -3.0430017E-27  0.0000000E+00  0.0000000E+00
   sr90     90   6.6852589E-16  6.6852589E-16  0.0000000E+00  6.5735088E-16  0.0000000E+00  0.0000000E+00
    y89     89   2.2223142E-08  2.2653477E-08  4.3033496E-10  2.2274804E-08  4.2317716E-10  1.7212917E+00
    y90     90   1.6906507E-19  1.6906507E-19  0.0000000E+00  1.6623899E-19  0.0000000E+00  0.0000000E+00
    y91     91  -3.5052339E-30 -3.5052339E-30  0.0000000E+00 -3.4466408E-30  0.0000000E+00  0.0000000E+00
   zr90     90   2.3441990E-08  2.3909779E-08  4.6778875E-10  2.3510106E-08  4.6000792E-10  1.7084893E+00
   zr91     91   6.9238553E-09  7.0270030E-09  1.0314789E-10  6.9095405E-09  1.0143222E-10  1.8332732E+00
   zr92     92   1.2243603E-08  1.2402997E-08  1.5939343E-10  1.2195669E-08  1.5674222E-10  1.8910197E+00
   zr93     93   0.0000000E+00  0.0000000E+00  0.0000000E+00  0.0000000E+00  0.0000000E+00  0.0000000E+00
   zr94     94   1.4103791E-08  1.4268833E-08  1.6504179E-10  1.4030317E-08  1.6229662E-10  1.9367580E+00
   zr95     95  -2.5950307E-26 -2.5950307E-26  0.0000000E+00 -2.5516524E-26  0.0000000E+00  0.0000000E+00
   zr96     96   2.4794362E-09  2.5065912E-09  2.7155028E-11  2.4646913E-09  2.6703355E-11  1.9651970E+00
   nb93     93   3.7044960E-09  3.7757664E-09  7.1270233E-11  3.7126511E-09  7.0084785E-11  1.7240604E+00
   nb94     94   1.9135365E-14  1.9135365E-14  0.0000000E+00  1.8815500E-14  0.0000000E+00  0.0000000E+00
   nb95     95  -2.1434442E-26 -2.1434442E-26  0.0000000E+00 -2.1076146E-26  0.0000000E+00  0.0000000E+00
   mo94     94   2.9611730E-14  2.2366305E-11  2.2336693E-11  2.1992432E-11  2.1965166E-11  5.3876685E-04
   mo95     95   1.6553177E-09  1.6943893E-09  3.9071676E-11  1.6660661E-09  3.8421794E-11  1.6371148E+00
   mo96     96   2.9758707E-09  3.0174310E-09  4.1560394E-11  2.9669920E-09  4.0869114E-11  1.8609211E+00
   mo97     97   9.5908692E-10  9.8326491E-10  2.4178015E-11  9.6682873E-10  2.3775860E-11  1.6092134E+00
   mo98     98   3.2277081E-09  3.2897789E-09  6.2070744E-11  3.2347873E-09  6.1038306E-11  1.7242433E+00
   tc99     99   0.0000000E+00  0.0000000E+00  0.0000000E+00  0.0000000E+00  0.0000000E+00  0.0000000E+00
   ru99     99   4.0926229E-10  4.3093470E-10  2.1672403E-11  4.2373124E-10  2.1311924E-11  1.2984679E+00
  ru100    100   1.6100095E-09  1.6316262E-09  2.1616752E-11  1.6043521E-09  2.1257197E-11  1.8777937E+00
  ru101    101   3.4863426E-10  3.7819536E-10  2.9561104E-11  3.7187350E-10  2.9069410E-11  1.1069591E+00
  ru102    102   2.3503817E-09  2.4055926E-09  5.5210878E-11  2.3653810E-09  5.4292550E-11  1.6391610E+00
  rh103    103   3.9703907E-10  4.3229695E-10  3.5257890E-11  4.2507073E-10  3.4671443E-11  1.0884893E+00
  pd104    104   1.3235063E-09  1.3389353E-09  1.5428983E-11  1.3165538E-09  1.5172349E-11  1.9383858E+00
  pd105    105   3.3577913E-10  3.6700384E-10  3.1224721E-11  3.6086906E-10  3.0705355E-11  1.0701356E+00
  pd106    106   1.5620482E-09  1.6006285E-09  3.8580378E-11  1.5738726E-09  3.7938666E-11  1.6178876E+00
  pd107    107   0.0000000E+00  0.0000000E+00  0.0000000E+00  0.0000000E+00  0.0000000E+00  0.0000000E+00
  pd108    108   2.0180622E-09  2.0561188E-09  3.8056724E-11  2.0217490E-09  3.7423724E-11  1.7325802E+00
  ag107    107   3.0887828E-10  3.3508796E-10  2.6209677E-11  3.2948666E-10  2.5773727E-11  1.1066607E+00
  ag108    108   0.0000000E+00  0.0000000E+00  0.0000000E+00  0.0000000E+00  0.0000000E+00  0.0000000E+00
  ag109    109   5.0740190E-10  5.3220695E-10  2.4805038E-11  5.2331062E-10  2.4392452E-11  1.3315041E+00
  cd108    108   4.5950656E-15  1.4742966E-12  1.4697015E-12  1.4496525E-12  1.4452558E-12  1.3192142E-03
  cd109    109   9.3072953E-27  9.3072953E-27  0.0000000E+00  9.1517156E-27  0.0000000E+00  0.0000000E+00
  cd110    110   1.7711319E-09  1.7921393E-09  2.1007416E-11  1.7621822E-09  2.0657996E-11  1.9309627E+00
  cd111    111   5.8889921E-10  6.1062361E-10  2.1724402E-11  6.0041649E-10  2.1363057E-11  1.4487894E+00
  cd112    112   2.2872231E-09  2.3285462E-09  4.1323167E-11  2.2896225E-09  4.0635832E-11  1.7508547E+00
  cd113    113   6.7455741E-10  6.9567124E-10  2.1113805E-11  6.8404249E-10  2.0762617E-11  1.5178010E+00
  cd114    114   3.3841514E-09  3.4342325E-09  5.0080995E-11  3.3768262E-09  4.9247991E-11  1.8361202E+00
  in115    115   6.5020367E-10  6.6908701E-10  1.8883367E-11  6.5790262E-10  1.8569278E-11  1.5493667E+00
  sn116    116   4.8296154E-09  4.8886957E-09  5.9080123E-11  4.8069766E-09  5.8097433E-11  1.9177151E+00
  sn117    117   1.3963156E-09  1.4277908E-09  3.1475173E-11  1.4039240E-09  3.0951641E-11  1.6566600E+00
  sn118    118   6.9226549E-09  7.0186323E-09  9.5977511E-11  6.9013097E-09  9.4381100E-11  1.8640465E+00
  sn119    119   1.9936865E-09  2.0294928E-09  3.5806236E-11  1.9955679E-09  3.5210668E-11  1.7533922E+00
  sn120    120   1.1260526E-08  1.1397472E-08  1.3694662E-10  1.1206954E-08  1.3466878E-10  1.9202206E+00
  sb121    121   8.0258011E-10  8.2369933E-10  2.1119231E-11  8.0993046E-10  2.0767952E-11  1.5910541E+00
  te122    122   1.3947163E-09  1.4087549E-09  1.4038536E-11  1.3852063E-09  1.3805031E-11  2.0014772E+00
  te123    123   5.1240995E-10  5.1734983E-10  4.9398775E-12  5.0870186E-10  4.8577119E-12  2.0200317E+00
  te124    124   2.7066980E-09  2.7332208E-09  2.6522819E-11  2.6875326E-09  2.6081659E-11  2.0130188E+00
  te125    125   9.1205676E-10  9.5193609E-10  3.9879312E-11  9.3602359E-10  3.9215992E-11  1.3778237E+00
  te126    126   5.2436877E-09  5.3508056E-09  1.0711769E-10  5.2613620E-09  1.0533598E-10  1.6985214E+00
   i127    127   6.8627642E-10  8.2062146E-10  1.3434504E-10  8.0690404E-10  1.3211046E-10  7.8588468E-01
  xe128    128   1.6758342E-09  1.6903445E-09  1.4510277E-11  1.6620889E-09  1.4268925E-11  2.0662632E+00
  xe129    129   6.4901118E-10  8.3117047E-10  1.8215926E-10  8.1727669E-10  1.7912936E-10  6.5920234E-01
  xe130    130   3.4262599E-09  3.4557339E-09  2.9474000E-11  3.3979684E-09  2.8983755E-11  2.0690649E+00
  xe131    131   1.3133222E-09  1.4605577E-09  1.4723540E-10  1.4361432E-09  1.4478642E-10  9.9646991E-01
  xe132    132   7.0033046E-09  7.1846316E-09  1.8132690E-10  7.0645343E-09  1.7831085E-10  1.5979059E+00
  xe133    133  -4.7259087E-32 -4.7259087E-32  0.0000000E+00 -4.6469111E-32  0.0000000E+00  0.0000000E+00
  xe134    134   6.3820971E-10  7.0617945E-10  6.7969734E-11  6.9437506E-10  6.6839187E-11  1.0165629E+00
  cs133    133   9.3383401E-10  9.8150676E-10  4.7672782E-11  9.6510000E-10  4.6879833E-11  1.3135864E+00
  cs134    134   9.0541771E-24  9.0541771E-24  0.0000000E+00  8.9028286E-24  0.0000000E+00  0.0000000E+00
  cs135    135   0.0000000E+00  0.0000000E+00  0.0000000E+00  0.0000000E+00  0.0000000E+00  0.0000000E+00
  cs136    136  -1.2118016E-28 -1.2118016E-28  0.0000000E+00 -1.1915453E-28  0.0000000E+00  0.0000000E+00
  cs137    137   0.0000000E+00  0.0000000E+00  0.0000000E+00  0.0000000E+00  0.0000000E+00  0.0000000E+00
  ba134    134   1.0015248E-09  1.0161396E-09  1.4614856E-11  9.9915398E-10  1.4371766E-11  1.8421223E+00
  ba135    135   2.5546112E-09  2.5947688E-09  4.0157603E-11  2.5513951E-09  3.9489655E-11  1.8102944E+00
  ba136    136   6.9991861E-09  7.0473867E-09  4.8200433E-11  6.9295836E-09  4.7398710E-11  2.1649408E+00
  ba137    137   6.6074275E-09  6.6768631E-09  6.9435721E-11  6.5652532E-09  6.8280791E-11  1.9829532E+00
  ba138    138   8.6255426E-08  8.6701910E-08  4.4648157E-10  8.5252609E-08  4.3905521E-10  2.2881887E+00
  la139    139   1.0352007E-08  1.0413246E-08  6.1238944E-11  1.0239179E-08  6.0220350E-11  2.2305222E+00
  ce140    140   3.1580434E-08  3.1720791E-08  1.4035778E-10  3.1190549E-08  1.3802319E-10  2.3540711E+00
  ce141    141  -1.7916919E-27 -1.7916919E-27  0.0000000E+00 -1.7617421E-27  0.0000000E+00  0.0000000E+00
  ce142    142   1.0405671E-09  1.0584555E-09  1.7888500E-11  1.0407625E-09  1.7590956E-11  1.7720622E+00
  pr141    141   3.0672627E-09  3.0914529E-09  2.4190183E-11  3.0397764E-09  2.3787824E-11  2.1064870E+00
  nd142    142   8.4909626E-09  8.5232310E-09  3.2268611E-11  8.3807574E-09  3.1731881E-11  2.4217875E+00
  nd143    143   1.2707927E-09  1.2852391E-09  1.4446480E-11  1.2637552E-09  1.4206189E-11  1.9491854E+00
  nd144    144   4.0176666E-09  4.0463788E-09  2.8711934E-11  3.9787400E-09  2.8234364E-11  2.1489677E+00
  nd145    145   7.4002771E-10  7.5070444E-10  1.0676746E-11  7.3815576E-10  1.0499158E-11  1.8469936E+00
  nd146    146   3.7058301E-09  3.7268451E-09  2.1014966E-11  3.6645476E-09  2.0665421E-11  2.2487762E+00
  nd147    147  -1.6785497E-29 -1.6785497E-29  0.0000000E+00 -1.6504913E-29  0.0000000E+00  0.0000000E+00
  nd148    148   4.6072160E-10  4.6783016E-10  7.1085728E-12  4.6000997E-10  6.9903350E-12  1.8182693E+00
  pm147    147   5.6871148E-24  5.6871148E-24  0.0000000E+00  5.5920496E-24  0.0000000E+00  0.0000000E+00
  pm148    148   0.0000000E+00  0.0000000E+00  0.0000000E+00  0.0000000E+00  0.0000000E+00  0.0000000E+00
  sm147    147   4.2562781E-10  4.3134968E-10  5.7218614E-12  4.2413928E-10  5.6266888E-12  1.8772557E+00
  sm148    148   9.6243169E-10  9.6675135E-10  4.3196258E-12  9.5059127E-10  4.2477770E-12  2.3498323E+00
  sm149    149   1.6204132E-10  1.6738835E-10  5.3470279E-12  1.6459031E-10  5.2580900E-12  1.4955764E+00
  sm150    150   7.7040435E-10  7.7327889E-10  2.8745322E-12  7.6035284E-10  2.8267195E-12  2.4297326E+00
  sm151    151   1.1527054E-14  1.1527054E-14  0.0000000E+00  1.1334369E-14  0.0000000E+00  0.0000000E+00
  sm152    152   6.9827727E-10  7.0883510E-10  1.0557816E-11  6.9698630E-10  1.0382206E-11  1.8269346E+00
  eu151    151   1.1327637E-10  1.2024097E-10  6.9645982E-12  1.1823104E-10  6.8487546E-12  1.2371199E+00
  eu152    152   1.9749196E-21  1.9749196E-21  0.0000000E+00  1.9419071E-21  0.0000000E+00  0.0000000E+00
  eu153    153   1.3028244E-10  1.3798590E-10  7.7034681E-12  1.3567934E-10  7.5753353E-12  1.2531120E+00
  eu154    154   2.6743315E-21  2.6743315E-21  0.0000000E+00  2.6296276E-21  0.0000000E+00  0.0000000E+00
  eu155    155   4.3911461E-24  4.3911461E-24  0.0000000E+00  4.3177442E-24  0.0000000E+00  0.0000000E+00
  gd152    152   1.9069017E-13  2.9238550E-13  1.0169533E-13  2.8749803E-13  1.0000382E-13  4.5861831E-01
  gd153    153   3.4887293E-27  3.4887293E-27  0.0000000E+00  3.4304121E-27  0.0000000E+00  0.0000000E+00
  gd154    154   8.8563205E-11  8.9686251E-11  1.1230443E-12  8.8187069E-11  1.1043645E-12  1.9022925E+00
  gd155    155   2.1272839E-10  2.2040204E-10  7.6736560E-12  2.1671782E-10  7.5460185E-12  1.4581769E+00
  gd156    156   5.5179356E-10  5.6247562E-10  1.0682091E-11  5.5307336E-10  1.0504414E-11  1.7214109E+00
  gd157    157   2.5594360E-10  2.6416266E-10  8.2190678E-12  2.5974695E-10  8.0823586E-12  1.5070125E+00
  gd158    158   1.0707180E-09  1.0838468E-09  1.3128868E-11  1.0657293E-09  1.2910494E-11  1.9167041E+00
  tb159    159   2.3448260E-10  2.4438640E-10  9.9037974E-12  2.4030128E-10  9.7390663E-12  1.3922389E+00
  dy160    160   3.9121281E-10  3.9271147E-10  1.4986551E-12  3.8614695E-10  1.4737278E-12  2.4183354E+00
  dy161    161   1.7344308E-10  1.8567385E-10  1.2230778E-11  1.8257015E-10  1.2027343E-11  1.1812601E+00
  dy162    162   7.5933476E-10  7.7593265E-10  1.6597897E-11  7.6296225E-10  1.6321822E-11  1.6697344E+00
  dy163    163   3.1856745E-10  3.3488790E-10  1.6320438E-11  3.2928996E-10  1.6048978E-11  1.3121312E+00
  dy164    164   1.5369765E-09  1.5556159E-09  1.8639323E-11  1.5296123E-09  1.8329293E-11  1.9214357E+00
  ho165    165   2.8545291E-10  2.9997085E-10  1.4517937E-11  2.9495659E-10  1.4276458E-11  1.3151376E+00
  er166    166   6.5208339E-10  6.6587497E-10  1.3791595E-11  6.5474426E-10  1.3562198E-11  1.6837417E+00
  er167    167   2.6177890E-10  2.7124969E-10  9.4707835E-12  2.6671551E-10  9.3132550E-12  1.4569468E+00
  er168    168   1.0264206E-09  1.0376600E-09  1.1239328E-11  1.0203145E-09  1.1052383E-11  1.9652784E+00
  er169    169  -4.5606574E-30 -4.5606574E-30  0.0000000E+00 -4.4844218E-30  0.0000000E+00  0.0000000E+00
  er170    170   3.3914405E-10  3.4542966E-10  6.2856127E-12  3.3965550E-10  6.1810630E-12  1.7399755E+00
  tm169    169   2.4935801E-10  2.5600014E-10  6.6421257E-12  2.5172087E-10  6.5316463E-12  1.5858966E+00
  tm170    170   7.2113744E-26  7.2113744E-26  0.0000000E+00  7.0908297E-26  0.0000000E+00  0.0000000E+00
  tm171    171   1.0152459E-24  1.0152459E-24  0.0000000E+00  9.9827518E-25  0.0000000E+00  0.0000000E+00
  yb170    170   3.4995790E-10  3.5121414E-10  1.2562512E-12  3.4534328E-10  1.2353558E-12  2.4464591E+00
  yb171    171   4.5464010E-10  4.6061496E-10  5.9748716E-12  4.5291537E-10  5.8754906E-12  1.8869729E+00
  yb172    172   1.2976991E-09  1.3069503E-09  9.2513011E-12  1.2851035E-09  9.0974225E-12  2.1500199E+00
  yb173    173   5.7932947E-10  5.8623650E-10  6.9070027E-12  5.7643706E-10  6.7921172E-12  1.9287467E+00
  yb174    174   2.5061300E-09  2.5199507E-09  1.3820670E-11  2.4778275E-09  1.3590789E-11  2.2608266E+00
  lu175    175   3.2311950E-10  3.2935729E-10  6.2377829E-12  3.2385181E-10  6.1340290E-12  1.7226006E+00
  lu176    176   2.4039090E-10  2.4057298E-10  1.8207681E-13  2.3655158E-10  1.7904829E-13  3.1209559E+00
  lu177    177  -4.7431620E-31 -4.7431620E-31  0.0000000E+00 -4.6638759E-31  0.0000000E+00  0.0000000E+00
  hf176    176  -5.6783788E-14  1.3441761E-12  1.4009599E-12  1.3217070E-12  1.3776574E-12 -1.8006062E-02
  hf177    177   2.5710042E-10  2.6213592E-10  5.0355072E-12  2.5775410E-10  4.9517512E-12  1.7164468E+00
  hf178    178   1.2124073E-09  1.2198367E-09  7.4294052E-12  1.1994460E-09  7.3058313E-12  2.2153113E+00
  hf179    179   4.2096177E-10  4.2469203E-10  3.7302566E-12  4.1759293E-10  3.6682107E-12  2.0562990E+00
  hf180    180   2.4874995E-09  2.4971598E-09  9.6603602E-12  2.4554176E-09  9.4996780E-12  2.4124167E+00
  ta181    181   4.9693683E-10  5.0102983E-10  4.0930120E-12  4.9265469E-10  4.0249327E-12  2.0877841E+00
  ta182    182  -6.2974550E-27 -6.2974550E-27  0.0000000E+00 -6.1921876E-27  0.0000000E+00  0.0000000E+00
  ta183    183   0.0000000E+00  0.0000000E+00  0.0000000E+00  0.0000000E+00  0.0000000E+00  0.0000000E+00
   w182    182   1.0482157E-09  1.0546387E-09  6.4229611E-12  1.0370095E-09  6.3161269E-12  2.2153320E+00
   w183    183   5.6942512E-10  5.7291255E-10  3.4874263E-12  5.6333582E-10  3.4294195E-12  2.2155468E+00
   w184    184   1.6853638E-09  1.6928715E-09  7.5076915E-12  1.6645737E-09  7.3828148E-12  2.3530812E+00
   w185    185  -7.2197474E-27 -7.2197474E-27  0.0000000E+00 -7.0990633E-27  0.0000000E+00  0.0000000E+00
   w186    186   1.4246695E-09  1.4317117E-09  7.0422106E-12  1.4077794E-09  6.9250764E-12  2.3081100E+00
  re185    185   3.1419126E-10  3.1777053E-10  3.5792699E-12  3.1245873E-10  3.5197353E-12  1.9482827E+00
  re186    186  -1.0822850E-33 -1.0822850E-33  0.0000000E+00 -1.0641937E-33  0.0000000E+00  0.0000000E+00
  re187    187   2.4055077E-10  2.4707800E-10  6.5272301E-12  2.4294786E-10  6.4186616E-12  1.5780687E+00
  os186    186   6.5007733E-10  6.5206118E-10  1.9838395E-12  6.4116140E-10  1.9508420E-12  2.5167453E+00
  os187    187   1.9325846E-10  1.9484481E-10  1.5863396E-12  1.9158780E-10  1.5599538E-12  2.0892563E+00
  os188    188   1.2201962E-09  1.2369313E-09  1.6735122E-11  1.2162550E-09  1.6456765E-11  1.8686801E+00
  os189    189   3.2440453E-10  3.4491732E-10  2.0512781E-11  3.3915171E-10  2.0171588E-11  1.2256539E+00
  os190    190   1.4883016E-09  1.5218365E-09  3.3534949E-11  1.4963977E-09  3.2977156E-11  1.6568339E+00
  os191    191  -2.3236843E-28 -2.3236843E-28  0.0000000E+00 -2.2848419E-28  0.0000000E+00  0.0000000E+00
  os192    192   3.5431913E-10  4.0695083E-10  5.2631711E-11  4.0014830E-10  5.1756280E-11  8.8825798E-01
  ir191    191   3.1546157E-10  3.5983860E-10  4.4377037E-11  3.5382358E-10  4.3638908E-11  9.0891290E-01
  ir192    192   6.6040859E-26  6.6040859E-26  0.0000000E+00  6.4936928E-26  0.0000000E+00  0.0000000E+00
  ir193    193   3.6031686E-10  4.3569498E-10  7.5378113E-11  4.2841194E-10  7.4124339E-11  7.6190066E-01
  pt192    192   4.4789053E-10  4.4975662E-10  1.8660980E-12  4.4223855E-10  1.8350590E-12  2.3820066E+00
  pt193    193   1.9584283E-15  1.9584283E-15  0.0000000E+00  1.9256915E-15  0.0000000E+00  0.0000000E+00
  pt194    194   1.2389547E-09  1.3184434E-09  7.9488617E-11  1.2964044E-09  7.8166466E-11  1.2197201E+00
  pt195    195   5.0080423E-10  5.8279659E-10  8.1992378E-11  5.7305460E-10  8.0628587E-11  8.5170692E-01
  pt196    196   2.1474742E-09  2.2089637E-09  6.1489536E-11  2.1720390E-09  6.0466777E-11  1.5553509E+00
  au197    197   6.8797534E-10  7.2503359E-10  3.7058238E-11  7.1291401E-10  3.6441843E-11  1.2914369E+00
  hg198    198   2.4861091E-09  2.4948146E-09  8.7055268E-12  2.4531115E-09  8.5607268E-12  2.4572067E+00
  hg199    199   1.0987471E-09  1.1135514E-09  1.4804283E-11  1.0949374E-09  1.4558041E-11  1.8762864E+00
  hg200    200   3.7270182E-09  3.7473917E-09  2.0373271E-11  3.6847507E-09  2.0034399E-11  2.2646320E+00
  hg201    201   1.5169452E-09  1.5286279E-09  1.1682673E-11  1.5030756E-09  1.1488354E-11  2.1167233E+00
  hg202    202   6.1642362E-09  6.1908354E-09  2.6598996E-11  6.0873502E-09  2.6156570E-11  2.3668475E+00
  tl203    203   3.0953269E-09  3.1058485E-09  1.0521508E-11  3.0539316E-09  1.0346502E-11  2.4700658E+00
  tl204    204   1.2895065E-24  1.2895065E-24  0.0000000E+00  1.2679513E-24  0.0000000E+00  0.0000000E+00
  tl205    205   5.5093841E-09  5.5347478E-09  2.5363815E-11  5.4422298E-09  2.4941936E-11  2.3388469E+00
  pb204    204   2.8555316E-09  2.8688492E-09  1.3317494E-11  2.8208937E-09  1.3095982E-11  2.3332489E+00
  pb205    205   0.0000000E+00  0.0000000E+00  0.0000000E+00  0.0000000E+00  0.0000000E+00  0.0000000E+00
  pb206    206   1.1874561E-07  1.1887075E-07  1.2513757E-10  1.1688372E-07  1.2305613E-10  2.9776509E+00
  pb207    207   4.8273240E-08  4.8412389E-08  1.3914976E-10  4.7603134E-08  1.3683527E-10  2.5414376E+00
  pb208    208   8.1566310E-07  8.1606333E-07  4.0020928E-10  8.0242211E-07  3.9355255E-10  3.3094003E+00
  bi209    209   1.4080451E-08  1.4108284E-08  2.7833597E-11  1.3872452E-08  2.7370635E-11  2.7048683E+00
  bi210    210   0.0000000E+00  0.0000000E+00  0.0000000E+00  0.0000000E+00  0.0000000E+00  0.0000000E+00
  po210    210   0.0000000E+00  0.0000000E+00  0.0000000E+00  0.0000000E+00  0.0000000E+00  0.0000000E+00
