# Initial mass = 2.360, Z =  0.0006, Y =  0.300, M_mix = 1.00E-03
# Final mass = 0.752, Mass expelled =   1.6080
  species    A      yield       mass(i)_lost    mass(i)_0        <X(i)>          X0(i)   log10(<X(i)>/X0(i)) 
      n      1   0.0000000E+00  0.0000000E+00  0.0000000E+00  0.0000000E+00  0.0000000E+00  0.0000000E+00
      p      1  -3.7549257E-02  1.0870029E+00  1.1245521E+00  6.7599684E-01  6.9939989E-01 -1.4780901E-02
      d      2  -3.1409572E-06  4.5668494E-10  3.1414140E-06  2.8400807E-10  1.9537597E-06 -3.8375404E+00
    he3      3   2.0053377E-04  2.2051523E-04  1.9981460E-05  1.3713635E-04  1.2427197E-05  1.0427794E+00
    he4      4   6.6401094E-02  5.4876548E-01  4.8236439E-01  3.4127209E-01  2.9999998E-01  5.5979554E-02
    li7      7  -1.9761859E-09  2.3284363E-10  2.2090294E-09  1.4480327E-10  1.3738758E-09 -9.7716910E-01
    be7      7   1.5176985E-12  1.5176985E-12  0.0000000E+00  9.4384244E-13  0.0000000E+00  0.0000000E+00
     b8      8   2.5512096E-28  2.5512096E-28  0.0000000E+00  1.5865731E-28  0.0000000E+00  0.0000000E+00
    c12     12   1.7896360E-02  1.8061530E-02  1.6516927E-04  1.1232295E-02  1.0272479E-04  2.0387933E+00
    c13     13   4.0022005E-06  6.0028160E-06  2.0006157E-06  3.7330947E-06  1.2442558E-06  4.7715932E-01
    c14     14   5.2189520E-08  5.2189520E-08  0.0000000E+00  3.2456171E-08  0.0000000E+00  0.0000000E+00
    n13     13   0.0000000E+00  0.0000000E+00  0.0000000E+00  0.0000000E+00  0.0000000E+00  0.0000000E+00
    n14     14   9.8639168E-05  1.4745058E-04  4.8811416E-05  9.1698130E-05  3.0357596E-05  4.8009309E-01
    n15     15  -6.5967662E-08  5.0870625E-08  1.1683829E-07  3.1635963E-08  7.2665983E-08 -3.6115009E-01
    o14     14   0.0000000E+00  0.0000000E+00  0.0000000E+00  0.0000000E+00  0.0000000E+00  0.0000000E+00
    o15     15   0.0000000E+00  0.0000000E+00  0.0000000E+00  0.0000000E+00  0.0000000E+00  0.0000000E+00
    o16     16   3.8794061E-04  7.9202559E-04  4.0408497E-04  4.9255323E-04  2.5131516E-04  2.9223448E-01
    o17     17   1.2945094E-06  1.4576167E-06  1.6310733E-07  9.0647808E-07  1.0144239E-07  9.5113784E-01
    o18     18  -3.1983558E-07  5.9152040E-07  9.1135598E-07  3.6786096E-07  5.6680551E-07 -1.8775037E-01
    o19     19   0.0000000E+00  0.0000000E+00  0.0000000E+00  0.0000000E+00  0.0000000E+00  0.0000000E+00
    f17     17   0.0000000E+00  0.0000000E+00  0.0000000E+00  0.0000000E+00  0.0000000E+00  0.0000000E+00
    f18     18   0.0000000E+00  0.0000000E+00  0.0000000E+00  0.0000000E+00  0.0000000E+00  0.0000000E+00
    f19     19   3.3353090E-06  3.3588676E-06  2.3558739E-08  2.0888481E-06  1.4652037E-08  2.1540089E+00
    f20     20   0.0000000E+00  0.0000000E+00  0.0000000E+00  0.0000000E+00  0.0000000E+00  0.0000000E+00
   ne19     19   0.0000000E+00  0.0000000E+00  0.0000000E+00  0.0000000E+00  0.0000000E+00  0.0000000E+00
   ne20     20   1.9673629E-05  1.0145175E-04  8.1778118E-05  6.3091888E-05  5.0860792E-05  9.3590416E-02
   ne21     21   1.3645870E-06  1.5704214E-06  2.0583451E-07  9.7663030E-07  1.2801597E-07  8.8246608E-01
   ne22     22   1.1995774E-03  1.2061917E-03  6.6143994E-06  7.5011927E-04  4.1137355E-06  2.2608941E+00
   ne23     23   0.0000000E+00  0.0000000E+00  0.0000000E+00  0.0000000E+00  0.0000000E+00  0.0000000E+00
   na21     21   0.0000000E+00  0.0000000E+00  0.0000000E+00  0.0000000E+00  0.0000000E+00  0.0000000E+00
   na22     22   2.8045296E-18  2.8045296E-18  0.0000000E+00  1.7441105E-18  0.0000000E+00  0.0000000E+00
   na23     23   8.8488323E-06  1.0732954E-05  1.8841216E-06  6.6747230E-06  1.1718038E-06  7.5557834E-01
   na24     24   0.0000000E+00  0.0000000E+00  0.0000000E+00  0.0000000E+00  0.0000000E+00  0.0000000E+00
   mg23     23   0.0000000E+00  0.0000000E+00  0.0000000E+00  0.0000000E+00  0.0000000E+00  0.0000000E+00
   mg24     24   6.3727275E-06  4.5381727E-05  3.9008999E-05  2.8222468E-05  2.4261117E-05  6.5684222E-02
   mg25     25   2.6234258E-05  3.1378513E-05  5.1442553E-06  1.9514002E-05  3.1993995E-06  7.8527784E-01
   mg26     26   1.7851029E-05  2.3741508E-05  5.8904793E-06  1.4764620E-05  3.6635033E-06  6.0532570E-01
   mg27     27   0.0000000E+00  0.0000000E+00  0.0000000E+00  0.0000000E+00  0.0000000E+00  0.0000000E+00
   al25     25   0.0000000E+00  0.0000000E+00  0.0000000E+00  0.0000000E+00  0.0000000E+00  0.0000000E+00
   al-6     26   0.0000000E+00  0.0000000E+00  0.0000000E+00  0.0000000E+00  0.0000000E+00  0.0000000E+00
   al*6     26   0.0000000E+00  0.0000000E+00  0.0000000E+00  0.0000000E+00  0.0000000E+00  0.0000000E+00
   al27     27   2.7771271E-06  6.3642392E-06  3.5871121E-06  3.9578604E-06  2.2309555E-06  2.4896957E-01
   al28     28   0.0000000E+00  0.0000000E+00  0.0000000E+00  0.0000000E+00  0.0000000E+00  0.0000000E+00
   si27     27   0.0000000E+00  0.0000000E+00  0.0000000E+00  0.0000000E+00  0.0000000E+00  0.0000000E+00
   si28     28   3.2138742E-06  4.6406705E-05  4.3192831E-05  2.8859893E-05  2.6863196E-05  3.1137068E-02
   si29     29   3.0536262E-07  2.5769193E-06  2.2715567E-06  1.6025618E-06  1.4127638E-06  5.4745227E-02
   si30     30   3.9556323E-07  1.9446475E-06  1.5490842E-06  1.2093579E-06  9.6343194E-07  9.8733813E-02
    p31     31   2.8767138E-07  6.6329812E-07  3.7562674E-07  4.1249885E-07  2.3361595E-07  2.4692026E-01
    p32     32   3.5554551E-30  3.5554551E-30  0.0000000E+00  2.2111041E-30  0.0000000E+00  0.0000000E+00
    p33     33   1.6011876E-29  1.6011876E-29  0.0000000E+00  9.9576348E-30  0.0000000E+00  0.0000000E+00
    s32     32   4.6358764E-07  2.1161777E-05  2.0698189E-05  1.3160310E-05  1.2872958E-05  9.5877824E-03
    s33     33   1.4247007E-08  1.8513653E-07  1.7088952E-07  1.1513466E-07  1.0628242E-07  3.4744631E-02
    s34     34   1.1439579E-07  1.1082593E-06  9.9386352E-07  6.8921605E-07  6.1811994E-07  4.7282625E-02
    s35     35   6.9159919E-25  6.9159919E-25  0.0000000E+00  4.3009900E-25  0.0000000E+00  0.0000000E+00
    s36     36   1.2760285E-08  1.7666277E-08  4.9059925E-09  1.0986492E-08  3.0512155E-09  5.5638617E-01
   cl35     35   1.7743531E-09  2.1410534E-07  2.1233099E-07  1.3315010E-07  1.3205637E-07  3.5821453E-03
   cl36     36   3.9593751E-10  3.9593751E-10  0.0000000E+00  2.4622981E-10  0.0000000E+00  0.0000000E+00
   cl37     37   3.9265146E-08  1.1100488E-07  7.1739734E-08  6.9032886E-08  4.4617554E-08  1.8955027E-01
   ar36     36   2.8603608E-09  3.9567817E-06  3.9539214E-06  2.4606852E-06  2.4590877E-06  2.8206545E-04
   ar37     37   3.1006813E-24  3.1006813E-24  0.0000000E+00  1.9282845E-24  0.0000000E+00  0.0000000E+00
   ar38     38   7.1261240E-08  8.3009240E-07  7.5883116E-07  5.1622663E-07  4.7194470E-07  3.8949307E-02
   ar39     39   9.6209724E-12  9.6209724E-12  0.0000000E+00  5.9831922E-12  0.0000000E+00  0.0000000E+00
   ar40     40   8.4362117E-09  9.7137693E-09  1.2775581E-09  6.0409016E-09  7.9455992E-10  8.8097513E-01
    k39     39   1.2770201E-08  2.1862093E-07  2.0585072E-07  1.3595829E-07  1.2802606E-07  2.6107322E-02
    k40     40   1.0031909E-09  1.0365164E-09  3.3325533E-11  6.4459982E-10  2.0726362E-11  1.4927671E+00
    k41     41   3.5804106E-09  1.9197600E-08  1.5617189E-08  1.1938806E-08  9.7128989E-09  8.9612029E-02
   ca40     40   1.7711955E-08  3.5818057E-06  3.5640937E-06  2.2274912E-06  2.2166396E-06  2.1209309E-03
   ca41     41   5.8818633E-10  5.8818633E-10  0.0000000E+00  3.6578754E-10  0.0000000E+00  0.0000000E+00
   ca42     42   5.5332379E-09  3.0510257E-08  2.4977020E-08  1.8974042E-08  1.5534118E-08  8.6873271E-02
   ca43     43   1.4628898E-09  6.7984764E-09  5.3355866E-09  4.2279082E-09  3.3183956E-09  1.0519741E-01
   ca44     44   5.0106834E-09  8.9374787E-08  8.4364103E-08  5.5581339E-08  5.2469112E-08  2.5025304E-02
   ca45     45   3.3512409E-25  3.3512409E-25  0.0000000E+00  2.0841052E-25  0.0000000E+00  0.0000000E+00
   ca46     46   2.9803091E-09  3.1494347E-09  1.6912569E-10  1.9586037E-09  1.0518542E-10  1.2699910E+00
   ca47     47   4.7020391E-36  4.7020391E-36  0.0000000E+00  2.9241538E-36  0.0000000E+00  0.0000000E+00
   ca48     48   2.1554580E-10  8.4659053E-09  8.2503595E-09  5.2648668E-09  5.1311990E-09  1.1168513E-02
   sc45     45   1.5811703E-09  3.9612909E-09  2.3801205E-09  2.4634894E-09  1.4802837E-09  2.2120576E-01
   sc46     46   3.4121867E-26  3.4121867E-26  0.0000000E+00  2.1220067E-26  0.0000000E+00  0.0000000E+00
   sc47     47   1.2973011E-35  1.2973011E-35  0.0000000E+00  8.0677928E-36  0.0000000E+00  0.0000000E+00
   sc48     48   3.9223990E-32  1.5403860E-30  1.5011621E-30  9.5795154E-31  9.3362736E-31  0.0000000E+00
   ti46     46   3.2813841E-10  1.4869469E-08  1.4541331E-08  9.2471826E-09  9.0437826E-09  9.6593332E-03
   ti47     47   2.3049651E-10  1.3629131E-08  1.3398634E-08  8.4758280E-09  8.3330987E-09  7.3756059E-03
   ti48     48  -1.3346124E-09  1.3425222E-07  1.3558683E-07  8.3490193E-08  8.4326388E-08 -4.3280399E-03
   ti49     49   3.2635112E-09  1.3420941E-08  1.0157430E-08  8.3463565E-09  6.3172751E-09  1.2096713E-01
   ti50     50   1.1549015E-08  2.1473179E-08  9.9241637E-09  1.3353968E-08  6.1721988E-09  3.3517042E-01
    v51     51   3.3296388E-10  2.2204192E-08  2.1871228E-08  1.3808578E-08  1.3602514E-08  6.5297903E-03
   cr52     52   5.4493512E-09  9.0201422E-07  8.9656487E-07  5.6095416E-07  5.5760631E-07  2.5996971E-03
   cr53     53   1.1970656E-09  1.0481497E-07  1.0361791E-07  6.5183443E-08  6.4443753E-08  4.9564699E-03
   cr54     54   1.7982140E-08  4.4261466E-08  2.6279325E-08  2.7525788E-08  1.6344069E-08  2.2637957E-01
   mn55     55   8.5222496E-09  7.9151209E-07  7.8298984E-07  4.9223394E-07  4.8696990E-07  4.6694349E-03
   fe54     54  -9.0182766E-08  5.0689932E-06  5.1591760E-06  3.1523591E-06  3.2086793E-06 -7.6906192E-03
   fe55     55   2.5722982E-18  2.5722982E-18  0.0000000E+00  1.5996880E-18  0.0000000E+00  0.0000000E+00
   fe56     56   6.3373591E-09  8.3989697E-05  8.3983359E-05  5.2232401E-05  5.2232310E-05  7.7657836E-07
   fe57     57   4.6716650E-07  2.4413641E-06  1.9741976E-06  1.5182613E-06  1.2278254E-06  9.2209958E-02
   fe58     58   1.1870669E-06  1.4544089E-06  2.6734202E-07  9.0448322E-07  1.6626973E-07  7.3558736E-01
   fe59     59   5.2379161E-25  5.2379161E-25  0.0000000E+00  3.2574108E-25  0.0000000E+00  0.0000000E+00
   fe60     60   1.5958844E-07  1.5958844E-07  0.0000000E+00  9.9246549E-08  0.0000000E+00  0.0000000E+00
   co59     59   3.2272092E-07  5.2889669E-07  2.0617577E-07  3.2891586E-07  1.2822822E-07  4.0910119E-01
   co60     60   3.2429392E-13  3.2429392E-13  0.0000000E+00  2.0167533E-13  0.0000000E+00  0.0000000E+00
   ni58     58  -5.4685643E-08  2.8952606E-06  2.9499463E-06  1.8005353E-06  1.8346790E-06 -8.1584509E-03
   ni59     59   1.0400361E-09  1.0400361E-09  0.0000000E+00  6.4678862E-10  0.0000000E+00  0.0000000E+00
   ni60     60   1.2621979E-07  1.3017225E-06  1.1755027E-06  8.0952896E-07  7.3108788E-07  4.4262793E-02
   ni61     61   8.2076753E-08  1.3402817E-07  5.1951414E-08  8.3350855E-08  3.2310474E-08  4.1156673E-01
   ni62     62   2.1283391E-07  3.8118807E-07  1.6835416E-07  2.3705726E-07  1.0470558E-07  3.5488340E-01
   ni63     63   1.8573242E-11  1.8573242E-11  0.0000000E+00  1.1550524E-11  0.0000000E+00  0.0000000E+00
   ni64     64   7.7993207E-08  1.2225033E-07  4.4257124E-08  7.6026325E-08  2.7525116E-08  4.4123483E-01
   cu63     63   5.5352416E-08  9.1882370E-08  3.6529954E-08  5.7140781E-08  2.2719309E-08  4.0055105E-01
   cu64     64   0.0000000E+00  0.0000000E+00  0.0000000E+00  0.0000000E+00  0.0000000E+00  0.0000000E+00
   cu65     65   1.4324570E-08  3.1123456E-08  1.6798886E-08  1.9355383E-08  1.0447839E-08  2.6777530E-01
   zn64     64  -8.0613916E-10  6.1780312E-08  6.2586452E-08  3.8420595E-08  3.8924792E-08 -5.6622121E-03
   zn65     65   2.6670750E-23  2.6670750E-23  0.0000000E+00  1.6586288E-23  0.0000000E+00  0.0000000E+00
   zn66     66   1.4599063E-08  5.1627779E-08  3.7028716E-08  3.2106829E-08  2.3029507E-08  1.4431277E-01
   zn67     67   3.3074312E-09  8.8312939E-09  5.5238627E-09  5.4920983E-09  3.4354914E-09  2.0374945E-01
   zn68     68   2.2871649E-08  4.8510483E-08  2.5638833E-08  3.0168213E-08  1.5945725E-08  2.7690533E-01
   zn69     69   0.0000000E+00  0.0000000E+00  0.0000000E+00  0.0000000E+00  0.0000000E+00  0.0000000E+00
   zn70     70   1.5476070E-10  1.0274864E-09  8.7272573E-10  6.3898414E-10  5.4277993E-10  7.0866294E-02
   ga69     69   3.3389500E-09  5.6894942E-09  2.3505442E-09  3.5382428E-09  1.4618891E-09  3.8387322E-01
   ga70     70   0.0000000E+00  0.0000000E+00  0.0000000E+00  0.0000000E+00  0.0000000E+00  0.0000000E+00
   ga71     71   2.9663796E-09  4.5716000E-09  1.6052205E-09  2.8430349E-09  9.9834507E-10  4.5450151E-01
   ge70     70   5.1647495E-09  7.7792350E-09  2.6144855E-09  4.8378328E-09  1.6260437E-09  4.7351861E-01
   ge71     71   1.9737883E-29  1.9737883E-29  0.0000000E+00  1.2274803E-29  0.0000000E+00  0.0000000E+00
   ge72     72   5.1832001E-09  8.7369365E-09  3.5537364E-09  5.4334186E-09  2.2101980E-09  3.9064199E-01
   ge73     73   1.5498779E-09  2.5611837E-09  1.0113058E-09  1.5927760E-09  6.2896788E-10  4.0352625E-01
   ge74     74   7.6694446E-09  1.2481125E-08  4.8116808E-09  7.7618942E-09  2.9925595E-09  4.1392493E-01
   as75     75   7.0824069E-10  1.4136503E-09  7.0540962E-10  8.7913582E-10  4.3871992E-10  3.0186862E-01
   se76     76   2.6026050E-09  3.3370209E-09  7.3441581E-10  2.0752617E-09  4.5675991E-10  6.5738493E-01
   se77     77   1.0421648E-09  1.6480755E-09  6.0591071E-10  1.0249226E-09  3.7683795E-10  4.3453646E-01
   se78     78   7.4686577E-09  9.3807806E-09  1.9121231E-09  5.8338192E-09  1.1892191E-09  6.9069111E-01
   se79     79   1.2278478E-09  1.2278478E-09  0.0000000E+00  7.6358697E-10  0.0000000E+00  0.0000000E+00
   se80     80   1.0979504E-08  1.5072578E-08  4.0930734E-09  9.3734940E-09  2.5456315E-09  5.6610596E-01
   br79     79   4.7639187E-10  1.1309140E-09  6.5452216E-10  7.0330480E-10  4.0707113E-10  2.3747326E-01
   br80     80   0.0000000E+00  0.0000000E+00  0.0000000E+00  0.0000000E+00  0.0000000E+00  0.0000000E+00
   br81     81   1.4943160E-09  2.1471749E-09  6.5285893E-10  1.3353079E-09  4.0603673E-10  5.1701605E-01
   kr80     80  -3.2316927E-12  1.5275592E-10  1.5598761E-10  9.4997468E-11  9.7014383E-11 -9.1240983E-03
   kr81     81   5.0990750E-14  5.0990750E-14  0.0000000E+00  3.1710667E-14  0.0000000E+00  0.0000000E+00
   kr82     82   5.5172440E-09  6.3183947E-09  8.0115059E-10  3.9293502E-09  4.9826471E-10  8.9686060E-01
   kr83     83   1.9484820E-09  2.7518225E-09  8.0334051E-10  1.7113325E-09  4.9962673E-10  5.3468877E-01
   kr84     84   1.5708970E-08  1.9715827E-08  4.0068580E-09  1.2261087E-08  2.4920110E-09  6.9197905E-01
   kr-5     85   6.5479831E-15  6.5479831E-15  0.0000000E+00  4.0721291E-15  0.0000000E+00  0.0000000E+00
   kr*5     85   0.0000000E+00  0.0000000E+00  0.0000000E+00  0.0000000E+00  0.0000000E+00  0.0000000E+00
   kr86     86   3.7916607E-08  3.9157179E-08  1.2405730E-09  2.4351481E-08  7.7155748E-10  1.4991571E+00
   rb85     85   5.8826819E-09  6.8226429E-09  9.3996089E-10  4.2429371E-09  5.8459587E-10  8.6081088E-01
   rb86     86   8.6953888E-28  8.6953888E-28  0.0000000E+00  5.4075804E-28  0.0000000E+00  0.0000000E+00
   rb87     87   9.4429007E-09  9.8388444E-09  3.9594356E-10  6.1186847E-09  2.4625171E-10  1.3952788E+00
   sr86     86   3.1297704E-09  3.4332348E-09  3.0346442E-10  2.1350963E-09  1.8873558E-10  1.0535637E+00
   sr87     87   1.5129581E-09  1.7274979E-09  2.1453986E-10  1.0743146E-09  1.3343014E-10  9.0587753E-01
   sr88     88   6.5596730E-08  6.8198453E-08  2.6017266E-09  4.2411976E-08  1.6181085E-09  1.4184809E+00
   sr89     89   1.5205103E-27  1.5205103E-27  0.0000000E+00  9.4559106E-28  0.0000000E+00  0.0000000E+00
   sr90     90   1.3296532E-13  1.3296532E-13  0.0000000E+00  8.2689877E-14  0.0000000E+00  0.0000000E+00
    y89     89   2.2019854E-08  2.2700274E-08  6.8041867E-10  1.4117086E-08  4.2317716E-10  1.5232228E+00
    y90     90   3.3625921E-17  3.3625921E-17  0.0000000E+00  2.0911644E-17  0.0000000E+00  0.0000000E+00
    y91     91   1.3584027E-30  1.3584027E-30  0.0000000E+00  8.4477785E-31  0.0000000E+00  0.0000000E+00
   zr90     90   2.0288748E-08  2.1028386E-08  7.3963818E-10  1.3077355E-08  4.6000792E-10  1.4537547E+00
   zr91     91   6.5429253E-09  6.7060162E-09  1.6309100E-10  4.1704085E-09  1.0143222E-10  1.6140027E+00
   zr92     92   1.4101272E-08  1.4353295E-08  2.5202290E-10  8.9261789E-09  1.5674222E-10  1.7554796E+00
   zr93     93   0.0000000E+00  0.0000000E+00  0.0000000E+00  0.0000000E+00  0.0000000E+00  0.0000000E+00
   zr94     94   1.5884275E-08  1.6145229E-08  2.6095370E-10  1.0040566E-08  1.6229662E-10  1.7914487E+00
   zr95     95   6.2815804E-27  6.2815804E-27  0.0000000E+00  3.9064558E-27  0.0000000E+00  0.0000000E+00
   zr96     96   1.1157081E-08  1.1200016E-08  4.2935829E-11  6.9651844E-09  2.6703355E-11  2.4163668E+00
   nb93     93   4.4831774E-09  4.5958655E-09  1.1268803E-10  2.8581255E-09  7.0084785E-11  1.6104575E+00
   nb94     94   1.6540879E-16  1.6540879E-16  0.0000000E+00  1.0286617E-16  0.0000000E+00  0.0000000E+00
   nb95     95   6.7589032E-27  6.7589032E-27  0.0000000E+00  4.2032982E-27  0.0000000E+00  0.0000000E+00
   mo94     94  -7.3449927E-13  3.4582882E-11  3.5317381E-11  2.1506769E-11  2.1965166E-11 -9.1593126E-03
   mo95     95   1.9709607E-09  2.0327384E-09  6.1777687E-11  1.2641409E-09  3.8421794E-11  1.5172179E+00
   mo96     96   3.4090955E-09  3.4748082E-09  6.5712685E-11  2.1609505E-09  4.0869114E-11  1.7232496E+00
   mo97     97   1.3131725E-09  1.3514012E-09  3.8228764E-11  8.4042368E-10  2.3775860E-11  1.5483620E+00
   mo98     98   3.2327743E-09  3.3309167E-09  9.8142369E-11  2.0714657E-09  6.1038306E-11  1.5306753E+00
   tc99     99   2.2015650E-10  2.2015650E-10  0.0000000E+00  1.3691326E-10  0.0000000E+00  0.0000000E+00
   ru99     99   1.6855210E-10  2.0281915E-10  3.4267048E-11  1.2613131E-10  2.1311924E-11  7.7220023E-01
  ru100    100   1.2845780E-09  1.3187571E-09  3.4179052E-11  8.2012264E-10  2.1257197E-11  1.5863729E+00
  ru101    101   2.6701052E-10  3.1375069E-10  4.6740167E-11  1.9511860E-10  2.9069410E-11  8.2686245E-01
  ru102    102   1.5811266E-09  1.6684225E-09  8.7295983E-11  1.0375762E-09  5.4292550E-11  1.2812798E+00
  rh103    103   2.6003416E-10  3.1578173E-10  5.5747566E-11  1.9638169E-10  3.4671443E-11  7.5312907E-01
  pd104    104   8.4280877E-10  8.6720409E-10  2.4395340E-11  5.3930604E-10  1.5172349E-11  1.5507824E+00
  pd105    105   2.1094763E-10  2.6031821E-10  4.9370574E-11  1.6188945E-10  3.0705355E-11  7.2200441E-01
  pd106    106   9.8361597E-10  1.0446168E-09  6.1000878E-11  6.4963734E-10  3.7938666E-11  1.2335889E+00
  pd107    107   0.0000000E+00  0.0000000E+00  0.0000000E+00  0.0000000E+00  0.0000000E+00  0.0000000E+00
  pd108    108   1.2965649E-09  1.3567377E-09  6.0172908E-11  8.4374241E-10  3.7423724E-11  1.3530629E+00
  ag107    107   1.9338620E-10  2.3482730E-10  4.1441097E-11  1.4603688E-10  2.5773727E-11  7.5328529E-01
  ag108    108   0.0000000E+00  0.0000000E+00  0.0000000E+00  0.0000000E+00  0.0000000E+00  0.0000000E+00
  ag109    109   3.2526148E-10  3.6448167E-10  3.9220169E-11  2.2666771E-10  2.4392452E-11  9.6813416E-01
  cd108    108  -2.2925672E-14  2.3008743E-12  2.3238000E-12  1.4308921E-12  1.4452558E-12 -4.3378440E-03
  cd109    109   1.2399488E-26  1.2399488E-26  0.0000000E+00  7.7111246E-27  0.0000000E+00  0.0000000E+00
  cd110    110   1.1766458E-09  1.2098614E-09  3.3215611E-11  7.5240142E-10  2.0657996E-11  1.5613614E+00
  cd111    111   3.9247350E-10  4.2682274E-10  3.4349260E-11  2.6543703E-10  2.1363057E-11  1.0942981E+00
  cd112    112   1.5970557E-09  1.6623933E-09  6.5337603E-11  1.0338268E-09  4.0635832E-11  1.4055387E+00
  cd113    113   4.7500781E-10  5.0839166E-10  3.3383823E-11  3.1616398E-10  2.0762617E-11  1.1826303E+00
  cd114    114   2.5484279E-09  2.6276128E-09  7.9184929E-11  1.6340876E-09  4.9247991E-11  1.5208868E+00
  in115    115   4.9352250E-10  5.2337967E-10  2.9857197E-11  3.2548489E-10  1.8569278E-11  1.2437358E+00
  sn116    116   3.9617087E-09  4.0551225E-09  9.3413784E-11  2.5218425E-09  5.8097433E-11  1.6375610E+00
  sn117    117   1.1686859E-09  1.2184525E-09  4.9766569E-11  7.5774409E-10  3.0951641E-11  1.3888389E+00
  sn118    118   6.3127490E-09  6.4645027E-09  1.5175362E-10  4.0202135E-09  9.4381100E-11  1.6293641E+00
  sn119    119   1.8470040E-09  1.9036186E-09  5.6614574E-11  1.1838425E-09  3.5210668E-11  1.5266197E+00
  sn120    120   1.0884413E-08  1.1100945E-08  2.1653142E-10  6.9035733E-09  1.3466878E-10  1.7098070E+00
  sb121    121   7.7562429E-10  8.0901669E-10  3.3392403E-11  5.0311988E-10  2.0767952E-11  1.3842778E+00
  te122    122   1.3564432E-09  1.3786400E-09  2.2196852E-11  8.5736324E-10  1.3805031E-11  1.7931275E+00
  te123    123   4.9732496E-10  5.0513560E-10  7.8106254E-12  3.1413908E-10  4.8577119E-12  1.8106902E+00
  te124    124   2.6039628E-09  2.6458991E-09  4.1936215E-11  1.6454597E-09  2.6081659E-11  1.7999520E+00
  te125    125   8.7139496E-10  9.3444963E-10  6.3054666E-11  5.8112543E-10  3.9215992E-11  1.1708066E+00
  te126    126   4.9424105E-09  5.1117781E-09  1.6936777E-10  3.1789666E-09  1.0533598E-10  1.4797093E+00
   i127    127   6.4508465E-10  8.5750262E-10  2.1241796E-10  5.3327281E-10  1.3211046E-10  6.0601223E-01
  xe128    128   1.5669179E-09  1.5898607E-09  2.2942740E-11  9.8871933E-10  1.4268925E-11  1.8406818E+00
  xe129    129   6.0564420E-10  8.9366298E-10  2.8801880E-10  5.5576060E-10  1.7912936E-10  4.9172097E-01
  xe130    130   3.1501775E-09  3.1967800E-09  4.6602441E-11  1.9880473E-09  2.8983755E-11  1.8362721E+00
  xe131    131   1.2054790E-09  1.4382784E-09  2.3279938E-10  8.9445179E-10  1.4478642E-10  7.9082906E-01
  xe132    132   6.3432313E-09  6.6299339E-09  2.8670272E-10  4.1230934E-09  1.7831085E-10  1.3640454E+00
  xe133    133   1.3366998E-33  1.3366998E-33  0.0000000E+00  8.3128104E-34  0.0000000E+00  0.0000000E+00
  xe134    134   3.8394292E-09  3.9468988E-09  1.0746948E-10  2.4545392E-09  6.6839187E-11  1.5649388E+00
  cs133    133   8.4895141E-10  9.2432861E-10  7.5377218E-11  5.7483124E-10  4.6879833E-11  1.0885543E+00
  cs134    134   4.8131830E-21  4.8131830E-21  0.0000000E+00  2.9932732E-21  0.0000000E+00  0.0000000E+00
  cs135    135   0.0000000E+00  0.0000000E+00  0.0000000E+00  0.0000000E+00  0.0000000E+00  0.0000000E+00
  cs136    136   4.5927495E-31  4.5927495E-31  0.0000000E+00  2.8561877E-31  0.0000000E+00  0.0000000E+00
  cs137    137   0.0000000E+00  0.0000000E+00  0.0000000E+00  0.0000000E+00  0.0000000E+00  0.0000000E+00
  ba134    134   8.2886342E-10  8.5197149E-10  2.3108095E-11  5.2983307E-10  1.4371766E-11  1.5666289E+00
  ba135    135   2.8494689E-09  2.9129636E-09  6.3494682E-11  1.8115447E-09  3.9489655E-11  1.6615657E+00
  ba136    136   5.7959135E-09  5.8721250E-09  7.6211509E-11  3.6518193E-09  4.7398710E-11  1.8867428E+00
  ba137    137   9.6357349E-09  9.7455226E-09  1.0978742E-10  6.0606489E-09  6.8280791E-11  1.9482206E+00
  ba138    138   6.8362354E-08  6.9068300E-08  7.0594869E-10  4.2952923E-08  4.3905521E-10  1.9904736E+00
  la139    139   8.2798239E-09  8.3766514E-09  9.6827185E-11  5.2093605E-09  6.0220350E-11  1.9370412E+00
  ce140    140   2.4039005E-08  2.4260931E-08  2.2192491E-10  1.5087645E-08  1.3802319E-10  2.0386693E+00
  ce141    141   6.5906611E-29  6.5906611E-29  0.0000000E+00  4.0986699E-29  0.0000000E+00  0.0000000E+00
  ce142    142   3.3268992E-09  3.3551835E-09  2.8284172E-11  2.0865569E-09  1.7590956E-11  2.0741408E+00
  pr141    141   2.5071294E-09  2.5453775E-09  3.8248002E-11  1.5829462E-09  2.3787824E-11  1.8231114E+00
  nd142    142   4.9369762E-09  4.9879971E-09  5.1021104E-11  3.1019884E-09  3.1731881E-11  1.9901444E+00
  nd143    143   1.0265432E-09  1.0493850E-09  2.2841867E-11  6.5260264E-10  1.4206189E-11  1.6621712E+00
  nd144    144   3.0852392E-09  3.1306366E-09  4.5397509E-11  1.9469135E-09  2.8234364E-11  1.8385687E+00
  nd145    145   5.7032612E-10  5.8720750E-10  1.6881401E-11  3.6517880E-10  1.0499158E-11  1.5413511E+00
  nd146    146   2.7217055E-09  2.7549332E-09  3.3227546E-11  1.7132670E-09  2.0665421E-11  1.9185808E+00
  nd147    147   2.5098401E-31  2.5098401E-31  0.0000000E+00  1.5608458E-31  0.0000000E+00  0.0000000E+00
  nd148    148   4.2120263E-10  4.3244225E-10  1.1239630E-11  2.6893177E-10  6.9903350E-12  1.5851442E+00
  pm147    147   3.8990596E-20  3.8990596E-20  0.0000000E+00  2.4247884E-20  0.0000000E+00  0.0000000E+00
  pm148    148   0.0000000E+00  0.0000000E+00  0.0000000E+00  0.0000000E+00  0.0000000E+00  0.0000000E+00
  sm147    147   3.1354846E-10  3.2259551E-10  9.0470487E-12  2.0061910E-10  5.6266888E-12  1.5521194E+00
  sm148    148   6.8704131E-10  6.9387124E-10  6.8299216E-12  4.3151199E-10  4.2477770E-12  2.0068312E+00
  sm149    149   1.2508554E-10  1.3353993E-10  8.4543848E-12  8.3047222E-11  5.2580900E-12  1.1984971E+00
  sm150    150   5.8788208E-10  5.9242711E-10  4.5450302E-12  3.6842485E-10  2.8267195E-12  2.1150663E+00
  sm151    151   1.7843027E-14  1.7843027E-14  0.0000000E+00  1.1096410E-14  0.0000000E+00  0.0000000E+00
  sm152    152   5.3429344E-10  5.5098681E-10  1.6693357E-11  3.4265352E-10  1.0382206E-11  1.5185655E+00
  eu151    151   8.7013070E-11  9.8025053E-11  1.1011986E-11  6.0960854E-11  6.8487546E-12  9.4943947E-01
  eu152    152   7.8687799E-19  7.8687799E-19  0.0000000E+00  4.8935199E-19  0.0000000E+00  0.0000000E+00
  eu153    153   9.9356467E-11  1.1153671E-10  1.2180240E-11  6.9363626E-11  7.5753353E-12  9.6172994E-01
  eu154    154   2.8746422E-17  2.8746422E-17  0.0000000E+00  1.7877128E-17  0.0000000E+00  0.0000000E+00
  eu155    155   2.9516406E-18  2.9516406E-18  0.0000000E+00  1.8355975E-18  0.0000000E+00  0.0000000E+00
  gd152    152   1.4417159E-13  3.0496588E-13  1.6079428E-13  1.8965541E-13  1.0000382E-13  2.7794865E-01
  gd153    153   4.1554269E-27  4.1554269E-27  0.0000000E+00  2.5842209E-27  0.0000000E+00  0.0000000E+00
  gd154    154   6.7994207E-11  6.9769898E-11  1.7756872E-12  4.3389244E-11  1.1043645E-12  1.5942696E+00
  gd155    155   1.6489883E-10  1.7703193E-10  1.2133103E-11  1.1009449E-10  7.5460185E-12  1.1640477E+00
  gd156    156   4.2384093E-10  4.4073079E-10  1.6889852E-11  2.7408631E-10  1.0504414E-11  1.4165155E+00
  gd157    157   1.9881570E-10  2.1181118E-10  1.2995475E-11  1.3172338E-10  8.0823586E-12  1.2121248E+00
  gd158    158   8.2759311E-10  8.4835167E-10  2.0758544E-11  5.2758192E-10  1.2910494E-11  1.6113471E+00
  tb159    159   1.8219969E-10  1.9785895E-10  1.5659264E-11  1.2304661E-10  9.7390663E-12  1.1015524E+00
  dy160    160   3.0128733E-10  3.0365691E-10  2.3695798E-12  1.8884137E-10  1.4737278E-12  2.1076798E+00
  dy161    161   1.3472951E-10  1.5406805E-10  1.9338539E-11  9.5813468E-11  1.2027343E-11  9.0125692E-01
  dy162    162   5.7991512E-10  6.0615868E-10  2.6243554E-11  3.7696438E-10  1.6321822E-11  1.3635316E+00
  dy163    163   2.4474769E-10  2.7055255E-10  2.5804851E-11  1.6825408E-10  1.6048978E-11  1.0205182E+00
  dy164    164   1.1451621E-09  1.1746334E-09  2.9471328E-11  7.3049344E-10  1.8329293E-11  1.6004707E+00
  ho165    165   2.1250694E-10  2.3546179E-10  2.2954852E-11  1.4643146E-10  1.4276458E-11  1.0110140E+00
  er166    166   4.7697069E-10  4.9877708E-10  2.1806406E-11  3.1018477E-10  1.3562198E-11  1.3592904E+00
  er167    167   1.9214273E-10  2.0711734E-10  1.4974608E-11  1.2880431E-10  9.3132550E-12  1.1408290E+00
  er168    168   7.3219086E-10  7.4996176E-10  1.7770920E-11  4.6639415E-10  1.1052383E-11  1.6252972E+00
  er169    169   1.0690074E-31  1.0690074E-31  0.0000000E+00  6.6480559E-32  0.0000000E+00  0.0000000E+00
  er170    170   2.6730268E-10  2.7724109E-10  9.9384164E-12  1.7241363E-10  6.1810630E-12  1.4455084E+00
  tm169    169   1.7972406E-10  1.9022617E-10  1.0502113E-11  1.1829986E-10  6.5316463E-12  1.2579615E+00
  tm170    170   4.6458093E-26  4.6458093E-26  0.0000000E+00  2.8891849E-26  0.0000000E+00  0.0000000E+00
  tm171    171   1.6149095E-21  1.6149095E-21  0.0000000E+00  1.0042970E-21  0.0000000E+00  0.0000000E+00
  yb170    170   2.4608354E-10  2.4806984E-10  1.9863057E-12  1.5427230E-10  1.2353558E-12  2.0964959E+00
  yb171    171   3.2745709E-10  3.3690417E-10  9.4470915E-12  2.0951753E-10  5.8754906E-12  1.5521762E+00
  yb172    172   9.4534469E-10  9.5997232E-10  1.4627577E-11  5.9699773E-10  9.0974225E-12  1.8170543E+00
  yb173    173   4.3164791E-10  4.4256884E-10  1.0920920E-11  2.7522939E-10  6.7921172E-12  1.6076896E+00
  yb174    174   1.9614497E-09  1.9833020E-09  2.1852379E-11  1.2333968E-09  1.3590789E-11  1.9578582E+00
  lu175    175   2.5609434E-10  2.6595715E-10  9.8627920E-12  1.6539624E-10  6.1340290E-12  1.4307798E+00
  lu176    176   1.9152364E-10  1.9181154E-10  2.8788842E-13  1.1928579E-10  1.7904829E-13  2.8236184E+00
  lu177    177   1.7372524E-33  1.7372524E-33  0.0000000E+00  1.0803810E-33  0.0000000E+00  0.0000000E+00
  hf176    176  -4.9149487E-14  2.1659603E-12  2.2151098E-12  1.3469903E-12  1.3776574E-12 -9.7767543E-03
  hf177    177   2.0687926E-10  2.1484109E-10  7.9618291E-12  1.3360765E-10  4.9517512E-12  1.4310725E+00
  hf178    178   9.6218200E-10  9.7392894E-10  1.1746910E-11  6.0567723E-10  7.3058313E-12  1.9185716E+00
  hf179    179   3.3524528E-10  3.4114334E-10  5.8980477E-12  2.1215382E-10  3.6682107E-12  1.7621965E+00
  hf180    180   1.8534799E-09  1.8687543E-09  1.5274356E-11  1.1621607E-09  9.4996780E-12  2.0875573E+00
  ta181    181   3.6866804E-10  3.7513964E-10  6.4716145E-12  2.3329580E-10  4.0249327E-12  1.7631483E+00
  ta182    182   3.6289516E-28  3.6289516E-28  0.0000000E+00  2.2568107E-28  0.0000000E+00  0.0000000E+00
  ta183    183   0.0000000E+00  0.0000000E+00  0.0000000E+00  0.0000000E+00  0.0000000E+00  0.0000000E+00
   w182    182   7.5178436E-10  7.6193996E-10  1.0155583E-11  4.7384330E-10  6.3161269E-12  1.8751839E+00
   w183    183   4.0409392E-10  4.0960801E-10  5.5140996E-12  2.5473137E-10  3.4294195E-12  1.8708618E+00
   w184    184   1.1094434E-09  1.1213142E-09  1.1870691E-11  6.9733469E-10  7.3828148E-12  1.9752192E+00
   w185    185   1.9507808E-27  1.9507808E-27  0.0000000E+00  1.2131722E-27  0.0000000E+00  0.0000000E+00
   w186    186   9.2533509E-10  9.3646979E-10  1.1134702E-11  5.8238175E-10  6.9250764E-12  1.9247832E+00
  re185    185   2.0548281E-10  2.1114213E-10  5.6593172E-12  1.3130730E-10  3.5197353E-12  1.5717789E+00
  re186    186   1.3994508E-35  1.3994508E-35  0.0000000E+00  8.7030527E-36  0.0000000E+00  0.0000000E+00
  re187    187   1.5634460E-10  1.6666506E-10  1.0320447E-11  1.0364743E-10  6.4186616E-12  1.2081140E+00
  os186    186   4.1633097E-10  4.1946768E-10  3.1367227E-12  2.6086300E-10  1.9508420E-12  2.1261904E+00
  os187    187   1.2497414E-10  1.2748236E-10  2.5082213E-12  7.9280076E-11  1.5599541E-12  1.7060522E+00
  os188    188   8.0290841E-10  8.2936891E-10  2.6460526E-11  5.1577670E-10  1.6456765E-11  1.4961172E+00
  os189    189   2.1548033E-10  2.4791386E-10  3.2433521E-11  1.5417530E-10  2.0171588E-11  8.8327467E-01
  os190    190   1.0387884E-09  1.0918118E-09  5.3023357E-11  6.7898742E-10  3.2977156E-11  1.3136486E+00
  os191    191   1.5935025E-29  1.5935025E-29  0.0000000E+00  9.9098424E-30  0.0000000E+00  0.0000000E+00
  os192    192   2.7091293E-10  3.5413089E-10  8.3217960E-11  2.2023067E-10  5.1756280E-11  6.2891477E-01
  ir191    191   2.2348594E-10  2.9365213E-10  7.0166192E-11  1.8261949E-10  4.3638908E-11  6.2167323E-01
  ir192    192   1.6285640E-25  1.6285640E-25  0.0000000E+00  1.0127886E-25  0.0000000E+00  0.0000000E+00
  ir193    193   2.6781638E-10  3.8699952E-10  1.1918315E-10  2.4067134E-10  7.4124339E-11  5.1146358E-01
  pt192    192   3.2006245E-10  3.2301301E-10  2.9505571E-12  2.0087874E-10  1.8350590E-12  2.0392840E+00
  pt193    193   6.6545983E-15  6.6545983E-15  0.0000000E+00  4.1384319E-15  0.0000000E+00  0.0000000E+00
  pt194    194   9.5214059E-10  1.0778229E-09  1.2568241E-10  6.7028794E-10  7.8166466E-11  9.3324095E-01
  pt195    195   3.9175097E-10  5.2139215E-10  1.2964120E-10  3.2424888E-10  8.0628587E-11  6.0438943E-01
  pt196    196   1.6987663E-09  1.7959898E-09  9.7223403E-11  1.1169091E-09  6.0466777E-11  1.2665009E+00
  au197    197   5.4789667E-10  6.0649086E-10  5.8594164E-11  3.7717096E-10  3.6441843E-11  1.0149379E+00
  hg198    198   1.8894271E-09  1.9031916E-09  1.3764634E-11  1.1835769E-09  8.5607268E-12  2.1406858E+00
  hg199    199   8.2326801E-10  8.4667562E-10  2.3407604E-11  5.2653959E-10  1.4558041E-11  1.5583282E+00
  hg200    200   2.7160632E-09  2.7482761E-09  3.2212937E-11  1.7091270E-09  2.0034399E-11  1.9309980E+00
  hg201    201   1.1115964E-09  1.1300683E-09  1.8471910E-11  7.0277878E-10  1.1488354E-11  1.7865609E+00
  hg202    202   4.3045070E-09  4.3465636E-09  4.2056664E-11  2.7030869E-09  2.6156570E-11  2.0142791E+00
  tl203    203   2.2349997E-09  2.2516358E-09  1.6635948E-11  1.4002711E-09  1.0346502E-11  2.1314185E+00
  tl204    204   4.3336311E-18  4.3336311E-18  0.0000000E+00  2.6950444E-18  0.0000000E+00  0.0000000E+00
  tl205    205   5.0735300E-09  5.1136335E-09  4.0103674E-11  3.1801206E-09  2.4941936E-11  2.1055133E+00
  pb204    204   1.5812277E-09  1.6022845E-09  2.1056787E-11  9.9644570E-10  1.3095982E-11  1.8813156E+00
  pb205    205   0.0000000E+00  0.0000000E+00  0.0000000E+00  0.0000000E+00  0.0000000E+00  0.0000000E+00
  pb206    206   1.0865513E-07  1.0885299E-07  1.9785967E-10  6.7694650E-08  1.2305613E-10  2.7404511E+00
  pb207    207   2.9817894E-08  3.0037910E-08  2.2001487E-10  1.8680293E-08  1.3683527E-10  2.1351857E+00
  pb208    208   5.5479620E-07  5.5542898E-07  6.3278582E-10  3.4541605E-07  3.9355255E-10  2.9433398E+00
  bi209    209   1.6474097E-08  1.6518106E-08  4.4008738E-11  1.0272455E-08  2.7370635E-11  2.5743895E+00
  bi210    210   0.0000000E+00  0.0000000E+00  0.0000000E+00  0.0000000E+00  0.0000000E+00  0.0000000E+00
  po210    210   0.0000000E+00  0.0000000E+00  0.0000000E+00  0.0000000E+00  0.0000000E+00  0.0000000E+00
