# Initial mass = 2.360, Z =  0.0006, Y =  0.350, M_mix = 1.00E-03
# Final mass = 0.818, Mass expelled =   1.5420
  species    A      yield       mass(i)_lost    mass(i)_0        <X(i)>          X0(i)   log10(<X(i)>/X0(i)) 
      n      1   0.0000000E+00  0.0000000E+00  0.0000000E+00  0.0000000E+00  0.0000000E+00  0.0000000E+00
      p      1   4.3511391E-05  1.0013411E+00  1.0012976E+00  6.4937824E-01  6.4939988E-01 -1.4470498E-05
      d      2  -3.0122776E-06  1.8796940E-10  3.0124656E-06  1.2189975E-10  1.9537597E-06 -4.2048683E+00
    he3      3   1.4936065E-04  1.6852192E-04  1.9161265E-05  1.0928790E-04  1.2427199E-05  9.4419879E-01
    he4      4   5.0226450E-02  5.8988488E-01  5.3965843E-01  3.8254535E-01  3.4999996E-01  3.8614929E-02
    li7      7   3.2762690E-09  5.3946225E-09  2.1183535E-09  3.4984586E-09  1.3738758E-09  4.0592927E-01
    be7      7   6.2727318E-10  6.2727318E-10  0.0000000E+00  4.0679199E-10  0.0000000E+00  0.0000000E+00
     b8      8   2.4934325E-24  2.4934325E-24  0.0000000E+00  1.6170122E-24  0.0000000E+00  0.0000000E+00
    c12     12   9.8851817E-03  1.0043571E-02  1.5838943E-04  6.5133409E-03  1.0272479E-04  1.8021286E+00
    c13     13   1.7965544E-05  1.9884039E-05  1.9184949E-06  1.2894969E-05  1.2442558E-06  1.0155106E+00
    c14     14   3.8314516E-07  3.8314516E-07  0.0000000E+00  2.4847290E-07  0.0000000E+00  0.0000000E+00
    n13     13   0.0000000E+00  0.0000000E+00  0.0000000E+00  0.0000000E+00  0.0000000E+00  0.0000000E+00
    n14     14   1.0215967E-04  1.4896748E-04  4.6807811E-05  9.6606673E-05  3.0357596E-05  5.0273973E-01
    n15     15  -7.7226240E-08  3.4816097E-08  1.1204234E-07  2.2578535E-08  7.2665991E-08 -5.0763547E-01
    o14     14   0.0000000E+00  0.0000000E+00  0.0000000E+00  0.0000000E+00  0.0000000E+00  0.0000000E+00
    o15     15   0.0000000E+00  0.0000000E+00  0.0000000E+00  0.0000000E+00  0.0000000E+00  0.0000000E+00
    o16     16   3.1152691E-04  6.9902505E-04  3.8749815E-04  4.5332371E-04  2.5131516E-04  2.5618976E-01
    o17     17   8.6762867E-07  1.0240408E-06  1.5641213E-07  6.6409916E-07  1.0144239E-07  8.1601346E-01
    o18     18  -2.6701974E-07  6.0692713E-07  8.7394687E-07  3.9359742E-07  5.6680557E-07 -1.5838185E-01
    o19     19   0.0000000E+00  0.0000000E+00  0.0000000E+00  0.0000000E+00  0.0000000E+00  0.0000000E+00
    f17     17   0.0000000E+00  0.0000000E+00  0.0000000E+00  0.0000000E+00  0.0000000E+00  0.0000000E+00
    f18     18   0.0000000E+00  0.0000000E+00  0.0000000E+00  0.0000000E+00  0.0000000E+00  0.0000000E+00
    f19     19   1.2608547E-06  1.2834464E-06  2.2591705E-08  8.3232590E-07  1.4652039E-08  1.7543954E+00
    f20     20   0.0000000E+00  0.0000000E+00  0.0000000E+00  0.0000000E+00  0.0000000E+00  0.0000000E+00
   ne19     19   0.0000000E+00  0.0000000E+00  0.0000000E+00  0.0000000E+00  0.0000000E+00  0.0000000E+00
   ne20     20   1.2278542E-05  9.0699847E-05  7.8421304E-05  5.8819624E-05  5.0860795E-05  6.3139096E-02
   ne21     21   8.2971155E-07  1.0270970E-06  1.9738545E-07  6.6608118E-07  1.2801598E-07  7.1626294E-01
   ne22     22   5.8964000E-04  5.9598288E-04  6.3428915E-06  3.8649997E-04  4.1137355E-06  1.9729131E+00
   ne23     23   0.0000000E+00  0.0000000E+00  0.0000000E+00  0.0000000E+00  0.0000000E+00  0.0000000E+00
   na21     21   0.0000000E+00  0.0000000E+00  0.0000000E+00  0.0000000E+00  0.0000000E+00  0.0000000E+00
   na22     22   6.2279638E-16  6.2279638E-16  0.0000000E+00  4.0388876E-16  0.0000000E+00  0.0000000E+00
   na23     23   5.6109493E-06  7.4177315E-06  1.8067824E-06  4.8104621E-06  1.1718038E-06  6.1333185E-01
   na24     24   0.0000000E+00  0.0000000E+00  0.0000000E+00  0.0000000E+00  0.0000000E+00  0.0000000E+00
   mg23     23   0.0000000E+00  0.0000000E+00  0.0000000E+00  0.0000000E+00  0.0000000E+00  0.0000000E+00
   mg24     24   5.8033365E-06  4.3211101E-05  3.7407764E-05  2.8022767E-05  2.4261117E-05  6.2600218E-02
   mg25     25   1.5432577E-05  2.0365671E-05  4.9330943E-06  1.3207311E-05  3.1993995E-06  6.1574596E-01
   mg26     26   1.4092382E-05  1.9741070E-05  5.6486874E-06  1.2802252E-05  3.6635033E-06  5.4338980E-01
   mg27     27   0.0000000E+00  0.0000000E+00  0.0000000E+00  0.0000000E+00  0.0000000E+00  0.0000000E+00
   al25     25   0.0000000E+00  0.0000000E+00  0.0000000E+00  0.0000000E+00  0.0000000E+00  0.0000000E+00
   al-6     26   0.0000000E+00  0.0000000E+00  0.0000000E+00  0.0000000E+00  0.0000000E+00  0.0000000E+00
   al*6     26   0.0000000E+00  0.0000000E+00  0.0000000E+00  0.0000000E+00  0.0000000E+00  0.0000000E+00
   al27     27   1.3920871E-06  4.8319562E-06  3.4398690E-06  3.1335646E-06  2.2309557E-06  1.4754769E-01
   al28     28   0.0000000E+00  0.0000000E+00  0.0000000E+00  0.0000000E+00  0.0000000E+00  0.0000000E+00
   si27     27   0.0000000E+00  0.0000000E+00  0.0000000E+00  0.0000000E+00  0.0000000E+00  0.0000000E+00
   si28     28   3.6492347E-06  4.5069100E-05  4.1419866E-05  2.9227695E-05  2.6863197E-05  3.6636867E-02
   si29     29   3.2345361E-07  2.5017678E-06  2.1783142E-06  1.6224177E-06  1.4127638E-06  6.0093120E-02
   si30     30   3.8752808E-07  1.8730257E-06  1.4854976E-06  1.2146730E-06  9.6343194E-07  1.0063836E-01
    p31     31   3.2942489E-07  6.8963300E-07  3.6020811E-07  4.4723288E-07  2.3361598E-07  2.8203118E-01
    p32     32   1.0364983E-31  1.0364983E-31  0.0000000E+00  6.7217794E-32  0.0000000E+00  0.0000000E+00
    p33     33   4.9883941E-31  4.9883941E-31  0.0000000E+00  3.2350159E-31  0.0000000E+00  0.0000000E+00
    s32     32   7.4927812E-07  2.0597852E-05  1.9848574E-05  1.3357882E-05  1.2872958E-05  1.6059268E-02
    s33     33   1.2005302E-08  1.7588019E-07  1.6387489E-07  1.1405980E-07  1.0628242E-07  3.0671155E-02
    s34     34   9.9231670E-08  1.0522992E-06  9.5306757E-07  6.8242502E-07  6.1811994E-07  4.2982195E-02
    s35     35   2.3837896E-26  2.3837896E-26  0.0000000E+00  1.5459078E-26  0.0000000E+00  0.0000000E+00
    s36     36   1.2107607E-08  1.6812219E-08  4.7046123E-09  1.0902867E-08  3.0512155E-09  5.5306786E-01
   cl35     35   5.8163607E-09  2.0943163E-07  2.0361527E-07  1.3581820E-07  1.3205639E-07  1.2198541E-02
   cl36     36   2.5832164E-10  2.5832164E-10  0.0000000E+00  1.6752379E-10  0.0000000E+00  0.0000000E+00
   cl37     37   2.2313635E-08  9.1108610E-08  6.8794975E-08  5.9084709E-08  4.4617554E-08  1.2196935E-01
   ar36     36   7.9697202E-08  3.8713183E-06  3.7916211E-06  2.5105828E-06  2.4590877E-06  9.0005519E-03
   ar37     37   9.9039607E-26  9.9039607E-26  0.0000000E+00  6.4228026E-26  0.0000000E+00  0.0000000E+00
   ar38     38   5.4834004E-08  7.8251679E-07  7.2768279E-07  5.0746877E-07  4.7194476E-07  3.1518131E-02
   ar39     39   1.6354574E-11  1.6354574E-11  0.0000000E+00  1.0606080E-11  0.0000000E+00  0.0000000E+00
   ar40     40   7.8525071E-09  9.0776240E-09  1.2251171E-09  5.8869163E-09  7.9455992E-10  8.6976123E-01
    k39     39   1.2017622E-08  2.0941862E-07  1.9740099E-07  1.3580976E-07  1.2802607E-07  2.5632566E-02
    k40     40   4.0938575E-10  4.4134335E-10  3.1957589E-11  2.8621491E-10  2.0726362E-11  1.1401691E+00
    k41     41   2.0889885E-09  1.7065126E-08  1.4976138E-08  1.1066880E-08  9.7128989E-09  5.6676306E-02
   ca40     40   7.9470965E-08  3.4972661E-06  3.4177951E-06  2.2680067E-06  2.2166396E-06  9.9492632E-03
   ca41     41   4.2735551E-10  4.2735551E-10  0.0000000E+00  2.7714370E-10  0.0000000E+00  0.0000000E+00
   ca42     42   3.6822208E-09  2.7633988E-08  2.3951767E-08  1.7920875E-08  1.5534118E-08  6.2072605E-02
   ca43     43   9.8329078E-10  6.0998633E-09  5.1165725E-09  3.9558135E-09  3.3183956E-09  7.6307669E-02
   ca44     44   5.0480367E-09  8.5949182E-08  8.0901145E-08  5.5738777E-08  5.2469115E-08  2.6253698E-02
   ca45     45   5.9902048E-26  5.9902048E-26  0.0000000E+00  3.8846987E-26  0.0000000E+00  0.0000000E+00
   ca46     46   2.1558979E-09  2.3180813E-09  1.6218345E-10  1.5032955E-09  1.0518542E-10  1.1550888E+00
   ca47     47   1.0575344E-37  1.0575344E-37  0.0000000E+00  6.8582008E-38  0.0000000E+00  0.0000000E+00
   ca48     48   2.9572966E-10  8.2074303E-09  7.9117006E-09  5.3225881E-09  5.1311995E-09  1.5903976E-02
   sc45     45   9.8350683E-10  3.2659289E-09  2.2824220E-09  2.1179827E-09  1.4802839E-09  1.5557741E-01
   sc46     46   1.1128800E-27  1.1128800E-27  0.0000000E+00  7.2171215E-28  0.0000000E+00  0.0000000E+00
   sc47     47   2.9399607E-37  2.9399607E-37  0.0000000E+00  1.9065897E-37  0.0000000E+00  0.0000000E+00
   sc48     48   5.3812627E-32  1.4933552E-30  1.4395425E-30  9.6845350E-31  9.3362736E-31  0.0000000E+00
   ti46     46   5.7494010E-10  1.4519379E-08  1.3944439E-08  9.4159409E-09  9.0437826E-09  1.7513590E-02
   ti47     47   4.8412385E-10  1.3332773E-08  1.2848649E-08  8.6464169E-09  8.3330987E-09  1.6029630E-02
   ti48     48   2.3330813E-09  1.3235436E-07  1.3002128E-07  8.5832930E-08  8.4326388E-08  7.6904618E-03
   ti49     49   1.7321211E-09  1.1472610E-08  9.7404884E-09  7.4400850E-09  6.3172751E-09  7.1048096E-02
   ti50     50   7.7760678E-09  1.7292866E-08  9.5167980E-09  1.1214571E-08  6.1721988E-09  2.5934276E-01
    v51     51   7.8804696E-10  2.1761508E-08  2.0973461E-08  1.4112524E-08  1.3602514E-08  1.5985521E-02
   cr52     52   2.1142455E-08  8.8090525E-07  8.5976279E-07  5.7127454E-07  5.5760631E-07  1.0517173E-02
   cr53     53   2.6684290E-09  1.0203305E-07  9.9364620E-08  6.6169299E-08  6.4443753E-08  1.1475691E-02
   cr54     54   1.0360907E-08  3.5561524E-08  2.5200617E-08  2.3061951E-08  1.6344071E-08  1.4953579E-01
   mn55     55   1.6778131E-08  7.6762797E-07  7.5084984E-07  4.9781329E-07  4.8696990E-07  9.5643857E-03
   fe54     54   6.4962478E-08  5.0123654E-06  4.9474029E-06  3.2505616E-06  3.2086796E-06  5.6320392E-03
   fe55     55   7.1058785E-17  7.1058785E-17  0.0000000E+00  4.6082225E-17  0.0000000E+00  0.0000000E+00
   fe56     56   1.6631529E-06  8.2199185E-05  8.0536032E-05  5.3306871E-05  5.2232313E-05  8.8439304E-03
   fe57     57   2.2444988E-07  2.1176111E-06  1.8931612E-06  1.3732888E-06  1.2278255E-06  4.8625249E-02
   fe58     58   6.1037844E-07  8.6674663E-07  2.5636820E-07  5.6209257E-07  1.6626973E-07  5.2899468E-01
   fe59     59   1.7136395E-26  1.7136395E-26  0.0000000E+00  1.1113098E-26  0.0000000E+00  0.0000000E+00
   fe60     60   1.2039060E-07  1.2039060E-07  0.0000000E+00  7.8074322E-08  0.0000000E+00  0.0000000E+00
   co59     59   1.8516171E-07  3.8287442E-07  1.9771271E-07  2.4829731E-07  1.2822822E-07  2.8698841E-01
   co60     60   2.7753448E-13  2.7753448E-13  0.0000000E+00  1.7998347E-13  0.0000000E+00  0.0000000E+00
   ni58     58   3.6217443E-08  2.8650747E-06  2.8288573E-06  1.8580254E-06  1.8346790E-06  5.4915291E-03
   ni59     59   6.6921962E-10  6.6921962E-10  0.0000000E+00  4.3399462E-10  0.0000000E+00  0.0000000E+00
   ni60     60   1.0027293E-07  1.2275236E-06  1.1272507E-06  7.9605951E-07  7.3108788E-07  3.6975957E-02
   ni61     61   5.7499491E-08  1.0731841E-07  4.9818915E-08  6.9596901E-08  3.2310474E-08  3.3324656E-01
   ni62     62   1.5692844E-07  3.1837203E-07  1.6144359E-07  2.0646696E-07  1.0470558E-07  2.9488075E-01
   ni63     63   2.5930954E-11  2.5930954E-11  0.0000000E+00  1.6816444E-11  0.0000000E+00  0.0000000E+00
   ni64     64   7.0518162E-08  1.1295862E-07  4.2440462E-08  7.3254625E-08  2.7525116E-08  4.2510587E-01
   cu63     63   4.3036142E-08  7.8066620E-08  3.5030478E-08  5.0626866E-08  2.2719309E-08  3.4798595E-01
   cu64     64   0.0000000E+00  0.0000000E+00  0.0000000E+00  0.0000000E+00  0.0000000E+00  0.0000000E+00
   cu65     65   1.3420161E-08  2.9529488E-08  1.6109327E-08  1.9150125E-08  1.0447839E-08  2.6314515E-01
   zn64     64   9.8162189E-10  6.0999035E-08  6.0017413E-08  3.9558394E-08  3.8924796E-08  7.0123328E-03
   zn65     65   1.6823845E-24  1.6823845E-24  0.0000000E+00  1.0910407E-24  0.0000000E+00  0.0000000E+00
   zn66     66   1.4030185E-08  4.9538958E-08  3.5508773E-08  3.2126437E-08  2.3029509E-08  1.4457788E-01
   zn67     67   3.0784055E-09  8.3755261E-09  5.2971205E-09  5.4316001E-09  3.4354917E-09  1.9893888E-01
   zn68     68   2.1587192E-08  4.6173611E-08  2.4586418E-08  2.9943980E-08  1.5945727E-08  2.7366522E-01
   zn69     69   0.0000000E+00  0.0000000E+00  0.0000000E+00  0.0000000E+00  0.0000000E+00  0.0000000E+00
   zn70     70   1.4814761E-10  9.8504982E-10  8.3690221E-10  6.3881317E-10  5.4277993E-10  7.0750087E-02
   ga69     69   3.1291234E-09  5.3831828E-09  2.2540594E-09  3.4910399E-09  1.4618891E-09  3.7804040E-01
   ga70     70   0.0000000E+00  0.0000000E+00  0.0000000E+00  0.0000000E+00  0.0000000E+00  0.0000000E+00
   ga71     71   2.9203564E-09  4.4596860E-09  1.5393297E-09  2.8921443E-09  9.9834507E-10  4.6193928E-01
   ge70     70   4.8812607E-09  7.3884272E-09  2.5071667E-09  4.7914579E-09  1.6260437E-09  4.6933544E-01
   ge71     71   5.3935127E-31  5.3935127E-31  0.0000000E+00  3.4977389E-31  0.0000000E+00  0.0000000E+00
   ge72     72   5.0328093E-09  8.4406722E-09  3.4078629E-09  5.4738476E-09  2.2101980E-09  3.9386150E-01
   ge73     73   1.4874715E-09  2.4572653E-09  9.6979380E-10  1.5935574E-09  6.2896788E-10  4.0373927E-01
   ge74     74   7.1246888E-09  1.1738861E-08  4.6141717E-09  7.6127513E-09  2.9925595E-09  4.0549886E-01
   as75     75   6.6501360E-10  1.3414677E-09  6.7645411E-10  8.6995322E-10  4.3871995E-10  2.9730853E-01
   se76     76   2.3677997E-09  3.0720693E-09  7.0426964E-10  1.9922630E-09  4.5675996E-10  6.3965863E-01
   se77     77   9.5667341E-10  1.5377128E-09  5.8103944E-10  9.9721986E-10  3.7683795E-10  4.2263627E-01
   se78     78   6.6928214E-09  8.5264560E-09  1.8336347E-09  5.5294791E-09  1.1892191E-09  6.6742235E-01
   se79     79   1.3164152E-09  1.3164152E-09  0.0000000E+00  8.5370644E-10  0.0000000E+00  0.0000000E+00
   se80     80   9.7000878E-09  1.3625150E-08  3.9250621E-09  8.8360252E-09  2.5456317E-09  5.4046142E-01
   br79     79   2.1364921E-10  8.4130458E-10  6.2765537E-10  5.4559318E-10  4.0707113E-10  1.2719864E-01
   br80     80   0.0000000E+00  0.0000000E+00  0.0000000E+00  0.0000000E+00  0.0000000E+00  0.0000000E+00
   br81     81   1.3207361E-09  1.9467965E-09  6.2606043E-10  1.2625141E-09  4.0603673E-10  4.9267089E-01
   kr80     80   1.8708368E-12  1.5145550E-10  1.4958466E-10  9.8220182E-11  9.7014383E-11  5.3646271E-03
   kr81     81   5.4190820E-14  5.4190820E-14  0.0000000E+00  3.5143207E-14  0.0000000E+00  0.0000000E+00
   kr82     82   4.7907496E-09  5.5590146E-09  7.6826512E-10  3.6050682E-09  4.9826476E-10  8.5945332E-01
   kr83     83   1.7054060E-09  2.4757711E-09  7.7036516E-10  1.6055587E-09  4.9962673E-10  5.0698054E-01
   kr84     84   1.3211213E-08  1.7053598E-08  3.8423851E-09  1.1059403E-08  2.4920110E-09  6.4718175E-01
   kr-5     85   3.5673043E-14  3.5673043E-14  0.0000000E+00  2.3134272E-14  0.0000000E+00  0.0000000E+00
   kr*5     85   0.0000000E+00  0.0000000E+00  0.0000000E+00  0.0000000E+00  0.0000000E+00  0.0000000E+00
   kr86     86   6.5190051E-08  6.6379698E-08  1.1896500E-09  4.3047798E-08  7.7155748E-10  1.7465826E+00
   rb85     85   4.9278328E-09  5.8292104E-09  9.0137753E-10  3.7802925E-09  5.8459593E-10  8.1066966E-01
   rb86     86   2.5450358E-29  2.5450358E-29  0.0000000E+00  1.6504774E-29  0.0000000E+00  0.0000000E+00
   rb87     87   1.1507264E-08  1.1886955E-08  3.7969095E-10  7.7087909E-09  2.4625171E-10  1.4956070E+00
   sr86     86   2.6876417E-09  2.9786495E-09  2.9100786E-10  1.9316795E-09  1.8873558E-10  1.0100813E+00
   sr87     87   1.3134505E-09  1.5191839E-09  2.0573347E-10  9.8520370E-10  1.3343016E-10  8.6827207E-01
   sr88     88   4.6132236E-08  4.8627168E-08  2.4949314E-09  3.1535134E-08  1.6181085E-09  1.2897871E+00
   sr89     89   4.9623135E-29  4.9623135E-29  0.0000000E+00  3.2181025E-29  0.0000000E+00  0.0000000E+00
   sr90     90   2.4773098E-13  2.4773098E-13  0.0000000E+00  1.6065565E-13  0.0000000E+00  0.0000000E+00
    y89     89   1.4840482E-08  1.5492970E-08  6.5248890E-10  1.0047323E-08  4.2317716E-10  1.3755281E+00
    y90     90   6.2649296E-17  6.2649296E-17  0.0000000E+00  4.0628600E-17  0.0000000E+00  0.0000000E+00
    y91     91   1.3686082E-32  1.3686082E-32  0.0000000E+00  8.8755407E-33  0.0000000E+00  0.0000000E+00
   zr90     90   1.3206293E-08  1.3915571E-08  7.0927764E-10  9.0243661E-09  4.6000792E-10  1.2926514E+00
   zr91     91   4.1149839E-09  4.2713806E-09  1.5639645E-10  2.7700267E-09  1.0143222E-10  1.4363080E+00
   zr92     92   8.7709138E-09  9.0125916E-09  2.4167790E-10  5.8447425E-09  1.5674222E-10  1.5715793E+00
   zr93     93   0.0000000E+00  0.0000000E+00  0.0000000E+00  0.0000000E+00  0.0000000E+00  0.0000000E+00
   zr94     94   1.0160985E-08  1.0411227E-08  2.5024213E-10  6.7517694E-09  1.6229662E-10  1.6191081E+00
   zr95     95   2.0123387E-28  2.0123387E-28  0.0000000E+00  1.3050188E-28  0.0000000E+00  0.0000000E+00
   zr96     96   8.3973237E-09  8.4384970E-09  4.1173405E-11  5.4724372E-09  2.6703355E-11  2.3116150E+00
   nb93     93   2.8031095E-09  2.9111720E-09  1.0806244E-10  1.8879198E-09  7.0084792E-11  1.4303597E+00
   nb94     94   3.0905567E-16  3.0905567E-16  0.0000000E+00  2.0042523E-16  0.0000000E+00  0.0000000E+00
   nb95     95   2.1821617E-28  2.1821617E-28  0.0000000E+00  1.4151505E-28  0.0000000E+00  0.0000000E+00
   mo94     94   4.1888021E-13  3.4286560E-11  3.3867679E-11  2.2235125E-11  2.1965166E-11  5.3051002E-03
   mo95     95   1.1904030E-09  1.2496448E-09  5.9241848E-11  8.1040530E-10  3.8421794E-11  1.3241247E+00
   mo96     96   2.2249540E-09  2.2879694E-09  6.3015329E-11  1.4837676E-09  4.0869114E-11  1.5599706E+00
   mo97     97   9.3940911E-10  9.7606867E-10  3.6659554E-11  6.3298883E-10  2.3775860E-11  1.4252598E+00
   mo98     98   2.5424429E-09  2.6365568E-09  9.4113842E-11  1.7098295E-09  6.1038313E-11  1.4473503E+00
   tc99     99   2.4393920E-10  2.4393920E-10  0.0000000E+00  1.5819665E-10  0.0000000E+00  0.0000000E+00
   ru99     99   6.6375794E-11  9.9236258E-11  3.2860461E-11  6.4355556E-11  2.1311926E-11  4.7996333E-01
  ru100    100   1.0311468E-09  1.0639229E-09  3.2776074E-11  6.8996309E-10  2.1257197E-11  1.5113199E+00
  ru101    101   2.1519070E-10  2.6001229E-10  4.4821584E-11  1.6862019E-10  2.9069414E-11  7.6347333E-01
  ru102    102   1.2031580E-09  1.2868707E-09  8.3712676E-11  8.3454660E-10  5.4292557E-11  1.1867104E+00
  rh103    103   1.9640277E-10  2.4986202E-10  5.3459254E-11  1.6203765E-10  3.4671443E-11  6.6964400E-01
  pd104    104   6.0646743E-10  6.2986139E-10  2.3393964E-11  4.0847048E-10  1.5172349E-11  1.4301078E+00
  pd105    105   1.5089212E-10  1.9823614E-10  4.7344014E-11  1.2855782E-10  3.0705355E-11  6.2188441E-01
  pd106    106   6.6420153E-10  7.2269846E-10  5.8496916E-11  4.6867610E-10  3.7938666E-11  1.0917907E+00
  pd107    107   0.0000000E+00  0.0000000E+00  0.0000000E+00  0.0000000E+00  0.0000000E+00  0.0000000E+00
  pd108    108   8.1767643E-10  8.7537938E-10  5.7702940E-11  5.6769095E-10  3.7423724E-11  1.1809649E+00
  ag107    107   1.2971983E-10  1.6945986E-10  3.9740034E-11  1.0989616E-10  2.5773730E-11  6.2980527E-01
  ag108    108   0.0000000E+00  0.0000000E+00  0.0000000E+00  0.0000000E+00  0.0000000E+00  0.0000000E+00
  ag109    109   2.0248250E-10  2.4009278E-10  3.7610269E-11  1.5570222E-10  2.4392453E-11  8.0503929E-01
  cd108    108   3.8788200E-14  2.2672012E-12  2.2284130E-12  1.4702993E-12  1.4452558E-12  7.4610086E-03
  cd109    109   7.6279489E-28  7.6279489E-28  0.0000000E+00  4.9467896E-28  0.0000000E+00  0.0000000E+00
  cd110    110   7.0669171E-10  7.3854389E-10  3.1852181E-11  4.7895199E-10  2.0657996E-11  1.3652039E+00
  cd111    111   2.3337982E-10  2.6631911E-10  3.2939301E-11  1.7271021E-10  2.1363057E-11  9.0765464E-01
  cd112    112   9.2525254E-10  9.8790820E-10  6.2655638E-11  6.4066685E-10  4.0635835E-11  1.1977232E+00
  cd113    113   2.7348179E-10  3.0549530E-10  3.2013489E-11  1.9811630E-10  2.0762617E-11  9.7963810E-01
  cd114    114   1.4430750E-09  1.5190096E-09  7.5934564E-11  9.8509068E-10  4.9247995E-11  1.3010876E+00
  in115    115   2.7883851E-10  3.0747013E-10  2.8631623E-11  1.9939700E-10  1.8569278E-11  1.0309236E+00
  sn116    116   2.2318569E-09  2.3214364E-09  8.9579344E-11  1.5054712E-09  5.8097433E-11  1.4135154E+00
  sn117    117   6.5908007E-10  7.0680384E-10  4.7723766E-11  4.5836832E-10  3.0951644E-11  1.1705309E+00
  sn118    118   3.6239056E-09  3.7694301E-09  1.4552447E-10  2.4445075E-09  9.4381107E-11  1.4133064E+00
  sn119    119   1.0674853E-09  1.1217760E-09  5.4290673E-11  7.2748130E-10  3.5210668E-11  1.3151475E+00
  sn120    120   6.5941648E-09  6.8018080E-09  2.0764329E-10  4.4110302E-09  1.3466879E-10  1.5152731E+00
  sb121    121   4.7168863E-10  5.0371035E-10  3.2021719E-11  3.2666045E-10  2.0767953E-11  1.1967028E+00
  te122    122   8.2956225E-10  8.5084795E-10  2.1285720E-11  5.5178212E-10  1.3805031E-11  1.6017302E+00
  te123    123   3.0447359E-10  3.1196359E-10  7.4900156E-12  2.0231104E-10  4.8577123E-12  1.6195878E+00
  te124    124   1.6116474E-09  1.6518622E-09  4.0214821E-11  1.0712466E-09  2.6081659E-11  1.6135542E+00
  te125    125   5.4214178E-10  6.0260819E-10  6.0466410E-11  3.9079653E-10  3.9215995E-11  9.9848747E-01
  te126    126   3.1068388E-09  3.2692544E-09  1.6241559E-10  2.1201394E-09  1.0533598E-10  1.3037877E+00
   i127    127   4.1074405E-10  6.1444272E-10  2.0369866E-10  3.9847134E-10  1.3211046E-10  4.7945988E-01
  xe128    128   9.8790720E-10  1.0099082E-09  2.2000991E-11  6.5493405E-10  1.4268926E-11  1.6618062E+00
  xe129    129   3.8927814E-10  6.6547440E-10  2.7619626E-10  4.3156581E-10  1.7912938E-10  3.8188019E-01
  xe130    130   1.9948194E-09  2.0395090E-09  4.4689513E-11  1.3226389E-09  2.8983756E-11  1.6592866E+00
  xe131    131   7.6994339E-10  9.9318687E-10  2.2324348E-10  6.4409011E-10  1.4478642E-10  6.4821881E-01
  xe132    132   4.0254675E-09  4.3004018E-09  2.7493416E-10  2.7888472E-09  1.7831085E-10  1.1942470E+00
  xe133    133   3.0072110E-35  3.0072110E-35  0.0000000E+00  1.9502020E-35  0.0000000E+00  0.0000000E+00
  xe134    134   2.3824804E-09  2.4855384E-09  1.0305810E-10  1.6118928E-09  6.6839194E-11  1.3823049E+00
  cs133    133   5.3911470E-10  6.1139782E-10  7.2283138E-11  3.9649670E-10  4.6879833E-11  9.2725354E-01
  cs134    134   7.7288960E-19  7.7288960E-19  0.0000000E+00  5.0122549E-19  0.0000000E+00  0.0000000E+00
  cs135    135   0.0000000E+00  0.0000000E+00  0.0000000E+00  0.0000000E+00  0.0000000E+00  0.0000000E+00
  cs136    136   1.5890430E-33  1.5890430E-33  0.0000000E+00  1.0305079E-33  0.0000000E+00  0.0000000E+00
  cs137    137   0.0000000E+00  0.0000000E+00  0.0000000E+00  0.0000000E+00  0.0000000E+00  0.0000000E+00
  ba134    134   5.1126303E-10  5.3342258E-10  2.2159557E-11  3.4592909E-10  1.4371767E-11  1.3814769E+00
  ba135    135   1.8057706E-09  1.8666590E-09  6.0888357E-11  1.2105442E-09  3.9489655E-11  1.4864974E+00
  ba136    136   3.9523100E-09  4.0253934E-09  7.3083192E-11  2.6105018E-09  4.7398713E-11  1.7409575E+00
  ba137    137   7.5795210E-09  7.6848021E-09  1.0528087E-10  4.9836597E-09  6.8280791E-11  1.8632498E+00
  ba138    138   4.6772239E-08  4.7449209E-08  6.7697103E-10  3.0771215E-08  4.3905524E-10  1.8456255E+00
  la139    139   5.6989822E-09  5.7918350E-09  9.2852642E-11  3.7560541E-09  6.0220356E-11  1.7949885E+00
  ce140    140   1.6790315E-08  1.7003130E-08  2.1281536E-10  1.1026674E-08  1.3802319E-10  1.9024924E+00
  ce141    141   1.6638528E-30  1.6638528E-30  0.0000000E+00  1.0790228E-30  0.0000000E+00  0.0000000E+00
  ce142    142   2.3440618E-09  2.3711850E-09  2.7123167E-11  1.5377336E-09  1.7590956E-11  1.9415916E+00
  pr141    141   1.7119843E-09  1.7486623E-09  3.6678004E-11  1.1340224E-09  2.3787826E-11  1.6782669E+00
  nd142    142   3.6403611E-09  3.6892880E-09  4.8926800E-11  2.3925346E-09  3.1731884E-11  1.8773624E+00
  nd143    143   7.5332118E-10  7.7522544E-10  2.1904260E-11  5.0274029E-10  1.4206190E-11  1.5488660E+00
  nd144    144   2.2791569E-09  2.3226909E-09  4.3534041E-11  1.5062849E-09  2.8234364E-11  1.7271291E+00
  nd145    145   4.2273510E-10  4.3892356E-10  1.6188457E-11  2.8464567E-10  1.0499158E-11  1.4331502E+00
  nd146    146   2.0001572E-09  2.0320208E-09  3.1863626E-11  1.3177828E-09  2.0665421E-11  1.8045996E+00
  nd147    147   5.4994640E-33  5.4994640E-33  0.0000000E+00  3.5664491E-33  0.0000000E+00  0.0000000E+00
  nd148    148   2.4867233E-10  2.5945060E-10  1.0778267E-11  1.6825592E-10  6.9903350E-12  1.3814723E+00
  pm147    147   3.2940408E-18  3.2940408E-18  0.0000000E+00  2.1362136E-18  0.0000000E+00  0.0000000E+00
  pm148    148   0.0000000E+00  0.0000000E+00  0.0000000E+00  0.0000000E+00  0.0000000E+00  0.0000000E+00
  sm147    147   2.3519481E-10  2.4387051E-10  8.6756860E-12  1.5815210E-10  5.6266888E-12  1.4488220E+00
  sm148    148   5.1803578E-10  5.2458538E-10  6.5495682E-12  3.4019809E-10  4.2477770E-12  1.9035702E+00
  sm149    149   9.1978175E-11  1.0008552E-10  8.1073507E-12  6.4906316E-11  5.2580900E-12  1.0914589E+00
  sm150    150   4.2288956E-10  4.2724801E-10  4.3584663E-12  2.7707397E-10  2.8267195E-12  1.9913130E+00
  sm151    151   2.3324987E-14  2.3324987E-14  0.0000000E+00  1.5126452E-14  0.0000000E+00  0.0000000E+00
  sm152    152   3.7899184E-10  3.9499998E-10  1.6008131E-11  2.5616084E-10  1.0382206E-11  1.3922231E+00
  eu151    151   6.2976735E-11  7.3536705E-11  1.0559968E-11  4.7689179E-11  6.8487555E-12  8.4280819E-01
  eu152    152   2.3049609E-18  2.3049609E-18  0.0000000E+00  1.4947867E-18  0.0000000E+00  0.0000000E+00
  eu153    153   7.0278346E-11  8.1958614E-11  1.1680267E-11  5.3150859E-11  7.5753353E-12  8.4610844E-01
  eu154    154   1.8493929E-16  1.8493929E-16  0.0000000E+00  1.1993470E-16  0.0000000E+00  0.0000000E+00
  eu155    155   5.1543947E-17  5.1543947E-17  0.0000000E+00  3.3426689E-17  0.0000000E+00  0.0000000E+00
  gd152    152   6.8640582E-14  2.2283461E-13  1.5419403E-13  1.4451014E-13  1.0000383E-13  1.5988170E-01
  gd153    153   1.4938525E-28  1.4938525E-28  0.0000000E+00  9.6877604E-29  0.0000000E+00  0.0000000E+00
  gd154    154   4.6116569E-11  4.7819367E-11  1.7027994E-12  3.1011266E-11  1.1043648E-12  1.4484069E+00
  gd155    155   1.2229956E-10  1.3393463E-10  1.1635066E-11  8.6857743E-11  7.5460194E-12  1.0610906E+00
  gd156    156   2.9600514E-10  3.1220171E-10  1.6196560E-11  2.0246546E-10  1.0504414E-11  1.2849791E+00
  gd157    157   1.4036186E-10  1.5282389E-10  1.2462038E-11  9.9107597E-11  8.0823586E-12  1.0885688E+00
  gd158    158   5.9031652E-10  6.1022298E-10  1.9906450E-11  3.9573481E-10  1.2910494E-11  1.4864614E+00
  tb159    159   1.3100435E-10  1.4602083E-10  1.5016486E-11  9.4695751E-11  9.7390672E-12  9.8781312E-01
  dy160    160   2.1626283E-10  2.1853513E-10  2.2723134E-12  1.4172190E-10  1.4737278E-12  1.9830197E+00
  dy161    161   9.7921671E-11  1.1646641E-10  1.8544735E-11  7.5529458E-11  1.2027343E-11  7.9794669E-01
  dy162    162   4.2188500E-10  4.4705131E-10  2.5166312E-11  2.8991659E-10  1.6321822E-11  1.2495044E+00
  dy163    163   1.7989685E-10  2.0464247E-10  2.4745619E-11  1.3271238E-10  1.6048978E-11  9.1746408E-01
  dy164    164   8.4701401E-10  8.7527563E-10  2.8261594E-11  5.6762367E-10  1.8329293E-11  1.4909148E+00
  ho165    165   1.5828917E-10  1.8030177E-10  2.2012604E-11  1.1692723E-10  1.4276458E-11  9.1329515E-01
  er166    166   3.5482925E-10  3.7574055E-10  2.0911300E-11  2.4367094E-10  1.3562198E-11  1.2544737E+00
  er167    167   1.4383308E-10  1.5819301E-10  1.4359933E-11  1.0258951E-10  9.3132550E-12  1.0420015E+00
  er168    168   5.4606020E-10  5.6310168E-10  1.7041462E-11  3.6517622E-10  1.1052383E-11  1.5190465E+00
  er169    169   2.5221006E-33  2.5221006E-33  0.0000000E+00  1.6356038E-33  0.0000000E+00  0.0000000E+00
  er170    170   1.6160449E-10  1.7113495E-10  9.5304658E-12  1.1098247E-10  6.1810630E-12  1.2541913E+00
  tm169    169   1.3667464E-10  1.4674567E-10  1.0071024E-11  9.5165820E-11  6.5316463E-12  1.1634583E+00
  tm170    170   1.6263947E-27  1.6263947E-27  0.0000000E+00  1.0547308E-27  0.0000000E+00  0.0000000E+00
  tm171    171   4.0401990E-19  4.0401990E-19  0.0000000E+00  2.6201034E-19  0.0000000E+00  0.0000000E+00
  yb170    170   1.7302244E-10  1.7492721E-10  1.9047721E-12  1.1344178E-10  1.2353558E-12  1.9629810E+00
  yb171    171   2.4389640E-10  2.5295571E-10  9.0593097E-12  1.6404393E-10  5.8754911E-12  1.4459159E+00
  yb172    172   6.6166911E-10  6.7569628E-10  1.4027147E-11  4.3819479E-10  9.0974225E-12  1.6827488E+00
  yb173    173   3.0568068E-10  3.1615333E-10  1.0472639E-11  2.0502812E-10  6.7921172E-12  1.4798083E+00
  yb174    174   1.4231504E-09  1.4441057E-09  2.0955387E-11  9.3651487E-10  1.3590791E-11  1.8382699E+00
  lu175    175   1.8705033E-10  1.9650828E-10  9.4579448E-12  1.2743730E-10  6.1340290E-12  1.3175507E+00
  lu176    176   1.3995456E-10  1.4023063E-10  2.7607121E-13  9.0940755E-11  1.7904829E-13  2.7057884E+00
  lu177    177   1.7288039E-35  1.7288039E-35  0.0000000E+00  1.1211440E-35  0.0000000E+00  0.0000000E+00
  hf176    176   2.5825045E-14  2.1500093E-12  2.1241843E-12  1.3942994E-12  1.3776574E-12  5.2148229E-03
  hf177    177   1.5307323E-10  1.6070825E-10  7.6350124E-12  1.0422067E-10  4.9517512E-12  1.3231950E+00
  hf178    178   7.0738143E-10  7.1864614E-10  1.1264724E-11  4.6604814E-10  7.3058313E-12  1.8047612E+00
  hf179    179   2.4781385E-10  2.5346980E-10  5.6559453E-12  1.6437732E-10  3.6682107E-12  1.6513876E+00
  hf180    180   1.3869467E-09  1.4015941E-09  1.4647377E-11  9.0894570E-10  9.4996788E-12  1.9808290E+00
  ta181    181   2.7757652E-10  2.8378250E-10  6.2059685E-12  1.8403537E-10  4.0249327E-12  1.6601427E+00
  ta182    182   1.0021488E-29  1.0021488E-29  0.0000000E+00  6.4990198E-30  0.0000000E+00  0.0000000E+00
  ta183    183   0.0000000E+00  0.0000000E+00  0.0000000E+00  0.0000000E+00  0.0000000E+00  0.0000000E+00
   w182    182   5.7569721E-10  5.8543592E-10  9.7387194E-12  3.7966016E-10  6.3161273E-12  1.7789441E+00
   w183    183   3.2301273E-10  3.2830050E-10  5.2877581E-12  2.1290567E-10  3.4294195E-12  1.7929666E+00
   w184    184   8.5605778E-10  8.6744123E-10  1.1383425E-11  5.6254301E-10  7.3828148E-12  1.8819338E+00
   w185    185   5.6675129E-29  5.6675129E-29  0.0000000E+00  3.6754303E-29  0.0000000E+00  0.0000000E+00
   w186    186   6.5014366E-10  6.6082129E-10  1.0677646E-11  4.2854822E-10  6.9250764E-12  1.7915752E+00
  re185    185   1.6469198E-10  1.7011900E-10  5.4270147E-12  1.1032362E-10  3.5197357E-12  1.4961585E+00
  re186    186   2.7841722E-37  2.7841722E-37  0.0000000E+00  1.8055594E-37  0.0000000E+00  0.0000000E+00
  re187    187   1.0932991E-10  1.1922673E-10  9.8968151E-12  7.7319547E-11  6.4186616E-12  1.0808448E+00
  os186    186   3.0617880E-10  3.0918676E-10  3.0079671E-12  2.0051025E-10  1.9508423E-12  2.0119145E+00
  os187    187   9.4413984E-11  9.6819247E-11  2.4052641E-12  6.2788108E-11  1.5599541E-12  1.6047657E+00
  os188    188   5.8860394E-10  6.1397831E-10  2.5374380E-11  3.9817016E-10  1.6456767E-11  1.3837242E+00
  os189    189   1.5945920E-10  1.9056140E-10  3.1102197E-11  1.2358069E-10  2.0171590E-11  7.8721046E-01
  os190    190   7.6612994E-10  8.1697682E-10  5.0846861E-11  5.2981641E-10  3.2977156E-11  1.2059122E+00
  os191    191   4.3241566E-31  4.3241566E-31  0.0000000E+00  2.8042523E-31  0.0000000E+00  0.0000000E+00
  os192    192   1.8706237E-10  2.6686442E-10  7.9802047E-11  1.7306384E-10  5.1756280E-11  5.2424330E-01
  ir191    191   1.6698383E-10  2.3426985E-10  6.7286024E-11  1.5192600E-10  4.3638912E-11  5.4175818E-01
  ir192    192   5.5533755E-27  5.5533755E-27  0.0000000E+00  3.6014112E-27  0.0000000E+00  0.0000000E+00
  ir193    193   1.9888638E-10  3.1317732E-10  1.1429094E-10  2.0309815E-10  7.4124346E-11  4.3774509E-01
  pt192    192   2.2084644E-10  2.2367588E-10  2.8294431E-12  1.4505572E-10  1.8350590E-12  1.8978848E+00
  pt193    193   9.3111071E-15  9.3111071E-15  0.0000000E+00  6.0383323E-15  0.0000000E+00  0.0000000E+00
  pt194    194   6.8529499E-10  8.0581841E-10  1.2052341E-10  5.2258009E-10  7.8166466E-11  8.2513237E-01
  pt195    195   2.8455543E-10  4.0887516E-10  1.2431972E-10  2.6515901E-10  8.0628594E-11  5.1701730E-01
  pt196    196   1.2435426E-09  1.3367751E-09  9.3232588E-11  8.6691004E-10  6.0466777E-11  1.1564572E+00
  au197    197   4.0549086E-10  4.6167986E-10  5.6188998E-11  2.9940331E-10  3.6441843E-11  9.1465628E-01
  hg198    198   1.4156353E-09  1.4288349E-09  1.3199625E-11  9.2661162E-10  8.5607268E-12  2.0343871E+00
  hg199    199   6.2232069E-10  6.4476746E-10  2.2446774E-11  4.1813719E-10  1.4558042E-11  1.4582158E+00
  hg200    200   2.0620197E-09  2.0929103E-09  3.0890665E-11  1.3572701E-09  2.0034399E-11  1.8308899E+00
  hg201    201   8.4430934E-10  8.6202301E-10  1.7713679E-11  5.5902927E-10  1.1488355E-11  1.6871767E+00
  hg202    202   3.2490468E-09  3.2893772E-09  4.0330333E-11  2.1331892E-09  2.6156573E-11  1.9114485E+00
  tl203    203   1.6819378E-09  1.6978909E-09  1.5953077E-11  1.1010968E-09  1.0346502E-11  2.0270319E+00
  tl204    204   1.2326361E-16  1.2326361E-16  0.0000000E+00  7.9937497E-17  0.0000000E+00  0.0000000E+00
  tl205    205   3.9455581E-09  3.9840158E-09  3.8457508E-11  2.5836682E-09  2.4941937E-11  2.0153065E+00
  pb204    204   1.1760459E-09  1.1962383E-09  2.0192450E-11  7.7577073E-10  1.3095982E-11  1.7725953E+00
  pb205    205   0.0000000E+00  0.0000000E+00  0.0000000E+00  0.0000000E+00  0.0000000E+00  0.0000000E+00
  pb206    206   1.0185187E-07  1.0204161E-07  1.8973798E-10  6.6174856E-08  1.2305615E-10  2.7305896E+00
  pb207    207   2.2891481E-08  2.3102464E-08  2.1098374E-10  1.4982144E-08  1.3683527E-10  2.0393758E+00
  pb208    208   4.7965227E-07  4.8025908E-07  6.0681138E-10  3.1145208E-07  3.9355261E-10  2.8983884E+00
  bi209    209   1.7470677E-08  1.7512880E-08  4.2202273E-11  1.1357252E-08  2.7370635E-11  2.6179883E+00
  bi210    210   0.0000000E+00  0.0000000E+00  0.0000000E+00  0.0000000E+00  0.0000000E+00  0.0000000E+00
  po210    210   0.0000000E+00  0.0000000E+00  0.0000000E+00  0.0000000E+00  0.0000000E+00  0.0000000E+00
