# Initial mass = 5.000, Z =  0.0006, Y =  0.400, M_mix = 0.00E+00
# Final mass = 1.125, Mass expelled =   3.8750
  species    A      yield       mass(i)_lost    mass(i)_0        <X(i)>           X0(i)   log10(<X(i)>/X0(i)) 
      n      1   0.0000000E+00  0.0000000E+00  0.0000000E+00  0.0000000E+00  0.0000000E+00  0.0000000E+00
      p      1  -4.6233964E-01  1.8601844E+00  2.3225241E+00  4.8004758E-01  5.9939992E-01 -9.6432418E-02
      d      2  -7.5699845E-06  3.4343170E-10  7.5703279E-06  8.8627536E-11  1.9537597E-06 -4.3433027E+00
    he3      3  -4.8133661E-05  1.8604084E-08  4.8152266E-05  4.8010538E-09  1.2427197E-05 -3.4130368E+00
    he4      4   4.5875537E-01  2.0086546E+00  1.5498992E+00  5.1836246E-01  3.9999995E-01  1.1257360E-01
    li7      7  -5.3032592E-09  2.0163895E-11  5.3234230E-09  5.2035858E-12  1.3738757E-09 -2.4216449E+00
    be7      7   9.8516667E-11  9.8516667E-11  0.0000000E+00  2.5423655E-11  0.0000000E+00  0.0000000E+00
     b8      8   6.7601836E-27  6.7601836E-27  0.0000000E+00  1.7445634E-27  0.0000000E+00  0.0000000E+00
    c12     12   4.4659289E-04  8.4462564E-04  3.9803275E-04  2.1796790E-04  1.0272479E-04  3.2671732E-01
    c13     13   8.9567206E-05  9.4388386E-05  4.8211787E-06  2.4358293E-05  1.2442558E-06  1.2917372E+00
    c14     14   2.9918408E-09  2.9918408E-09  0.0000000E+00  7.7208789E-10  0.0000000E+00  0.0000000E+00
    n13     13   0.0000000E+00  0.0000000E+00  0.0000000E+00  0.0000000E+00  0.0000000E+00  0.0000000E+00
    n14     14   3.9496757E-03  4.0673036E-03  1.1762804E-04  1.0496267E-03  3.0357594E-05  1.5387676E+00
    n15     15  -1.6644776E-08  2.6491765E-07  2.8156242E-07  6.8365843E-08  7.2665983E-08 -2.6491983E-02
    o14     14   0.0000000E+00  0.0000000E+00  0.0000000E+00  0.0000000E+00  0.0000000E+00  0.0000000E+00
    o15     15   0.0000000E+00  0.0000000E+00  0.0000000E+00  0.0000000E+00  0.0000000E+00  0.0000000E+00
    o16     16  -8.8439084E-04  8.9392255E-05  9.7378308E-04  2.3068967E-05  2.5131516E-04 -1.0371906E+00
    o17     17  -9.5746060E-08  2.9731768E-07  3.9306374E-07  7.6727140E-08  1.0144238E-07 -1.2127046E-01
    o18     18  -2.1958315E-06  3.9714371E-10  2.1962287E-06  1.0248870E-10  5.6680551E-07 -3.7427580E+00
    o19     19   0.0000000E+00  0.0000000E+00  0.0000000E+00  0.0000000E+00  0.0000000E+00  0.0000000E+00
    f17     17   0.0000000E+00  0.0000000E+00  0.0000000E+00  0.0000000E+00  0.0000000E+00  0.0000000E+00
    f18     18   0.0000000E+00  0.0000000E+00  0.0000000E+00  0.0000000E+00  0.0000000E+00  0.0000000E+00
    f19     19  -4.7739761E-08  9.0332000E-09  5.6772961E-08  2.3311484E-09  1.4652037E-08 -7.9832810E-01
    f20     20   0.0000000E+00  0.0000000E+00  0.0000000E+00  0.0000000E+00  0.0000000E+00  0.0000000E+00
   ne19     19   0.0000000E+00  0.0000000E+00  0.0000000E+00  0.0000000E+00  0.0000000E+00  0.0000000E+00
   ne20     20   3.2574899E-06  2.0033028E-04  1.9707279E-04  5.1698134E-05  5.0860792E-05  7.0917453E-03
   ne21     21  -4.6087820E-07  3.5151512E-08  4.9602971E-07  9.0713579E-09  1.2801597E-07 -1.1495919E+00
   ne22     22   1.0244066E-05  2.6183756E-05  1.5939690E-05  6.7570982E-06  4.1137350E-06  2.1552393E-01
   ne23     23   0.0000000E+00  0.0000000E+00  0.0000000E+00  0.0000000E+00  0.0000000E+00  0.0000000E+00
   na21     21   0.0000000E+00  0.0000000E+00  0.0000000E+00  0.0000000E+00  0.0000000E+00  0.0000000E+00
   na22     22   8.3715151E-10  8.3715151E-10  0.0000000E+00  2.1603909E-10  0.0000000E+00  0.0000000E+00
   na23     23  -3.6771041E-06  8.6334080E-07  4.5404449E-06  2.2279762E-07  1.1718038E-06 -7.2094440E-01
   na24     24   0.0000000E+00  0.0000000E+00  0.0000000E+00  0.0000000E+00  0.0000000E+00  0.0000000E+00
   mg23     23   0.0000000E+00  0.0000000E+00  0.0000000E+00  0.0000000E+00  0.0000000E+00  0.0000000E+00
   mg24     24  -9.3900315E-05  1.0541287E-07  9.4005729E-05  2.7203319E-08  2.4261117E-05 -2.9502890E+00
   mg25     25   4.7368285E-06  1.7133698E-05  1.2396869E-05  4.4215994E-06  3.1993995E-06  1.4051092E-01
   mg26     26  -9.4956531E-06  4.6995019E-06  1.4195155E-05  1.2127747E-06  3.6635033E-06 -4.8011649E-01
   mg27     27   0.0000000E+00  0.0000000E+00  0.0000000E+00  0.0000000E+00  0.0000000E+00  0.0000000E+00
   al25     25   0.0000000E+00  0.0000000E+00  0.0000000E+00  0.0000000E+00  0.0000000E+00  0.0000000E+00
   al-6     26   0.0000000E+00  0.0000000E+00  0.0000000E+00  0.0000000E+00  0.0000000E+00  0.0000000E+00
   al*6     26   0.0000000E+00  0.0000000E+00  0.0000000E+00  0.0000000E+00  0.0000000E+00  0.0000000E+00
   al27     27   4.6424939E-06  1.3286886E-05  8.6443924E-06  3.4288737E-06  2.2309555E-06  1.8666056E-01
   al28     28   0.0000000E+00  0.0000000E+00  0.0000000E+00  0.0000000E+00  0.0000000E+00  0.0000000E+00
   si27     27   0.0000000E+00  0.0000000E+00  0.0000000E+00  0.0000000E+00  0.0000000E+00  0.0000000E+00
   si28     28   1.2559415E-04  2.2968228E-04  1.0408813E-04  5.9272843E-05  2.6863196E-05  3.4369808E-01
   si29     29   7.4462150E-08  5.5485662E-06  5.4741040E-06  1.4318880E-06  1.4127637E-06  5.8395267E-03
   si30     30   1.1267093E-07  3.8457270E-06  3.7330560E-06  9.9244562E-07  9.6343183E-07  1.2885716E-02
    p31     31  -1.0928017E-07  7.9592292E-07  9.0520308E-07  2.0539946E-07  2.3361595E-07 -5.5903204E-02
    p32     32   3.8691174E-24  3.8691174E-24  0.0000000E+00  9.9848186E-25  0.0000000E+00  0.0000000E+00
    p33     33   7.7098497E-25  7.7098497E-25  0.0000000E+00  1.9896386E-25  0.0000000E+00  0.0000000E+00
    s32     32   1.0586518E-07  4.9985341E-05  4.9879476E-05  1.2899442E-05  1.2872958E-05  8.9256227E-04
    s33     33   7.6201445E-10  4.1257968E-07  4.1181767E-07  1.0647217E-07  1.0628242E-07  7.7464525E-04
    s34     34  -1.4039620E-07  2.2546628E-06  2.3950590E-06  5.8184844E-07  6.1811988E-07 -2.6262850E-02
    s35     35   9.0152218E-21  9.0152218E-21  0.0000000E+00  2.3265087E-21  0.0000000E+00  0.0000000E+00
    s36     36   2.5663578E-09  1.4389052E-08  1.1822694E-08  3.7133037E-09  3.0512155E-09  8.5287601E-02
   cl35     35   1.5038472E-07  6.6206997E-07  5.1168524E-07  1.7085677E-07  1.3205637E-07  1.1187283E-01
   cl36     36   0.0000000E+00  0.0000000E+00  0.0000000E+00  0.0000000E+00  0.0000000E+00  0.0000000E+00
   cl37     37   1.3946035E-08  1.8682783E-07  1.7288180E-07  4.8213632E-08  4.4617551E-08  3.3664111E-02
   ar36     36  -2.1722371E-08  9.5066243E-06  9.5283467E-06  2.4533224E-06  2.4590877E-06 -1.0193941E-03
   ar37     37   3.1095298E-21  3.1095298E-21  0.0000000E+00  8.0245930E-22  0.0000000E+00  0.0000000E+00
   ar38     38   3.7804284E-09  1.8324477E-06  1.8286672E-06  4.7288970E-07  4.7194470E-07  8.6879544E-04
   ar39     39   1.5254359E-10  1.5254359E-10  0.0000000E+00  3.9366087E-11  0.0000000E+00  0.0000000E+00
   ar40     40   2.0854809E-09  5.1642006E-09  3.0787197E-09  1.3326968E-09  7.9455986E-10  2.2460477E-01
    k39     39   6.3358243E-09  5.0240465E-07  4.9606882E-07  1.2965280E-07  1.2802606E-07  5.4835542E-03
    k40     40  -8.0309571E-11  0.0000000E+00  8.0309571E-11  0.0000000E+00  2.0726393E-11  0.0000000E+00
    k41     41   5.0553197E-09  4.2690356E-08  3.7635036E-08  1.1016866E-08  9.7128980E-09  5.4709263E-02
   ca40     40  -1.7196726E-08  8.5717247E-06  8.5889214E-06  2.2120580E-06  2.2166396E-06 -8.9860265E-04
   ca41     41   0.0000000E+00  0.0000000E+00  0.0000000E+00  0.0000000E+00  0.0000000E+00  0.0000000E+00
   ca42     42   7.3070083E-10  6.0921501E-08  6.0190800E-08  1.5721676E-08  1.5534116E-08  5.2122655E-03
   ca43     43   1.4547297E-10  1.3003421E-08  1.2857948E-08  3.3557215E-09  3.3183953E-09  4.8577753E-03
   ca44     44   3.4528114E-10  2.0364990E-07  2.0330462E-07  5.2554814E-08  5.2469112E-08  7.0880039E-04
   ca45     45   8.4198748E-18  8.4198748E-18  0.0000000E+00  2.1728709E-18  0.0000000E+00  0.0000000E+00
   ca46     46   5.1582899E-10  9.2339608E-10  4.0756709E-10  2.3829574E-10  1.0518542E-10  3.5516077E-01
   ca47     47  -4.2437175E-31 -4.2437175E-31  0.0000000E+00 -1.0951528E-31  0.0000000E+00  0.0000000E+00
   ca48     48   3.5544900E-12  1.9885661E-08  1.9882107E-08  5.1317834E-09  5.1311990E-09  4.9439386E-05
   sc45     45   3.2622038E-10  6.0619478E-09  5.7357274E-09  1.5643736E-09  1.4802837E-09  2.3995552E-02
   sc46     46   6.2653560E-22  6.2653560E-22  0.0000000E+00  1.6168660E-22  0.0000000E+00  0.0000000E+00
   sc47     47  -1.1399609E-30 -1.1399609E-30  0.0000000E+00 -2.9418347E-31  0.0000000E+00  0.0000000E+00
   sc48     48   8.5839299E-34  3.6182164E-30  3.6173580E-30  9.3373325E-31  9.3357225E-31  0.0000000E+00
   ti46     46  -4.9844573E-11  3.4992539E-08  3.5042383E-08  9.0303320E-09  9.0437826E-09 -6.4641342E-04
   ti47     47  -2.1439561E-10  3.2074265E-08  3.2288661E-08  8.2772296E-09  8.3330987E-09 -2.9215622E-03
   ti48     48  -1.3052670E-09  3.2543829E-07  3.2674356E-07  8.3984077E-08  8.4326388E-08 -1.7665520E-03
   ti49     49   1.1679919E-09  2.5645841E-08  2.4477849E-08  6.6182815E-09  6.3172743E-09  2.0215468E-02
   ti50     50   8.4548546E-10  2.4761205E-08  2.3915719E-08  6.3899881E-09  6.1721988E-09  1.5060120E-02
    v51     51  -4.6266280E-10  5.2243660E-08  5.2706323E-08  1.3482235E-08  1.3602514E-08 -3.8573407E-03
   cr52     52  -3.8423877E-09  2.1567421E-06  2.1605845E-06  5.5657858E-07  5.5760631E-07 -8.0121041E-04
   cr53     53  -2.1848621E-09  2.4751847E-07  2.4970333E-07  6.3875731E-08  6.4443753E-08 -3.8449354E-03
   cr54     54   4.8502571E-09  6.8179418E-08  6.3329161E-08  1.7594688E-08  1.6344069E-08  3.2021366E-02
   mn55     55   3.9631800E-08  1.9265178E-06  1.8868860E-06  4.9716590E-07  4.8696990E-07  8.9992331E-03
   fe54     54  -8.6933142E-08  1.2345894E-05  1.2432827E-05  3.1860370E-06  3.2086793E-06 -3.0755301E-03
   fe55     55   3.3775086E-14  3.3775086E-14  0.0000000E+00  8.7161511E-15  0.0000000E+00  0.0000000E+00
   fe56     56  -4.3617911E-07  2.0195090E-04  2.0238708E-04  5.2116360E-05  5.2232310E-05 -9.6514280E-04
   fe57     57   1.1516568E-07  4.8726802E-06  4.7575145E-06  1.2574658E-06  1.2278254E-06  1.0359582E-02
   fe58     58   1.4216482E-07  7.8641824E-07  6.4425342E-07  2.0294664E-07  1.6626973E-07  8.6568668E-02
   fe59     59   2.3552126E-20  2.3552126E-20  0.0000000E+00  6.0779680E-21  0.0000000E+00  0.0000000E+00
   fe60     60   0.0000000E+00  0.0000000E+00  0.0000000E+00  0.0000000E+00  0.0000000E+00  0.0000000E+00
   co59     59   5.3404619E-08  5.5025669E-07  4.9685207E-07  1.4200172E-07  1.2822821E-07  4.4310011E-02
   co60     60   7.3907457E-11  7.3907457E-11  0.0000000E+00  1.9072891E-11  0.0000000E+00  0.0000000E+00
   ni58     58  -3.3032393E-08  7.0758865E-06  7.1089189E-06  1.8260351E-06  1.8346788E-06 -2.0509399E-03
   ni59     59   0.0000000E+00  0.0000000E+00  0.0000000E+00  0.0000000E+00  0.0000000E+00  0.0000000E+00
   ni60     60   5.8674004E-08  2.8914560E-06  2.8327820E-06  7.4618220E-07  7.3108788E-07  8.8752806E-03
   ni61     61   2.1916819E-08  1.4711179E-07  1.2519497E-07  3.7964330E-08  3.2310474E-08  7.0032433E-02
   ni62     62   5.6458617E-08  4.6216644E-07  4.0570782E-07  1.1926876E-07  1.0470558E-07  5.6556925E-02
   ni63     63   0.0000000E+00  0.0000000E+00  0.0000000E+00  0.0000000E+00  0.0000000E+00  0.0000000E+00
   ni64     64   3.5714280E-08  1.4236718E-07  1.0665291E-07  3.6739916E-08  2.7525115E-08  1.2540904E-01
   cu63     63   1.7673692E-08  1.0570530E-07  8.8031605E-08  2.7278785E-08  2.2719307E-08  7.9429962E-02
   cu64     64   0.0000000E+00  0.0000000E+00  0.0000000E+00  0.0000000E+00  0.0000000E+00  0.0000000E+00
   cu65     65   7.4489606E-09  4.7931707E-08  4.0482746E-08  1.2369473E-08  1.0447838E-08  7.3324732E-02
   zn64     64  -7.9512574E-10  1.5002867E-07  1.5082379E-07  3.8717076E-08  3.8924792E-08 -2.3237767E-03
   zn65     65   6.7916862E-17  6.7916862E-17  0.0000000E+00  1.7526931E-17  0.0000000E+00  0.0000000E+00
   zn66     66   6.4498238E-09  9.5683383E-08  8.9233559E-08  2.4692485E-08  2.3029507E-08  3.0280126E-02
   zn67     67   1.5457191E-09  1.4857385E-08  1.3311666E-08  3.8341637E-09  3.4354914E-09  4.7681753E-02
   zn68     68   9.4788035E-09  7.1264481E-08  6.1785677E-08  1.8390834E-08  1.5945725E-08  6.1957125E-02
   zn69     69   0.0000000E+00  0.0000000E+00  0.0000000E+00  0.0000000E+00  0.0000000E+00  0.0000000E+00
   zn70     70   3.9606318E-11  2.1427420E-09  2.1031357E-09  5.5296567E-10  5.4277993E-10  8.0744112E-03
   ga69     69   1.4244650E-09  7.0889170E-09  5.6644520E-09  1.8293979E-09  1.4618888E-09  9.7393796E-02
   ga70     70   0.0000000E+00  0.0000000E+00  0.0000000E+00  0.0000000E+00  0.0000000E+00  0.0000000E+00
   ga71     71   1.0713519E-09  4.9396882E-09  3.8683363E-09  1.2747582E-09  9.9834507E-10  1.0614713E-01
   ge70     70   2.0512099E-09  8.3517211E-09  6.3005112E-09  2.1552828E-09  1.6260437E-09  1.2237208E-01
   ge71     71   9.1153489E-25  9.1153489E-25  0.0000000E+00  2.3523480E-25  0.0000000E+00  0.0000000E+00
   ge72     72   2.0247972E-09  1.0588759E-08  8.5639620E-09  2.7325830E-09  2.2101980E-09  9.2142172E-02
   ge73     73   6.0249694E-10  3.0395895E-09  2.4370925E-09  7.8441015E-10  6.2896788E-10  9.5914692E-02
   ge74     74   2.6250184E-09  1.4220435E-08  1.1595416E-08  3.6697894E-09  2.9925593E-09  8.8598378E-02
   as75     75   2.0992919E-10  1.9098587E-09  1.6999295E-09  4.9286675E-10  4.3871992E-10  5.0542153E-02
   se76     76   9.0321062E-10  2.6730405E-09  1.7698298E-09  6.8981687E-10  4.5675991E-10  1.7904583E-01
   se77     77   3.1458713E-10  1.7747395E-09  1.4601523E-09  4.5799728E-10  3.7683795E-10  8.4708236E-02
   se78     78   2.1732580E-09  6.7811827E-09  4.6079247E-09  1.7499826E-09  1.1892191E-09  1.6777191E-01
   se79     79   0.0000000E+00  0.0000000E+00  0.0000000E+00  0.0000000E+00  0.0000000E+00  0.0000000E+00
   se80     80   2.6443958E-09  1.2508078E-08  9.8636823E-09  3.2278911E-09  2.5456315E-09  1.0312334E-01
   br79     79   4.3717185E-10  2.0144701E-09  1.5772983E-09  5.1986326E-10  4.0707113E-10  1.0621885E-01
   br80     80   0.0000000E+00  0.0000000E+00  0.0000000E+00  0.0000000E+00  0.0000000E+00  0.0000000E+00
   br81     81   3.6754355E-10  1.9408339E-09  1.5732904E-09  5.0086035E-10  4.0603673E-10  9.1151327E-02
   kr80     80   4.1091075E-11  4.1699744E-10  3.7590636E-10  1.0761224E-10  9.7014383E-11  4.5025546E-02
   kr81     81   0.0000000E+00  0.0000000E+00  0.0000000E+00  0.0000000E+00  0.0000000E+00  0.0000000E+00
   kr82     82   1.2577601E-09  3.1884106E-09  1.9306505E-09  8.2281565E-10  4.9826471E-10  2.1784244E-01
   kr83     83   3.9420001E-10  2.3301279E-09  1.9359279E-09  6.0132332E-10  4.9962673E-10  8.0462411E-02
   kr84     84   2.7892808E-09  1.2445196E-08  9.6559152E-09  3.2116634E-09  2.4920106E-09  1.1018011E-01
   kr-5     85   3.4668084E-11  3.4668084E-11  0.0000000E+00  8.9466021E-12  0.0000000E+00  0.0000000E+00
   kr*5     85   0.0000000E+00  0.0000000E+00  0.0000000E+00  0.0000000E+00  0.0000000E+00  0.0000000E+00
   kr86     86   6.5045467E-09  9.4941379E-09  2.9895912E-09  2.4501001E-09  7.7155748E-10  5.0181556E-01
   rb85     85   9.4809072E-10  3.2132528E-09  2.2651621E-09  8.2922652E-10  5.8459587E-10  1.5181744E-01
   rb86     86   6.8226188E-23  6.8226188E-23  0.0000000E+00  1.7606757E-23  0.0000000E+00  0.0000000E+00
   rb87     87   1.6841254E-09  2.6382889E-09  9.5416353E-10  6.8084871E-10  2.4625171E-10  4.4167137E-01
   sr86     86   4.5502840E-10  1.1863313E-09  7.3130285E-10  3.0614999E-10  1.8873555E-10  2.1008053E-01
   sr87     87   1.8066776E-10  6.9767603E-10  5.1700827E-10  1.8004542E-10  1.3343014E-10  1.3012813E-01
   sr88     88   3.3142653E-09  9.5840296E-09  6.2697643E-09  2.4732978E-09  1.6181085E-09  1.8426876E-01
   sr89     89   8.8633065E-21  8.8633065E-21  0.0000000E+00  2.2873048E-21  0.0000000E+00  0.0000000E+00
   sr90     90   2.4348400E-11  2.4348400E-11  0.0000000E+00  6.2834577E-12  0.0000000E+00  0.0000000E+00
    y89     89   8.3773477E-10  2.4774398E-09  1.6397050E-09  6.3933930E-10  4.2317710E-10  1.7920926E-01
    y90     90   6.1575225E-15  6.1575225E-15  0.0000000E+00  1.5890380E-15  0.0000000E+00  0.0000000E+00
    y91     91   2.1350527E-21  2.1350527E-21  0.0000000E+00  5.5098135E-22  0.0000000E+00  0.0000000E+00
   zr90     90   5.5470384E-10  2.3371189E-09  1.7824151E-09  6.0312744E-10  4.6000792E-10  1.1764376E-01
   zr91     91   1.6899315E-10  5.6201749E-10  3.9302434E-10  1.4503676E-10  1.0143222E-10  1.5530218E-01
   zr92     92   3.2818320E-10  9.3551988E-10  6.0733668E-10  2.4142449E-10  1.5674220E-10  1.8759538E-01
   zr93     93   0.0000000E+00  0.0000000E+00  0.0000000E+00  0.0000000E+00  0.0000000E+00  0.0000000E+00
   zr94     94   3.2203434E-10  9.5089292E-10  6.2885858E-10  2.4539171E-10  1.6229661E-10  1.7955042E-01
   zr95     95   1.0886457E-20  1.0886457E-20  0.0000000E+00  2.8094081E-21  0.0000000E+00  0.0000000E+00
   zr96     96   3.9464354E-10  4.9811233E-10  1.0346880E-10  1.2854512E-10  2.6703355E-11  6.8248975E-01
   nb93     93   9.6029656E-11  3.6759060E-10  2.7156094E-10  9.4862083E-11  7.0084785E-11  1.3146889E-01
   nb94     94   3.7674162E-14  3.7674162E-14  0.0000000E+00  9.7223644E-15  0.0000000E+00  0.0000000E+00
   nb95     95   1.2265512E-20  1.2265512E-20  0.0000000E+00  3.1652932E-21  0.0000000E+00  0.0000000E+00
   mo94     94   5.2766611E-12  9.0386157E-11  8.5109496E-11  2.3325460E-11  2.1965166E-11  2.6095722E-02
   mo95     95   5.5044469E-11  2.0391927E-10  1.4887480E-10  5.2624325E-11  3.8421794E-11  1.3660893E-01
   mo96     96   5.0575460E-11  2.0893301E-10  1.5835755E-10  5.3918193E-11  4.0869114E-11  1.2034009E-01
   mo97     97   2.5583265E-11  1.1770875E-10  9.2125481E-11  3.0376448E-11  2.3775860E-11  1.0640071E-01
   mo98     98   7.7288231E-11  3.1379632E-10  2.3650809E-10  8.0979695E-11  6.1038306E-11  1.2277365E-01
   tc99     99   0.0000000E+00  0.0000000E+00  0.0000000E+00  0.0000000E+00  0.0000000E+00  0.0000000E+00
   ru99     99   7.8858448E-12  9.0464199E-11  8.2578354E-11  2.3345600E-11  2.1311924E-11  3.9582368E-02
  ru100    100   3.5611500E-11  1.1797779E-10  8.2366294E-11  3.0445882E-11  2.1257196E-11  1.5602258E-01
  ru101    101   1.8212445E-12  1.1445791E-10  1.1263666E-10  2.9537525E-11  2.9069410E-11  6.9378992E-03
  ru102    102   4.4434595E-11  2.5480459E-10  2.1037000E-10  6.5756026E-11  5.4292550E-11  8.3195306E-02
  rh103    103   2.3052948E-12  1.3664841E-10  1.3434312E-10  3.5264108E-11  3.4671443E-11  7.3609469E-03
  pd104    104   2.6778614E-11  8.5567650E-11  5.8789036E-11  2.2081973E-11  1.5172349E-11  1.6298506E-01
  pd105    105  -8.2975293E-14  1.1889255E-10  1.1897552E-10  3.0681947E-11  3.0705351E-11 -3.3115598E-04
  pd106    106   2.6588010E-11  1.7359081E-10  1.4700280E-10  4.4797627E-11  3.7938666E-11  7.2172910E-02
  pd107    107   0.0000000E+00  0.0000000E+00  0.0000000E+00  0.0000000E+00  0.0000000E+00  0.0000000E+00
  pd108    108   2.7513714E-11  1.7252123E-10  1.4500752E-10  4.4521609E-11  3.7423724E-11  7.5423844E-02
  ag107    107   2.3275687E-12  1.0219429E-10  9.9866719E-11  2.6372718E-11  2.5773727E-11  9.9776480E-03
  ag108    108   0.0000000E+00  0.0000000E+00  0.0000000E+00  0.0000000E+00  0.0000000E+00  0.0000000E+00
  ag109    109   4.7437609E-12  9.9258386E-11  9.4514625E-11  2.5615067E-11  2.4392452E-11  2.1240015E-02
  cd108    108   3.6032692E-12  9.2032718E-12  5.6000027E-12  2.3750379E-12  1.4452557E-12  2.1572587E-01
  cd109    109   4.0318287E-22  4.0318287E-22  0.0000000E+00  1.0404719E-22  0.0000000E+00  0.0000000E+00
  cd110    110   2.6194873E-11  1.0623942E-10  8.0044547E-11  2.7416625E-11  2.0657996E-11  1.2292579E-01
  cd111    111   5.3978488E-12  8.8174322E-11  8.2776473E-11  2.2754663E-11  2.1363057E-11  2.7406989E-02
  cd112    112   2.8982844E-11  1.8643648E-10  1.5745363E-10  4.8112639E-11  4.0635832E-11  7.3350050E-02
  cd113    113   6.9947451E-12  8.7444663E-11  8.0449918E-11  2.2566364E-11  2.0762616E-11  3.6179490E-02
  cd114    114   4.0085768E-11  2.3090936E-10  1.9082359E-10  5.9589514E-11  4.9247991E-11  8.2781322E-02
  in115    115   5.8994337E-12  7.7850705E-11  7.1951271E-11  2.0090504E-11  1.8569276E-11  3.4195833E-02
  sn116    116   5.2427937E-11  2.7754088E-10  2.2511294E-10  7.1623450E-11  5.8097433E-11  9.0898298E-02
  sn117    117   1.3323495E-11  1.3325333E-10  1.1992983E-10  3.4387954E-11  3.0951641E-11  4.5722660E-02
  sn118    118   6.8448802E-11  4.3415185E-10  3.6570305E-10  1.1203918E-10  9.4381100E-11  7.4484885E-02
  sn119    119   1.8743507E-11  1.5517598E-10  1.3643248E-10  4.0045415E-11  3.5210664E-11  5.5878550E-02
  sn120    120   9.9715902E-11  6.2152355E-10  5.2180765E-10  1.6039317E-10  1.3466878E-10  7.5918928E-02
  sb121    121   5.7972793E-12  8.6267875E-11  8.0470595E-11  2.2262676E-11  2.0767952E-11  3.0183690E-02
  te122    122   1.3526121E-11  6.7017142E-11  5.3491021E-11  1.7294745E-11  1.3805029E-11  9.7876824E-02
  te123    123   4.7385099E-12  2.3560924E-11  1.8822414E-11  6.0802383E-12  4.8577119E-12  9.7488813E-02
  te124    124   2.2555353E-11  1.2361523E-10  1.0105988E-10  3.1900704E-11  2.6081659E-11  8.7465085E-02
  te125    125   3.1007280E-12  1.5505285E-10  1.5195212E-10  4.0013635E-11  3.9215992E-11  8.7448480E-03
  te126    126   4.2383319E-11  4.5053378E-10  4.0815046E-10  1.1626678E-10  1.0533598E-10  4.2878922E-02
   i127    127  -1.5956347E-11  4.9593851E-10  5.1189486E-10  1.2798412E-10  1.3211046E-10 -1.3781097E-02
  xe128    128   3.1294741E-11  8.6583241E-11  5.5288499E-11  2.2344061E-11  1.4268925E-11  1.9477084E-01
  xe129    129  -2.2796376E-11  6.7128492E-10  6.9408129E-10  1.7323482E-10  1.7912936E-10 -1.4531631E-02
  xe130    130   5.2356883E-11  1.6466165E-10  1.1230476E-10  4.2493328E-11  2.8983755E-11  1.6616610E-01
  xe131    131  -5.6725180E-12  5.5533844E-10  5.6101096E-10  1.4331314E-10  1.4478642E-10 -4.4418387E-03
  xe132    132   5.9261651E-11  7.5017137E-10  6.9090972E-10  1.9359260E-10  1.7831085E-10  3.5710998E-02
  xe133    133  -1.1260277E-29 -1.1260277E-29  0.0000000E+00 -2.9058779E-30  0.0000000E+00  0.0000000E+00
  xe134    134   3.6903064E-11  2.9588809E-10  2.5898503E-10  7.6358218E-11  6.6839187E-11  5.7824641E-02
  cs133    133   3.9444004E-12  1.8559196E-10  1.8164756E-10  4.7894699E-11  4.6879830E-11  9.3014119E-03
  cs134    134   1.8148045E-14  1.8148045E-14  0.0000000E+00  4.6833663E-15  0.0000000E+00  0.0000000E+00
  cs135    135   0.0000000E+00  0.0000000E+00  0.0000000E+00  0.0000000E+00  0.0000000E+00  0.0000000E+00
  cs136    136   1.9856092E-25  1.9856092E-25  0.0000000E+00  5.1241526E-26  0.0000000E+00  0.0000000E+00
  cs137    137   0.0000000E+00  0.0000000E+00  0.0000000E+00  0.0000000E+00  0.0000000E+00  0.0000000E+00
  ba134    134   1.1366182E-11  6.7053162E-11  5.5686979E-11  1.7304042E-11  1.4371766E-11  8.0637455E-02
  ba135    135   1.8209767E-11  1.7122226E-10  1.5301249E-10  4.4186387E-11  3.9489655E-11  4.8805181E-02
  ba136    136   4.2516546E-11  2.2617463E-10  1.8365809E-10  5.8367644E-11  4.7398710E-11  9.0405673E-02
  ba137    137   1.3193582E-10  3.9650672E-10  2.6457089E-10  1.0232431E-10  6.8280791E-11  1.7568028E-01
  ba138    138   2.2452373E-10  1.9257522E-09  1.7012285E-09  4.9696830E-10  4.3905521E-10  5.3809509E-02
  la139    139   2.2444629E-11  2.5578334E-10  2.3333871E-10  6.6008601E-11  6.0220350E-11  3.9857253E-02
  ce140    140   4.6641357E-11  5.8144645E-10  5.3480509E-10  1.5005069E-10  1.3802318E-10  3.6285937E-02
  ce141    141   3.9932584E-23  3.9932584E-23  0.0000000E+00  1.0305183E-23  0.0000000E+00  0.0000000E+00
  ce142    142   7.8029250E-12  7.5963465E-11  6.8160540E-11  1.9603473E-11  1.7590956E-11  4.7043581E-02
  pr141    141   4.1002202E-12  9.6272060E-11  9.2171840E-11  2.4844403E-11  2.3787824E-11  1.8873792E-02
  nd142    142   7.4898143E-12  1.3044288E-10  1.2295306E-10  3.3662677E-11  3.1731881E-11  2.5652818E-02
  nd143    143   7.8944837E-13  5.5834865E-11  5.5045416E-11  1.4408997E-11  1.4206189E-11  6.1561102E-03
  nd144    144   5.6693816E-12  1.1507044E-10  1.0940106E-10  2.9695597E-11  2.8234363E-11  2.1914024E-02
  nd145    145   6.0743077E-14  4.0742344E-11  4.0681600E-11  1.0514153E-11  1.0499158E-11  6.1978539E-04
  nd146    146   5.4770147E-12  8.5550331E-11  8.0073316E-11  2.2077505E-11  2.0665421E-11  2.8705737E-02
  nd147    147   3.3246551E-27  3.3246551E-27  0.0000000E+00  8.5797550E-28  0.0000000E+00  0.0000000E+00
  nd148    148   6.4665287E-13  2.7732443E-11  2.7085790E-11  7.1567591E-12  6.9903345E-12  1.0218418E-02
  pm147    147   5.8996184E-15  5.8996184E-15  0.0000000E+00  1.5224821E-15  0.0000000E+00  0.0000000E+00
  pm148    148  -9.7182021E-31 -9.7182021E-31  0.0000000E+00 -2.5079231E-31  0.0000000E+00  0.0000000E+00
  sm147    147  -3.7359525E-13  2.1428408E-11  2.1802003E-11  5.5299116E-12  5.6266884E-12 -7.5346651E-03
  sm148    148   1.5772800E-12  1.8036347E-11  1.6459067E-11  4.6545411E-12  4.2477766E-12  3.9715204E-02
  sm149    149  -1.0518929E-12  1.9321883E-11  2.0373776E-11  4.9862922E-12  5.2580895E-12 -2.3050290E-02
  sm150    150   2.2197452E-12  1.3172572E-11  1.0952827E-11  3.3993734E-12  2.8267193E-12  8.0116168E-02
  sm151    151   2.0491635E-14  2.0491635E-14  0.0000000E+00  5.2881635E-15  0.0000000E+00  0.0000000E+00
  sm152    152   7.5171813E-13  4.0980157E-11  4.0228439E-11  1.0575524E-11  1.0382206E-11  8.0122566E-03
  eu151    151  -1.9069104E-12  2.4630294E-11  2.6537205E-11  6.3562046E-12  6.8487546E-12 -3.2413740E-02
  eu152    152   1.0700274E-17  1.0700274E-17  0.0000000E+00  2.7613609E-18  0.0000000E+00  0.0000000E+00
  eu153    153  -1.4828069E-12  2.7869710E-11  2.9352517E-11  7.1921830E-12  7.5753345E-12 -2.2541091E-02
  eu154    154   5.9137028E-15  5.9137028E-15  0.0000000E+00  1.5261168E-15  0.0000000E+00  0.0000000E+00
  eu155    155   9.7241678E-15  9.7241678E-15  0.0000000E+00  2.5094626E-15  0.0000000E+00  0.0000000E+00
  gd152    152   3.2211939E-13  7.0960908E-13  3.8748968E-13  1.8312492E-13  1.0000382E-13  2.6273087E-01
  gd153    153   7.0615660E-23  7.0615660E-23  0.0000000E+00  1.8223395E-23  0.0000000E+00  0.0000000E+00
  gd154    154   1.8828207E-12  6.1619559E-12  4.2791352E-12  1.5901821E-12  1.1043645E-12  1.5833445E-01
  gd155    155  -1.3290723E-12  2.7909855E-11  2.9238927E-11  7.2025428E-12  7.5460185E-12 -2.0232033E-02
  gd156    156   1.3617163E-12  4.2063679E-11  4.0701963E-11  1.0855142E-11  1.0504414E-11  1.4263673E-02
  gd157    157  -5.4968877E-13  3.0767416E-11  3.1317105E-11  7.9399785E-12  8.0823586E-12 -7.7187610E-03
  gd158    158   2.9312178E-12  5.2956136E-11  5.0024918E-11  1.3666100E-11  1.2910494E-11  2.4701692E-02
  tb159    159  -1.4686759E-12  3.6267756E-11  3.7736432E-11  9.3594204E-12  9.7390663E-12 -1.7268360E-02
  dy160    160   2.2849539E-12  7.9952781E-12  5.7103241E-12  2.0632974E-12  1.4737277E-12  1.4614455E-01
  dy161    161  -2.6230719E-12  4.3979851E-11  4.6602923E-11  1.1349638E-11  1.2027341E-11 -2.5187571E-02
  dy162    162   1.9633878E-12  6.5206340E-11  6.3242953E-11  1.6827442E-11  1.6321821E-11  1.3249483E-02
  dy163    163  -1.8423596E-12  6.0343397E-11  6.2185757E-11  1.5572489E-11  1.6048978E-11 -1.3089319E-02
  dy164    164   4.9033139E-12  7.5924711E-11  7.1021397E-11  1.9593473E-11  1.8329293E-11  2.8965699E-02
  ho165    165  -2.1639947E-12  5.3153686E-11  5.5317681E-11  1.3717080E-11  1.4276457E-11 -1.7358765E-02
  er166    166   1.6887360E-12  5.4238846E-11  5.2550110E-11  1.3997121E-11  1.3562198E-11  1.3708671E-02
  er167    167  -8.0270859E-13  3.5283811E-11  3.6086519E-11  9.1054993E-12  9.3132542E-12 -9.7977230E-03
  er168    168   3.4952076E-12  4.6320409E-11  4.2825202E-11  1.1953653E-11  1.1052381E-11  3.4044784E-02
  er169    169   1.3863642E-28  1.3863642E-28  0.0000000E+00  3.5777140E-29  0.0000000E+00  0.0000000E+00
  er170    170   2.3609933E-13  2.4186163E-11  2.3950064E-11  6.2415906E-12  6.1810630E-12  4.2320667E-03
  tm169    169  -4.2590410E-13  2.4882582E-11  2.5308486E-11  6.4213114E-12  6.5316459E-12 -7.3989085E-03
  tm170    170   1.8907535E-19  1.8907535E-19  0.0000000E+00  4.8793640E-20  0.0000000E+00  0.0000000E+00
  tm171    171   2.1380257E-15  2.1380257E-15  0.0000000E+00  5.5174858E-16  0.0000000E+00  0.0000000E+00
  yb170    170   1.7126387E-12  6.4993323E-12  4.7866936E-12  1.6772470E-12  1.2353558E-12  1.3280496E-01
  yb171    171   1.3393626E-13  2.2899986E-11  2.2766049E-11  5.9096734E-12  5.8754906E-12  2.5193046E-03
  yb172    172   1.9970622E-12  3.7247289E-11  3.5250226E-11  9.6122034E-12  9.0974225E-12  2.3904569E-02
  yb173    173   4.0495385E-14  2.6358242E-11  2.6317747E-11  6.8021266E-12  6.7921172E-12  6.3953357E-04
  yb174    174   3.4441512E-12  5.6105044E-11  5.2660893E-11  1.4478720E-11  1.3590789E-11  2.7485531E-02
  lu175    175  -7.8440726E-13  2.2983412E-11  2.3767819E-11  5.9312030E-12  6.1340286E-12 -1.4603024E-02
  lu176    176   8.8819083E-13  1.5819580E-12  6.9376715E-13  4.0824722E-13  1.7904829E-13  3.5795307E-01
  lu177    177  -2.5662619E-29 -2.5662619E-29  0.0000000E+00 -6.6226110E-30  0.0000000E+00  0.0000000E+00
  hf176    176  -2.4513508E-13  5.0929408E-12  5.3380759E-12  1.3143073E-12  1.3776573E-12 -2.0444274E-02
  hf177    177  -3.5202397E-13  1.8834767E-11  1.9186791E-11  4.8605850E-12  4.9517508E-12 -8.0702566E-03
  hf178    178   2.2190947E-12  3.0527351E-11  2.8308257E-11  7.8780264E-12  7.3058304E-12  3.2747861E-02
  hf179    179   2.9422645E-13  1.4507621E-11  1.4213394E-11  3.7439019E-12  3.6682107E-12  8.8701565E-03
  hf180    180   3.0416572E-12  3.9850522E-11  3.6808865E-11  1.0284005E-11  9.4996780E-12  3.4453388E-02
  ta181    181  -3.1065428E-14  1.5564536E-11  1.5595601E-11  4.0166542E-12  4.0249327E-12 -8.9421886E-04
  ta182    182   1.6554428E-23  1.6554428E-23  0.0000000E+00  4.2721102E-24  0.0000000E+00  0.0000000E+00
  ta183    183  -4.7653242E-32 -4.7653242E-32  0.0000000E+00 -1.2297610E-32  0.0000000E+00  0.0000000E+00
   w182    182   9.8556580E-13  2.5458972E-11  2.4473406E-11  6.5700570E-12  6.3161269E-12  1.7118290E-02
   w183    183   5.2023837E-13  1.3808376E-11  1.3288138E-11  3.5634518E-12  3.4294193E-12  1.6650291E-02
   w184    184   1.6621114E-12  3.0268663E-11  2.8606551E-11  7.8112673E-12  7.3828148E-12  2.4499504E-02
   w185    185   1.4007908E-21  1.4007908E-21  0.0000000E+00  3.6149439E-22  0.0000000E+00  0.0000000E+00
   w186    186   1.2325731E-12  2.8065505E-11  2.6832932E-11  7.2427108E-12  6.9250764E-12  1.9476546E-02
  re185    185  -1.4236529E-13  1.3495725E-11  1.3638090E-11  3.4827675E-12  3.5197353E-12 -4.5855418E-03
  re186    186   1.4132482E-32  1.4132482E-32  0.0000000E+00  3.6470921E-33  0.0000000E+00  0.0000000E+00
  re187    187  -1.1446330E-12  2.3726068E-11  2.4870701E-11  6.1228561E-12  6.4186616E-12 -2.0490432E-02
  os186    186   6.9093429E-13  8.2499571E-12  7.5590229E-12  2.1290211E-12  1.9508420E-12  3.7957869E-02
  os187    187  -7.0323955E-14  5.9741049E-12  6.0444288E-12  1.5417045E-12  1.5599538E-12 -5.1105907E-03
  os188    188   5.0300736E-13  6.4268833E-11  6.3765826E-11  1.6585506E-11  1.6456765E-11  3.3842099E-03
  os189    189  -4.2197149E-12  7.3940125E-11  7.8159840E-11  1.9081322E-11  2.0171588E-11 -2.4131669E-02
  os190    190   3.0161706E-12  1.3079435E-10  1.2777818E-10  3.3753379E-11  3.2977152E-11  1.0104121E-02
  os191    191   1.3990914E-25  1.3990914E-25  0.0000000E+00  3.6105584E-26  0.0000000E+00  0.0000000E+00
  os192    192  -3.9235976E-12  1.9661896E-10  2.0054255E-10  5.0740374E-11  5.1756276E-11 -8.6093862E-03
  ir191    191  -9.6135322E-12  1.5947627E-10  1.6908980E-10  4.1155163E-11  4.3638908E-11 -2.5449568E-02
  ir192    192   9.1880429E-22  9.1880429E-22  0.0000000E+00  2.3711079E-22  0.0000000E+00  0.0000000E+00
  ir193    193  -1.2654128E-11  2.7455904E-10  2.8721317E-10  7.0853948E-11  7.4124339E-11 -1.9596793E-02
  pt192    192   8.8630110E-12  1.5973403E-11  7.1103917E-12  4.1221683E-12  1.8350588E-12  3.5147575E-01
  pt193    193   3.1984849E-15  3.1984849E-15  0.0000000E+00  8.2541545E-16  0.0000000E+00  0.0000000E+00
  pt194    194   8.8132002E-12  3.1168859E-10  3.0287539E-10  8.0435762E-11  7.8166466E-11  1.2428726E-02
  pt195    195  -8.2361618E-12  3.0417935E-10  3.1241551E-10  7.8497896E-11  8.0628587E-11 -1.1631041E-02
  pt196    196   1.5889012E-11  2.5018257E-10  2.3429356E-10  6.4563244E-11  6.0466777E-11  2.8468506E-02
  au197    197  -1.8996610E-12  1.3930332E-10  1.4120298E-10  3.5949244E-11  3.6441839E-11 -5.9105358E-03
  hg198    198   9.5085363E-12  4.2679200E-11  3.3170664E-11  1.1013987E-11  8.5607259E-12  1.0943397E-01
  hg199    199   2.5864380E-13  5.6667393E-11  5.6408749E-11  1.4623842E-11  1.4558041E-11  1.9585618E-03
  hg200    200   4.2137405E-12  8.1841992E-11  7.7628251E-11  2.1120513E-11  2.0034396E-11  2.2928240E-02
  hg201    201   8.6338575E-13  4.5377868E-11  4.4514482E-11  1.1710417E-11  1.1488354E-11  8.3146142E-03
  hg202    202   4.7371898E-12  1.0608733E-10  1.0135014E-10  2.7377373E-11  2.6156570E-11  1.9810949E-02
  tl203    203   2.2308926E-12  4.2320987E-11  4.0090094E-11  1.0921545E-11  1.0346502E-11  2.3490526E-02
  tl204    204   2.7242790E-14  2.7242790E-14  0.0000000E+00  7.0303972E-15  0.0000000E+00  0.0000000E+00
  tl205    205   4.7397988E-12  1.0138353E-10  9.6643735E-11  2.6163492E-11  2.4941936E-11  2.0765530E-02
  pb204    204   1.3954879E-12  5.2139126E-11  5.0743638E-11  1.3455258E-11  1.3095982E-11  1.1753980E-02
  pb205    205   0.0000000E+00  0.0000000E+00  0.0000000E+00  0.0000000E+00  0.0000000E+00  0.0000000E+00
  pb206    206   1.2646606E-11  4.8945820E-10  4.7681159E-10  1.2631179E-10  1.2305613E-10  1.1340640E-02
  pb207    207   1.3011314E-11  5.4321353E-10  5.3020222E-10  1.4018413E-10  1.3683525E-10  1.0500851E-02
  pb208    208   2.4682811E-11  1.5496000E-09  1.5249172E-09  3.9989675E-10  3.9355255E-10  6.9451341E-03
  bi209    209   1.0399806E-12  1.0709432E-10  1.0605434E-10  2.7637243E-11  2.7370635E-11  4.2098151E-03
  bi210    210   0.0000000E+00  0.0000000E+00  0.0000000E+00  0.0000000E+00  0.0000000E+00  0.0000000E+00
  po210    210   0.0000000E+00  0.0000000E+00  0.0000000E+00  0.0000000E+00  0.0000000E+00  0.0000000E+00
