# Initial mass = 3.000, Z =  0.0002, Y =  0.250, M_mix = 5.00E-04
# Final mass = 0.840, Mass expelled =   2.1600
  species    A      yield       mass(i)_lost    mass(i)_0        <X(i)>         
  X0(i)   log10(<X(i)>/X0(i)) 
      n      1   0.0000000E+00  0.0000000E+00  0.0000000E+00  0.0000000E+00  0.0000000E+00  0.0000000E+00
      p      1  -7.3833108E-02  1.5455565E+00  1.6193897E+00  7.1552628E-01  7.4977738E-01 -2.0306727E-02
      d      2   1.2742551E-17  1.2742551E-17  0.0000000E+00  5.8992540E-18  0.0000000E+00  0.0000000E+00
    he3      3   2.0690783E-04  2.0690783E-04  0.0000000E+00  9.5789437E-05  0.0000000E+00  0.0000000E+00
    he4      4   6.1820507E-02  6.0177547E-01  5.3995496E-01  2.7859619E-01  2.4999915E-01  4.7036655E-02
    li7      7   9.8290734E-08  9.8599585E-08  3.0885422E-10  4.5647372E-08  1.4299950E-10  2.5040815E+00
    be7      7   5.2308019E-12  5.2308019E-12  0.0000000E+00  2.4216367E-12  0.0000000E+00  0.0000000E+00
     b8      8   1.0588444E-21  1.0588444E-21  0.0000000E+00  4.9019948E-22  0.0000000E+00  0.0000000E+00
    c12     12   1.0075192E-02  1.0160228E-02  8.5036052E-05  4.7037494E-03  3.9371691E-05  2.0772603E+00
    c13     13   3.9537609E-04  3.9640657E-04  1.0304700E-06  1.8351922E-04  4.7710762E-07  2.5850654E+00
    c14     14   3.8704772E-07  3.8704772E-07  0.0000000E+00  1.7918647E-07  0.0000000E+00  0.0000000E+00
    n13     13   0.0000000E+00  0.0000000E+00  0.0000000E+00  0.0000000E+00  0.0000000E+00  0.0000000E+00
    n14     14   1.8372570E-04  2.0886738E-04  2.5141684E-05  9.6696625E-05  1.1640600E-05  9.1943598E-01
    n15     15  -5.2014048E-08  9.9129194E-09  6.1926968E-08  4.5892561E-09  2.8672188E-08 -7.9571855E-01
    o14     14   0.0000000E+00  0.0000000E+00  0.0000000E+00  0.0000000E+00  0.0000000E+00  0.0000000E+00
    o15     15   0.0000000E+00  0.0000000E+00  0.0000000E+00  0.0000000E+00  0.0000000E+00  0.0000000E+00
    o16     16   2.9520167E-04  5.0054153E-04  2.0533986E-04  2.3172924E-04  9.5072355E-05  3.8692653E-01
    o17     17   2.1038488E-06  2.1867379E-06  8.2889009E-08  1.0123657E-06  3.8377614E-08  1.4212595E+00
    o18     18  -3.2113414E-07  1.4088059E-07  4.6201473E-07  6.5221663E-08  2.1391281E-07 -5.1584500E-01
    o19     19   0.0000000E+00  0.0000000E+00  0.0000000E+00  0.0000000E+00  0.0000000E+00  0.0000000E+00
    f17     17   0.0000000E+00  0.0000000E+00  0.0000000E+00  0.0000000E+00  0.0000000E+00  0.0000000E+00
    f18     18   0.0000000E+00  0.0000000E+00  0.0000000E+00  0.0000000E+00  0.0000000E+00  0.0000000E+00
    f19     19   9.4055918E-07  9.5386395E-07  1.3304761E-08  4.4159805E-07  6.1601044E-09  1.8554391E+00
    f20     20   0.0000000E+00  0.0000000E+00  0.0000000E+00  0.0000000E+00  0.0000000E+00  0.0000000E+00
   ne19     19   0.0000000E+00  0.0000000E+00  0.0000000E+00  0.0000000E+00  0.0000000E+00  0.0000000E+00
   ne20     20   1.1519573E-05  5.3641179E-05  4.2121606E-05  2.4833562E-05  1.9502304E-05  1.0495304E-01
   ne21     21   9.3028598E-07  1.0363061E-06  1.0602016E-07  4.7976522E-07  4.9087333E-08  9.9005938E-01
   ne22     22   7.7747944E-04  7.8088639E-04  3.4069542E-06  3.6151687E-04  1.5774197E-06  2.3601816E+00
   ne23     23   0.0000000E+00  0.0000000E+00  0.0000000E+00  0.0000000E+00  0.0000000E+00  0.0000000E+00
   na21     21   0.0000000E+00  0.0000000E+00  0.0000000E+00  0.0000000E+00  0.0000000E+00  0.0000000E+00
   na22     22   4.3264388E-13  4.3264388E-13  0.0000000E+00  2.0029554E-13  0.0000000E+00  0.0000000E+00
   na23     23   8.8162751E-06  9.9565277E-06  1.1402525E-06  4.6094447E-06  5.2793689E-07  9.4106662E-01
   na24     24   0.0000000E+00  0.0000000E+00  0.0000000E+00  0.0000000E+00  0.0000000E+00  0.0000000E+00
   mg23     23   0.0000000E+00  0.0000000E+00  0.0000000E+00  0.0000000E+00  0.0000000E+00  0.0000000E+00
   mg24     24   4.8032180E-06  2.4895984E-05  2.0092766E-05  1.1525772E-05  9.3029503E-06  9.3049318E-02
   mg25     25   2.6988246E-05  2.9637944E-05  2.6496978E-06  1.3721095E-05  1.2268100E-06  1.0486114E+00
   mg26     26   2.9533099E-05  3.2567106E-05  3.0340075E-06  1.5077171E-05  1.4047455E-06  1.0307223E+00
   mg27     27   0.0000000E+00  0.0000000E+00  0.0000000E+00  0.0000000E+00  0.0000000E+00  0.0000000E+00
   al25     25   0.0000000E+00  0.0000000E+00  0.0000000E+00  0.0000000E+00  0.0000000E+00  0.0000000E+00
   al-6     26   0.0000000E+00  0.0000000E+00  0.0000000E+00  0.0000000E+00  0.0000000E+00  0.0000000E+00
   al*6     26   0.0000000E+00  0.0000000E+00  0.0000000E+00  0.0000000E+00  0.0000000E+00  0.0000000E+00
   al27     27   1.1309153E-06  3.0656697E-06  1.9347544E-06  1.4192734E-06  8.9579135E-07  1.9985920E-01
   al28     28   0.0000000E+00  0.0000000E+00  0.0000000E+00  0.0000000E+00  0.0000000E+00  0.0000000E+00
   si27     27   0.0000000E+00  0.0000000E+00  0.0000000E+00  0.0000000E+00  0.0000000E+00  0.0000000E+00
   si28     28   2.5666322E-06  2.4814592E-05  2.2247959E-05  1.1488090E-05  1.0300805E-05  4.7376689E-02
   si29     29   3.5605478E-07  1.5261439E-06  1.1700891E-06  7.0653908E-07  5.4175126E-07  1.1533623E-01
   si30     30   4.5786010E-07  1.2557630E-06  7.9790289E-07  5.8136430E-07  3.6942902E-07  1.9691737E-01
    p31     31   2.4803717E-07  4.7017565E-07  2.2213848E-07  2.1767113E-07  1.0285012E-07  3.2559606E-01
    p32     32   4.4970050E-31  4.4970050E-31  0.0000000E+00  2.0819202E-31  0.0000000E+00  0.0000000E+00
    p33     33   1.2721682E-32  1.2721682E-32  0.0000000E+00  5.8895922E-33  0.0000000E+00  0.0000000E+00
    s32     32  -3.2784556E-08  1.0628619E-05  1.0661403E-05  4.9205942E-06  4.9362297E-06 -1.3778154E-03
    s33     33   3.9420058E-09  9.1963329E-08  8.8021324E-08  4.2575071E-08  4.0753871E-08  1.8986452E-02
    s34     34   4.2545707E-08  5.5445435E-07  5.1190864E-07  2.5668854E-07  2.3701368E-07  3.4633026E-02
    s35     35  -4.8857106E-27 -4.8857106E-27  0.0000000E+00 -2.2618741E-27  0.0000000E+00  0.0000000E+00
    s36     36   6.8086470E-09  9.3355359E-09  2.5268891E-09  4.3219521E-09  1.1699497E-09  5.6751275E-01
   cl35     35  -6.2283334E-10  1.0874363E-07  1.0936647E-07  5.0343633E-08  5.0636675E-08 -2.5206211E-03
   cl36     36   0.0000000E+00  0.0000000E+00  0.0000000E+00  0.0000000E+00  0.0000000E+00  0.0000000E+00
   cl37     37   9.3846566E-09  4.6336012E-08  3.6951356E-08  2.1451584E-08  1.7108476E-08  9.8248020E-02
   ar36     36  -3.6154916E-08  2.0004095E-06  2.0365644E-06  9.2610367E-07  9.4292932E-07 -7.8195352E-03
   ar37     37   4.9672892E-27  4.9672892E-27  0.0000000E+00  2.2996416E-27  0.0000000E+00  0.0000000E+00
   ar38     38   1.3326570E-08  4.0418939E-07  3.9086282E-07  1.8712232E-07  1.8096949E-07  1.4520206E-02
   ar39     39   2.1578135E-11  2.1578135E-11  0.0000000E+00  9.9897495E-12  0.0000000E+00  0.0000000E+00
   ar40     40   4.3157153E-09  4.9737583E-09  6.5804279E-10  2.3026365E-09  3.0467381E-10  8.7839025E-01
    k39     39   2.8953551E-09  1.0892457E-07  1.0602922E-07  5.0427399E-08  4.9091526E-08  1.1660044E-02
    k40     40  -1.7164119E-11  0.0000000E+00  1.7164119E-11  0.0000000E+00  7.9469868E-12  0.0000000E+00
    k41     41   6.9578920E-10  8.7398702E-09  8.0440810E-09  4.0461847E-09  3.7244097E-09  3.5988245E-02
   ca40     40  -2.7072701E-08  1.8086754E-06  1.8357481E-06  8.3733903E-07  8.4995133E-07 -6.4927074E-03
   ca41     41   0.0000000E+00  0.0000000E+00  0.0000000E+00  0.0000000E+00  0.0000000E+00  0.0000000E+00
   ca42     42   1.0703936E-09  1.3935503E-08  1.2865109E-08  6.4515393E-09  5.9565455E-09  3.4668826E-02
   ca43     43   3.2375058E-10  3.0719862E-09  2.7482356E-09  1.4221977E-09  1.2724332E-09  4.8324965E-02
   ca44     44   8.3505824E-10  4.4288882E-08  4.3453824E-08  2.0503851E-08  2.0119119E-08  8.2264841E-03
   ca45     45   1.6557294E-23  1.6557294E-23  0.0000000E+00  7.6653165E-24  0.0000000E+00  0.0000000E+00
   ca46     46   1.1679552E-09  1.2550677E-09  8.7112574E-11  5.8104244E-10  4.0333122E-11  1.1585461E+00
   ca47     47   8.3450636E-36  8.3450636E-36  0.0000000E+00  3.8634060E-36  0.0000000E+00  0.0000000E+00
   ca48     48   1.9178881E-11  4.2687414E-09  4.2495625E-09  1.9762438E-09  1.9675475E-09  1.9153184E-03
   sc45     45   4.3994042E-10  1.6658898E-09  1.2259493E-09  7.7123541E-10  5.6761457E-10  1.3313343E-01
   sc46     46   1.9954345E-29  1.9954345E-29  0.0000000E+00  9.2380051E-30  0.0000000E+00  0.0000000E+00
   sc47     47   3.3272526E-34  3.3272526E-34  0.0000000E+00  1.5403750E-34  0.0000000E+00  0.0000000E+00
   sc48     48   3.4902778E-33  7.7670291E-31  7.7321263E-31  3.5958010E-31  3.5799746E-31  0.0000000E+00
   ti46     46   9.9538155E-12  7.4998523E-09  7.4898985E-09  3.4721095E-09  3.4678229E-09  5.3649175E-04
   ti47     47   3.8471448E-12  6.9052390E-09  6.9013919E-09  3.1968290E-09  3.1953447E-09  2.0170840E-04
   ti48     48  -1.2965131E-09  6.8540658E-08  6.9837171E-08  3.1731382E-08  3.2334611E-08 -8.1786821E-03
   ti49     49   3.7591885E-10  5.6077432E-09  5.2318243E-09  2.5961442E-09  2.4223346E-09  3.0094670E-02
   ti50     50   2.2939437E-09  7.4056508E-09  5.1117071E-09  3.4284982E-09  2.3667204E-09  1.6095698E-01
    v51     51  -8.2725826E-11  1.1182586E-08  1.1265311E-08  5.1770570E-09  5.2158393E-09 -3.2412622E-03
   cr52     52  -7.1369755E-09  4.5466192E-07  4.6179889E-07  2.1048893E-07  2.1381287E-07 -6.8045566E-03
   cr53     53  -7.5150197E-10  5.2619530E-08  5.3371032E-08  2.4360583E-08  2.4710786E-08 -6.1989115E-03
   cr54     54   4.3395696E-09  1.7875429E-08  1.3535860E-08  8.2755562E-09  6.2671028E-09  1.2073038E-01
   mn55     55  -7.4210504E-09  3.9587979E-07  4.0330085E-07  1.8327535E-07  1.8672829E-07 -8.1060696E-03
   fe54     54  -5.9644435E-08  2.5976763E-06  2.6573207E-06  1.2026126E-06  1.2303394E-06 -9.8991934E-03
   fe55     55  -1.2945626E-17 -1.2945626E-17  0.0000000E+00 -5.9932689E-18  0.0000000E+00  0.0000000E+00
   fe56     56  -7.9404708E-07  4.2464555E-05  4.3258602E-05  1.9659265E-05  2.0028732E-05 -8.0861850E-03
   fe57     57   3.4170512E-08  1.0510446E-06  1.0168741E-06  4.8658853E-07  4.7081269E-07  1.4313718E-02
   fe58     58   2.3758821E-07  3.7529023E-07  1.3770202E-07  1.7374326E-07  6.3756033E-08  4.3538672E-01
   fe59     59   8.6306882E-28  8.6306882E-28  0.0000000E+00  3.9956380E-28  0.0000000E+00  0.0000000E+00
   fe60     60   0.0000000E+00  0.0000000E+00  0.0000000E+00  0.0000000E+00  0.0000000E+00  0.0000000E+00
   co59     59   9.4912160E-08  2.0110870E-07  1.0619654E-07  9.3104696E-08  4.9169000E-08  2.7728021E-01
   co60     60   2.5751764E-13  2.5751764E-13  0.0000000E+00  1.1921960E-13  0.0000000E+00  0.0000000E+00
   ni58     58  -3.4283744E-08  1.4851786E-06  1.5194623E-06  6.8757390E-07  7.0351103E-07 -9.9515524E-03
   ni59     59   0.0000000E+00  0.0000000E+00  0.0000000E+00  0.0000000E+00  0.0000000E+00  0.0000000E+00
   ni60     60   1.8839228E-07  7.9387553E-07  6.0548325E-07  3.6753028E-07  2.8033872E-07  1.1761004E-01
   ni61     61   4.0001410E-08  6.6760578E-08  2.6759166E-08  3.0907280E-08  1.2389493E-08  3.9700726E-01
   ni62     62   8.4414800E-08  1.7113014E-07  8.6715339E-08  7.9225906E-08  4.0149203E-08  2.9519030E-01
   ni63     63   0.0000000E+00  0.0000000E+00  0.0000000E+00  0.0000000E+00  0.0000000E+00  0.0000000E+00
   ni64     64   8.2726352E-08  1.0552318E-07  2.2796835E-08  4.8852701E-08  1.0554935E-08  6.6543305E-01
   cu63     63   4.8184344E-08  6.7000052E-08  1.8815708E-08  3.1018146E-08  8.7116732E-09  5.5151427E-01
   cu64     64   0.0000000E+00  0.0000000E+00  0.0000000E+00  0.0000000E+00  0.0000000E+00  0.0000000E+00
   cu65     65   1.3712288E-08  2.2364839E-08  8.6525507E-09  1.0353960E-08  4.0061314E-09  4.1238135E-01
   zn64     64  -5.4780713E-10  3.1689243E-08  3.2237050E-08  1.4670759E-08  1.4925755E-08 -7.4837548E-03
   zn65     65   2.6700875E-23  2.6700875E-23  0.0000000E+00  1.2361358E-23  0.0000000E+00  0.0000000E+00
   zn66     66   1.2537098E-08  3.1609709E-08  1.9072610E-08  1.4633938E-08  8.8306189E-09  2.1937007E-01
   zn67     67   2.7347347E-09  5.5799405E-09  2.8452058E-09  2.5832729E-09  1.3173304E-09  2.9247561E-01
   zn68     68   1.6281110E-08  2.9487037E-08  1.3205928E-08  1.3651232E-08  6.1143446E-09  3.4882197E-01
   zn69     69   0.0000000E+00  0.0000000E+00  0.0000000E+00  0.0000000E+00  0.0000000E+00  0.0000000E+00
   zn70     70   1.0484863E-10  5.5437410E-10  4.4952547E-10  2.5665139E-10  2.0813029E-10  9.1008358E-02
   ga69     69   2.3086357E-09  3.5193548E-09  1.2107191E-09  1.6293101E-09  5.6056293E-10  4.6337941E-01
   ga70     70   0.0000000E+00  0.0000000E+00  0.0000000E+00  0.0000000E+00  0.0000000E+00  0.0000000E+00
   ga71     71   2.0154847E-09  2.8422913E-09  8.2680651E-10  1.3158588E-09  3.8281142E-10  5.3622437E-01
   ge70     70   3.4538346E-09  4.8004867E-09  1.3466520E-09  2.2224191E-09  6.2349986E-10  5.5198961E-01
   ge71     71   3.3791372E-31  3.3791372E-31  0.0000000E+00  1.5643954E-31  0.0000000E+00  0.0000000E+00
   ge72     72   3.2677754E-09  5.0982152E-09  1.8304398E-09  2.3602547E-09  8.4749363E-10  4.4482240E-01
   ge73     73   9.5034536E-10  1.4712653E-09  5.2091997E-10  6.8113265E-10  2.4118596E-10  4.5087969E-01
   ge74     74   4.0840789E-09  6.5624124E-09  2.4783338E-09  3.0381151E-09  1.1474686E-09  4.2286345E-01
   as75     75   3.7283082E-10  7.3617579E-10  3.6334497E-10  3.4081776E-10  1.6822871E-10  3.0662215E-01
   se76     76   1.3072369E-09  1.6855121E-09  3.7827516E-10  7.8031970E-10  1.7514140E-10  6.4888376E-01
   se77     77   5.1481974E-10  8.2690982E-10  3.1209005E-10  3.8282374E-10  1.4449771E-10  4.2313793E-01
   se78     78   3.2783212E-09  4.2632045E-09  9.8488318E-10  1.9736806E-09  4.5600090E-10  6.3631123E-01
   se79     79   0.0000000E+00  0.0000000E+00  0.0000000E+00  0.0000000E+00  0.0000000E+00  0.0000000E+00
   se80     80   3.9783319E-09  6.0865775E-09  2.1082456E-09  2.8178240E-09  9.7611774E-10  4.6041167E-01
   br79     79   7.2824624E-10  1.0653881E-09  3.3714190E-10  4.9322896E-10  1.5609669E-10  4.9965492E-01
   br80     80   0.0000000E+00  0.0000000E+00  0.0000000E+00  0.0000000E+00  0.0000000E+00  0.0000000E+00
   br81     81   5.2894678E-10  8.6522184E-10  3.3627506E-10  4.0056056E-10  1.5569536E-10  4.1039252E-01
   kr80     80  -1.8346921E-12  7.8510858E-11  8.0345550E-11  3.6347154E-11  3.7199986E-11 -1.0072399E-02
   kr81     81   0.0000000E+00  0.0000000E+00  0.0000000E+00  0.0000000E+00  0.0000000E+00  0.0000000E+00
   kr82     82   1.8001173E-09  2.2127649E-09  4.1264758E-10  1.0244151E-09  1.9105584E-10  7.2931570E-01
   kr83     83   6.1963068E-10  1.0334230E-09  4.1379236E-10  4.7843046E-10  1.9158586E-10  3.9745539E-01
   kr84     84   3.9949049E-09  6.0587446E-09  2.0638398E-09  2.8049385E-09  9.5555786E-10  4.6766639E-01
   kr-5     85  -3.9749092E-15 -3.9749092E-15  0.0000000E+00 -1.8402123E-15  0.0000000E+00  0.0000000E+00
   kr*5     85   0.0000000E+00  0.0000000E+00  0.0000000E+00  0.0000000E+00  0.0000000E+00  0.0000000E+00
   kr86     86   1.4551086E-08  1.5190079E-08  6.3899291E-10  7.0323538E-09  2.9585373E-10  1.3760238E+00
   rb85     85   1.3893071E-09  1.7242731E-09  3.3496597E-10  7.9826440E-10  1.5508925E-10  7.1156508E-01
   rb86     86   6.2800814E-30  6.2800814E-30  0.0000000E+00  2.9074079E-30  0.0000000E+00  0.0000000E+00
   rb87     87   2.8307383E-09  2.9718310E-09  1.4109279E-10  1.3758301E-09  6.5325960E-11  1.3234791E+00
   sr86     86   7.2636430E-10  8.8267121E-10  1.5630693E-10  4.0863887E-10  7.2370103E-11  7.5178051E-01
   sr87     87   3.2687675E-10  4.3738169E-10  1.1050492E-10  2.0248894E-10  5.1163778E-11  5.9743875E-01
   sr88     88   7.6975324E-09  9.0376151E-09  1.3400826E-09  4.1840278E-09  6.2045818E-10  8.2888204E-01
   sr89     89   3.1923884E-29  3.1923884E-29  0.0000000E+00  1.4779388E-29  0.0000000E+00  0.0000000E+00
   sr90     90   7.5228696E-14  7.5228696E-14  0.0000000E+00  3.4827657E-14  0.0000000E+00  0.0000000E+00
    y89     89   2.3160500E-09  2.6356965E-09  3.1964648E-10  1.2202143E-09  1.4799632E-10  9.1618520E-01
    y90     90   1.9024757E-17  1.9024757E-17  0.0000000E+00  8.8076455E-18  0.0000000E+00  0.0000000E+00
    y91     91   9.6538547E-30  9.6538547E-30  0.0000000E+00  4.4693202E-30  0.0000000E+00  0.0000000E+00
   zr90     90   1.9875366E-09  2.3685065E-09  3.8096998E-10  1.0965168E-09  1.7638910E-10  7.9354358E-01
   zr91     91   5.6792404E-10  6.5192624E-10  8.4002173E-11  3.0181385E-10  3.8893007E-11  8.8986766E-01
   zr92     92   1.0524894E-09  1.1823004E-09  1.2981097E-10  5.4735427E-10  6.0102472E-11  9.5937622E-01
   zr93     93   0.0000000E+00  0.0000000E+00  0.0000000E+00  0.0000000E+00  0.0000000E+00  0.0000000E+00
   zr94     94   1.3783459E-09  1.5127590E-09  1.3441316E-10  7.0034245E-10  6.2233295E-11  1.0512877E+00
   zr95     95   4.1075843E-29  4.1075843E-29  0.0000000E+00  1.9016351E-29  0.0000000E+00  0.0000000E+00
   zr96     96   1.7053648E-09  1.7274802E-09  2.2115320E-11  7.9974910E-10  1.0239394E-11  1.8926796E+00
   nb93     93   4.0208775E-10  4.6013121E-10  5.8043452E-11  2.1302099E-10  2.6874119E-11  8.9908814E-01
   nb94     94   3.6474493E-17  3.6474493E-17  0.0000000E+00  1.6886123E-17  0.0000000E+00  0.0000000E+00
   nb95     95   4.1825752E-29  4.1825752E-29  0.0000000E+00  1.9363527E-29  0.0000000E+00  0.0000000E+00
   mo94     94  -4.1572128E-13  1.7775404E-11  1.8191126E-11  8.2292489E-12  8.4224919E-12 -1.0080453E-02
   mo95     95   2.2233554E-10  2.5415456E-10  3.1819027E-11  1.1766264E-10  1.4732210E-11  9.0237069E-01
   mo96     96   4.9409749E-10  5.2794413E-10  3.3846623E-11  2.4441546E-10  1.5670987E-11  1.1930324E+00
   mo97     97   2.0631899E-10  2.2600953E-10  1.9690543E-11  1.0463271E-10  9.1167213E-12  1.0598288E+00
   mo98     98   6.0457761E-10  6.5512801E-10  5.0550411E-11  3.0329614E-10  2.3404839E-11  1.1125612E+00
   tc99     99   0.0000000E+00  0.0000000E+00  0.0000000E+00  0.0000000E+00  0.0000000E+00  0.0000000E+00
   ru99     99   7.4263061E-11  9.1913130E-11  1.7650071E-11  4.2551834E-11  8.1719831E-12  7.1659088E-01
  ru100    100   2.5364877E-10  2.7125346E-10  1.7604690E-11  1.2557870E-10  8.1509712E-12  1.1877067E+00
  ru101    101   5.2535372E-11  7.6610156E-11  2.4074782E-11  3.5467213E-11  1.1146624E-11  5.0268376E-01
  ru102    102   2.9503638E-10  3.3999931E-10  4.4962933E-11  1.5740508E-10  2.0817837E-11  8.7858313E-01
  rh103    103   4.7360650E-11  7.6074987E-11  2.8714335E-11  3.5219452E-11  1.3294738E-11  4.2310283E-01
  pd104    104   1.4625985E-10  1.5882545E-10  1.2565602E-11  7.3529363E-11  5.8178735E-12  1.1016966E+00
  pd105    105   3.5523855E-11  6.0953367E-11  2.5429513E-11  2.8218792E-11  1.1773864E-11  3.7961942E-01
  pd106    106   1.5387366E-10  1.8529367E-10  3.1420012E-11  8.5783013E-11  1.4547465E-11  7.7061397E-01
  pd107    107   0.0000000E+00  0.0000000E+00  0.0000000E+00  0.0000000E+00  0.0000000E+00  0.0000000E+00
  pd108    108   1.7788093E-10  2.0887476E-10  3.0993829E-11  9.6700044E-11  1.4350143E-11  8.2857043E-01
  ag107    107   2.9368313E-11  5.0713666E-11  2.1345354E-11  2.3478249E-11  9.8828992E-12  3.7578133E-01
  ag108    108   0.0000000E+00  0.0000000E+00  0.0000000E+00  0.0000000E+00  0.0000000E+00  0.0000000E+00
  ag109    109   4.2910918E-11  6.3112203E-11  2.0201287E-11  2.9218239E-11  9.3531953E-12  4.9469405E-01
  cd108    108  -2.7346398E-14  1.1695934E-12  1.1969398E-12  5.4147149E-13  5.5418311E-13 -1.0077697E-02
  cd109    109  -8.8221663E-29 -8.8221663E-29  0.0000000E+00 -4.0842841E-29  0.0000000E+00  0.0000000E+00
  cd110    110   1.4319712E-10  1.6030581E-10  1.7108691E-11  7.4214704E-11  7.9213242E-12  9.7169220E-01
  cd111    111   4.5943169E-11  6.3635743E-11  1.7692573E-11  2.9460615E-11  8.1916609E-12  5.5586988E-01
  cd112    112   1.7011638E-10  2.0377028E-10  3.3653896E-11  9.4336886E-11  1.5581755E-11  7.8206515E-01
  cd113    113   4.8921853E-11  6.6117077E-11  1.7195223E-11  3.0609366E-11  7.9613876E-12  5.8486557E-01
  cd114    114   2.3555391E-10  2.7633876E-10  4.0784848E-11  1.2793298E-10  1.8883384E-11  8.3090270E-01
  in115    115   4.4438613E-11  5.9817228E-11  1.5378617E-11  2.7692808E-11  7.1202987E-12  5.8986884E-01
  sn116    116   3.2359740E-10  3.7171199E-10  4.8114599E-11  1.7208669E-10  2.2277060E-11  8.8788944E-01
  sn117    117   9.2828335E-11  1.1846182E-10  2.5633490E-11  5.4842738E-11  1.1868306E-11  6.6473049E-01
  sn118    118   4.7349147E-10  5.5165555E-10  7.8164079E-11  2.5539282E-10  3.6189971E-11  8.4862047E-01
  sn119    119   1.3667407E-10  1.6583507E-10  2.9160993E-11  7.6774517E-11  1.3501540E-11  7.5483382E-01
  sn120    120   8.2891066E-10  9.4044028E-10  1.1152964E-10  4.3538345E-10  5.1638221E-11  9.2590064E-01
  sb121    121   5.8970932E-11  7.6170383E-11  1.7199450E-11  3.5263615E-11  7.9633453E-12  6.4623129E-01
  te122    122   1.0420137E-10  1.1563421E-10  1.1432840E-11  5.3533674E-11  5.2934050E-12  1.0048919E+00
  te123    123   3.8224368E-11  4.2247410E-11  4.0230423E-12  1.9558737E-11  1.8626687E-12  1.0212052E+00
  te124    124   2.0301871E-10  2.2461917E-10  2.1600451E-11  1.0398903E-10  1.0001008E-11  1.0169438E+00
  te125    125   6.7715625E-11  1.0019368E-10  3.2478058E-11  4.6385371E-11  1.5037341E-11  4.8921001E-01
  te126    126   3.9771259E-10  4.8495202E-10  8.7239438E-11  2.2451196E-10  4.0391860E-11  7.4494565E-01
   i127    127   5.0186973E-11  1.5959743E-10  1.0941046E-10  7.3886758E-11  5.0657041E-11  1.6392682E-01
   i128    128   0.0000000E+00  0.0000000E+00  0.0000000E+00  0.0000000E+00  0.0000000E+00  0.0000000E+00
   i129    129   1.2752673E-13  1.2752673E-13  0.0000000E+00  5.9039403E-14  0.0000000E+00  0.0000000E+00
  xe128    128   1.2770056E-10  1.3951798E-10  1.1817428E-11  6.4590833E-11  5.4714692E-12  1.0720670E+00
  xe129    129   4.6715826E-11  1.9506889E-10  1.4835307E-10  9.0308518E-11  6.8687472E-11  1.1885116E-01
  xe130    130   2.6239785E-10  2.8640157E-10  2.4003710E-11  1.3259163E-10  1.1113718E-11  1.0766568E+00
  xe131    131   9.9101505E-11  2.1900955E-10  1.1990804E-10  1.0139201E-10  5.5517424E-11  2.6157445E-01
  xe132    132   5.4763649E-10  6.9531347E-10  1.4767698E-10  3.2190028E-10  6.8374445E-11  6.7282760E-01
  xe133    133   1.1453138E-34  1.1453138E-34  0.0000000E+00  5.3023106E-35  0.0000000E+00  0.0000000E+00
  xe134    134   5.2685478E-10  5.8220806E-10  5.5353260E-11  2.6953734E-10  2.5628560E-11  1.0218948E+00
  cs133    133   7.3653111E-11  1.1247823E-10  3.8825113E-11  5.2072589E-11  1.7976029E-11  4.6191543E-01
  cs134    134  -5.8566393E-19 -5.8566393E-19  0.0000000E+00 -2.7113724E-19  0.0000000E+00  0.0000000E+00
  cs135    135   0.0000000E+00  0.0000000E+00  0.0000000E+00  0.0000000E+00  0.0000000E+00  0.0000000E+00
  cs136    136   7.3265407E-32  7.3265407E-32  0.0000000E+00  3.3918737E-32  0.0000000E+00  0.0000000E+00
  cs137    137   0.0000000E+00  0.0000000E+00  0.0000000E+00  0.0000000E+00  0.0000000E+00  0.0000000E+00
  ba134    134   6.9164022E-11  8.1066501E-11  1.1902476E-11  3.7530309E-11  5.5108461E-12  8.3316386E-01
  ba135    135   2.7973177E-10  3.1243647E-10  3.2704710E-11  1.4464467E-10  1.5142280E-11  9.8011112E-01
  ba136    136   6.3242123E-10  6.7167577E-10  3.9254520E-11  3.1095704E-10  1.8174842E-11  1.2332298E+00
  ba137    137   1.8423293E-09  1.8988799E-09  5.6550667E-11  8.7909985E-10  2.6182959E-11  1.5260196E+00
  ba138    138   8.0628038E-09  8.4264249E-09  3.6362088E-10  3.9010728E-09  1.6835647E-10  1.3649544E+00
  la139    139   9.7389607E-10  1.0237712E-09  4.9875142E-11  4.7396209E-10  2.3092190E-11  1.3122785E+00
  ce140    140   3.0074978E-09  3.1218070E-09  1.1430933E-10  1.4452626E-09  5.2925220E-11  1.4362842E+00
  ce141    141   2.9110730E-30  2.9110730E-30  0.0000000E+00  1.3477018E-30  0.0000000E+00  0.0000000E+00
  ce142    142   5.0844595E-10  5.2301474E-10  1.4568817E-11  2.4213337E-10  6.7453621E-12  1.5550494E+00
  pr141    141   3.0808142E-10  3.2778208E-10  1.9700647E-11  1.5174903E-10  9.1213998E-12  1.2210644E+00
  nd142    142   6.4185696E-10  6.6813666E-10  2.6279682E-11  3.0931857E-10  1.2167492E-11  1.4052050E+00
  nd143    143   1.4429272E-10  1.5605839E-10  1.1765669E-11  7.2248332E-11  5.4475049E-12  1.1226302E+00
  nd144    144   4.4443235E-10  4.6781545E-10  2.3383104E-11  2.1657846E-10  1.0826377E-11  1.3011322E+00
  nd145    145   8.2830513E-11  9.1525967E-11  8.6954515E-12  4.2372592E-11  4.0259939E-12  1.0222119E+00
  nd146    146   3.9517475E-10  4.1228967E-10  1.7114917E-11  1.9087242E-10  7.9242064E-12  1.3817875E+00
  nd147    147   1.6500138E-32  1.6500138E-32  0.0000000E+00  7.6388553E-33  0.0000000E+00  0.0000000E+00
  nd148    148   4.8630874E-11  5.4420024E-11  5.7891504E-12  2.5194133E-11  2.6803765E-12  9.7310364E-01
  pm147    147  -2.9061477E-18 -2.9061477E-18  0.0000000E+00 -1.3454216E-18  0.0000000E+00  0.0000000E+00
  pm148    148   0.0000000E+00  0.0000000E+00  0.0000000E+00  0.0000000E+00  0.0000000E+00  0.0000000E+00
  sm147    147   4.6867763E-11  5.1527709E-11  4.6599473E-12  2.3855116E-11  2.1575556E-12  1.0436195E+00
  sm148    148   1.0143388E-10  1.0495183E-10  3.5179446E-12  4.8588189E-11  1.6288083E-12  1.4746609E+00
  sm149    149   1.8131441E-11  2.2486129E-11  4.3546885E-12  1.0410112E-11  2.0162205E-12  7.1291739E-01
  sm150    150   8.3899943E-11  8.6240987E-11  2.3410473E-12  3.9925872E-11  1.0839048E-12  1.5662633E+00
  sm151    151   8.1135634E-15  8.1135634E-15  0.0000000E+00  3.7562316E-15  0.0000000E+00  0.0000000E+00
  sm152    152   7.4958664E-11  8.3557494E-11  8.5988274E-12  3.8683532E-11  3.9812572E-12  9.8750591E-01
  eu151    151   1.2350615E-11  1.8022903E-11  5.6722877E-12  8.3438300E-12  2.6262694E-12  5.0202620E-01
  eu152    152   2.0797073E-19  2.0797073E-19  0.0000000E+00  9.6281516E-20  0.0000000E+00  0.0000000E+00
  eu153    153   1.4272640E-11  2.0546610E-11  6.2739696E-12  9.5121975E-12  2.9048480E-12  5.1515746E-01
  eu154    154  -3.6730621E-17 -3.6730621E-17  0.0000000E+00 -1.7004699E-17  0.0000000E+00  0.0000000E+00
  eu155    155  -2.7855605E-17 -2.7855605E-17  0.0000000E+00 -1.2895948E-17  0.0000000E+00  0.0000000E+00
  gd152    152   1.2352254E-14  9.5172974E-14  8.2820720E-14  4.4061001E-14  3.8345995E-14  6.0334336E-02
  gd153    153  -6.1590194E-30 -6.1590194E-30  0.0000000E+00 -2.8513615E-30  0.0000000E+00  0.0000000E+00
  gd154    154   9.0916866E-12  1.0006318E-11  9.1463143E-13  4.6324953E-12  4.2347435E-13  1.0389879E+00
  gd155    155   2.4372008E-11  3.0621724E-11  6.2497165E-12  1.4176543E-11  2.8936187E-12  6.9012910E-01
  gd156    156   5.8315124E-11  6.7014755E-11  8.6996296E-12  3.1024953E-11  4.0279286E-12  8.8662940E-01
  gd157    157   2.7636390E-11  3.4330157E-11  6.6937675E-12  1.5893389E-11  3.0992142E-12  7.0996493E-01
  gd158    158   1.1164712E-10  1.2233946E-10  1.0692336E-11  5.6637917E-11  4.9505517E-12  1.0584537E+00
  gd159    159   0.0000000E+00  0.0000000E+00  0.0000000E+00  0.0000000E+00  0.0000000E+00  0.0000000E+00
  gd160    160   6.0452043E-12  1.5573935E-11  9.5287302E-12  7.2100628E-12  4.4118017E-12  2.1332312E-01
  tb159    159   2.4070336E-11  3.2136432E-11  8.0660955E-12  1.4877788E-11  3.7346020E-12  6.0029411E-01
  tb160    160   6.8023262E-29  6.8023262E-29  0.0000000E+00  3.1491850E-29  0.0000000E+00  0.0000000E+00
  tb161    161   4.2957643E-35  4.2957643E-35  0.0000000E+00  1.9887543E-35  0.0000000E+00  0.0000000E+00
  dy160    160   2.7510116E-11  2.8730653E-11  1.2205376E-12  1.3301059E-11  5.6510889E-13  1.3717542E+00
  dy161    161   1.7984912E-11  2.7945866E-11  9.9609531E-12  1.2937736E-11  4.6119211E-12  4.4797641E-01
  dy162    162   8.1784635E-11  9.5302169E-11  1.3517531E-11  4.4120811E-11  6.2586169E-12  8.4816515E-01
  dy163    163   3.5513380E-11  4.8805102E-11  1.3291721E-11  2.2594666E-11  6.1540673E-12  5.6484371E-01
  dy164    164   1.7443093E-10  1.8961097E-10  1.5180043E-11  8.7781733E-11  7.0283597E-12  1.0965502E+00
  ho165    165   3.2568209E-11  4.4391709E-11  1.1823501E-11  2.0551455E-11  5.4742803E-12  5.7451558E-01
  er166    166   7.3912584E-11  8.5144614E-11  1.1232031E-11  3.9418298E-11  5.2004304E-12  8.7965864E-01
  er167    167   3.0032643E-11  3.7745636E-11  7.7129926E-12  1.7474609E-11  3.5711156E-12  6.8960351E-01
  er168    168   1.1511982E-10  1.2427312E-10  9.1532988E-12  5.7533117E-11  4.2379772E-12  1.1327593E+00
  er169    169   7.5572576E-33  7.5572576E-33  0.0000000E+00  3.4986855E-33  0.0000000E+00  0.0000000E+00
  er170    170   3.4635603E-11  3.9754630E-11  5.1190280E-12  1.8404686E-11  2.3701098E-12  8.9015996E-01
  tm169    169   2.9091613E-11  3.4500992E-11  5.4093795E-12  1.5972479E-11  2.5045426E-12  8.0464393E-01
  tm170    170   2.3006284E-26  2.3006284E-26  0.0000000E+00  1.0650922E-26  0.0000000E+00  0.0000000E+00
  tm171    171  -1.0975056E-19 -1.0975056E-19  0.0000000E+00 -5.0809795E-20  0.0000000E+00  0.0000000E+00
  yb170    170   3.5857903E-11  3.6881005E-11  1.0231017E-12  1.7074321E-11  4.7369611E-13  1.5568438E+00
  yb171    171   5.2335206E-11  5.7201181E-11  4.8659748E-12  2.6481690E-11  2.2529465E-12  1.0701948E+00
  yb172    172   1.3944049E-10  1.4697518E-10  7.5346986E-12  6.8043196E-11  3.4885656E-12  1.2901379E+00
  yb173    173   6.4532150E-11  7.0157283E-11  5.6251336E-12  3.2479811E-11  2.6044368E-12  1.0958997E+00
  yb174    174   3.0087130E-10  3.1212671E-10  1.1255415E-11  1.4450126E-10  5.2112572E-12  1.4429293E+00
  lu175    175   3.9504306E-11  4.4584423E-11  5.0801173E-12  2.0640673E-11  2.3520944E-12  9.4326913E-01
  lu176    176   2.9660188E-11  2.9808472E-11  1.4828479E-13  1.3800042E-11  6.8655849E-14  2.3032029E+00
  lu177    177   1.2137504E-33  1.2137504E-33  0.0000000E+00  5.6191431E-34  0.0000000E+00  0.0000000E+00
  hf176    176  -2.5332058E-14  1.1156556E-12  1.1409877E-12  5.1650063E-13  5.2827729E-13 -9.7911041E-03
  hf177    177   3.2509440E-11  3.6610440E-11  4.1010008E-12  1.6949062E-11  1.8987633E-12  9.5067489E-01
  hf178    178   1.4948155E-10  1.5553193E-10  6.0503863E-12  7.2004604E-11  2.8013288E-12  1.4099963E+00
  hf179    179   5.2423496E-11  5.5461431E-11  3.0379360E-12  2.5676260E-11  1.4065644E-12  1.2613722E+00
  hf180    180   2.9236391E-10  3.0023134E-10  7.8674333E-12  1.3899422E-10  3.6426218E-12  1.5815828E+00
  hf181    181   1.3081085E-29  1.3081085E-29  0.0000000E+00  6.0559803E-30  0.0000000E+00  0.0000000E+00
  hf182    182   9.2704705E-11  9.2704705E-11  0.0000000E+00  4.2918297E-11  0.0000000E+00  0.0000000E+00
  ta181    181   7.0702104E-11  7.4035500E-11  3.3333930E-12  3.4275256E-11  1.5433609E-12  1.3465133E+00
  ta182    182   8.5055136E-19  8.5055136E-19  0.0000000E+00  3.9376876E-19  0.0000000E+00  0.0000000E+00
  ta183    183   3.9497615E-35  3.9497615E-35  0.0000000E+00  1.8285700E-35  0.0000000E+00  0.0000000E+00
   w182    182   1.2388855E-10  1.2911949E-10  5.2309411E-12  5.9776781E-11  2.4219255E-12  1.3923718E+00
   w183    183   9.1567295E-11  9.4407537E-11  2.8402393E-12  4.3706636E-11  1.3150308E-12  1.5216116E+00
   w184    184   2.2880496E-10  2.3491953E-10  6.1145694E-12  1.0875766E-10  2.8310457E-12  1.5845131E+00
   w185    185   9.6112053E-29  9.6112053E-29  0.0000000E+00  4.4495753E-29  0.0000000E+00  0.0000000E+00
   w186    186   1.0601226E-10  1.1174748E-10  5.7352196E-12  5.1734284E-11  2.6554065E-12  1.2896475E+00
  re185    185   4.5909117E-11  4.8824098E-11  2.9149816E-12  2.2603461E-11  1.3496364E-12  1.2239581E+00
  re186    186   1.4211593E-35  1.4211593E-35  0.0000000E+00  6.5793575E-36  0.0000000E+00  0.0000000E+00
  re187    187   2.3355776E-11  2.8671588E-11  5.3158125E-12  1.3273714E-11  2.4612213E-12  7.3184180E-01
  os186    186   8.7715835E-11  8.9331480E-11  1.6156464E-12  4.1356640E-11  7.4804426E-13  1.7426180E+00
  os187    187   2.5730657E-11  2.7022610E-11  1.2919518E-12  1.2510308E-11  5.9817364E-13  1.3204408E+00
  os188    188   1.9494938E-10  2.0857860E-10  1.3629227E-11  9.6562931E-11  6.3103325E-12  1.1847583E+00
  os189    189   3.9621299E-11  5.6327012E-11  1.6705711E-11  2.6076988E-11  7.7347443E-12  5.2781147E-01
  os190    190   1.9065410E-10  2.1796524E-10  2.7311133E-11  1.0090855E-10  1.2645054E-11  9.0200722E-01
  os191    191   1.7383450E-31  1.7383450E-31  0.0000000E+00  8.0477911E-32  0.0000000E+00  0.0000000E+00
  os192    192   3.9840780E-11  8.2704260E-11  4.2863480E-11  3.8288522E-11  1.9845792E-11  2.8540015E-01
  ir191    191   3.5859787E-11  7.2001273E-11  3.6141486E-11  3.3333496E-11  1.6733507E-11  2.9929391E-01
  ir192    192   1.1091807E-28  1.1091807E-28  0.0000000E+00  5.1350306E-29  0.0000000E+00  0.0000000E+00
  ir193    193   4.1796303E-11  1.0318492E-10  6.1388616E-11  4.7770187E-11  2.8422929E-11  2.2548813E-01
  pt192    192   4.6974230E-11  4.8493938E-11  1.5197095E-12  2.2450611E-11  7.0362547E-13  1.5038867E+00
  pt193    193   2.8201691E-15  2.8201691E-15  0.0000000E+00  1.3056172E-15  0.0000000E+00  0.0000000E+00
  pt194    194   1.4464410E-10  2.0937961E-10  6.4735502E-11  9.6933767E-11  2.9972538E-11  5.0975162E-01
  pt195    195   5.8606855E-11  1.2538555E-10  6.6778694E-11  5.8048125E-11  3.0918535E-11  2.7356932E-01
  pt196    196   2.5594704E-10  3.0602448E-10  5.0077432E-11  1.4167620E-10  2.3185851E-11  7.8607380E-01
  au197    197   8.2579596E-11  1.1276037E-10  3.0180771E-11  5.2203211E-11  1.3973696E-11  5.7238597E-01
  hg198    198   2.8428127E-10  2.9137101E-10  7.0897324E-12  1.3489226E-10  3.2825459E-12  1.6137763E+00
  hg199    199   1.2388016E-10  1.3593685E-10  1.2056682E-11  6.2932923E-11  5.5822434E-12  1.0520692E+00
  hg200    200   4.0582290E-10  4.2241483E-10  1.6591921E-11  1.9555993E-10  7.6820598E-12  1.4058022E+00
  hg201    201   1.6593492E-10  1.7544881E-10  9.5138845E-12  8.1225263E-11  4.4049282E-12  1.2657523E+00
  hg202    202   6.3611633E-10  6.5777817E-10  2.1661855E-11  3.0452305E-10  1.0029438E-11  1.4823437E+00
  tl203    203   3.3109013E-10  3.3965900E-10  8.5688756E-12  1.5724753E-10  3.9673894E-12  1.5980791E+00
  tl204    204  -7.6460685E-17 -7.6460685E-17  0.0000000E+00 -3.5398013E-17  0.0000000E+00  0.0000000E+00
  tl205    205   7.8746520E-10  8.0812196E-10  2.0656732E-11  3.7412576E-10  9.5640666E-12  1.5923750E+00
  pb204    204   2.2947905E-10  2.4032512E-10  1.0846078E-11  1.1126021E-10  5.0217343E-12  1.3454862E+00
  pb205    205   0.0000000E+00  0.0000000E+00  0.0000000E+00  0.0000000E+00  0.0000000E+00  0.0000000E+00
  pb206    206   3.2070723E-08  3.2172633E-08  1.0191022E-10  1.4894547E-08  4.7184430E-11  2.4992287E+00
  pb207    207   4.7580140E-09  4.8713367E-09  1.1332269E-10  2.2552196E-09  5.2468405E-11  1.6332910E+00
  pb208    208   1.4688862E-07  1.4721455E-07  3.2593123E-10  6.8154016E-08  1.5090615E-10  2.6547844E+00
  bi209    209   7.0595010E-09  7.0821691E-09  2.2667878E-11  3.2787402E-09  1.0495227E-11  2.4947152E+00
  bi210    210   0.0000000E+00  0.0000000E+00  0.0000000E+00  0.0000000E+00  0.0000000E+00  0.0000000E+00
  po210    210   0.0000000E+00  0.0000000E+00  0.0000000E+00  0.0000000E+00  0.0000000E+00  0.0000000E+00
