# Initial mass = 2.360, Z =  0.0006, Y =  0.240, M_mix = 1.00E-04
# Final mass = 0.693, Mass expelled =   1.6670
  species    A      yield       mass(i)_lost    mass(i)_0        <X(i)>           X0(i)   log10(<X(i)>/X0(i)) 
      n      1   0.0000000E+00  0.0000000E+00  0.0000000E+00  0.0000000E+00  0.0000000E+00  0.0000000E+00
      p      1  -1.2755513E-01  1.1376026E+00  1.2651577E+00  6.8242514E-01  7.5899678E-01 -4.6184920E-02
      d      2  -3.2549169E-06  4.0306532E-11  3.2549572E-06  2.4179086E-11  1.9527226E-06 -4.9072008E+00
    he3      3   2.4433580E-04  2.6503947E-04  2.0703668E-05  1.5899191E-04  1.2420602E-05  1.1072325E+00
    he4      4   9.6031189E-02  4.9587032E-01  3.9983913E-01  2.9746273E-01  2.3987257E-01  9.3451962E-02
    li7      7  -2.2468414E-09  4.2031073E-11  2.2888724E-09  2.5213604E-11  1.3731466E-09 -1.7360820E+00
    be7      7   6.8128452E-14  6.8128452E-14  0.0000000E+00  4.0868903E-14  0.0000000E+00  0.0000000E+00
     b8      8   1.2616124E-28  1.2616124E-28  0.0000000E+00  7.5681620E-29  0.0000000E+00  0.0000000E+00
    c12     12   2.8564833E-02  2.8735973E-02  1.7113914E-04  1.7238138E-02  1.0267026E-04  2.2250459E+00
    c13     13   3.6384836E-06  5.7114094E-06  2.0729258E-06  3.4261609E-06  1.2435953E-06  4.4012868E-01
    c14     14   1.7868526E-08  1.7868526E-08  0.0000000E+00  1.0718973E-08  0.0000000E+00  0.0000000E+00
    n13     13   0.0000000E+00  0.0000000E+00  0.0000000E+00  0.0000000E+00  0.0000000E+00  0.0000000E+00
    n14     14   1.1428048E-04  1.6485613E-04  5.0575654E-05  9.8893914E-05  3.0341484E-05  5.1313275E-01
    n15     15  -7.0594012E-08  5.0467278E-08  1.2106129E-07  3.0274315E-08  7.2627415E-08 -3.8002628E-01
    o14     14   0.0000000E+00  0.0000000E+00  0.0000000E+00  0.0000000E+00  0.0000000E+00  0.0000000E+00
    o15     15   0.0000000E+00  0.0000000E+00  0.0000000E+00  0.0000000E+00  0.0000000E+00  0.0000000E+00
    o16     16   2.4440489E-04  1.2911304E-03  1.0467255E-03  7.7452348E-04  6.2795443E-04  9.1106422E-02
    o17     17   4.3342402E-06  4.5032430E-06  1.6900267E-07  2.7014059E-06  1.0138854E-07  1.4256010E+00
    o18     18  -3.9499616E-07  5.4929995E-07  9.4429612E-07  3.2951411E-07  5.6650470E-07 -2.3532954E-01
    o19     19   0.0000000E+00  0.0000000E+00  0.0000000E+00  0.0000000E+00  0.0000000E+00  0.0000000E+00
    f17     17   0.0000000E+00  0.0000000E+00  0.0000000E+00  0.0000000E+00  0.0000000E+00  0.0000000E+00
    f18     18   0.0000000E+00  0.0000000E+00  0.0000000E+00  0.0000000E+00  0.0000000E+00  0.0000000E+00
    f19     19   6.8154218E-06  6.8398322E-06  2.4410248E-08  4.1030794E-06  1.4644261E-08  2.4474425E+00
    f20     20   0.0000000E+00  0.0000000E+00  0.0000000E+00  0.0000000E+00  0.0000000E+00  0.0000000E+00
   ne19     19   0.0000000E+00  0.0000000E+00  0.0000000E+00  0.0000000E+00  0.0000000E+00  0.0000000E+00
   ne20     20   2.5963702E-05  2.3779848E-04  2.1183478E-04  1.4265058E-04  1.2708448E-04  5.0180979E-02
   ne21     21   1.8332184E-06  2.0464927E-06  2.1327418E-07  1.2276503E-06  1.2794803E-07  9.8204106E-01
   ne22     22   2.2512944E-03  2.2581478E-03  6.8534691E-06  1.3546179E-03  4.1115518E-06  2.5178111E+00
   ne23     23   0.0000000E+00  0.0000000E+00  0.0000000E+00  0.0000000E+00  0.0000000E+00  0.0000000E+00
   na21     21   0.0000000E+00  0.0000000E+00  0.0000000E+00  0.0000000E+00  0.0000000E+00  0.0000000E+00
   na22     22   5.6629328E-22  5.6629328E-22  0.0000000E+00  3.3970807E-22  0.0000000E+00  0.0000000E+00
   na23     23   1.8511033E-05  2.0463254E-05  1.9522213E-06  1.2275499E-05  1.1711818E-06  1.0204148E+00
   na24     24   0.0000000E+00  0.0000000E+00  0.0000000E+00  0.0000000E+00  0.0000000E+00  0.0000000E+00
   mg23     23   0.0000000E+00  0.0000000E+00  0.0000000E+00  0.0000000E+00  0.0000000E+00  0.0000000E+00
   mg24     24   1.7645070E-06  1.0463192E-04  1.0286742E-04  6.2766609E-05  6.1712497E-05  7.3555512E-03
   mg25     25   2.9520506E-05  3.4850695E-05  5.3301887E-06  2.0906238E-05  3.1977013E-06  8.1543803E-01
   mg26     26   1.1093771E-05  1.7197155E-05  6.1033843E-06  1.0316231E-05  3.6615588E-06  4.4985506E-01
   mg27     27   0.0000000E+00  0.0000000E+00  0.0000000E+00  0.0000000E+00  0.0000000E+00  0.0000000E+00
   al25     25   0.0000000E+00  0.0000000E+00  0.0000000E+00  0.0000000E+00  0.0000000E+00  0.0000000E+00
   al-6     26   0.0000000E+00  0.0000000E+00  0.0000000E+00  0.0000000E+00  0.0000000E+00  0.0000000E+00
   al*6     26   0.0000000E+00  0.0000000E+00  0.0000000E+00  0.0000000E+00  0.0000000E+00  0.0000000E+00
   al27     27   3.8810435E-06  7.5978082E-06  3.7167647E-06  4.5577740E-06  2.2297716E-06  3.1049243E-01
   al28     28   0.0000000E+00  0.0000000E+00  0.0000000E+00  0.0000000E+00  0.0000000E+00  0.0000000E+00
   si27     27   0.0000000E+00  0.0000000E+00  0.0000000E+00  0.0000000E+00  0.0000000E+00  0.0000000E+00
   si28     28   4.0249870E-07  1.1235745E-04  1.1195495E-04  6.7400993E-05  6.7164321E-05  1.5276368E-03
   si29     29   3.7857740E-07  2.7322371E-06  2.3536597E-06  1.6390147E-06  1.4120138E-06  6.4743929E-02
   si30     30   3.0229205E-07  1.9073664E-06  1.6050743E-06  1.1441912E-06  9.6292047E-07  7.4908115E-02
    p31     31   4.7279656E-08  4.3648308E-07  3.8920342E-07  2.6183750E-07  2.3349197E-07  4.9759906E-02
    p32     32   1.8768699E-30  1.8768699E-30  0.0000000E+00  1.1258969E-30  0.0000000E+00  0.0000000E+00
    p33     33   9.0807529E-30  9.0807529E-30  0.0000000E+00  5.4473631E-30  0.0000000E+00  0.0000000E+00
    s32     32  -2.0602238E-07  2.1240283E-05  2.1446305E-05  1.2741623E-05  1.2866125E-05 -4.2230268E-03
    s33     33   1.4969743E-08  1.9203590E-07  1.7706616E-07  1.1519851E-07  1.0622601E-07  3.5216030E-02
    s34     34   7.1926365E-08  1.1017121E-06  1.0297857E-06  6.6089518E-07  6.1779178E-07  2.9290456E-02
    s35     35   4.2047124E-25  4.2047124E-25  0.0000000E+00  2.5223233E-25  0.0000000E+00  0.0000000E+00
    s36     36   5.7713541E-09  1.0854669E-08  5.0833151E-09  6.5115002E-09  3.0495961E-09  3.2943878E-01
   cl35     35  -5.4240274E-09  2.1458148E-07  2.2000550E-07  1.2872316E-07  1.3198628E-07 -1.0872068E-02
   cl36     36   0.0000000E+00  0.0000000E+00  0.0000000E+00  0.0000000E+00  0.0000000E+00  0.0000000E+00
   cl37     37   4.8251515E-08  1.2258421E-07  7.4332696E-08  7.3535830E-08  4.4593872E-08  2.1722382E-01
   ar36     36  -1.1404154E-07  3.9827901E-06  4.0968316E-06  2.3891964E-06  2.4577823E-06 -1.2291606E-02
   ar37     37   1.8708619E-24  1.8708619E-24  0.0000000E+00  1.1222929E-24  0.0000000E+00  0.0000000E+00
   ar38     38   5.5504984E-08  8.4176327E-07  7.8625828E-07  5.0495703E-07  4.7169422E-07  2.9593837E-02
   ar39     39   4.1750032E-12  4.1750032E-12  0.0000000E+00  2.5045014E-12  0.0000000E+00  0.0000000E+00
   ar40     40   2.8764553E-09  4.2001895E-09  1.3237342E-09  2.5196101E-09  7.9413814E-10  5.0143731E-01
    k39     39   4.8162008E-09  2.1810720E-07  2.1329100E-07  1.3083817E-07  1.2795810E-07  9.6666748E-03
    k40     40  -3.4530087E-11  0.0000000E+00  3.4530087E-11  0.0000000E+00  2.0715383E-11  0.0000000E+00
    k41     41   6.5107404E-09  2.2692397E-08  1.6181657E-08  1.3612717E-08  9.7077431E-09  1.4682655E-01
   ca40     40  -8.0980044E-08  3.6119343E-06  3.6929143E-06  2.1667274E-06  2.2154629E-06 -9.6602263E-03
   ca41     41   0.0000000E+00  0.0000000E+00  0.0000000E+00  0.0000000E+00  0.0000000E+00  0.0000000E+00
   ca42     42   5.3795830E-09  3.1259372E-08  2.5879789E-08  1.8751875E-08  1.5525872E-08  8.1988655E-02
   ca43     43   1.2127965E-09  6.7412320E-09  5.5284355E-09  4.0439310E-09  3.3166341E-09  8.6106174E-02
   ca44     44   4.0062531E-10  8.7813987E-08  8.7413362E-08  5.2677862E-08  5.2441262E-08  1.9549539E-03
   ca45     45   1.7741677E-25  1.7741677E-25  0.0000000E+00  1.0642879E-25  0.0000000E+00  0.0000000E+00
   ca46     46   1.1710595E-09  1.3462981E-09  1.7523857E-10  8.0761742E-10  1.0512959E-10  8.8548070E-01
   ca47     47   2.1069502E-36  2.1069502E-36  0.0000000E+00  1.2639175E-36  0.0000000E+00  0.0000000E+00
   ca48     48  -2.8260949E-11  8.5203000E-09  8.5485610E-09  5.1111586E-09  5.1284754E-09 -1.4689475E-03
   sc45     45   1.2388448E-09  3.7049928E-09  2.4661480E-09  2.2225515E-09  1.4794981E-09  1.7673743E-01
   sc46     46   2.0378100E-26  2.0378100E-26  0.0000000E+00  1.2224417E-26  0.0000000E+00  0.0000000E+00
   sc47     47   5.7857410E-36  5.7857410E-36  0.0000000E+00  3.4707507E-36  0.0000000E+00  0.0000000E+00
   sc48     48  -5.1311739E-33  1.5502818E-30  1.5554130E-30  9.2998323E-31  9.3312754E-31  0.0000000E+00
   ti46     46  -4.2407589E-10  1.4642835E-08  1.5066911E-08  8.7839451E-09  9.0389820E-09 -1.2429886E-02
   ti47     47  -6.0605476E-10  1.3276860E-08  1.3882914E-08  7.9645242E-09  8.3286755E-09 -1.9416096E-02
   ti48     48  -7.5627469E-09  1.3292474E-07  1.4048749E-07  7.9738903E-08  8.4281623E-08 -2.4062630E-02
   ti49     49   4.9403326E-09  1.5464892E-08  1.0524559E-08  9.2770804E-09  6.3139218E-09  1.6711213E-01
   ti50     50   5.1618345E-09  1.5444698E-08  1.0282863E-08  9.2649666E-09  6.1689232E-09  1.7663451E-01
    v51     51  -1.2443255E-09  2.1417419E-08  2.2661744E-08  1.2847884E-08  1.3595295E-08 -2.4557019E-02
   cr52     52  -2.1642506E-08  9.0732777E-07  9.2897028E-07  5.4428790E-07  5.5731039E-07 -1.0268467E-02
   cr53     53  -1.5397603E-09  1.0582332E-07  1.0736308E-07  6.3481302E-08  6.4409548E-08 -6.3044555E-03
   cr54     54   2.0393625E-08  4.7622791E-08  2.7229166E-08  2.8567964E-08  1.6335393E-08  2.4274966E-01
   mn55     55   2.8281249E-08  8.3957150E-07  8.1129025E-07  5.0364224E-07  4.8671143E-07  1.4850589E-02
   fe54     54  -3.2402249E-07  5.0216272E-06  5.3456497E-06  3.0123742E-06  3.2069763E-06 -2.7186859E-02
   fe55     55   1.0192768E-20  1.0192768E-20  0.0000000E+00  6.1144383E-21  0.0000000E+00  0.0000000E+00
   fe56     56  -2.4552428E-06  8.4563617E-05  8.7018860E-05  5.0728031E-05  5.2204588E-05 -1.2460679E-02
   fe57     57   8.6118939E-07  2.9067423E-06  2.0455529E-06  1.7436969E-06  1.2271737E-06  1.5256499E-01
   fe58     58   1.3929448E-06  1.6699496E-06  2.7700480E-07  1.0017695E-06  1.6618148E-07  7.8018522E-01
   fe59     59   3.0931601E-25  3.0931601E-25  0.0000000E+00  1.8555252E-25  0.0000000E+00  0.0000000E+00
   fe60     60   0.0000000E+00  0.0000000E+00  0.0000000E+00  0.0000000E+00  0.0000000E+00  0.0000000E+00
   co59     59   3.0655650E-07  5.2018430E-07  2.1362779E-07  3.1204820E-07  1.2816015E-07  3.8646871E-01
   co60     60   1.4175064E-13  1.4175064E-13  0.0000000E+00  8.5033387E-14  0.0000000E+00  0.0000000E+00
   ni58     58  -1.9205640E-07  2.8645127E-06  3.0565691E-06  1.7183642E-06  1.8337051E-06 -2.8214315E-02
   ni59     59   0.0000000E+00  0.0000000E+00  0.0000000E+00  0.0000000E+00  0.0000000E+00  0.0000000E+00
   ni60     60   1.5948262E-07  1.3774726E-06  1.2179900E-06  8.2631840E-07  7.3069981E-07  5.3408422E-02
   ni61     61   7.7865550E-08  1.3169469E-07  5.3829140E-08  7.9001026E-08  3.2293322E-08  3.8852000E-01
   ni62     62   1.6621274E-07  3.4065189E-07  1.7443915E-07  2.0435029E-07  1.0465001E-07  2.9063606E-01
   ni63     63   0.0000000E+00  0.0000000E+00  0.0000000E+00  0.0000000E+00  0.0000000E+00  0.0000000E+00
   ni64     64   3.2619745E-08  7.8476496E-08  4.5856751E-08  4.7076487E-08  2.7510506E-08  2.3330548E-01
   cu63     63   3.3574928E-08  7.1425220E-08  3.7850292E-08  4.2846569E-08  2.2707249E-08  2.7575153E-01
   cu64     64   0.0000000E+00  0.0000000E+00  0.0000000E+00  0.0000000E+00  0.0000000E+00  0.0000000E+00
   cu65     65   6.2513834E-09  2.3657448E-08  1.7406064E-08  1.4191632E-08  1.0442293E-08  1.3323644E-01
   zn64     64  -3.5660221E-09  6.1282556E-08  6.4848578E-08  3.6762184E-08  3.8904133E-08 -2.4594439E-02
   zn65     65   1.4449420E-23  1.4449420E-23  0.0000000E+00  8.6679192E-24  0.0000000E+00  0.0000000E+00
   zn66     66   5.2474931E-09  4.3614577E-08  3.8367084E-08  2.6163516E-08  2.3017284E-08  5.5642001E-02
   zn67     67   1.3682535E-09  7.0917707E-09  5.7235172E-09  4.2542121E-09  3.4336680E-09  9.3060844E-02
   zn68     68   6.9087882E-09  3.3474315E-08  2.6565527E-08  2.0080575E-08  1.5937262E-08  1.0036245E-01
   zn69     69   0.0000000E+00  0.0000000E+00  0.0000000E+00  0.0000000E+00  0.0000000E+00  0.0000000E+00
   zn70     70  -1.0713264E-11  8.9355628E-10  9.0426955E-10  5.3602661E-10  5.4249183E-10 -5.2068327E-03
   ga69     69   1.0455325E-09  3.4810348E-09  2.4355022E-09  2.0882034E-09  1.4611130E-09  1.5508898E-01
   ga70     70   0.0000000E+00  0.0000000E+00  0.0000000E+00  0.0000000E+00  0.0000000E+00  0.0000000E+00
   ga71     71   7.9974627E-10  2.4629858E-09  1.6632395E-09  1.4774961E-09  9.9781505E-10  1.7047632E-01
   ge70     70   1.5295538E-09  4.2385371E-09  2.7089833E-09  2.5426141E-09  1.6251807E-09  1.9437885E-01
   ge71     71   1.1393129E-29  1.1393129E-29  0.0000000E+00  6.8345115E-30  0.0000000E+00  0.0000000E+00
   ge72     72   1.2704853E-09  4.9526681E-09  3.6821828E-09  2.9710070E-09  2.2090250E-09  1.2870304E-01
   ge73     73   3.7675163E-10  1.4246100E-09  1.0478584E-09  8.5459517E-10  6.2863403E-10  1.3336255E-01
   ge74     74   1.6032033E-09  6.5887980E-09  4.9855946E-09  3.9524886E-09  2.9909712E-09  1.2105837E-01
   as75     75   1.2337481E-10  8.5428076E-10  7.3090595E-10  5.1246601E-10  4.3848708E-10  6.7708269E-02
   se76     76   5.8014832E-10  1.3411089E-09  7.6096057E-10  8.0450452E-10  4.5651749E-10  2.4607107E-01
   se77     77   2.0045066E-10  8.2826146E-10  6.2781080E-10  4.9685756E-10  3.7663792E-10  1.2030788E-01
   se78     78   1.4217978E-09  3.4030327E-09  1.9812350E-09  2.0414117E-09  1.1885878E-09  2.3489937E-01
   se79     79   0.0000000E+00  0.0000000E+00  0.0000000E+00  0.0000000E+00  0.0000000E+00  0.0000000E+00
   se80     80   1.5985036E-09  5.8395173E-09  4.2410138E-09  3.5030103E-09  2.5442803E-09  1.3887645E-01
   br79     79   2.9331426E-10  9.7149344E-10  6.7817918E-10  5.8277960E-10  4.0685505E-10  1.5606464E-01
   br80     80   0.0000000E+00  0.0000000E+00  0.0000000E+00  0.0000000E+00  0.0000000E+00  0.0000000E+00
   br81     81   2.0572677E-10  8.8218260E-10  6.7645584E-10  5.2920379E-10  4.0582124E-10  1.1528820E-01
   kr80     80  -1.1456544E-11  1.5016910E-10  1.6162564E-10  9.0083455E-11  9.6962889E-11 -3.1960510E-02
   kr81     81   0.0000000E+00  0.0000000E+00  0.0000000E+00  0.0000000E+00  0.0000000E+00  0.0000000E+00
   kr82     82   8.6831126E-10  1.6984186E-09  8.3010737E-10  1.0188476E-09  4.9800025E-10  3.1087968E-01
   kr83     83   2.5554381E-10  1.0879203E-09  8.3237650E-10  6.5262173E-10  4.9936155E-10  1.1624642E-01
   kr84     84   1.9702617E-09  6.1219434E-09  4.1516817E-09  3.6724319E-09  2.4906881E-09  1.6863444E-01
   kr-5     85   8.4690995E-18  8.4690995E-18  0.0000000E+00  5.0804441E-18  0.0000000E+00  0.0000000E+00
   kr*5     85   0.0000000E+00  0.0000000E+00  0.0000000E+00  0.0000000E+00  0.0000000E+00  0.0000000E+00
   kr86     86   1.5650536E-09  2.8504659E-09  1.2854122E-09  1.7099377E-09  7.7114798E-10  3.4584257E-01
   rb85     85   6.3814243E-10  1.6120772E-09  9.7393482E-10  9.6705310E-10  5.8428562E-10  2.1882513E-01
   rb86     86   5.2063053E-28  5.2063053E-28  0.0000000E+00  3.1231590E-28  0.0000000E+00  0.0000000E+00
   rb87     87   6.3005706E-10  1.0403116E-09  4.1025455E-10  6.2406225E-10  2.4612101E-10  4.0407920E-01
   sr86     86   4.6214826E-10  7.7658113E-10  3.1443287E-10  4.6585558E-10  1.8863540E-10  3.9262810E-01
   sr87     87   2.6392638E-10  4.8622056E-10  2.2229417E-10  2.9167405E-10  1.3335932E-10  3.3987442E-01
   sr88     88   6.0066325E-09  8.7023961E-09  2.6957636E-09  5.2203943E-09  1.6172497E-09  5.0892627E-01
   sr89     89   8.7273342E-28  8.7273342E-28  0.0000000E+00  5.2353541E-28  0.0000000E+00  0.0000000E+00
   sr90     90   3.5806809E-16  3.5806809E-16  0.0000000E+00  2.1479792E-16  0.0000000E+00  0.0000000E+00
    y89     89   1.7514992E-09  2.4565108E-09  7.0501166E-10  1.4736119E-09  4.2295251E-10  5.4209149E-01
    y90     90   9.0552657E-20  9.0552657E-20  0.0000000E+00  5.4320738E-20  0.0000000E+00  0.0000000E+00
    y91     91  -7.0308697E-33 -7.0308697E-33  0.0000000E+00 -4.2176789E-33  0.0000000E+00  0.0000000E+00
   zr90     90   1.5904427E-09  2.3568143E-09  7.6637163E-10  1.4138060E-09  4.5976375E-10  4.8785508E-01
   zr91     91   5.1831972E-10  6.8730549E-10  1.6898576E-10  4.1230089E-10  1.0137838E-10  6.0926890E-01
   zr92     92   9.8138764E-10  1.2425196E-09  2.6113200E-10  7.4536283E-10  1.5665902E-10  6.7741233E-01
   zr93     93   0.0000000E+00  0.0000000E+00  0.0000000E+00  0.0000000E+00  0.0000000E+00  0.0000000E+00
   zr94     94   1.0188110E-09  1.2891966E-09  2.7038563E-10  7.7336343E-10  1.6221047E-10  6.7830479E-01
   zr95     95   3.4736280E-27  3.4736280E-27  0.0000000E+00  2.0837603E-27  0.0000000E+00  0.0000000E+00
   zr96     96   4.3410642E-10  4.7859411E-10  4.4487698E-11  2.8709909E-10  2.6689182E-11  1.0316966E+00
   nb93     93   2.9427122E-10  4.1103224E-10  1.1676102E-10  2.4657007E-10  7.0047586E-11  5.4654723E-01
   nb94     94   1.7857670E-17  1.7857670E-17  0.0000000E+00  1.0712460E-17  0.0000000E+00  0.0000000E+00
   nb95     95   3.7315070E-27  3.7315070E-27  0.0000000E+00  2.2384568E-27  0.0000000E+00  0.0000000E+00
   mo94     94  -2.4897515E-12  3.4104140E-11  3.6593891E-11  2.0458395E-11  2.1953507E-11 -3.0632345E-02
   mo95     95   1.3492960E-10  1.9894017E-10  6.4010582E-11  1.1934025E-10  3.8401400E-11  4.9243987E-01
   mo96     96   2.0453497E-10  2.7262279E-10  6.8087813E-11  1.6354099E-10  4.0847423E-11  6.0246199E-01
   mo97     97   6.5323615E-11  1.0493412E-10  3.9610502E-11  6.2947890E-11  2.3763240E-11  4.2307556E-01
   mo98     98   1.7403576E-10  2.7572539E-10  1.0168963E-10  1.6540218E-10  6.1005916E-11  4.3316928E-01
   tc99     99   0.0000000E+00  0.0000000E+00  0.0000000E+00  0.0000000E+00  0.0000000E+00  0.0000000E+00
   ru99     99   1.9392567E-11  5.4898162E-11  3.5505595E-11  3.2932317E-11  2.1300612E-11  1.8923023E-01
  ru100    100   8.1315468E-11  1.1672989E-10  3.5414418E-11  7.0023938E-11  2.1245913E-11  5.1797116E-01
  ru101    101   1.3890257E-11  6.2319795E-11  4.8429538E-11  3.7384405E-11  2.9053981E-11  1.0948479E-01
  ru102    102   1.1838289E-10  2.0883410E-10  9.0451216E-11  1.2527543E-10  5.4263736E-11  3.6335617E-01
  rh103    103   1.6325871E-11  7.4088381E-11  5.7762510E-11  4.4444146E-11  3.4653041E-11  1.0807320E-01
  pd104    104   7.1316723E-11  9.6593809E-11  2.5277084E-11  5.7944705E-11  1.5164297E-11  5.8219147E-01
  pd105    105   1.4261189E-11  6.5416207E-11  5.1155018E-11  3.9241881E-11  3.0689055E-11  1.0676628E-01
  pd106    106   8.5111834E-11  1.4831752E-10  6.3205691E-11  8.8972732E-11  3.7918529E-11  3.7040544E-01
  pd107    107   0.0000000E+00  0.0000000E+00  0.0000000E+00  0.0000000E+00  0.0000000E+00  0.0000000E+00
  pd108    108   1.1628044E-10  1.7862824E-10  6.2347794E-11  1.0715553E-10  3.7403858E-11  4.5709819E-01
  ag107    107   1.4255912E-11  5.7194856E-11  4.2938944E-11  3.4310055E-11  2.5760047E-11  1.2447473E-01
  ag108    108   0.0000000E+00  0.0000000E+00  0.0000000E+00  0.0000000E+00  0.0000000E+00  0.0000000E+00
  ag109    109   2.7136873E-11  6.7774619E-11  4.0637747E-11  4.0656645E-11  2.4379505E-11  2.2210664E-01
  cd108    108  -1.4487543E-14  2.3933039E-12  2.4077914E-12  1.4356953E-12  1.4444886E-12 -2.6518395E-03
  cd109    109   6.4755959E-27  6.4755959E-27  0.0000000E+00  3.8845811E-27  0.0000000E+00  0.0000000E+00
  cd110    110   1.0690798E-10  1.4132413E-10  3.4416154E-11  8.4777532E-11  2.0647033E-11  6.1342311E-01
  cd111    111   3.3484326E-11  6.9075107E-11  3.5590780E-11  4.1436781E-11  2.1351717E-11  2.8795320E-01
  cd112    112   1.3947811E-10  2.0717728E-10  6.7699166E-11  1.2428153E-10  4.0614262E-11  4.8572809E-01
  cd113    113   3.9959886E-11  7.4550338E-11  3.4590452E-11  4.4721265E-11  2.0751597E-11  3.3346260E-01
  cd114    114   2.1376588E-10  2.9581287E-10  8.2046994E-11  1.7745226E-10  4.9221852E-11  5.5692357E-01
  in115    115   3.9780384E-11  7.0716738E-11  3.0936354E-11  4.2421563E-11  1.8559421E-11  3.5902226E-01
  sn116    116   3.1336356E-10  4.1015369E-10  9.6790131E-11  2.4604305E-10  5.8066593E-11  6.2708485E-01
  sn117    117   8.9052210E-11  1.4061755E-10  5.1565335E-11  8.4353670E-11  3.0935216E-11  4.3565083E-01
  sn118    118   4.6195042E-10  6.1918903E-10  1.5723861E-10  3.7143918E-10  9.4331008E-11  5.9523326E-01
  sn119    119   1.3185662E-10  1.9051748E-10  5.8660854E-11  1.1428764E-10  3.5191974E-11  5.1155567E-01
  sn120    120   7.5172368E-10  9.7608144E-10  2.2435773E-10  5.8553185E-10  1.3459729E-10  6.3851422E-01
  sb121    121   5.1808693E-11  8.6408034E-11  3.4599341E-11  5.1834460E-11  2.0756929E-11  3.9745551E-01
  te122    122   9.3433705E-11  1.1643284E-10  2.2999134E-11  6.9845740E-11  1.3797703E-11  7.0433319E-01
  te123    123   3.4257815E-11  4.2350748E-11  8.0929317E-12  2.5405371E-11  4.8551337E-12  7.1872437E-01
  te124    124   1.7875501E-10  2.2220698E-10  4.3451957E-11  1.3329754E-10  2.6067816E-11  7.0871753E-01
  te125    125   5.5454717E-11  1.2078843E-10  6.5333718E-11  7.2458581E-11  3.9195178E-11  2.6685721E-01
  te126    126   3.3591224E-10  5.1140164E-10  1.7548940E-10  3.0677966E-10  1.0528007E-10  4.6448046E-01
   i127    127   2.6922214E-11  2.4701780E-10  2.2009558E-10  1.4818106E-10  1.3204034E-10  5.0086096E-02
  xe128    128   1.1050359E-10  1.3427558E-10  2.3771983E-11  8.0549248E-11  1.4261352E-11  7.5190079E-01
  xe129    129   1.7820884E-11  3.1624980E-10  2.9842892E-10  1.8971197E-10  1.7903429E-10  2.5158511E-02
  xe130    130   2.2618171E-10  2.7446856E-10  4.8286840E-11  1.6464823E-10  2.8968371E-11  7.5463295E-01
  xe131    131   6.7935102E-11  3.0914879E-10  2.4121369E-10  1.8545221E-10  1.4470956E-10  1.0773476E-01
  xe132    132   4.5345935E-10  7.5052464E-10  2.9706529E-10  4.5022480E-10  1.7821621E-10  4.0248227E-01
  xe133    133   6.1608352E-34  6.1608352E-34  0.0000000E+00  3.6957625E-34  0.0000000E+00  0.0000000E+00
  xe134    134   1.7719323E-10  2.8854710E-10  1.1135388E-10  1.7309366E-10  6.6803715E-11  4.1348055E-01
  cs133    133   5.8311737E-11  1.3641338E-10  7.8101643E-11  8.1831673E-11  4.6854950E-11  2.4216597E-01
  cs134    134   1.6069862E-24  1.6069862E-24  0.0000000E+00  9.6399907E-25  0.0000000E+00  0.0000000E+00
  cs135    135   0.0000000E+00  0.0000000E+00  0.0000000E+00  0.0000000E+00  0.0000000E+00  0.0000000E+00
  cs136    136  -4.2649922E-33 -4.2649922E-33  0.0000000E+00 -2.5584838E-33  0.0000000E+00  0.0000000E+00
  cs137    137   0.0000000E+00  0.0000000E+00  0.0000000E+00  0.0000000E+00  0.0000000E+00  0.0000000E+00
  ba134    134   6.2106209E-11  8.6049522E-11  2.3943316E-11  5.1619396E-11  1.4364138E-11  5.5553335E-01
  ba135    135   1.9566657E-10  2.6145619E-10  6.5789631E-11  1.5684236E-10  3.9468696E-11  5.9921062E-01
  ba136    136   4.0882014E-10  4.8778626E-10  7.8966098E-11  2.9261327E-10  4.7373556E-11  7.9075801E-01
  ba137    137   5.2034482E-10  6.3410038E-10  1.1375557E-10  3.8038420E-10  6.8244549E-11  7.4615455E-01
  ba138    138   5.0905902E-09  5.8220548E-09  7.3146450E-10  3.4925349E-09  4.3882217E-10  9.0085220E-01
  la139    139   6.0319011E-10  7.0351702E-10  1.0032690E-10  4.2202586E-10  6.0188382E-11  8.4582639E-01
  ce140    140   1.6899949E-09  1.9199411E-09  2.2994615E-10  1.1517345E-09  1.3794992E-10  9.2163098E-01
  ce141    141   3.0470279E-29  3.0470279E-29  0.0000000E+00  1.8278514E-29  0.0000000E+00  0.0000000E+00
  ce142    142   1.6047715E-10  1.8978362E-10  2.9306474E-11  1.1384742E-10  1.7581620E-11  8.1126428E-01
  pr141    141   1.7580612E-10  2.1543656E-10  3.9630434E-11  1.2923611E-10  2.3775199E-11  7.3525971E-01
  nd142    142   3.5914019E-10  4.1200540E-10  5.2865212E-11  2.4715385E-10  3.1715040E-11  8.9170212E-01
  nd143    143   6.4329271E-11  8.7996735E-11  2.3667466E-11  5.2787490E-11  1.4198649E-11  5.7028401E-01
  nd144    144   1.9691980E-10  2.4395816E-10  4.7038359E-11  1.4634564E-10  2.8219378E-11  7.1483243E-01
  nd145    145   3.5736747E-11  5.3228307E-11  1.7491562E-11  3.1930601E-11  1.0493585E-11  4.8328322E-01
  nd146    146   1.7691987E-10  2.1134840E-10  3.4428523E-11  1.2678369E-10  2.0654452E-11  7.8804970E-01
  nd147    147   1.1292144E-31  1.1292144E-31  0.0000000E+00  6.7739325E-32  0.0000000E+00  0.0000000E+00
  nd148    148   3.3645312E-11  4.5291187E-11  1.1645875E-11  2.7169282E-11  6.9866244E-12  5.8981079E-01
  pm147    147   3.5575660E-25  3.5575660E-25  0.0000000E+00  2.1341130E-25  0.0000000E+00  0.0000000E+00
  pm148    148   0.0000000E+00  0.0000000E+00  0.0000000E+00  0.0000000E+00  0.0000000E+00  0.0000000E+00
  sm147    147   1.9890251E-11  2.9264296E-11  9.3740449E-12  1.7555069E-11  5.6237020E-12  4.9438024E-01
  sm148    148   4.1338835E-11  4.8415615E-11  7.0767819E-12  2.9043564E-11  4.2455219E-12  8.3511883E-01
  sm149    149   7.4719449E-12  1.6231905E-11  8.7599598E-12  9.7371963E-12  5.2552988E-12  2.6783651E-01
  sm150    150   3.9447275E-11  4.4156581E-11  4.7093050E-12  2.6488655E-11  2.8252190E-12  9.7200775E-01
  sm151    151   7.7722467E-16  7.7722467E-16  0.0000000E+00  4.6624161E-16  0.0000000E+00  0.0000000E+00
  sm152    152   3.4878496E-11  5.2175219E-11  1.7296721E-11  3.1298877E-11  1.0376695E-11  4.7946969E-01
  eu151    151   4.9033798E-12  1.6313383E-11  1.1410003E-11  9.7860739E-12  6.8451200E-12  1.5522744E-01
  eu152    152   2.4607589E-21  2.4607589E-21  0.0000000E+00  1.4761603E-21  0.0000000E+00  0.0000000E+00
  eu153    153   5.6906927E-12  1.8311175E-11  1.2620483E-11  1.0984510E-11  7.5713142E-12  1.6160943E-01
  eu154    154   2.9565875E-20  2.9565875E-20  0.0000000E+00  1.7735980E-20  0.0000000E+00  0.0000000E+00
  eu155    155   4.1565381E-22  4.1565381E-22  0.0000000E+00  2.4934245E-22  0.0000000E+00  0.0000000E+00
  gd152    152   1.2976951E-15  1.6790374E-13  1.6660604E-13  1.0072211E-13  9.9950742E-14  3.3387963E-03
  gd153    153   2.2982278E-27  2.2982278E-27  0.0000000E+00  1.3786612E-27  0.0000000E+00  0.0000000E+00
  gd154    154   4.6354279E-12  6.4752956E-12  1.8398677E-12  3.8844010E-12  1.1037784E-12  5.4644221E-01
  gd155    155   9.6149035E-12  2.2186546E-11  1.2571643E-11  1.3309268E-11  7.5420130E-12  2.4666689E-01
  gd156    156   2.7205193E-11  4.4705514E-11  1.7500321E-11  2.6817947E-11  1.0498839E-11  4.0728429E-01
  gd157    157   1.2076761E-11  2.5541944E-11  1.3465183E-11  1.5322103E-11  8.0780686E-12  2.7801087E-01
  gd158    158   5.1912741E-11  7.3421581E-11  2.1508840E-11  4.4044147E-11  1.2903641E-11  5.3317595E-01
  tb159    159   1.0344349E-11  2.6569601E-11  1.6225252E-11  1.5938575E-11  9.7338968E-12  2.1416274E-01
  dy160    160   1.9130529E-11  2.1585754E-11  2.4552257E-12  1.2948864E-11  1.4729456E-12  9.4404501E-01
  dy161    161   6.8419975E-12  2.6879509E-11  2.0037512E-11  1.6124482E-11  1.2020958E-11  1.2754668E-01
  dy162    162   3.4348059E-11  6.1540162E-11  2.7192101E-11  3.6916720E-11  1.6313159E-11  3.5468504E-01
  dy163    163   1.3070609E-11  3.9808153E-11  2.6737544E-11  2.3880118E-11  1.6040459E-11  1.7281970E-01
  dy164    164   6.9119585E-11  9.9656131E-11  3.0536542E-11  5.9781728E-11  1.8319565E-11  5.1365334E-01
  ho165    165   1.1223711E-11  3.5008243E-11  2.3784532E-11  2.1000748E-11  1.4268879E-11  1.6784489E-01
  er166    166   2.7942237E-11  5.0536814E-11  2.2594577E-11  3.0316027E-11  1.3554999E-11  3.4957281E-01
  er167    167   1.0672784E-11  2.6188635E-11  1.5515851E-11  1.5710041E-11  9.3083111E-12  2.2730644E-01
  er168    168   4.4547060E-11  6.2960290E-11  1.8413231E-11  3.7768625E-11  1.1046515E-11  5.3390592E-01
  er169    169   5.2328183E-32  5.2328183E-32  0.0000000E+00  3.1390636E-32  0.0000000E+00  0.0000000E+00
  er170    170   2.1447271E-11  3.1744902E-11  1.0297630E-11  1.9043135E-11  6.1777822E-12  4.8890585E-01
  tm169    169   1.0316984E-11  2.1198685E-11  1.0881701E-11  1.2716670E-11  6.5281795E-12  2.8958130E-01
  tm170    170   2.5359863E-26  2.5359863E-26  0.0000000E+00  1.5212877E-26  0.0000000E+00  0.0000000E+00
  tm171    171   1.0978786E-25  1.0978786E-25  0.0000000E+00  6.5859550E-26  0.0000000E+00  0.0000000E+00
  yb170    170   1.5590623E-11  1.7648721E-11  2.0580987E-12  1.0587116E-11  1.2347001E-12  9.3321621E-01
  yb171    171   2.1286705E-11  3.1075253E-11  9.7885484E-12  1.8641427E-11  5.8723725E-12  5.0166559E-01
  yb172    172   6.2397740E-11  7.7554019E-11  1.5156276E-11  4.6523112E-11  9.0925939E-12  7.0898104E-01
  yb173    173   2.7506350E-11  3.8821994E-11  1.1315645E-11  2.3288541E-11  6.7885120E-12  5.3536773E-01
  yb174    174   1.2177975E-10  1.4442196E-10  2.2642211E-11  8.6635858E-11  1.3583576E-11  8.0468357E-01
  lu175    175   1.5149642E-11  2.5368914E-11  1.0219272E-11  1.5218306E-11  6.1307730E-12  3.9485109E-01
  lu176    176   1.1927912E-11  1.2226205E-11  2.9829386E-13  7.3342573E-12  1.7895325E-13  1.6126167E+00
  lu177    177   2.4008382E-34  2.4008382E-34  0.0000000E+00  1.4402150E-34  0.0000000E+00  0.0000000E+00
  hf176    176  -1.9906125E-13  2.0961113E-12  2.2951725E-12  1.2574154E-12  1.3769261E-12 -3.9431848E-02
  hf177    177   1.2111119E-11  2.0360720E-11  8.2496007E-12  1.2213991E-11  4.9491227E-12  3.9232939E-01
  hf178    178   5.8411886E-11  7.0583379E-11  1.2171490E-11  4.2341564E-11  7.3019533E-12  7.6332790E-01
  hf179    179   2.0073092E-11  2.6184319E-11  6.1112265E-12  1.5707451E-11  3.6662635E-12  6.3188213E-01
  hf180    180   1.1090771E-10  1.2673414E-10  1.5826432E-11  7.6025283E-11  9.4946360E-12  9.0347970E-01
  ta181    181   2.1661029E-11  2.8366554E-11  6.7055246E-12  1.7016531E-11  4.0227964E-12  6.2634301E-01
  ta182    182   1.9338600E-28  1.9338600E-28  0.0000000E+00  1.1600841E-28  0.0000000E+00  0.0000000E+00
  ta183    183   0.0000000E+00  0.0000000E+00  0.0000000E+00  0.0000000E+00  0.0000000E+00  0.0000000E+00
   w182    182   4.2001909E-11  5.2524558E-11  1.0522647E-11  3.1508438E-11  6.3127750E-12  6.9820660E-01
   w183    183   2.2654859E-11  2.8368261E-11  5.7134015E-12  1.7017556E-11  3.4275991E-12  6.9590718E-01
   w184    184   6.6476769E-11  7.8776513E-11  1.2299745E-11  4.7256463E-11  7.3788961E-12  8.0646980E-01
   w185    185   9.3689655E-28  9.3689655E-28  0.0000000E+00  5.6202560E-28  0.0000000E+00  0.0000000E+00
   w186    186   6.3002985E-11  7.4540138E-11  1.1537154E-11  4.4715145E-11  6.9214005E-12  8.1026065E-01
  re185    185   1.2048539E-11  1.7912408E-11  5.8638680E-12  1.0745297E-11  3.5178672E-12  4.8493901E-01
  re186    186   5.2918633E-36  5.2918633E-36  0.0000000E+00  3.1744833E-36  0.0000000E+00  0.0000000E+00
  re187    187   9.8281643E-12  2.0521633E-11  1.0693469E-11  1.2310519E-11  6.4152550E-12  2.8306243E-01
  os186    186   2.4836510E-11  2.8086606E-11  3.2500962E-12  1.6848595E-11  1.9498064E-12  9.3657219E-01
  os187    187   6.9961537E-12  9.5950314E-12  2.5988779E-12  5.7558684E-12  1.5591259E-12  5.6722963E-01
  os188    188   4.7877549E-11  7.5294465E-11  2.7416918E-11  4.5167651E-11  1.6448030E-11  4.3871361E-01
  os189    189   1.0502377E-11  4.4108175E-11  3.3605799E-11  2.6459617E-11  2.0160882E-11  1.1807404E-01
  os190    190   5.9816763E-11  1.1475659E-10  5.4939827E-11  6.8840197E-11  3.2959652E-11  3.1985953E-01
  os191    191   8.9567652E-30  8.9567652E-30  0.0000000E+00  5.3729853E-30  0.0000000E+00  0.0000000E+00
  os192    192   1.2237267E-11  9.8463057E-11  8.6225790E-11  5.9066030E-11  5.1728809E-11  5.7605248E-02
  ir191    191   7.5448189E-12  8.0247094E-11  7.2702275E-11  4.8138635E-11  4.3615746E-11  4.2850450E-02
  ir192    192   9.5626212E-26  9.5626212E-26  0.0000000E+00  5.7364264E-26  0.0000000E+00  0.0000000E+00
  ir193    193   6.5430578E-12  1.3003396E-10  1.2349090E-10  7.8004783E-11  7.4084995E-11  2.2390943E-02
  pt192    192   1.9290897E-11  2.2348099E-11  3.0572021E-12  1.3406180E-11  1.8340848E-12  8.6388558E-01
  pt193    193   1.7403319E-16  1.7403319E-16  0.0000000E+00  1.0439905E-16  0.0000000E+00  0.0000000E+00
  pt194    194   4.8704790E-11  1.7892987E-10  1.3022508E-10  1.0733647E-10  7.8124979E-11  1.3795739E-01
  pt195    195   1.2748441E-11  1.4707539E-10  1.3432695E-10  8.8227599E-11  8.0585788E-11  3.9345995E-02
  pt196    196   9.3209780E-11  1.9394723E-10  1.0073745E-10  1.1634509E-10  6.0434685E-11  2.8446180E-01
  au197    197   2.7211941E-11  8.7923932E-11  6.0711991E-11  5.2743816E-11  3.6422500E-11  1.6080181E-01
  hg198    198   1.0854759E-10  1.2280973E-10  1.4262142E-11  7.3671118E-11  8.5561827E-12  9.3501723E-01
  hg199    199   4.5426184E-11  6.9679831E-11  2.4253649E-11  4.1799543E-11  1.4550314E-11  4.5829922E-01
  hg200    200   1.5302157E-10  1.8639880E-10  3.3377238E-11  1.1181693E-10  2.0023762E-11  7.4696189E-01
  hg201    201   6.2079238E-11  8.1218796E-11  1.9139560E-11  4.8721541E-11  1.1482256E-11  6.2769383E-01
  hg202    202   2.3736413E-10  2.8094088E-10  4.3576760E-11  1.6853084E-10  2.6142689E-11  8.0932915E-01
  tl203    203   1.2205613E-10  1.3929337E-10  1.7237238E-11  8.3559319E-11  1.0341010E-11  9.0743190E-01
  tl204    204   2.4872242E-22  2.4872242E-22  0.0000000E+00  1.4920362E-22  0.0000000E+00  0.0000000E+00
  tl205    205   2.3937735E-10  2.8093053E-10  4.1553181E-11  1.6852464E-10  2.4928696E-11  8.2996386E-01
  pb204    204   8.8515105E-11  1.1033296E-10  2.1817862E-11  6.6186549E-11  1.3089030E-11  7.0386231E-01
  pb205    205   0.0000000E+00  0.0000000E+00  0.0000000E+00  0.0000000E+00  0.0000000E+00  0.0000000E+00
  pb206    206   1.5232473E-09  1.7282584E-09  2.0501112E-10  1.0367478E-09  1.2299083E-10  9.2580044E-01
  pb207    207   9.0511332E-10  1.1330804E-09  2.2796709E-10  6.7971240E-10  1.3676263E-10  6.9635779E-01
  pb208    208   1.0268460E-08  1.0924118E-08  6.5565731E-10  6.5531607E-09  3.9334369E-10  1.2216787E+00
  bi209    209   1.8346177E-10  2.2906116E-10  4.5599389E-11  1.3740924E-10  2.7356109E-11  7.0096159E-01
  bi210    210   0.0000000E+00  0.0000000E+00  0.0000000E+00  0.0000000E+00  0.0000000E+00  0.0000000E+00
  po210    210   0.0000000E+00  0.0000000E+00  0.0000000E+00  0.0000000E+00  0.0000000E+00  0.0000000E+00
