# Initial mass = 4.000, Z =  0.0006, Y =  0.240, M_mix = 0.00E+00
# Final mass = 0.886, Mass expelled =   3.1140
  species    A      yield       mass(i)_lost    mass(i)_0        <X(i)>           X0(i)   log10(<X(i)>/X0(i)) 
      n      1   0.0000000E+00  0.0000000E+00  0.0000000E+00  0.0000000E+00  0.0000000E+00  0.0000000E+00
      p      1  -4.0900695E-01  1.9556116E+00  2.3646185E+00  6.2800628E-01  7.5939989E-01 -8.2506560E-02
      d      2  -6.0835891E-06  2.5449889E-11  6.0836146E-06  8.1727325E-12  1.9537597E-06 -5.3785038E+00
    he3      3  -3.8643055E-05  5.2744330E-08  3.8695798E-05  1.6937806E-08  1.2427199E-05 -2.8655164E+00
    he4      4   3.3019364E-01  1.0775052E+00  7.4731159E-01  3.4601966E-01  2.3999996E-01  1.5888956E-01
    li7      7  -4.2713593E-09  6.6133609E-12  4.2779726E-09  2.1237510E-12  1.3738758E-09 -2.8108439E+00
    be7      7   7.0050160E-11  7.0050160E-11  0.0000000E+00  2.2495233E-11  0.0000000E+00  0.0000000E+00
     b8      8   2.1559658E-26  2.1559658E-26  0.0000000E+00  6.9234608E-27  0.0000000E+00  0.0000000E+00
    c12     12   2.9196579E-03  3.2395222E-03  3.1986431E-04  1.0403090E-03  1.0272479E-04  1.0054871E+00
    c13     13   6.4868061E-04  6.5255497E-04  3.8743624E-06  2.0955522E-04  1.2442558E-06  2.2263889E+00
    c14     14   2.4160306E-08  2.4160306E-08  0.0000000E+00  7.7586080E-09  0.0000000E+00  0.0000000E+00
    n13     13   0.0000000E+00  0.0000000E+00  0.0000000E+00  0.0000000E+00  0.0000000E+00  0.0000000E+00
    n14     14   6.9381073E-02  6.9475599E-02  9.4527451E-05  2.2310724E-02  3.0357596E-05  2.8662465E+00
    n15     15   1.2366318E-06  1.4628990E-06  2.2626728E-07  4.6978130E-07  7.2665983E-08  8.1056458E-01
    o14     14   0.0000000E+00  0.0000000E+00  0.0000000E+00  0.0000000E+00  0.0000000E+00  0.0000000E+00
    o15     15   0.0000000E+00  0.0000000E+00  0.0000000E+00  0.0000000E+00  0.0000000E+00  0.0000000E+00
    o16     16   4.4171186E-04  1.2242567E-03  7.8254484E-04  3.9314601E-04  2.5131516E-04  1.9433516E-01
    o17     17   2.7792389E-06  3.0951101E-06  3.1587120E-07  9.9393378E-07  1.0144239E-07  9.9113804E-01
    o18     18  -1.7643076E-06  6.1082722E-10  1.7649185E-06  1.9615518E-10  5.6680557E-07 -3.4608345E+00
    o19     19   0.0000000E+00  0.0000000E+00  0.0000000E+00  0.0000000E+00  0.0000000E+00  0.0000000E+00
    f17     17   0.0000000E+00  0.0000000E+00  0.0000000E+00  0.0000000E+00  0.0000000E+00  0.0000000E+00
    f18     18   0.0000000E+00  0.0000000E+00  0.0000000E+00  0.0000000E+00  0.0000000E+00  0.0000000E+00
    f19     19   2.8265396E-07  3.2827745E-07  4.5623498E-08  1.0541986E-07  1.4652039E-08  8.5702437E-01
    f20     20   0.0000000E+00  0.0000000E+00  0.0000000E+00  0.0000000E+00  0.0000000E+00  0.0000000E+00
   ne19     19   0.0000000E+00  0.0000000E+00  0.0000000E+00  0.0000000E+00  0.0000000E+00  0.0000000E+00
   ne20     20   1.0331857E-04  2.6168884E-04  1.5837027E-04  8.4036234E-05  5.0860795E-05  2.1808346E-01
   ne21     21   1.4684477E-07  5.4546081E-07  3.9861604E-07  1.7516403E-07  1.2801598E-07  1.3618074E-01
   ne22     22   4.0291427E-03  4.0419521E-03  1.2809344E-05  1.2979936E-03  4.1137355E-06  2.4990363E+00
   ne23     23   0.0000000E+00  0.0000000E+00  0.0000000E+00  0.0000000E+00  0.0000000E+00  0.0000000E+00
   na21     21   0.0000000E+00  0.0000000E+00  0.0000000E+00  0.0000000E+00  0.0000000E+00  0.0000000E+00
   na22     22   8.2286629E-11  8.2286629E-11  0.0000000E+00  2.6424736E-11  0.0000000E+00  0.0000000E+00
   na23     23   1.1230152E-04  1.1595029E-04  3.6487613E-06  3.7235157E-05  1.1718038E-06  1.5020984E+00
   na24     24   5.3330566E-36  5.3330566E-36  0.0000000E+00  1.7126064E-36  0.0000000E+00  0.0000000E+00
   mg23     23   0.0000000E+00  0.0000000E+00  0.0000000E+00  0.0000000E+00  0.0000000E+00  0.0000000E+00
   mg24     24   1.4381512E-06  7.6982382E-05  7.5544231E-05  2.4721381E-05  2.4261117E-05  8.1619630E-03
   mg25     25   4.1761523E-04  4.2757753E-04  9.9622866E-06  1.3730813E-04  3.1993995E-06  1.6326278E+00
   mg26     26   6.5978209E-04  6.7118951E-04  1.1407413E-05  2.1553933E-04  3.6635033E-06  1.7696300E+00
   mg27     27   0.0000000E+00  0.0000000E+00  0.0000000E+00  0.0000000E+00  0.0000000E+00  0.0000000E+00
   al25     25   0.0000000E+00  0.0000000E+00  0.0000000E+00  0.0000000E+00  0.0000000E+00  0.0000000E+00
   al-6     26   0.0000000E+00  0.0000000E+00  0.0000000E+00  0.0000000E+00  0.0000000E+00  0.0000000E+00
   al*6     26   0.0000000E+00  0.0000000E+00  0.0000000E+00  0.0000000E+00  0.0000000E+00  0.0000000E+00
   al27     27   6.9517613E-05  7.6464363E-05  6.9467478E-06  2.4555029E-05  2.2309557E-06  1.0416495E+00
   al28     28   0.0000000E+00  0.0000000E+00  0.0000000E+00  0.0000000E+00  0.0000000E+00  0.0000000E+00
   si27     27   0.0000000E+00  0.0000000E+00  0.0000000E+00  0.0000000E+00  0.0000000E+00  0.0000000E+00
   si28     28   3.0214833E-05  1.1386142E-04  8.3646592E-05  3.6564361E-05  2.6863196E-05  1.3390028E-01
   si29     29   5.5787327E-06  9.9777953E-06  4.3990626E-06  3.2041730E-06  1.4127638E-06  3.5564637E-01
   si30     30   9.2222108E-06  1.2222144E-05  2.9999330E-06  3.9249016E-06  9.6343194E-07  6.1000776E-01
    p31     31   2.8927261E-06  3.6201591E-06  7.2743308E-07  1.1625430E-06  2.3361595E-07  6.9690651E-01
    p32     32   1.0130685E-28  1.0130685E-28  0.0000000E+00  3.2532706E-29  0.0000000E+00  0.0000000E+00
    p33     33  -1.5874201E-29 -1.5874201E-29  0.0000000E+00 -5.0976879E-30  0.0000000E+00  0.0000000E+00
    s32     32  -1.5707337E-06  3.8513070E-05  4.0083803E-05  1.2367716E-05  1.2872958E-05 -1.7388860E-02
    s33     33   1.8943012E-08  3.4988508E-07  3.3094207E-07  1.1235873E-07  1.0628242E-07  2.4145335E-02
    s34     34   5.7409648E-07  2.4987976E-06  1.9247011E-06  8.0243979E-07  6.1811994E-07  1.1333966E-01
    s35     35  -1.7731793E-22 -1.7731793E-22  0.0000000E+00 -5.6942170E-23  0.0000000E+00  0.0000000E+00
    s36     36   8.7666365E-08  9.7167238E-08  9.5008712E-09  3.1203349E-08  3.0512155E-09  1.0097283E+00
   cl35     35  -1.0324072E-08  4.0087295E-07  4.1119702E-07  1.2873248E-07  1.3205639E-07 -1.1071286E-02
   cl36     36   0.0000000E+00  0.0000000E+00  0.0000000E+00  0.0000000E+00  0.0000000E+00  0.0000000E+00
   cl37     37   1.0966126E-07  2.4859133E-07  1.3893008E-07  7.9830222E-08  4.4617554E-08  2.5266159E-01
   ar36     36  -5.7831767E-07  7.0787864E-06  7.6571041E-06  2.2732133E-06  2.4590877E-06 -3.4133833E-02
   ar37     37   1.7383132E-23  1.7383132E-23  0.0000000E+00  5.5822515E-24  0.0000000E+00  0.0000000E+00
   ar38     38   1.9513141E-07  1.6646724E-06  1.4695410E-06  5.3457683E-07  4.7194470E-07  5.4119051E-02
   ar39     39   7.9970093E-11  7.9970093E-11  0.0000000E+00  2.5680826E-11  0.0000000E+00  0.0000000E+00
   ar40     40   1.2414777E-07  1.2662187E-07  2.4740998E-09  4.0662126E-08  7.9455992E-10  1.7090635E+00
    k39     39   6.0399373E-08  4.5904679E-07  3.9864742E-07  1.4741386E-07  1.2802606E-07  6.1239932E-02
    k40     40  -6.4537722E-11  0.0000000E+00  6.4537722E-11  0.0000000E+00  2.0726362E-11  0.0000000E+00
    k41     41   1.2950611E-08  4.3194625E-08  3.0244014E-08  1.3871106E-08  9.7128989E-09  1.5476221E-01
   ca40     40  -4.8734955E-07  6.4148203E-06  6.9021698E-06  2.0599937E-06  2.2166396E-06 -3.1829212E-02
   ca41     41   0.0000000E+00  0.0000000E+00  0.0000000E+00  0.0000000E+00  0.0000000E+00  0.0000000E+00
   ca42     42   1.7790459E-08  6.6160581E-08  4.8370122E-08  2.1246171E-08  1.5534118E-08  1.3599406E-01
   ca43     43   5.4775660E-09  1.5810382E-08  1.0332816E-08  5.0771938E-09  3.3183956E-09  1.8469563E-01
   ca44     44   1.8543830E-08  1.8192209E-07  1.6337826E-07  5.8420706E-08  5.2469112E-08  4.6663068E-02
   ca45     45  -2.4378980E-19 -2.4378980E-19  0.0000000E+00 -7.8288309E-20  0.0000000E+00  0.0000000E+00
   ca46     46   3.1514304E-08  3.1841829E-08  3.2752623E-10  1.0225378E-08  1.0518542E-10  1.9877241E+00
   ca47     47   3.0759811E-33  3.0759811E-33  0.0000000E+00  9.8779095E-34  0.0000000E+00  0.0000000E+00
   ca48     48   3.5402170E-09  1.9517739E-08  1.5977522E-08  6.2677383E-09  5.1311990E-09  8.6892009E-02
   sc45     45   9.7093373E-09  1.4318644E-08  4.6093063E-09  4.5981512E-09  1.4802839E-09  4.9223822E-01
   sc46     46   9.0115179E-27  9.0115179E-27  0.0000000E+00  2.8938721E-27  0.0000000E+00  0.0000000E+00
   sc47     47   8.4673200E-31  8.4673200E-31  0.0000000E+00  2.7191136E-31  0.0000000E+00  0.0000000E+00
   sc48     48   6.4417391E-31  3.5513020E-30  2.9071281E-30  1.1404309E-30  9.3362745E-31  0.0000000E+00
   ti46     46   6.6228445E-10  2.8822804E-08  2.8160519E-08  9.2558778E-09  9.0437826E-09  1.0067498E-02
   ti47     47   1.7683544E-09  2.7715950E-08  2.5947596E-08  8.9004333E-09  8.3330987E-09  2.8604588E-02
   ti48     48  -1.4977246E-08  2.4759817E-07  2.6257541E-07  7.9511288E-08  8.4326388E-08 -2.5534721E-02
   ti49     49   7.4843207E-09  2.7155044E-08  1.9670724E-08  8.7203089E-09  6.3172751E-09  1.4000209E-01
   ti50     50   2.4651376E-08  4.3870362E-08  1.9218986E-08  1.4088105E-08  6.1721988E-09  3.5841268E-01
    v51     51  -1.6263151E-09  4.0729176E-08  4.2355492E-08  1.3079375E-08  1.3602514E-08 -1.7032221E-02
   cr52     52  -1.2118221E-07  1.6150916E-06  1.7362738E-06  5.1865493E-07  5.5760631E-07 -3.1449195E-02
   cr53     53  -1.3279944E-08  1.8738493E-07  2.0066487E-07  6.0174990E-08  6.4443753E-08 -2.9764796E-02
   cr54     54   4.5458403E-08  9.6350547E-08  5.0892144E-08  3.0941088E-08  1.6344069E-08  2.7717537E-01
   mn55     55  -1.0906786E-07  1.4072585E-06  1.5163264E-06  4.5191345E-07  4.8696990E-07 -3.2446850E-02
   fe54     54  -8.4232579E-07  9.1488573E-06  9.9911831E-06  2.9379760E-06  3.2086796E-06 -3.8278129E-02
   fe55     55  -1.5813315E-15 -1.5813315E-15  0.0000000E+00 -5.0781356E-16  0.0000000E+00  0.0000000E+00
   fe56     56  -1.2664299E-05  1.4997661E-04  1.6264091E-04  4.8162045E-05  5.2232310E-05 -3.5234302E-02
   fe57     57   3.2369371E-08  3.8555709E-06  3.8232015E-06  1.2381408E-06  1.2278255E-06  3.6333860E-03
   fe58     58   1.9951583E-06  2.5128888E-06  5.1773048E-07  8.0696492E-07  1.6626973E-07  6.8604147E-01
   fe59     59  -3.1108564E-24 -3.1108564E-24  0.0000000E+00 -9.9899047E-25  0.0000000E+00  0.0000000E+00
   fe60     60   0.0000000E+00  0.0000000E+00  0.0000000E+00  0.0000000E+00  0.0000000E+00  0.0000000E+00
   co59     59   9.1266986E-07  1.3119468E-06  3.9927690E-07  4.2130594E-07  1.2822822E-07  5.1661396E-01
   co60     60   3.5468492E-12  3.5468492E-12  0.0000000E+00  1.1390010E-12  0.0000000E+00  0.0000000E+00
   ni58     58  -4.8259653E-07  5.2302248E-06  5.7128213E-06  1.6795840E-06  1.8346790E-06 -3.8358402E-02
   ni59     59   0.0000000E+00  0.0000000E+00  0.0000000E+00  0.0000000E+00  0.0000000E+00  0.0000000E+00
   ni60     60   4.1632811E-06  6.4397418E-06  2.2764607E-06  2.0679965E-06  7.3108788E-07  4.5158029E-01
   ni61     61   5.5804816E-07  6.5865646E-07  1.0060832E-07  2.1151459E-07  3.2310474E-08  8.1599700E-01
   ni62     62   2.3509174E-06  2.6769494E-06  3.2603214E-07  8.5964973E-07  1.0470558E-07  9.1435170E-01
   ni63     63   0.0000000E+00  0.0000000E+00  0.0000000E+00  0.0000000E+00  0.0000000E+00  0.0000000E+00
   ni64     64   1.8354916E-06  1.9211993E-06  8.5707676E-08  6.1695545E-07  2.7525116E-08  1.3505247E+00
   cu63     63   8.2360447E-07  8.9434781E-07  7.0743354E-08  2.8720223E-07  2.2719309E-08  1.1017927E+00
   cu64     64   3.4281338E-38  3.4281338E-38  0.0000000E+00  0.0000000E+00  0.0000000E+00  0.0000000E+00
   cu65     65   3.5367134E-07  3.8620379E-07  3.2532469E-08  1.2402177E-07  1.0447839E-08  1.0744715E+00
   zn64     64  -8.6614165E-09  1.1254257E-07  1.2120398E-07  3.6140836E-08  3.8924796E-08 -3.2228157E-02
   zn65     65  -2.1923427E-19 -2.1923427E-19  0.0000000E+00 -7.0402783E-20  0.0000000E+00  0.0000000E+00
   zn66     66   3.5120294E-07  4.2291219E-07  7.1709259E-08  1.3580994E-07  2.3029507E-08  7.7064693E-01
   zn67     67   7.7658470E-08  8.8355897E-08  1.0697430E-08  2.8373762E-08  3.4354917E-09  9.1692799E-01
   zn68     68   5.0475029E-07  5.5440205E-07  4.9651785E-08  1.7803534E-07  1.5945727E-08  1.0478619E+00
   zn69     69   0.0000000E+00  0.0000000E+00  0.0000000E+00  0.0000000E+00  0.0000000E+00  0.0000000E+00
   zn70     70   5.3308105E-09  7.0209181E-09  1.6901075E-09  2.2546300E-09  5.4277993E-10  6.1845154E-01
   ga69     69   7.1236151E-08  7.5788179E-08  4.5520281E-09  2.4337886E-08  1.4618891E-09  1.2213684E+00
   ga70     70   0.0000000E+00  0.0000000E+00  0.0000000E+00  0.0000000E+00  0.0000000E+00  0.0000000E+00
   ga71     71   6.3569132E-08  6.6677778E-08  3.1086458E-09  2.1412259E-08  9.9834507E-10  1.3313819E+00
   ge70     70   1.0840347E-07  1.1346664E-07  5.0631730E-09  3.6437584E-08  1.6260437E-09  1.3504174E+00
   ge71     71   1.4948003E-28  1.4948003E-28  0.0000000E+00  4.8002576E-29  0.0000000E+00  0.0000000E+00
   ge72     72   1.0627605E-07  1.1315817E-07  6.8821118E-09  3.6338523E-08  2.2101980E-09  1.2159362E+00
   ge73     73   3.1529531E-08  3.3488011E-08  1.9584794E-09  1.0754017E-08  6.2896788E-10  1.2329422E+00
   ge74     74   1.3960600E-07  1.4892423E-07  9.3182289E-09  4.7824091E-08  2.9925595E-09  1.2036040E+00
   as75     75   1.2876550E-08  1.4242636E-08  1.3660856E-09  4.5737427E-09  4.3871992E-10  1.0180844E+00
   se76     76   4.4944837E-08  4.6367095E-08  1.4222585E-09  1.4889882E-08  4.5675991E-10  1.5132034E+00
   se77     77   1.7869166E-08  1.9042563E-08  1.1733976E-09  6.1151453E-09  3.7683795E-10  1.2102522E+00
   se78     78   1.1616562E-07  1.1986860E-07  3.7029888E-09  3.8493447E-08  1.1892191E-09  1.5101250E+00
   se79     79   0.0000000E+00  0.0000000E+00  0.0000000E+00  0.0000000E+00  0.0000000E+00  0.0000000E+00
   se80     80   1.4682615E-07  1.5475274E-07  7.9265856E-09  4.9695803E-08  2.5456317E-09  1.2905241E+00
   br79     79   2.6121418E-08  2.7388955E-08  1.2675376E-09  8.7954248E-09  4.0707113E-10  1.3345866E+00
   br80     80   0.0000000E+00  0.0000000E+00  0.0000000E+00  0.0000000E+00  0.0000000E+00  0.0000000E+00
   br81     81   1.9663817E-08  2.0928134E-08  1.2643168E-09  6.7206591E-09  4.0603673E-10  1.2188466E+00
   kr80     80  -2.5610902E-11  2.7647240E-10  3.0208330E-10  8.8783682E-11  9.7014383E-11 -3.8502973E-02
   kr81     81   0.0000000E+00  0.0000000E+00  0.0000000E+00  0.0000000E+00  0.0000000E+00  0.0000000E+00
   kr82     82   6.6777204E-08  6.8328703E-08  1.5514962E-09  2.1942421E-08  4.9826471E-10  1.6438246E+00
   kr83     83   2.3760382E-08  2.5316119E-08  1.5557371E-09  8.1297742E-09  4.9962673E-10  1.2114329E+00
   kr84     84   1.5486523E-07  1.6262486E-07  7.7596205E-09  5.2223779E-08  2.4920110E-09  1.3213184E+00
   kr-5     85  -6.7246583E-13 -6.7246583E-13  0.0000000E+00 -2.1594919E-13  0.0000000E+00  0.0000000E+00
   kr*5     85   0.0000000E+00  0.0000000E+00  0.0000000E+00  0.0000000E+00  0.0000000E+00  0.0000000E+00
   kr86     86   3.8923594E-07  3.9163842E-07  2.4024749E-09  1.2576699E-07  7.7155748E-10  2.2121985E+00
   rb85     85   5.5021477E-08  5.6841792E-08  1.8203141E-09  1.8253626E-08  5.8459593E-10  1.4944935E+00
   rb86     86   3.0107296E-27  3.0107296E-27  0.0000000E+00  9.6683667E-28  0.0000000E+00  0.0000000E+00
   rb87     87   1.0042159E-07  1.0118836E-07  7.6677831E-10  3.2494654E-08  2.4625171E-10  2.1204329E+00
   sr86     86   2.6737299E-08  2.7324983E-08  5.8768462E-10  8.7748822E-09  1.8873558E-10  1.6673875E+00
   sr87     87   1.1363221E-08  1.1778695E-08  4.1547463E-10  3.7824965E-09  1.3343014E-10  1.4525247E+00
   sr88     88   1.8797897E-07  1.9301743E-07  5.0384643E-09  6.1983755E-08  1.6181085E-09  1.5832703E+00
   sr89     89  -1.0732279E-24 -1.0732279E-24  0.0000000E+00 -3.4464608E-25  0.0000000E+00  0.0000000E+00
   sr90     90   1.2739829E-12  1.2739829E-12  0.0000000E+00  4.0911458E-13  0.0000000E+00  0.0000000E+00
    y89     89   4.6634014E-08  4.7951701E-08  1.3176885E-09  1.5398747E-08  4.2317716E-10  1.5609633E+00
    y90     90   3.2218042E-16  3.2218042E-16  0.0000000E+00  1.0346192E-16  0.0000000E+00  0.0000000E+00
    y91     91  -1.5506932E-24 -1.5506932E-24  0.0000000E+00 -4.9797466E-25  0.0000000E+00  0.0000000E+00
   zr90     90   3.2930998E-08  3.4363371E-08  1.4323722E-09  1.1035122E-08  4.6000792E-10  1.3800119E+00
   zr91     91   9.2621875E-09  9.5780273E-09  3.1583955E-10  3.0757954E-09  1.0143222E-10  1.4817816E+00
   zr92     92   1.7662130E-08  1.8150192E-08  4.8806376E-10  5.8285781E-09  1.5674222E-10  1.5703768E+00
   zr93     93   0.0000000E+00  0.0000000E+00  0.0000000E+00  0.0000000E+00  0.0000000E+00  0.0000000E+00
   zr94     94   1.7396841E-08  1.7902201E-08  5.0535898E-10  5.7489404E-09  1.6229662E-10  1.5492784E+00
   zr95     95  -3.2238507E-24 -3.2238507E-24  0.0000000E+00 -1.0352763E-24  0.0000000E+00  0.0000000E+00
   zr96     96   2.1764381E-08  2.1847530E-08  8.3148877E-11  7.0159052E-09  2.6703355E-11  2.4195180E+00
   nb93     93   5.4694906E-09  5.6877205E-09  2.1822993E-10  1.8264997E-09  7.0084785E-11  1.4159960E+00
   nb94     94   1.9696732E-16  1.9696732E-16  0.0000000E+00  6.3252185E-17  0.0000000E+00  0.0000000E+00
   nb95     95  -3.8868656E-24 -3.8868656E-24  0.0000000E+00 -1.2481906E-24  0.0000000E+00  0.0000000E+00
   mo94     94  -5.8072644E-12  6.2587838E-11  6.8395102E-11  2.0098855E-11  2.1965166E-11 -3.8563166E-02
   mo95     95   2.1609829E-09  2.2806206E-09  1.1963774E-10  7.3237649E-10  3.8421794E-11  1.2801569E+00
   mo96     96   3.5769101E-09  3.7041683E-09  1.2725820E-10  1.1895209E-09  4.0869114E-11  1.4639770E+00
   mo97     97   1.7107475E-09  1.7847808E-09  7.4033245E-11  5.7314731E-10  2.3775860E-11  1.3821301E+00
   mo98     98   4.6240181E-09  4.8140789E-09  1.9006101E-10  1.5459469E-09  6.1038306E-11  1.4035922E+00
   tc99     99   0.0000000E+00  0.0000000E+00  0.0000000E+00  0.0000000E+00  0.0000000E+00  0.0000000E+00
   ru99     99   5.6015503E-10  6.2651606E-10  6.6361049E-11  2.0119333E-10  2.1311926E-11  9.7499090E-01
  ru100    100   1.9141941E-09  1.9803847E-09  6.6190636E-11  6.3596167E-10  2.1257197E-11  1.4759250E+00
  ru101    101   3.9178877E-10  4.8230508E-10  9.0516303E-11  1.5488281E-10  2.9069414E-11  7.2656703E-01
  ru102    102   2.2780178E-09  2.4470739E-09  1.6905610E-10  7.8582973E-10  5.4292557E-11  1.1605883E+00
  rh103    103   3.6108216E-10  4.6904208E-10  1.0795990E-10  1.5062365E-10  3.4671443E-11  6.3792127E-01
  pd104    104   1.1537030E-09  1.2009467E-09  4.7243646E-11  3.8566045E-10  1.5172349E-11  1.4051523E+00
  pd105    105   2.7615984E-10  3.7177014E-10  9.5610304E-11  1.1938668E-10  3.0705355E-11  5.8974177E-01
  pd106    106   1.2446636E-09  1.3627970E-09  1.1813338E-10  4.3763548E-10  3.7938666E-11  1.0620306E+00
  pd107    107   0.0000000E+00  0.0000000E+00  0.0000000E+00  0.0000000E+00  0.0000000E+00  0.0000000E+00
  pd108    108   1.4808548E-09  1.5973847E-09  1.1652995E-10  5.1296872E-10  3.7423724E-11  1.1369439E+00
  ag107    107   2.3488675E-10  3.1514097E-10  8.0254213E-11  1.0120133E-10  2.5773730E-11  5.9400898E-01
  ag108    108   0.0000000E+00  0.0000000E+00  0.0000000E+00  0.0000000E+00  0.0000000E+00  0.0000000E+00
  ag109    109   3.5366954E-10  4.2962273E-10  7.5953188E-11  1.3796490E-10  2.4392452E-11  7.5251317E-01
  cd108    108  -3.5420755E-13  4.1460281E-12  4.5002357E-12  1.3314156E-12  1.4452558E-12 -3.5631076E-02
  cd109    109  -5.6736222E-25 -5.6736222E-25  0.0000000E+00 -1.8219724E-25  0.0000000E+00  0.0000000E+00
  cd110    110   1.2211074E-09  1.2854323E-09  6.4324844E-11  4.1279136E-10  2.0657996E-11  1.3006425E+00
  cd111    111   3.8884471E-10  4.5536497E-10  6.6520262E-11  1.4623151E-10  2.1363057E-11  8.3537757E-01
  cd112    112   1.4720730E-09  1.5986048E-09  1.2653181E-10  5.1336052E-10  4.0635832E-11  1.1015134E+00
  cd113    113   4.2130466E-10  4.8595528E-10  6.4650611E-11  1.5605499E-10  2.0762617E-11  8.7599558E-01
  cd114    114   2.0362003E-09  2.1895488E-09  1.5334835E-10  7.0313061E-10  4.9247995E-11  1.1546476E+00
  in115    115   3.8036962E-10  4.3819062E-10  5.7820998E-11  1.4071631E-10  1.8569278E-11  8.7954944E-01
  sn116    116   2.7022464E-09  2.8831502E-09  1.8090371E-10  9.2586705E-10  5.8097433E-11  1.2023917E+00
  sn117    117   7.6609935E-10  8.6247653E-10  9.6377198E-11  2.7696739E-10  3.0951644E-11  9.5174491E-01
  sn118    118   3.6497940E-09  3.9436778E-09  2.9388378E-10  1.2664347E-09  9.4381107E-11  1.1276978E+00
  sn119    119   1.0207826E-09  1.1304215E-09  1.0963894E-10  3.6301268E-10  3.5210668E-11  1.0132476E+00
  sn120    120   5.3127125E-09  5.7320442E-09  4.1933151E-10  1.8407335E-09  1.3466879E-10  1.1357239E+00
  sb121    121   3.7049375E-10  4.3516099E-10  6.4667230E-11  1.3974341E-10  2.0767953E-11  8.2793766E-01
  te122    122   6.4825606E-10  6.9124217E-10  4.2986090E-11  2.2197885E-10  1.3805031E-11  1.2062743E+00
  te123    123   2.3497768E-10  2.5010360E-10  1.5125939E-11  8.0315865E-11  4.8577123E-12  1.2183696E+00
  te124    124   1.2017295E-09  1.2829425E-09  8.1213043E-11  4.1199180E-10  2.6081659E-11  1.1985534E+00
  te125    125   3.8905001E-10  5.1116072E-10  1.2211072E-10  1.6414924E-10  3.9215995E-11  6.2177563E-01
  te126    126   2.1547746E-09  2.4827695E-09  3.2799508E-10  7.9729268E-10  1.0533598E-10  8.7904102E-01
   i127    127   2.4893498E-10  6.6030037E-10  4.1136539E-10  2.1204249E-10  1.3211046E-10  2.0548570E-01
  xe128    128   6.7108274E-10  7.1551332E-10  4.4430567E-11  2.2977305E-10  1.4268926E-11  1.2069079E+00
  xe129    129   2.1327684E-10  7.7104972E-10  5.5777288E-10  2.4760749E-10  1.7912938E-10  1.4059696E-01
  xe130    130   1.2969996E-09  1.3872492E-09  9.0249586E-11  4.4548784E-10  2.8983756E-11  1.1866813E+00
  xe131    131   4.6015949E-10  9.1099528E-10  4.5083579E-10  2.9254824E-10  1.4478642E-10  3.0546966E-01
  xe132    132   2.3989060E-09  2.9541301E-09  5.5522414E-10  9.4866082E-10  1.7831085E-10  7.2593325E-01
  xe133    133   1.2046904E-32  1.2046904E-32  0.0000000E+00  3.8686268E-33  0.0000000E+00  0.0000000E+00
  xe134    134   2.3530871E-09  2.5612108E-09  2.0812381E-10  8.2248258E-10  6.6839194E-11  1.0900956E+00
  cs133    133   3.1798963E-10  4.6396401E-10  1.4597437E-10  1.4899293E-10  4.6879833E-11  5.0217962E-01
  cs134    134  -3.0441332E-16 -3.0441332E-16  0.0000000E+00 -9.7756357E-17  0.0000000E+00  0.0000000E+00
  cs135    135   0.0000000E+00  0.0000000E+00  0.0000000E+00  0.0000000E+00  0.0000000E+00  0.0000000E+00
  cs136    136   6.8442630E-30  6.8442630E-30  0.0000000E+00  2.1979006E-30  0.0000000E+00  0.0000000E+00
  cs137    137   0.0000000E+00  0.0000000E+00  0.0000000E+00  0.0000000E+00  0.0000000E+00  0.0000000E+00
  ba134    134   2.8630767E-10  3.3105846E-10  4.4750786E-11  1.0631292E-10  1.4371766E-11  8.6907595E-01
  ba135    135   1.1991278E-09  1.3220907E-09  1.2296283E-10  4.2456347E-10  3.9489655E-11  1.0314593E+00
  ba136    136   2.3128717E-09  2.4604618E-09  1.4759007E-10  7.9012902E-10  4.7398713E-11  1.2219316E+00
  ba137    137   7.7459044E-09  7.9585174E-09  2.1261265E-10  2.5557216E-09  6.8280791E-11  1.5732151E+00
  ba138    138   1.1888694E-08  1.3255824E-08  1.3671297E-09  4.2568478E-09  4.3905524E-10  9.8656893E-01
  la139    139   1.1778616E-09  1.3653757E-09  1.8751406E-10  4.3846360E-10  6.0220356E-11  8.6219019E-01
  ce140    140   2.3727853E-09  2.8025617E-09  4.2977644E-10  8.9998770E-10  1.3802319E-10  8.1428450E-01
  ce141    141   6.1881297E-29  6.1881297E-29  0.0000000E+00  1.9871963E-29  0.0000000E+00  0.0000000E+00
  ce142    142   4.0988604E-10  4.6466075E-10  5.4774702E-11  1.4921668E-10  1.7590956E-11  9.2852795E-01
  pr141    141   2.3752492E-10  3.1159542E-10  7.4070500E-11  1.0006275E-10  2.3787824E-11  6.2391770E-01
  nd142    142   3.6520920E-10  4.6401591E-10  9.8806699E-11  1.4900960E-10  3.1731881E-11  6.7171842E-01
  nd143    143   9.2039466E-11  1.3627469E-10  4.4235220E-11  4.3761939E-11  1.4206190E-11  4.8861894E-01
  nd144    144   2.6709612E-10  3.5501224E-10  8.7916126E-11  1.1400521E-10  2.8234364E-11  6.0614669E-01
  nd145    145   4.8755701E-11  8.1447966E-11  3.2692266E-11  2.6155415E-11  1.0499158E-11  3.9640716E-01
  nd146    146   2.2462417E-10  2.8897212E-10  6.4347958E-11  9.2797721E-11  2.0665421E-11  6.5229309E-01
  nd147    147   2.4539841E-31  2.4539841E-31  0.0000000E+00  7.8804883E-32  0.0000000E+00  0.0000000E+00
  nd148    148   3.1717490E-11  5.3483988E-11  2.1766497E-11  1.7175332E-11  6.9903350E-12  3.9040715E-01
  pm147    147  -9.0845892E-17 -9.0845892E-17  0.0000000E+00 -2.9173373E-17  0.0000000E+00  0.0000000E+00
  pm148    148  -1.6043911E-35 -1.6043911E-35  0.0000000E+00 -5.1521869E-36  0.0000000E+00  0.0000000E+00
  sm147    147   2.6263169E-11  4.3783546E-11  1.7520378E-11  1.4060226E-11  5.6266888E-12  3.9773938E-01
  sm148    148   5.2743108E-11  6.5969834E-11  1.3226724E-11  2.1184917E-11  4.2477770E-12  6.9786507E-01
  sm149    149   9.1344085E-12  2.5507044E-11  1.6372636E-11  8.1910867E-12  5.2580900E-12  1.9251353E-01
  sm150    150   4.7313806E-11  5.6115643E-11  8.8018369E-12  1.8020438E-11  2.8267195E-12  8.0448258E-01
  sm151    151   3.2350395E-15  3.2350395E-15  0.0000000E+00  1.0388694E-15  0.0000000E+00  0.0000000E+00
  sm152    152   4.0242771E-11  7.2570873E-11  3.2328102E-11  2.3304711E-11  1.0382206E-11  3.5115406E-01
  eu151    151   5.4057366E-12  2.6731381E-11  2.1325644E-11  8.5842583E-12  6.8487546E-12  9.8091170E-02
  eu152    152   5.7165883E-19  5.7165883E-19  0.0000000E+00  1.8357701E-19  0.0000000E+00  0.0000000E+00
  eu153    153   5.8709704E-12  2.9459039E-11  2.3588069E-11  9.4601922E-12  7.5753353E-12  9.6498087E-02
  eu154    154  -7.4487945E-17 -7.4487945E-17  0.0000000E+00 -2.3920341E-17  0.0000000E+00  0.0000000E+00
  eu155    155  -1.7356137E-16 -1.7356137E-16  0.0000000E+00 -5.5735827E-17  0.0000000E+00  0.0000000E+00
  gd152    152  -2.0031042E-14  2.9136077E-13  3.1139181E-13  9.3564791E-14  1.0000383E-13 -2.8904179E-02
  gd153    153  -1.3240118E-26 -1.3240118E-26  0.0000000E+00 -4.2518039E-27  0.0000000E+00  0.0000000E+00
  gd154    154   4.8852615E-12  8.3240307E-12  3.4387692E-12  2.6730989E-12  1.1043645E-12  3.8390264E-01
  gd155    155   1.2291062E-11  3.5787848E-11  2.3496786E-11  1.1492565E-11  7.5460194E-12  1.8269902E-01
  gd156    156   3.0239394E-11  6.2948029E-11  3.2708634E-11  2.0214523E-11  1.0504414E-11  2.8429165E-01
  gd157    157   1.3724249E-11  3.8891088E-11  2.5166839E-11  1.2489110E-11  8.0823586E-12  1.8899339E-01
  gd158    158   6.1452593E-11  1.0165327E-10  4.0200680E-11  3.2643950E-11  1.2910494E-11  4.0285984E-01
  tb159    159   1.1860572E-11  4.2186064E-11  3.0325492E-11  1.3547226E-11  9.7390663E-12  1.4333306E-01
  dy160    160   2.3014046E-11  2.7602937E-11  4.5888922E-12  8.8641412E-12  1.4737278E-12  7.7921939E-01
  dy161    161   7.5018394E-12  4.4952563E-11  3.7450723E-11  1.4435633E-11  1.2027343E-11  7.9266161E-02
  dy162    162   4.0404950E-11  9.1227824E-11  5.0822874E-11  2.9296024E-11  1.6321822E-11  2.5404003E-01
  dy163    163   1.4998239E-11  6.4971528E-11  4.9973289E-11  2.0864331E-11  1.6048978E-11  1.1395712E-01
  dy164    164   8.3433788E-11  1.4050752E-10  5.7073731E-11  4.5121233E-11  1.8329293E-11  3.9123526E-01
  ho165    165   1.2731895E-11  5.7185916E-11  4.4454020E-11  1.8364133E-11  1.4276458E-11  1.0934994E-01
  er166    166   3.2877034E-11  7.5106990E-11  4.2229956E-11  2.4119136E-11  1.3562198E-11  2.5003168E-01
  er167    167   1.2486966E-11  4.1486568E-11  2.8999601E-11  1.3322596E-11  9.3132550E-12  1.5548742E-01
  er168    168   5.2451730E-11  8.6866625E-11  3.4414895E-11  2.7895511E-11  1.1052383E-11  4.0207839E-01
  er169    169   1.0937025E-31  1.0937025E-31  0.0000000E+00  3.5122108E-32  0.0000000E+00  0.0000000E+00
  er170    170   1.8549308E-11  3.7795895E-11  1.9246587E-11  1.2137409E-11  6.1810630E-12  2.9306284E-01
  tm169    169   1.2515390E-11  3.2853623E-11  2.0338233E-11  1.0550296E-11  6.5316463E-12  2.0824197E-01
  tm170    170  -3.9591761E-23 -3.9591761E-23  0.0000000E+00 -1.2714117E-23  0.0000000E+00  0.0000000E+00
  tm171    171  -3.1036942E-17 -3.1036942E-17  0.0000000E+00 -9.9669043E-18  0.0000000E+00  0.0000000E+00
  yb170    170   1.6287728E-11  2.0134377E-11  3.8466496E-12  6.4657598E-12  1.2353558E-12  7.1882749E-01
  yb171    171   2.5088310E-11  4.3383408E-11  1.8295098E-11  1.3931730E-11  5.8754911E-12  3.7496090E-01
  yb172    172   6.4773104E-11  9.3100652E-11  2.8327545E-11  2.9897446E-11  9.0974225E-12  5.1671571E-01
  yb173    173   2.9417548E-11  5.0566835E-11  2.1149287E-11  1.6238547E-11  6.7921172E-12  3.7854201E-01
  yb174    174   1.3487647E-10  1.7719547E-10  4.2318989E-11  5.6902844E-11  1.3590791E-11  6.2188929E-01
  lu175    175   1.6615083E-11  3.5715216E-11  1.9100133E-11  1.1469240E-11  6.1340290E-12  2.7178887E-01
  lu176    176   1.3566959E-11  1.4124479E-11  5.5752039E-13  4.5357993E-12  1.7904829E-13  1.4036838E+00
  lu177    177   8.7300174E-33  8.7300174E-33  0.0000000E+00  2.8034738E-33  0.0000000E+00  0.0000000E+00
  hf176    176  -3.6907023E-13  3.9206780E-12  4.2897482E-12  1.2590487E-12  1.3776574E-12 -3.9098710E-02
  hf177    177   1.3666955E-11  2.9085713E-11  1.5418758E-11  9.3403054E-12  4.9517512E-12  2.7560228E-01
  hf178    178   6.4982554E-11  8.7731440E-11  2.2748888E-11  2.8173229E-11  7.3058313E-12  5.8616704E-01
  hf179    179   2.2661416E-11  3.4083486E-11  1.1422070E-11  1.0945242E-11  3.6682107E-12  4.7477111E-01
  hf180    180   1.2469743E-10  1.5427752E-10  2.9580088E-11  4.9543196E-11  9.4996788E-12  7.1727514E-01
  ta181    181   2.4623895E-11  3.7156726E-11  1.2532831E-11  1.1932153E-11  4.0249327E-12  4.7196019E-01
  ta182    182   5.9239980E-29  5.9239980E-29  0.0000000E+00  1.9023757E-29  0.0000000E+00  0.0000000E+00
  ta183    183   0.0000000E+00  0.0000000E+00  0.0000000E+00  0.0000000E+00  0.0000000E+00  0.0000000E+00
   w182    182   4.7486647E-11  6.7153796E-11  1.9667150E-11  2.1565123E-11  6.3161269E-12  5.3330112E-01
   w183    183   2.7873254E-11  3.8551776E-11  1.0678522E-11  1.2380146E-11  3.4294195E-12  5.5750519E-01
   w184    184   7.3986317E-11  9.6974914E-11  2.2988601E-11  3.1141589E-11  7.3828148E-12  6.2511879E-01
   w185    185  -9.8510164E-26 -9.8510164E-26  0.0000000E+00 -3.1634604E-26  0.0000000E+00  0.0000000E+00
   w186    186   6.0532447E-11  8.2095740E-11  2.1563295E-11  2.6363436E-11  6.9250764E-12  5.8057743E-01
  re185    185   1.4318855E-11  2.5278604E-11  1.0959749E-11  8.1177270E-12  3.5197353E-12  3.6292443E-01
  re186    186   1.7379911E-34  1.7379911E-34  0.0000000E+00  5.5812173E-35  0.0000000E+00  0.0000000E+00
  re187    187   8.7231940E-12  2.8709616E-11  1.9986422E-11  9.2195297E-12  6.4186616E-12  1.5726429E-01
  os186    186   2.5085052E-11  3.1159582E-11  6.0745298E-12  1.0006288E-11  1.9508420E-12  7.1005094E-01
  os187    187   7.3924911E-12  1.2249875E-11  4.8573836E-12  3.9338068E-12  1.5599541E-12  4.0170121E-01
  os188    188   4.7024391E-11  9.8267450E-11  5.1243058E-11  3.1556664E-11  1.6456767E-11  2.8274655E-01
  os189    189   8.5492446E-12  7.1359516E-11  6.2810271E-11  2.2915708E-11  2.0171590E-11  5.5393115E-02
  os190    190   5.7074512E-11  1.5975873E-10  1.0268422E-10  5.1303382E-11  3.2977156E-11  1.9193283E-01
  os191    191   3.2239390E-30  3.2239390E-30  0.0000000E+00  1.0353047E-30  0.0000000E+00  0.0000000E+00
  os192    192   4.2877646E-12  1.6544641E-10  1.6115864E-10  5.3129865E-11  5.1756280E-11  1.1375693E-02
  ir191    191   2.6211394E-12  1.3850392E-10  1.3588278E-10  4.4477814E-11  4.3638908E-11  8.2695605E-03
  ir192    192   6.3134395E-27  6.3134395E-27  0.0000000E+00  2.0274370E-27  0.0000000E+00  0.0000000E+00
  ir193    193  -2.3442498E-12  2.2846404E-10  2.3080829E-10  7.3366743E-11  7.4124346E-11 -4.4616098E-03
  pt192    192   1.6576757E-11  2.2290763E-11  5.7140048E-12  7.1582410E-12  1.8350590E-12  5.9115630E-01
  pt193    193   1.0378733E-15  1.0378733E-15  0.0000000E+00  3.3329262E-16  0.0000000E+00  0.0000000E+00
  pt194    194   3.6886993E-11  2.8028166E-10  2.4339467E-10  9.0006953E-11  7.8166466E-11  6.1255578E-02
  pt195    195   2.2575553E-12  2.5331875E-10  2.5106120E-10  8.1348345E-11  8.0628587E-11  3.8596878E-03
  pt196    196   8.4800125E-11  2.7308150E-10  1.8828138E-10  8.7694761E-11  6.0466777E-11  1.6145682E-01
  au197    197   2.3250367E-11  1.3672294E-10  1.1347257E-10  4.3905886E-11  3.6441843E-11  8.0922440E-02
  hg198    198   1.0773808E-10  1.3439447E-10  2.6656382E-11  4.3158144E-11  8.5607268E-12  7.0255220E-01
  hg199    199   4.4243248E-11  8.9574063E-11  4.5330815E-11  2.8764952E-11  1.4558042E-11  2.9576069E-01
  hg200    200   1.4823917E-10  2.1062227E-10  6.2383092E-11  6.7637208E-11  2.0034399E-11  5.2840936E-01
  hg201    201   6.0053344E-11  9.5825771E-11  3.5772427E-11  3.0772565E-11  1.1488355E-11  4.2790589E-01
  hg202    202   2.1835934E-10  2.9980565E-10  8.1446308E-11  9.6276702E-11  2.6156573E-11  5.6594038E-01
  tl203    203   1.1667450E-10  1.4889143E-10  3.2216927E-11  4.7813559E-11  1.0346502E-11  6.6475755E-01
  tl204    204  -4.9469752E-16 -4.9469752E-16  0.0000000E+00 -1.5886239E-16  0.0000000E+00  0.0000000E+00
  tl205    205   2.5225838E-10  3.2992256E-10  7.7664181E-11  1.0594815E-10  2.4941937E-11  6.2816322E-01
  pb204    204   7.3599300E-11  1.1437756E-10  4.0778256E-11  3.6730105E-11  1.3095982E-11  4.4788414E-01
  pb205    205   0.0000000E+00  0.0000000E+00  0.0000000E+00  0.0000000E+00  0.0000000E+00  0.0000000E+00
  pb206    206   7.2905360E-10  1.1122256E-09  3.8317205E-10  3.5716943E-10  1.2305613E-10  4.6277103E-01
  pb207    207   7.4280282E-10  1.1688803E-09  4.2607748E-10  3.7536296E-10  1.3683527E-10  4.3825340E-01
  pb208    208   1.5626008E-09  2.7880445E-09  1.2254436E-09  8.9532576E-10  3.9355261E-10  3.5697830E-01
  bi209    209   7.6688822E-11  1.6191548E-10  8.5226659E-11  5.1995977E-11  2.7370635E-11  2.7868488E-01
  bi210    210   0.0000000E+00  0.0000000E+00  0.0000000E+00  0.0000000E+00  0.0000000E+00  0.0000000E+00
  po210    210   0.0000000E+00  0.0000000E+00  0.0000000E+00  0.0000000E+00  0.0000000E+00  0.0000000E+00
