#
# Initial mass = 2.250, Z =  0.0010, Y =  0.250, M_mix = 1.00E-03
#
# Initial abundances
# El  Z   log e(X)   [X/H]    [X/Fe]     [X/O]      X(i)
  p   1  12.000000  0.000000  0.000000  0.000000 7.54980E-01
 he   2  10.921398 -0.008602  1.157460  1.163334 2.50184E-01
  c   6   7.303931 -1.166070 -0.000007  0.005867 1.81128E-04
  n   7   6.703941 -1.166059  0.000004  0.005877 5.30593E-05
  o   8   7.558064 -1.171936 -0.005874  0.000000 4.33143E-04
  f   9   3.293932 -1.166068 -0.000006  0.005868 2.79972E-08
 ne  10   6.803936 -1.166064 -0.000002  0.005872 9.62348E-05
 na  11   5.143951 -1.166049  0.000013  0.005887 2.39864E-06
 mg  12   6.473934 -1.166066 -0.000003  0.005870 5.42132E-05
 al  13   5.303940 -1.166060  0.000002  0.005876 4.06902E-06
 si  14   6.383940 -1.166060  0.000002  0.005876 5.09220E-05
  p  15   4.303940 -1.166060  0.000002  0.005876 4.67103E-07
  s  16   5.993938 -1.166061  0.000001  0.005875 2.36835E-05
 cl  17   4.063938 -1.166062  0.000000  0.005874 3.07656E-07
 ar  18   5.273932 -1.166068 -0.000006  0.005868 5.62215E-06
  k  19   3.913364 -1.166636 -0.000573  0.005301 2.39880E-07
 ca  20   5.123924 -1.166076 -0.000014  0.005860 3.99305E-06
 sc  21   1.883937 -1.166063 -0.000001  0.005873 2.57751E-09
 ti  22   3.743938 -1.166061  0.000001  0.005875 1.98816E-07
  v  23   2.792850 -1.167150 -0.001087  0.004786 2.36811E-08
 cr  24   4.454648 -1.185352 -0.019290 -0.013416 1.10941E-06
 mn  25   4.313944 -1.166056  0.000006  0.005880 8.47798E-07
 fe  26   6.373938 -1.166062  0.000000  0.005874 9.89458E-05
 co  27   3.703936 -1.166064 -0.000002  0.005872 2.23239E-07
 ni  28   5.033941 -1.166059  0.000004  0.005877 4.75338E-06
 cu  29   3.083939 -1.166061  0.000001  0.005875 5.77434E-08
 zn  30   3.463943 -1.166058  0.000005  0.005878 1.42579E-07
 ga  31   1.913939 -1.166061  0.000001  0.005875 4.28342E-09
 ge  32   2.379563 -1.200437 -0.034374 -0.028501 1.30381E-08
 as  33   1.133936 -1.166064 -0.000002  0.005872 7.63871E-10
 se  34   2.130011 -1.209989 -0.043927 -0.038053 7.97799E-09
 br  35   1.373946 -1.166054  0.000009  0.005882 1.41576E-09
 kr  36   2.082365 -1.167635 -0.001573  0.004301 7.58708E-09
 rb  37   1.193951 -1.166049  0.000013  0.005887 1.00053E-09
 sr  38   1.711506 -1.168494 -0.002432  0.003442 3.37742E-09
  y  39   1.003958 -1.166042  0.000020  0.005894 6.71992E-10
 zr  40   1.363939 -1.166061  0.000002  0.005875 1.57952E-09
 nb  41   0.243948 -1.166052  0.000010  0.005884 1.22030E-10
 mo  42   0.652756 -1.287244 -0.121182 -0.115308 3.23021E-10
 tc  43   0.000000 -9.000000  0.000000  0.000000 0.00000E+00
 ru  44   0.462992 -1.297008 -0.130946 -0.125072 2.19831E-10
 rh  45  -0.106061 -1.166061  0.000001  0.005875 6.03747E-11
 pd  46   0.424754 -1.225246 -0.059183 -0.053310 2.11959E-10
 ag  47   0.033937 -1.166063  0.000000  0.005873 8.73586E-11
 cd  48   0.504217 -1.205783 -0.039721 -0.033847 2.68845E-10
 in  49  -0.425103 -1.185103 -0.019041 -0.013167 3.23134E-11
 sn  50   0.841505 -1.228495 -0.062433 -0.056559 6.17259E-10
 sb  51  -0.398594 -1.408594 -0.242532 -0.236658 3.64239E-11
 te  52   0.546565 -1.633435 -0.467373 -0.461499 3.36428E-10
  i  53   0.383932 -1.166068 -0.000005  0.005868 2.30082E-10
 xe  54   1.036857 -1.203143 -0.037081 -0.031207 1.07047E-09
 cs  55  -0.086061 -1.166062  0.000001  0.005875 8.16499E-11
 ba  56   1.013040 -1.166960 -0.000898  0.004976 1.05991E-09
 la  57   0.003547 -1.166453 -0.000391  0.005483 1.04892E-10
 ce  58   0.412037 -1.167963 -0.001901  0.003973 2.71019E-10
 pr  59  -0.406061 -1.166061  0.000001  0.005875 4.14334E-11
 nd  60   0.258936 -1.191064 -0.025002 -0.019128 1.96109E-10
 pm  61   0.000000 -9.000000  0.000000  0.000000 0.00000E+00
 sm  62  -0.355770 -1.295770 -0.129708 -0.123834 4.96407E-11
 eu  63  -0.656059 -1.166059  0.000003  0.005877 2.51279E-11
 gd  64  -0.116060 -1.166060  0.000002  0.005876 9.01584E-11
 tb  65  -0.846056 -1.166056  0.000006  0.005880 1.69673E-11
 dy  66  -0.036716 -1.166716 -0.000653  0.005221 1.11844E-10
 ho  67  -0.696060 -1.166060  0.000002  0.005876 2.48722E-11
 er  68  -0.253684 -1.173684 -0.007622 -0.001748 6.98524E-11
 tm  69  -1.046062 -1.166062  0.000001  0.005875 1.13797E-11
 yb  70  -0.307090 -1.227090 -0.061028 -0.055154 6.39047E-11
 lu  71  -1.076061 -1.166061  0.000001  0.005875 1.09994E-11
 hf  72  -0.456772 -1.166772 -0.000710  0.005164 4.67002E-11
 ta  73  -1.286115 -1.166115 -0.000052  0.005821 7.01318E-12
  w  74  -0.516582 -1.166582 -0.000520  0.005354 4.19115E-11
 re  75  -0.906063 -1.166063 -0.000001  0.005873 1.73145E-11
 os  76   0.183854 -1.166146 -0.000084  0.005790 2.17575E-10
 ir  77   0.153940 -1.166060  0.000003  0.005876 2.05215E-10
 pt  78   0.421599 -1.198401 -0.032338 -0.026465 3.85730E-10
 au  79  -0.366059 -1.166059  0.000003  0.005877 6.35054E-11
 hg  80  -0.027678 -1.197677 -0.031615 -0.025741 1.40964E-10
 tl  81  -0.396061 -1.166061  0.000001  0.005875 6.14979E-11
 pb  82   0.873936 -1.166064 -0.000002  0.005872 1.16092E-09
 bi  83  -0.516058 -1.166058  0.000004  0.005878 4.77004E-11
 po  84   0.000000 -9.000000  0.000000  0.000000 0.00000E+00
#[ls/Fe]_Thiswork =  -0.0008, [hs/Fe]_Thiswork =  -0.0011
#[hs/ls]_Thiswork =  -0.0003, [Pb/hs]_Thiswork =   0.0011
# Elemental abundance ratios: 
# He/H =  8.3445E-02, C/O =  5.5702E-01, N/O = 1.39919E-01
#
#
# During TP-AGB
#  TP   Mass     Mcore    Menv    log L
#  1 2.228383 0.643882 1.584501 3.742357
# El  Z   log e(X)   [X/H]    [X/Fe]     [X/O]      X(i)
  p   1  12.000000  0.000000  0.000000  0.000000 7.41646E-01
 he   2  10.951601  0.021601  1.187663  1.193537 2.63465E-01
  c   6   7.011704 -1.458296 -0.292233 -0.286360 9.07861E-05
  n   7   7.206845 -0.663155  0.502907  0.508781 1.65930E-04
  o   8   7.557110 -1.172889 -0.006827  0.000000 4.24560E-04
  f   9   3.260918 -1.199082 -0.033020 -0.026193 2.54895E-08
 ne  10   6.806176 -1.163824  0.002239  0.009066 9.50240E-05
 na  11   5.348996 -0.961004  0.205058  0.211885 3.77808E-06
 mg  12   6.481659 -1.158341  0.007721  0.014548 5.42114E-05
 al  13   5.311892 -1.158108  0.007954  0.014781 4.07100E-06
 si  14   6.391680 -1.158320  0.007742  0.014569 5.09220E-05
  p  15   4.311679 -1.158320  0.007742  0.014569 4.67103E-07
  s  16   6.001678 -1.158322  0.007740  0.014567 2.36835E-05
 cl  17   4.071677 -1.158323  0.007739  0.014566 3.07656E-07
 ar  18   5.281672 -1.158329  0.007734  0.014561 5.62215E-06
  k  19   3.921085 -1.158915  0.007148  0.013975 2.39870E-07
 ca  20   5.131664 -1.158336  0.007727  0.014554 3.99306E-06
 sc  21   1.891677 -1.158323  0.007739  0.014566 2.57751E-09
 ti  22   3.751678 -1.158321  0.007741  0.014568 1.98816E-07
  v  23   2.800591 -1.159410  0.006653  0.013480 2.36811E-08
 cr  24   4.462387 -1.177613 -0.011550 -0.004724 1.10941E-06
 mn  25   4.321683 -1.158317  0.007746  0.014573 8.47798E-07
 fe  26   6.381677 -1.158323  0.000000  0.014566 9.89458E-05
 co  27   3.711676 -1.158324 -0.000001  0.014565 2.23239E-07
 ni  28   5.041681 -1.158319  0.000004  0.014570 4.75338E-06
 cu  29   3.091678 -1.158322  0.000001  0.014567 5.77434E-08
 zn  30   3.471683 -1.158318  0.000006  0.014572 1.42579E-07
 ga  31   1.921679 -1.158321  0.000002  0.014568 4.28342E-09
 ge  32   2.387302 -1.192698 -0.034374 -0.019808 1.30381E-08
 as  33   1.141675 -1.158325 -0.000002  0.014564 7.63871E-10
 se  34   2.137751 -1.202249 -0.043926 -0.029360 7.97799E-09
 br  35   1.381686 -1.158314  0.000010  0.014575 1.41576E-09
 kr  36   2.090105 -1.159895 -0.001572  0.012994 7.58708E-09
 rb  37   1.200578 -1.159422 -0.001099  0.013467 9.97971E-10
 sr  38   1.719583 -1.160418 -0.002094  0.012472 3.38004E-09
  y  39   1.011697 -1.158303  0.000020  0.014586 6.71992E-10
 zr  40   1.371679 -1.158321  0.000003  0.014569 1.57952E-09
 nb  41   0.251687 -1.158313  0.000010  0.014576 1.22030E-10
 mo  42   0.660495 -1.279505 -0.121182 -0.106616 3.23021E-10
 tc  43   0.000000 -9.000000  0.000000  0.000000 9.02085E-26
 ru  44   0.470731 -1.289269 -0.130946 -0.116380 2.19831E-10
 rh  45  -0.098321 -1.158321  0.000002  0.014568 6.03747E-11
 pd  46   0.432493 -1.217507 -0.059183 -0.044618 2.11959E-10
 ag  47   0.041677 -1.158323  0.000001  0.014567 8.73586E-11
 cd  48   0.511956 -1.198044 -0.039721 -0.025155 2.68845E-10
 in  49  -0.417363 -1.177363 -0.019040 -0.004474 3.23134E-11
 sn  50   0.849244 -1.220756 -0.062433 -0.047867 6.17260E-10
 sb  51  -0.390854 -1.400854 -0.242531 -0.227965 3.64239E-11
 te  52   0.554305 -1.625695 -0.467372 -0.452806 3.36428E-10
  i  53   0.391672 -1.158328 -0.000005  0.014561 2.30082E-10
 xe  54   1.044596 -1.195404 -0.037081 -0.022515 1.07047E-09
 cs  55  -0.078321 -1.158321  0.000002  0.014568 8.16499E-11
 ba  56   1.020779 -1.159221 -0.000898  0.013668 1.05991E-09
 la  57   0.011287 -1.158713 -0.000390  0.014176 1.04892E-10
 ce  58   0.419776 -1.160224 -0.001901  0.012665 2.71019E-10
 pr  59  -0.398321 -1.158321  0.000002  0.014568 4.14334E-11
 nd  60   0.266675 -1.183325 -0.025002 -0.010436 1.96109E-10
 pm  61   0.000000 -9.000000  0.000000  0.000000 0.00000E+00
 sm  62  -0.348030 -1.288030 -0.129707 -0.115141 4.96407E-11
 eu  63  -0.648320 -1.158320  0.000003  0.014569 2.51279E-11
 gd  64  -0.108320 -1.158320  0.000003  0.014569 9.01584E-11
 tb  65  -0.838317 -1.158317  0.000006  0.014572 1.69673E-11
 dy  66  -0.028975 -1.158975 -0.000652  0.013914 1.11844E-10
 ho  67  -0.688321 -1.158321  0.000002  0.014568 2.48722E-11
 er  68  -0.245944 -1.165944 -0.007621  0.006945 6.98524E-11
 tm  69  -1.038322 -1.158322  0.000001  0.014567 1.13797E-11
 yb  70  -0.299350 -1.219350 -0.061027 -0.046461 6.39047E-11
 lu  71  -1.068463 -1.158463 -0.000140  0.014426 1.09958E-11
 hf  72  -0.448997 -1.158998 -0.000674  0.013892 4.67038E-11
 ta  73  -1.278375 -1.158375 -0.000051  0.014515 7.01318E-12
  w  74  -0.508843 -1.158843 -0.000520  0.014046 4.19115E-11
 re  75  -0.901285 -1.161285 -0.002962  0.011604 1.71968E-11
 os  76   0.191833 -1.158167  0.000157  0.014723 2.17695E-10
 ir  77   0.161680 -1.158320  0.000003  0.014569 2.05215E-10
 pt  78   0.429339 -1.190661 -0.032337 -0.017771 3.85730E-10
 au  79  -0.358319 -1.158319  0.000004  0.014570 6.35054E-11
 hg  80  -0.019938 -1.189937 -0.031614 -0.017048 1.40964E-10
 tl  81  -0.388321 -1.158321  0.000002  0.014568 6.14979E-11
 pb  82   0.881675 -1.158325 -0.000002  0.014564 1.16092E-09
 bi  83  -0.508318 -1.158318  0.000005  0.014571 4.77004E-11
 po  84   0.000000 -9.000000  0.000000  0.000000 1.11361E-25
#[ls/Fe]_Thiswork =  -0.0007, [hs/Fe]_Thiswork =  -0.0011
#[hs/ls]_Thiswork =  -0.0004, [Pb/hs]_Thiswork =   0.0011
# Elemental abundance ratios: 
# He/H =  8.9454E-02, C/O =  2.8484E-01, N/O = 4.46410E-01
#
#  TP   Mass     Mcore    Menv    log L
#  2 2.228381 0.648272 1.580109 3.786636
# El  Z   log e(X)   [X/H]    [X/Fe]     [X/O]      X(i)
  p   1  12.000000  0.000000  0.000000  0.000000 7.41616E-01
 he   2  10.951668  0.021667  1.179991  1.194557 2.63495E-01
  c   6   7.011551 -1.458449 -0.300126 -0.285560 9.07505E-05
  n   7   7.207237 -0.662763  0.495561  0.510127 1.66074E-04
  o   8   7.557009 -1.172990 -0.014667  0.000000 4.24444E-04
  f   9   3.260773 -1.199227 -0.040904 -0.026237 2.54800E-08
 ne  10   6.806184 -1.163815 -0.005492  0.009175 9.50219E-05
 na  11   5.349283 -0.960717  0.197607  0.212274 3.78042E-06
 mg  12   6.481675 -1.158325 -0.000001  0.014666 5.42112E-05
 al  13   5.311931 -1.158069  0.000255  0.014922 4.07121E-06
 si  14   6.391697 -1.158303  0.000021  0.014688 5.09220E-05
  p  15   4.311697 -1.158302  0.000021  0.014688 4.67103E-07
  s  16   6.001696 -1.158304  0.000019  0.014686 2.36835E-05
 cl  17   4.071695 -1.158305  0.000018  0.014685 3.07656E-07
 ar  18   5.281689 -1.158311  0.000012  0.014679 5.62215E-06
  k  19   3.921103 -1.158897 -0.000574  0.014093 2.39870E-07
 ca  20   5.131682 -1.158318  0.000005  0.014672 3.99306E-06
 sc  21   1.891695 -1.158305  0.000018  0.014685 2.57751E-09
 ti  22   3.751696 -1.158304  0.000019  0.014686 1.98816E-07
  v  23   2.800608 -1.159392 -0.001069  0.013598 2.36811E-08
 cr  24   4.462405 -1.177595 -0.019272 -0.004605 1.10941E-06
 mn  25   4.321701 -1.158299  0.000024  0.014691 8.47798E-07
 fe  26   6.381695 -1.158305  0.000000  0.014685 9.89458E-05
 co  27   3.711693 -1.158307 -0.000002  0.014683 2.23239E-07
 ni  28   5.041698 -1.158301  0.000004  0.014689 4.75338E-06
 cu  29   3.091696 -1.158304  0.000001  0.014686 5.77434E-08
 zn  30   3.471701 -1.158299  0.000006  0.014691 1.42579E-07
 ga  31   1.921696 -1.158304  0.000001  0.014686 4.28342E-09
 ge  32   2.387321 -1.192679 -0.034374 -0.019689 1.30381E-08
 as  33   1.141692 -1.158308 -0.000003  0.014683 7.63871E-10
 se  34   2.137769 -1.202231 -0.043926 -0.029241 7.97799E-09
 br  35   1.381703 -1.158297  0.000009  0.014694 1.41576E-09
 kr  36   2.090122 -1.159878 -0.001573  0.013113 7.58708E-09
 rb  37   1.200596 -1.159404 -0.001099  0.013586 9.97970E-10
 sr  38   1.719600 -1.160400 -0.002095  0.012590 3.38004E-09
  y  39   1.011715 -1.158285  0.000020  0.014705 6.71992E-10
 zr  40   1.371696 -1.158303  0.000002  0.014687 1.57952E-09
 nb  41   0.251705 -1.158295  0.000010  0.014696 1.22030E-10
 mo  42   0.660513 -1.279487 -0.121182 -0.106497 3.23021E-10
 tc  43   0.000000 -9.000000  0.000000  0.000000 3.38286E-25
 ru  44   0.470749 -1.289251 -0.130946 -0.116261 2.19831E-10
 rh  45  -0.098304 -1.158304  0.000001  0.014687 6.03747E-11
 pd  46   0.432511 -1.217489 -0.059183 -0.044498 2.11959E-10
 ag  47   0.041695 -1.158305  0.000000  0.014685 8.73586E-11
 cd  48   0.511974 -1.198026 -0.039721 -0.025035 2.68845E-10
 in  49  -0.417346 -1.177346 -0.019041 -0.004356 3.23134E-11
 sn  50   0.849262 -1.220738 -0.062433 -0.047747 6.17260E-10
 sb  51  -0.390836 -1.400836 -0.242531 -0.227845 3.64239E-11
 te  52   0.554322 -1.625678 -0.467373 -0.452688 3.36428E-10
  i  53   0.391690 -1.158310 -0.000005  0.014681 2.30082E-10
 xe  54   1.044613 -1.195387 -0.037082 -0.022397 1.07047E-09
 cs  55  -0.078304 -1.158304  0.000001  0.014686 8.16499E-11
 ba  56   1.020797 -1.159203 -0.000898  0.013787 1.05991E-09
 la  57   0.011304 -1.158696 -0.000391  0.014294 1.04892E-10
 ce  58   0.419794 -1.160206 -0.001901  0.012784 2.71019E-10
 pr  59  -0.398304 -1.158304  0.000001  0.014686 4.14334E-11
 nd  60   0.266693 -1.183307 -0.025002 -0.010317 1.96109E-10
 pm  61   0.000000 -9.000000  0.000000  0.000000 0.00000E+00
 sm  62  -0.348013 -1.288013 -0.129708 -0.115023 4.96407E-11
 eu  63  -0.648302 -1.158302  0.000003  0.014688 2.51279E-11
 gd  64  -0.108303 -1.158303  0.000002  0.014687 9.01584E-11
 tb  65  -0.838299 -1.158299  0.000006  0.014692 1.69673E-11
 dy  66  -0.028958 -1.158958 -0.000653  0.014032 1.11844E-10
 ho  67  -0.688303 -1.158303  0.000002  0.014687 2.48722E-11
 er  68  -0.245927 -1.165927 -0.007622  0.007063 6.98524E-11
 tm  69  -1.038304 -1.158304  0.000001  0.014686 1.13797E-11
 yb  70  -0.299333 -1.219333 -0.061028 -0.046342 6.39047E-11
 lu  71  -1.068446 -1.158446 -0.000141  0.014544 1.09958E-11
 hf  72  -0.448979 -1.158979 -0.000674  0.014011 4.67038E-11
 ta  73  -1.278358 -1.158358 -0.000052  0.014633 7.01318E-12
  w  74  -0.508825 -1.158825 -0.000520  0.014165 4.19115E-11
 re  75  -0.901268 -1.161268 -0.002963  0.011722 1.71967E-11
 os  76   0.191852 -1.158148  0.000157  0.014842 2.17695E-10
 ir  77   0.161698 -1.158302  0.000003  0.014689 2.05215E-10
 pt  78   0.429358 -1.190642 -0.032337 -0.017652 3.85730E-10
 au  79  -0.358301 -1.158301  0.000004  0.014689 6.35054E-11
 hg  80  -0.019919 -1.189919 -0.031614 -0.016929 1.40964E-10
 tl  81  -0.388303 -1.158303  0.000002  0.014688 6.14979E-11
 pb  82   0.881693 -1.158307 -0.000002  0.014683 1.16092E-09
 bi  83  -0.508301 -1.158301  0.000004  0.014690 4.77004E-11
 po  84   0.000000 -9.000000  0.000000  0.000000 1.20512E-25
#[ls/Fe]_Thiswork =  -0.0007, [hs/Fe]_Thiswork =  -0.0011
#[hs/ls]_Thiswork =  -0.0004, [Pb/hs]_Thiswork =   0.0011
# Elemental abundance ratios: 
# He/H =  8.9468E-02, C/O =  2.8480E-01, N/O = 4.46919E-01
#
#  TP   Mass     Mcore    Menv    log L
#  3 2.228378 0.653360 1.575017 3.832265
# El  Z   log e(X)   [X/H]    [X/Fe]     [X/O]      X(i)
  p   1  12.000000  0.000000  0.000000  0.000000 7.41443E-01
 he   2  10.952051  0.022051  1.180356  1.195041 2.63666E-01
  c   6   7.011523 -1.458477 -0.300172 -0.285487 9.07233E-05
  n   7   7.207802 -0.662198  0.496107  0.510792 1.66251E-04
  o   8   7.556940 -1.173059 -0.014754  0.000000 4.24278E-04
  f   9   3.260678 -1.199322 -0.041017 -0.026262 2.54685E-08
 ne  10   6.806241 -1.163759 -0.005454  0.009301 9.50122E-05
 na  11   5.349561 -0.960439  0.197866  0.212621 3.78197E-06
 mg  12   6.481692 -1.158308 -0.000003  0.014751 5.42007E-05
 al  13   5.314135 -1.155865  0.002440  0.017195 4.09097E-06
 si  14   6.391827 -1.158173  0.000132  0.014886 5.09254E-05
  p  15   4.311798 -1.158202  0.000103  0.014858 4.67103E-07
  s  16   6.001797 -1.158203  0.000102  0.014856 2.36834E-05
 cl  17   4.071805 -1.158195  0.000110  0.014864 3.07663E-07
 ar  18   5.281790 -1.158210  0.000095  0.014850 5.62215E-06
  k  19   3.921204 -1.158796 -0.000491  0.014263 2.39870E-07
 ca  20   5.131783 -1.158217  0.000088  0.014843 3.99306E-06
 sc  21   1.891796 -1.158204  0.000101  0.014856 2.57751E-09
 ti  22   3.751797 -1.158203  0.000102  0.014856 1.98816E-07
  v  23   2.800709 -1.159291 -0.000986  0.013768 2.36811E-08
 cr  24   4.462506 -1.177494 -0.019189 -0.004435 1.10941E-06
 mn  25   4.321802 -1.158198  0.000107  0.014862 8.47798E-07
 fe  26   6.381796 -1.158204  0.000000  0.014855 9.89458E-05
 co  27   3.711794 -1.158206 -0.000002  0.014853 2.23239E-07
 ni  28   5.041800 -1.158200  0.000004  0.014859 4.75338E-06
 cu  29   3.091797 -1.158203  0.000001  0.014856 5.77434E-08
 zn  30   3.471802 -1.158198  0.000006  0.014861 1.42579E-07
 ga  31   1.921797 -1.158203  0.000001  0.014856 4.28342E-09
 ge  32   2.387422 -1.192578 -0.034374 -0.019519 1.30381E-08
 as  33   1.141793 -1.158207 -0.000003  0.014853 7.63871E-10
 se  34   2.137870 -1.202130 -0.043926 -0.029071 7.97799E-09
 br  35   1.381804 -1.158195  0.000009  0.014864 1.41576E-09
 kr  36   2.090223 -1.159777 -0.001573  0.013283 7.58708E-09
 rb  37   1.200697 -1.159303 -0.001099  0.013757 9.97970E-10
 sr  38   1.719701 -1.160299 -0.002095  0.012760 3.38004E-09
  y  39   1.011816 -1.158184  0.000020  0.014875 6.71992E-10
 zr  40   1.371798 -1.158202  0.000002  0.014857 1.57952E-09
 nb  41   0.251806 -1.158194  0.000010  0.014866 1.22030E-10
 mo  42   0.660614 -1.279386 -0.121182 -0.106327 3.23021E-10
 tc  43   0.000000 -9.000000  0.000000  0.000000 1.32720E-20
 ru  44   0.470850 -1.289150 -0.130946 -0.116091 2.19831E-10
 rh  45  -0.098203 -1.158203  0.000001  0.014857 6.03747E-11
 pd  46   0.432612 -1.217388 -0.059183 -0.044328 2.11959E-10
 ag  47   0.041796 -1.158204  0.000000  0.014855 8.73586E-11
 cd  48   0.512075 -1.197925 -0.039721 -0.024865 2.68845E-10
 in  49  -0.417245 -1.177245 -0.019041 -0.004185 3.23134E-11
 sn  50   0.849363 -1.220637 -0.062433 -0.047577 6.17260E-10
 sb  51  -0.390735 -1.400735 -0.242531 -0.227675 3.64239E-11
 te  52   0.554423 -1.625577 -0.467373 -0.452517 3.36428E-10
  i  53   0.391791 -1.158209 -0.000005  0.014851 2.30082E-10
 xe  54   1.044714 -1.195286 -0.037082 -0.022227 1.07047E-09
 cs  55  -0.078203 -1.158203  0.000001  0.014856 8.16499E-11
 ba  56   1.020898 -1.159102 -0.000898  0.013957 1.05991E-09
 la  57   0.011405 -1.158595 -0.000391  0.014464 1.04892E-10
 ce  58   0.419895 -1.160105 -0.001901  0.012955 2.71019E-10
 pr  59  -0.398203 -1.158203  0.000001  0.014857 4.14334E-11
 nd  60   0.266794 -1.183206 -0.025002 -0.010146 1.96109E-10
 pm  61   0.000000 -9.000000  0.000000  0.000000 0.00000E+00
 sm  62  -0.347912 -1.287912 -0.129708 -0.114852 4.96407E-11
 eu  63  -0.648201 -1.158201  0.000003  0.014858 2.51279E-11
 gd  64  -0.108202 -1.158202  0.000002  0.014858 9.01584E-11
 tb  65  -0.838198 -1.158198  0.000006  0.014862 1.69673E-11
 dy  66  -0.028857 -1.158857 -0.000653  0.014202 1.11844E-10
 ho  67  -0.688202 -1.158202  0.000002  0.014858 2.48722E-11
 er  68  -0.245826 -1.165826 -0.007622  0.007234 6.98524E-11
 tm  69  -1.038203 -1.158203  0.000001  0.014856 1.13797E-11
 yb  70  -0.299232 -1.219232 -0.061028 -0.046172 6.39047E-11
 lu  71  -1.068345 -1.158345 -0.000141  0.014714 1.09958E-11
 hf  72  -0.448878 -1.158878 -0.000674  0.014181 4.67038E-11
 ta  73  -1.278256 -1.158256 -0.000052  0.014803 7.01318E-12
  w  74  -0.508724 -1.158724 -0.000520  0.014335 4.19115E-11
 re  75  -0.901168 -1.161168 -0.002964  0.011892 1.71967E-11
 os  76   0.191953 -1.158047  0.000157  0.015012 2.17695E-10
 ir  77   0.161799 -1.158201  0.000003  0.014859 2.05215E-10
 pt  78   0.429459 -1.190541 -0.032337 -0.017482 3.85730E-10
 au  79  -0.358200 -1.158200  0.000004  0.014859 6.35054E-11
 hg  80  -0.019818 -1.189818 -0.031614 -0.016759 1.40964E-10
 tl  81  -0.388202 -1.158202  0.000002  0.014858 6.14979E-11
 pb  82   0.881794 -1.158206 -0.000002  0.014853 1.16092E-09
 bi  83  -0.508200 -1.158200  0.000004  0.014860 4.77004E-11
 po  84   0.000000 -9.000000  0.000000  0.000000 3.30860E-22
#[ls/Fe]_Thiswork =  -0.0007, [hs/Fe]_Thiswork =  -0.0011
#[hs/ls]_Thiswork =  -0.0004, [Pb/hs]_Thiswork =   0.0011
# Elemental abundance ratios: 
# He/H =  8.9547E-02, C/O =  2.8483E-01, N/O = 4.47571E-01
#
#  TP   Mass     Mcore    Menv    log L
#  4 2.228373 0.657748 1.570625 3.884319
# El  Z   log e(X)   [X/H]    [X/Fe]     [X/O]      X(i)
  p   1  12.000000  0.000000  0.000000  0.000000 7.40347E-01
 he   2  10.953982  0.023982  1.182186  1.197042 2.64449E-01
  c   6   7.644264 -0.825737  0.332468  0.347323 3.88882E-04
  n   7   7.206273 -0.663727  0.494477  0.509333 1.65422E-04
  o   8   7.562758 -1.167242 -0.009037  0.000000 4.29364E-04
  f   9   3.295307 -1.164693 -0.006489  0.002549 2.75417E-08
 ne  10   6.814946 -1.155054  0.003150  0.012188 9.67926E-05
 na  11   5.351142 -0.958858  0.199346  0.208384 3.79015E-06
 mg  12   6.482054 -1.157946  0.000258  0.009296 5.41657E-05
 al  13   5.322088 -1.147912  0.010293  0.019330 4.16042E-06
 si  14   6.392667 -1.157333  0.000871  0.009909 5.09486E-05
  p  15   4.313144 -1.156856  0.001348  0.010386 4.67860E-07
  s  16   6.002414 -1.157586  0.000618  0.009656 2.36821E-05
 cl  17   4.073212 -1.156788  0.001416  0.010454 3.08205E-07
 ar  18   5.282358 -1.157642  0.000562  0.009600 5.62119E-06
  k  19   3.922096 -1.157904  0.000300  0.009338 2.40008E-07
 ca  20   5.132328 -1.157672  0.000532  0.009570 3.99217E-06
 sc  21   1.894917 -1.155083  0.003121  0.012158 2.59226E-09
 ti  22   3.752465 -1.157535  0.000669  0.009707 1.98827E-07
  v  23   2.800989 -1.159011 -0.000807  0.008231 2.36614E-08
 cr  24   4.463129 -1.176871 -0.018667 -0.009629 1.10936E-06
 mn  25   4.322614 -1.157386  0.000818  0.009855 8.48127E-07
 fe  26   6.382414 -1.157586  0.000000  0.009656 9.89404E-05
 co  27   3.718232 -1.151768  0.005818  0.015474 2.26238E-07
 ni  28   5.042555 -1.157445  0.000141  0.009797 4.75462E-06
 cu  29   3.099153 -1.150847  0.006738  0.016394 5.86429E-08
 zn  30   3.472842 -1.157158  0.000428  0.010084 1.42710E-07
 ga  31   1.925535 -1.154465  0.003121  0.012777 4.31406E-09
 ge  32   2.390809 -1.189191 -0.031605 -0.021949 1.31208E-08
 as  33   1.143622 -1.156378  0.001208  0.010864 7.65960E-10
 se  34   2.142206 -1.197794 -0.040208 -0.030552 8.04615E-09
 br  35   1.383452 -1.156548  0.001038  0.010694 1.41904E-09
 kr  36   2.094406 -1.155594  0.001992  0.011648 7.64918E-09
 rb  37   1.207632 -1.152368  0.005218  0.014874 1.01253E-09
 sr  38   1.725061 -1.154939  0.002647  0.012303 3.41696E-09
  y  39   1.016554 -1.153446  0.004139  0.013795 6.78359E-10
 zr  40   1.374609 -1.155391  0.002195  0.011851 1.58742E-09
 nb  41   0.253956 -1.156044  0.001541  0.011197 1.22454E-10
 mo  42   0.662111 -1.277889 -0.120303 -0.110647 3.23658E-10
 tc  43  -3.396437 -9.000000  0.000000  0.000000 2.88911E-14
 ru  44   0.471597 -1.288403 -0.130818 -0.121162 2.19884E-10
 rh  45  -0.097938 -1.157938 -0.000352  0.009304 6.03222E-11
 pd  46   0.433501 -1.216499 -0.058913 -0.049257 2.12080E-10
 ag  47   0.042029 -1.157971 -0.000385  0.009271 8.72764E-11
 cd  48   0.513086 -1.196914 -0.039328 -0.029672 2.69073E-10
 in  49  -0.416630 -1.176630 -0.019044 -0.009388 3.23113E-11
 sn  50   0.850393 -1.219607 -0.062021 -0.052365 6.17811E-10
 sb  51  -0.390222 -1.400222 -0.242636 -0.232980 3.64131E-11
 te  52   0.555123 -1.624877 -0.467291 -0.457635 3.36471E-10
  i  53   0.391912 -1.158088 -0.000503  0.009153 2.29806E-10
 xe  54   1.045260 -1.194740 -0.037154 -0.027498 1.07023E-09
 cs  55  -0.077353 -1.157353  0.000233  0.009889 8.16891E-11
 ba  56   1.022004 -1.157996 -0.000410  0.009246 1.06105E-09
 la  57   0.012153 -1.157847 -0.000262  0.009394 1.04918E-10
 ce  58   0.420630 -1.159371 -0.001785  0.007871 2.71077E-10
 pr  59  -0.397727 -1.157727 -0.000141  0.009515 4.14174E-11
 nd  60   0.267396 -1.182604 -0.025018 -0.015363 1.96090E-10
 pm  61   0.000000 -9.000000  0.000000  0.000000 0.00000E+00
 sm  62  -0.347413 -1.287413 -0.129827 -0.120172 4.96242E-11
 eu  63  -0.648092 -1.158092 -0.000507  0.009149 2.50971E-11
 gd  64  -0.107857 -1.157857 -0.000271  0.009385 9.00967E-11
 tb  65  -0.838023 -1.158023 -0.000437  0.009218 1.69490E-11
 dy  66  -0.028447 -1.158447 -0.000862  0.008794 1.11784E-10
 ho  67  -0.688014 -1.158014 -0.000428  0.009228 2.48462E-11
 er  68  -0.245314 -1.165314 -0.007728  0.001928 6.98314E-11
 tm  69  -1.037863 -1.157863 -0.000277  0.009379 1.13718E-11
 yb  70  -0.298110 -1.218110 -0.060524 -0.050869 6.39751E-11
 lu  71  -1.067629 -1.157629 -0.000043  0.009613 1.09977E-11
 hf  72  -0.447452 -1.157452  0.000134  0.009790 4.67882E-11
 ta  73  -1.277296 -1.157296  0.000290  0.009946 7.01830E-12
  w  74  -0.507435 -1.157435  0.000151  0.009807 4.19739E-11
 re  75  -0.900821 -1.160821 -0.003235  0.006421 1.71850E-11
 os  76   0.192283 -1.157717 -0.000132  0.009524 2.17539E-10
 ir  77   0.161900 -1.158100 -0.000515  0.009141 2.04958E-10
 pt  78   0.429828 -1.190172 -0.032587 -0.022931 3.85488E-10
 au  79  -0.357871 -1.157871 -0.000285  0.009371 6.34596E-11
 hg  80  -0.017665 -1.187665 -0.030079 -0.020423 1.41455E-10
 tl  81  -0.386237 -1.156237  0.001348  0.011004 6.16854E-11
 pb  82   0.882591 -1.157409  0.000177  0.009833 1.16133E-09
 bi  83  -0.507581 -1.157581  0.000005  0.009661 4.76979E-11
 po  84  -4.288389 -9.000000  0.000000  0.000000 7.90189E-15
#[ls/Fe]_Thiswork =   0.0030, [hs/Fe]_Thiswork =  -0.0008
#[hs/ls]_Thiswork =  -0.0038, [Pb/hs]_Thiswork =   0.0010
# Elemental abundance ratios: 
# He/H =  8.9946E-02, C/O =  1.2064E+00, N/O = 4.40063E-01
#
#  TP   Mass     Mcore    Menv    log L
#  5 2.228362 0.661449 1.566913 3.931782
# El  Z   log e(X)   [X/H]    [X/Fe]     [X/O]      X(i)
  p   1  12.000000  0.000000  0.000000  0.000000 7.38288E-01
 he   2  10.957432  0.027431  1.185017  1.194673 2.65817E-01
  c   6   8.067751 -0.402249  0.755336  0.764992 1.02824E-03
  n   7   7.205688 -0.664312  0.493273  0.502929 1.64740E-04
  o   8   7.580198 -1.149802  0.007784  0.000000 4.45714E-04
  f   9   3.576753 -0.883247  0.274338  0.266554 5.25080E-08
 ne  10   6.892978 -1.077022  0.080564  0.072780 1.15522E-04
 na  11   5.356883 -0.953117  0.204469  0.196685 3.82990E-06
 mg  12   6.483054 -1.156946  0.000640 -0.007144 5.41396E-05
 al  13   5.336587 -1.133413  0.024173  0.016389 4.28970E-06
 si  14   6.394302 -1.155698  0.001887 -0.005897 5.09985E-05
  p  15   4.318737 -1.151263  0.006322 -0.001462 4.72606E-07
  s  16   6.003566 -1.156434  0.001152 -0.006632 2.36790E-05
 cl  17   4.076649 -1.153351  0.004235 -0.003549 3.09790E-07
 ar  18   5.283374 -1.156626  0.000960 -0.006824 5.61869E-06
  k  19   3.923944 -1.156056  0.001529 -0.006255 2.40361E-07
 ca  20   5.133296 -1.156704  0.000882 -0.006902 3.98995E-06
 sc  21   1.901155 -1.148845  0.008740  0.000956 2.62245E-09
 ti  22   3.754051 -1.155949  0.001637 -0.006147 1.99000E-07
  v  23   2.801517 -1.158484 -0.000898 -0.008682 2.36242E-08
 cr  24   4.464279 -1.175721 -0.018136 -0.025919 1.10921E-06
 mn  25   4.324447 -1.155553  0.002032 -0.005752 8.49346E-07
 fe  26   6.383525 -1.156475  0.000000 -0.006673 9.89179E-05
 co  27   3.731998 -1.138001  0.018474  0.011800 2.32875E-07
 ni  28   5.044129 -1.155870  0.000605 -0.006069 4.75862E-06
 cu  29   3.112700 -1.137300  0.019175  0.012501 6.03327E-08
 zn  30   3.476305 -1.153695  0.002780 -0.003893 1.43452E-07
 ga  31   1.937450 -1.142550  0.013926  0.007252 4.42173E-09
 ge  32   2.403127 -1.176873 -0.020398 -0.027071 1.34607E-08
 as  33   1.150891 -1.149109  0.007366  0.000693 7.76722E-10
 se  34   2.162859 -1.177141 -0.020666 -0.027339 8.41456E-09
 br  35   1.392341 -1.147659  0.008816  0.002142 1.44436E-09
 kr  36   2.125450 -1.124550  0.031925  0.025252 8.19313E-09
 rb  37   1.242387 -1.117613  0.038862  0.032189 1.09384E-09
 sr  38   1.846910 -1.033090  0.123385  0.116712 4.51106E-09
  y  39   1.164736 -1.005264  0.151211  0.144537 9.51551E-10
 zr  40   1.531053 -0.998947  0.157528  0.150854 2.26948E-09
 nb  41   0.388429 -1.021571  0.134904  0.128230 1.66432E-10
 mo  42   0.800570 -1.139430  0.017045  0.010372 4.43951E-10
 tc  43  -1.218055 -9.000000  0.000000  0.000000 4.34447E-12
 ru  44   0.577737 -1.182263 -0.025788 -0.032461 2.79979E-10
 rh  45  -0.060377 -1.120377  0.036098  0.029425 6.55887E-11
 pd  46   0.565279 -1.084721  0.071754  0.065081 2.86462E-10
 ag  47   0.074910 -1.125090  0.031385  0.024712 9.38790E-11
 cd  48   0.668322 -1.041678  0.114797  0.108123 3.83615E-10
 in  49  -0.315229 -1.075229  0.081246  0.074572 4.06955E-11
 sn  50   1.038833 -1.031167  0.125308  0.118634 9.50792E-10
 sb  51  -0.282817 -1.292817 -0.136342 -0.143015 4.65000E-11
 te  52   0.708261 -1.471740 -0.315264 -0.321938 4.77394E-10
  i  53   0.408652 -1.141348  0.015127  0.008454 2.38173E-10
 xe  54   1.116878 -1.123122  0.033353  0.026679 1.25859E-09
 cs  55   0.021211 -1.058789  0.097686  0.091012 1.02216E-10
 ba  56   1.436965 -0.743035  0.413440  0.406767 2.75097E-09
 la  57   0.448813 -0.721187  0.435289  0.428615 2.85956E-10
 ce  58   0.939740 -0.640260  0.516215  0.509542 8.93291E-10
 pr  59  -0.018456 -0.778456  0.378019  0.371345 9.89110E-11
 nd  60   0.735642 -0.714358  0.442117  0.435444 5.74770E-10
 pm  61   0.000000 -9.000000  0.000000  0.000000 0.00000E+00
 sm  62   0.009882 -0.930118  0.226357  0.219684 1.12663E-10
 eu  63  -0.569812 -1.079812  0.076663  0.069990 2.99705E-11
 gd  64   0.074626 -0.975374  0.181101  0.174428 1.36767E-10
 tb  65  -0.735897 -1.055897  0.100578  0.093905 2.13826E-11
 dy  66   0.170845 -0.959155  0.197320  0.190647 1.76386E-10
 ho  67  -0.594796 -1.064796  0.091679  0.085006 3.07093E-11
 er  68  -0.026196 -0.946196  0.210280  0.203606 1.15334E-10
 tm  69  -0.873076 -0.993076  0.163399  0.156725 1.65732E-11
 yb  70   0.125993 -0.794007  0.362468  0.355794 1.69397E-10
 lu  71  -0.753036 -0.843037  0.313439  0.306765 2.26300E-11
 hf  72   0.064165 -0.645835  0.510640  0.503967 1.51546E-10
 ta  73  -0.842272 -0.722272  0.434203  0.427530 1.90567E-11
  w  74   0.005324 -0.644676  0.511799  0.505126 1.36311E-10
 re  75  -0.697667 -0.957667  0.198808  0.192135 2.73586E-11
 os  76   0.349476 -1.000524  0.155951  0.149278 3.11545E-10
 ir  77   0.187296 -1.132704  0.023771  0.017098 2.16697E-10
 pt  78   0.518102 -1.101898  0.054577  0.047903 4.71060E-10
 au  79  -0.270064 -1.070064  0.086411  0.079737 7.74630E-11
 hg  80   0.489539 -0.680461  0.476014  0.469341 4.53538E-10
 tl  81   0.094745 -0.675255  0.481220  0.474546 1.86189E-10
 pb  82   2.067771  0.027771  1.184246  1.177573 1.77389E-08
 bi  83   0.237688 -0.412312  0.744163  0.737490 2.64581E-10
 po  84   1.358190 -9.000000  0.000000  0.000000 3.49222E-09
#[ls/Fe]_Thiswork =   0.1440, [hs/Fe]_Thiswork =   0.4550
#[hs/ls]_Thiswork =   0.3109, [Pb/hs]_Thiswork =   0.7293
# Elemental abundance ratios: 
# He/H =  9.0663E-02, C/O =  3.0729E+00, N/O = 4.22173E-01
#
#  TP   Mass     Mcore    Menv    log L
#  6 2.228336 0.664593 1.563743 3.969232
# El  Z   log e(X)   [X/H]    [X/Fe]     [X/O]      X(i)
  p   1  12.000000  0.000000  0.000000  0.000000 7.35281E-01
 he   2  10.962485  0.032485  1.188960  1.182287 2.67833E-01
  c   6   8.342196 -0.127805  1.028670  1.021997 1.92650E-03
  n   7   7.207007 -0.662992  0.493483  0.486809 1.64568E-04
  o   8   7.606919 -1.123080  0.033395  0.000000 4.72069E-04
  f   9   3.909025 -0.550975  0.605500  0.572105 1.12390E-07
 ne  10   7.025762 -0.944238  0.212237  0.178843 1.56198E-04
 na  11   5.373458 -0.936542  0.219934  0.186539 3.96269E-06
 mg  12   6.486178 -1.153822  0.002653 -0.030742 5.43084E-05
 al  13   5.356055 -1.113945  0.042530  0.009135 4.46809E-06
 si  14   6.396650 -1.153350  0.003125 -0.030270 5.10661E-05
  p  15   4.328716 -1.141284  0.015191 -0.018204 4.81622E-07
  s  16   6.005256 -1.154744  0.001731 -0.031663 2.36745E-05
 cl  17   4.081614 -1.148386  0.008089 -0.025306 3.12075E-07
 ar  18   5.284861 -1.155139  0.001336 -0.032059 5.61499E-06
  k  19   3.926653 -1.153347  0.003128 -0.030267 2.40880E-07
 ca  20   5.134722 -1.155278  0.001197 -0.032197 3.98677E-06
 sc  21   1.910637 -1.139363  0.017112 -0.016283 2.66942E-09
 ti  22   3.756633 -1.153367  0.003108 -0.030287 1.99371E-07
  v  23   2.802450 -1.157550 -0.001075 -0.034470 2.35786E-08
 cr  24   4.465964 -1.174036 -0.017561 -0.050956 1.10899E-06
 mn  25   4.327269 -1.152731  0.003744 -0.029651 8.51402E-07
 fe  26   6.385129 -1.154871  0.000000 -0.031791 9.88796E-05
 co  27   3.750817 -1.119183  0.035688  0.003898 2.42197E-07
 ni  28   5.046380 -1.153620  0.001251 -0.030540 4.76386E-06
 cu  29   3.130050 -1.119950  0.034921  0.003130 6.25361E-08
 zn  30   3.482285 -1.147715  0.007156 -0.024634 1.44849E-07
 ga  31   1.957925 -1.122075  0.032796  0.001005 4.61630E-09
 ge  32   2.424794 -1.155206 -0.000335 -0.032125 1.40917E-08
 as  33   1.164109 -1.135891  0.018980 -0.012810 7.97465E-10
 se  34   2.197818 -1.142182  0.012689 -0.019102 9.08276E-09
 br  35   1.408982 -1.131018  0.023853 -0.007937 1.49466E-09
 kr  36   2.179936 -1.070064  0.084807  0.053017 9.25046E-09
 rb  37   1.303107 -1.056893  0.097978  0.066188 1.25286E-09
 sr  38   2.013261 -0.866739  0.288132  0.256341 6.58958E-09
  y  39   1.358055 -0.811945  0.342926  0.311135 1.47904E-09
 zr  40   1.730773 -0.799227  0.355644  0.323853 3.57994E-09
 nb  41   0.571165 -0.838835  0.316036  0.284245 2.52466E-10
 mo  42   0.985391 -0.954609  0.200262  0.168471 6.76680E-10
 tc  43  -0.798722 -9.000000  0.000000  0.000000 1.13631E-11
 ru  44   0.728475 -1.031525  0.123346  0.091555 3.94539E-10
 rh  45   0.002800 -1.057200  0.097671  0.065880 7.55499E-11
 pd  46   0.739639 -0.910361  0.244510  0.212720 4.26241E-10
 ag  47   0.131027 -1.068973  0.085898  0.054107 1.06393E-10
 cd  48   0.865934 -0.844066  0.310805  0.279015 6.02194E-10
 in  49  -0.168059 -0.928059  0.226812  0.195021 5.68780E-11
 sn  50   1.269349 -0.800651  0.354220  0.322429 1.61001E-09
 sb  51  -0.124530 -1.134530  0.020341 -0.011450 6.66758E-11
 te  52   0.912280 -1.267720 -0.112849 -0.144640 7.60542E-10
  i  53   0.440697 -1.109303  0.045568  0.013777 2.55367E-10
 xe  54   1.235945 -1.004055  0.150816  0.119025 1.64884E-09
 cs  55   0.182027 -0.897973  0.256898  0.225107 1.47422E-10
 ba  56   1.836620 -0.343380  0.811491  0.779701 6.87653E-09
 la  57   0.865522 -0.304478  0.850393  0.818603 7.43424E-10
 ce  58   1.394864 -0.185136  0.969735  0.937944 2.53714E-09
 pr  59   0.391462 -0.368538  0.786333  0.754543 2.53157E-10
 nd  60   1.176833 -0.273167  0.881704  0.849913 1.58093E-09
 pm  61   0.000000 -9.000000  0.000000  0.000000 0.00000E+00
 sm  62   0.405671 -0.534329  0.620542  0.588751 2.79124E-10
 eu  63  -0.408287 -0.918287  0.236584  0.204793 4.32959E-11
 gd  64   0.358700 -0.691300  0.463571  0.431780 2.61989E-10
 tb  65  -0.543583 -0.863583  0.291288  0.259497 3.31591E-11
 dy  66   0.469199 -0.660801  0.494070  0.462279 3.49177E-10
 ho  67  -0.411233 -0.881233  0.273638  0.241847 4.66723E-11
 er  68   0.298541 -0.621459  0.533412  0.501621 2.42618E-10
 tm  69  -0.603053 -0.723053  0.431818  0.400027 3.07367E-11
 yb  70   0.558899 -0.361101  0.793770  0.761979 4.57129E-10
 lu  71  -0.375263 -0.465263  0.689608  0.657817 5.37881E-11
 hf  72   0.528866 -0.181134  0.973737  0.941946 4.40020E-10
 ta  73  -0.400787 -0.280787  0.874084  0.842293 5.24517E-11
  w  74   0.471652 -0.178348  0.976523  0.944732 3.97270E-10
 re  75  -0.382099 -0.642099  0.512772  0.480981 5.63495E-11
 os  76   0.610913 -0.739087  0.415784  0.383994 5.66481E-10
 ir  77   0.250998 -1.069003  0.085868  0.054078 2.49910E-10
 pt  78   0.698108 -0.921892  0.232979  0.201188 7.10083E-10
 au  79  -0.089944 -0.889944  0.264927  0.233136 1.16800E-10
 hg  80   0.952415 -0.217585  0.937286  0.905495 1.31134E-09
 tl  81   0.564640 -0.205360  0.949511  0.917720 5.47114E-10
 pb  82   2.548626  0.508626  1.663497  1.631706 5.34576E-08
 bi  83   0.689050  0.039050  1.193921  1.162130 7.44984E-10
 po  84   1.806485 -9.000000  0.000000  0.000000 9.76392E-09
#[ls/Fe]_Thiswork =   0.3289, [hs/Fe]_Thiswork =   0.8772
#[hs/ls]_Thiswork =   0.5483, [Pb/hs]_Thiswork =   0.7863
# Elemental abundance ratios: 
# He/H =  9.1724E-02, C/O =  5.4360E+00, N/O = 3.98188E-01
#
#  TP   Mass     Mcore    Menv    log L
#  7 2.228278 0.667275 1.561002 3.997299
# El  Z   log e(X)   [X/H]    [X/Fe]     [X/O]      X(i)
  p   1  12.000000  0.000000  0.000000  0.000000 7.31768E-01
 he   2  10.968417  0.038417  1.193288  1.161497 2.70219E-01
  c   6   8.526401  0.056400  1.211271  1.179481 2.93017E-03
  n   7   7.207756 -0.662244  0.492627  0.460836 1.64064E-04
  o   8   7.635719 -1.094281  0.060590  0.000000 5.02024E-04
  f   9   4.183844 -0.276156  0.878715  0.818124 2.10603E-07
 ne  10   7.172382 -0.797617  0.357254  0.296663 2.17879E-04
 na  11   5.405191 -0.904809  0.250062  0.189472 4.24271E-06
 mg  12   6.492120 -1.147880  0.006991 -0.053599 5.47935E-05
 al  13   5.375906 -1.094094  0.060777  0.000186 4.65471E-06
 si  14   6.399316 -1.150684  0.004187 -0.056404 5.11350E-05
  p  15   4.340756 -1.129243  0.025628 -0.034963 4.92795E-07
  s  16   6.007240 -1.152760  0.002111 -0.058479 2.36692E-05
 cl  17   4.087233 -1.142767  0.012104 -0.048487 3.14629E-07
 ar  18   5.286608 -1.153392  0.001479 -0.059112 5.61069E-06
  k  19   3.929803 -1.150197  0.004674 -0.055916 2.41474E-07
 ca  20   5.136408 -1.153592  0.001279 -0.059311 3.98316E-06
 sc  21   1.922001 -1.127999  0.026872 -0.033718 2.72710E-09
 ti  22   3.759789 -1.150211  0.004660 -0.055931 1.99865E-07
  v  23   2.803615 -1.156385 -0.001514 -0.062105 2.35290E-08
 cr  24   4.467953 -1.172047 -0.017176 -0.077766 1.10875E-06
 mn  25   4.330751 -1.149249  0.005622 -0.054968 8.54155E-07
 fe  26   6.387007 -1.152993  0.000000 -0.058712 9.88334E-05
 co  27   3.771371 -1.098629  0.054364 -0.004348 2.52722E-07
 ni  28   5.048887 -1.151113  0.001881 -0.056832 4.76855E-06
 cu  29   3.147906 -1.102094  0.050900 -0.007813 6.48496E-08
 zn  30   3.489059 -1.140941  0.012053 -0.046660 1.46423E-07
 ga  31   1.981259 -1.098741  0.054253 -0.004460 4.84784E-09
 ge  32   2.450108 -1.129892  0.023101 -0.035612 1.48661E-08
 as  33   1.180313 -1.119687  0.033306 -0.025406 8.23825E-10
 se  34   2.240018 -1.099982  0.053011 -0.005701 9.96181E-09
 br  35   1.431875 -1.108125  0.044868 -0.013844 1.56804E-09
 kr  36   2.247154 -1.002846  0.150147  0.091435 1.07473E-08
 rb  37   1.382417 -0.977583  0.175410  0.116698 1.49670E-09
 sr  38   2.185489 -0.694511  0.458482  0.399769 9.75001E-09
  y  39   1.551003 -0.618997  0.533997  0.475284 2.29534E-09
 zr  40   1.929031 -0.600969  0.552025  0.493312 5.62411E-09
 nb  41   0.759872 -0.650128  0.502866  0.444153 3.87998E-10
 mo  42   1.173757 -0.766243  0.386750  0.328037 1.03913E-09
 tc  43  -0.532588 -9.000000  0.000000  0.000000 2.08714E-11
 ru  44   0.891088 -0.868912  0.284082  0.225369 5.70983E-10
 rh  45   0.085197 -0.974802  0.178191  0.119478 9.08974E-11
 pd  46   0.918655 -0.731345  0.421649  0.362936 6.40607E-10
 ag  47   0.205465 -0.994535  0.158458  0.099746 1.25681E-10
 cd  48   1.059196 -0.650804  0.502190  0.443477 9.35229E-10
 in  49  -0.009925 -0.769925  0.383068  0.324356 8.14700E-11
 sn  50   1.478363 -0.591637  0.561356  0.502644 2.59277E-09
 sb  51   0.036968 -0.973032  0.179961  0.121249 9.62466E-11
 te  52   1.100632 -1.079368  0.073625  0.014912 1.16787E-09
  i  53   0.482804 -1.067196  0.085798  0.027085 2.80022E-10
 xe  54   1.362045 -0.877955  0.275038  0.216326 2.19381E-09
 cs  55   0.343345 -0.736655  0.416338  0.357625 2.12715E-10
 ba  56   2.050582 -0.129418  1.023575  0.964863 1.12009E-08
 la  57   1.073808 -0.096192  1.056801  0.998088 1.19520E-09
 ce  58   1.602171  0.022171  1.175164  1.116452 4.06979E-09
 pr  59   0.590741 -0.169259  0.983734  0.925022 3.98648E-10
 nd  60   1.377133 -0.072867  1.080127  1.021414 2.49535E-09
 pm  61   0.000000 -9.000000  0.000000  0.000000 0.00000E+00
 sm  62   0.591314 -0.348686  0.804308  0.745595 4.25951E-10
 eu  63  -0.299815 -0.809815  0.343178  0.284466 5.53144E-11
 gd  64   0.514809 -0.535191  0.617802  0.559089 3.73519E-10
 tb  65  -0.423444 -0.743444  0.409549  0.350837 4.35172E-11
 dy  66   0.629152 -0.500848  0.652146  0.593433 5.02248E-10
 ho  67  -0.294238 -0.764238  0.388755  0.330043 6.08100E-11
 er  68   0.469203 -0.450797  0.702196  0.643484 3.57689E-10
 tm  69  -0.453953 -0.573953  0.579040  0.520328 4.31199E-11
 yb  70   0.753887 -0.166113  0.986880  0.928168 7.12765E-10
 lu  71  -0.194127 -0.284127  0.868866  0.810154 8.12348E-11
 hf  72   0.733468  0.023468  1.176461  1.117749 7.01447E-10
 ta  73  -0.199998 -0.079998  1.072995  1.014283 8.28837E-11
  w  74   0.676243  0.026243  1.179236  1.120524 6.33280E-10
 re  75  -0.210299 -0.470299  0.682695  0.623982 8.32934E-11
 os  76   0.761742 -0.588258  0.564735  0.506022 7.97872E-10
 ir  77   0.303526 -1.016474  0.136519  0.077807 2.80692E-10
 pt  78   0.815144 -0.804856  0.348137  0.289424 9.25262E-10
 au  79   0.025147 -0.774853  0.378141  0.319428 1.51514E-10
 hg  80   1.154888 -0.015112  1.137881  1.079169 2.08022E-09
 tl  81   0.788708  0.018708  1.171701  1.112988 9.12149E-10
 pb  82   2.839983  0.799983  1.952976  1.894264 1.04060E-07
 bi  83   0.986255  0.336255  1.489248  1.430535 1.46985E-09
 po  84   2.037546 -9.000000  0.000000  0.000000 1.65427E-08
#[ls/Fe]_Thiswork =   0.5148, [hs/Fe]_Thiswork =   1.0852
#[hs/ls]_Thiswork =   0.5703, [Pb/hs]_Thiswork =   0.8678
# Elemental abundance ratios: 
# He/H =  9.2986E-02, C/O =  7.7747E+00, N/O = 3.73282E-01
#
#  TP   Mass     Mcore    Menv    log L
#  8 2.228136 0.669670 1.558467 4.020040
# El  Z   log e(X)   [X/H]    [X/Fe]     [X/O]      X(i)
  p   1  12.000000  0.000000  0.000000  0.000000 7.27708E-01
 he   2  10.975307  0.045307  1.198300  1.139588 2.73017E-01
  c   6   8.668982  0.198981  1.351974  1.293262 4.04630E-03
  n   7   7.209533 -0.660467  0.492526  0.433814 1.63823E-04
  o   8   7.663883 -1.066117  0.086876  0.000000 5.32688E-04
  f   9   4.408573 -0.051427  1.101566  1.014690 3.51380E-07
 ne  10   7.306634 -0.663366  0.489627  0.402751 2.95156E-04
 na  11   5.446012 -0.863988  0.289005  0.202128 4.63497E-06
 mg  12   6.501480 -1.138520  0.014473 -0.072403 5.56765E-05
 al  13   5.394797 -1.075202  0.077791 -0.009086 4.83469E-06
 si  14   6.402305 -1.147695  0.005298 -0.081578 5.12026E-05
  p  15   4.353693 -1.116306  0.036687 -0.050189 5.04879E-07
  s  16   6.009534 -1.150465  0.002528 -0.084349 2.36626E-05
 cl  17   4.093568 -1.136432  0.016562 -0.070315 3.17481E-07
 ar  18   5.288642 -1.151358  0.001635 -0.085241 5.60575E-06
  k  19   3.933444 -1.146556  0.006437 -0.080439 2.42156E-07
 ca  20   5.138374 -1.151626  0.001367 -0.085509 3.97903E-06
 sc  21   1.935455 -1.114545  0.038449 -0.048428 2.79730E-09
 ti  22   3.763455 -1.146544  0.006449 -0.080428 2.00442E-07
  v  23   2.804979 -1.155021 -0.002028 -0.088904 2.34721E-08
 cr  24   4.470273 -1.169727 -0.016734 -0.103610 1.10851E-06
 mn  25   4.334805 -1.145195  0.007798 -0.079079 8.57381E-07
 fe  26   6.389194 -1.150806  0.000000 -0.084690 9.87813E-05
 co  27   3.794354 -1.075645  0.075161 -0.009529 2.64978E-07
 ni  28   5.051711 -1.148289  0.002517 -0.082172 4.77303E-06
 cu  29   3.167233 -1.082767  0.068040 -0.016650 6.74246E-08
 zn  30   3.497047 -1.132953  0.017854 -0.066836 1.48314E-07
 ga  31   2.010433 -1.069567  0.081240 -0.003450 5.15592E-09
 ge  32   2.482871 -1.097129  0.053678 -0.031012 1.59420E-08
 as  33   1.202238 -1.097762  0.053045 -0.031645 8.61676E-10
 se  34   2.293302 -1.046698  0.104108  0.019418 1.11997E-08
 br  35   1.463081 -1.076919  0.073888 -0.010802 1.67551E-09
 kr  36   2.322629 -0.927371  0.223435  0.138746 1.27163E-08
 rb  37   1.475601 -0.884399  0.266408  0.181718 1.84460E-09
 sr  38   2.311952 -0.568048  0.582758  0.498068 1.29733E-08
  y  39   1.682315 -0.487685  0.663121  0.578432 3.08846E-09
 zr  40   2.056967 -0.473033  0.677773  0.593084 7.50884E-09
 nb  41   0.886042 -0.523958  0.626848  0.542158 5.15920E-10
 mo  42   1.298906 -0.641094  0.509713  0.425023 1.37849E-09
 tc  43  -0.419183 -9.000000  0.000000  0.000000 2.69488E-11
 ru  44   1.002015 -0.757985  0.392822  0.308132 7.33050E-10
 rh  45   0.149188 -0.910812  0.239995  0.155305 1.04743E-10
 pd  46   1.037055 -0.612945  0.537861  0.453172 8.36709E-10
 ag  47   0.265501 -0.934499  0.216307  0.131618 1.43513E-10
 cd  48   1.187939 -0.522061  0.628745  0.544055 1.25096E-09
 in  49   0.103587 -0.656413  0.494394  0.409704 1.05219E-10
 sn  50   1.623972 -0.446028  0.704778  0.620089 3.60542E-09
 sb  51   0.162351 -0.847649  0.303157  0.218467 1.27747E-10
 te  52   1.242332 -0.937669  0.213138  0.128448 1.60945E-09
  i  53   0.525259 -1.024741  0.126065  0.041376 3.07065E-10
 xe  54   1.473742 -0.766258  0.384549  0.299859 2.82150E-09
 cs  55   0.484112 -0.595888  0.554918  0.470229 2.92516E-10
 ba  56   2.240191  0.060191  1.210998  1.126308 1.72363E-08
 la  57   1.266063  0.096063  1.246869  1.162180 1.85046E-09
 ce  58   1.797810  0.217810  1.368616  1.283926 6.35029E-09
 pr  59   0.782540  0.022540  1.173347  1.088657 6.16556E-10
 nd  60   1.566388  0.116388  1.267195  1.182505 3.83681E-09
 pm  61   0.000000 -9.000000  0.000000  0.000000 0.00000E+00
 sm  62   0.772883 -0.167117  0.983690  0.899000 6.43447E-10
 eu  63  -0.175066 -0.685066  0.465740  0.381051 7.33115E-11
 gd  64   0.676966 -0.373034  0.777772  0.693083 5.39577E-10
 tb  65  -0.289829 -0.609829  0.540977  0.456288 5.88654E-11
 dy  66   0.793068 -0.336932  0.813874  0.729185 7.28481E-10
 ho  67  -0.163568 -0.633569  0.517238  0.432548 8.17011E-11
 er  68   0.641850 -0.278150  0.872656  0.787966 5.29341E-10
 tm  69  -0.298242 -0.418242  0.732565  0.647875 6.13723E-11
 yb  70   0.943069  0.023068  1.173875  1.089185 1.09575E-09
 lu  71  -0.015618 -0.105618  1.045188  0.960498 1.21853E-10
 hf  72   0.924551  0.214551  1.365357  1.280668 1.08308E-09
 ta  73  -0.013632  0.106368  1.257175  1.172485 1.26596E-10
  w  74   0.867498  0.217498  1.368305  1.283615 9.78218E-10
 re  75  -0.040438 -0.300438  0.850369  0.765679 1.22477E-10
 os  76   0.913582 -0.436418  0.714388  0.629699 1.12553E-09
 ir  77   0.368378 -0.951622  0.199184  0.114494 3.24091E-10
 pt  78   0.941828 -0.678172  0.472634  0.387945 1.23178E-09
 au  79   0.151892 -0.648108  0.502698  0.418009 2.01735E-10
 hg  80   1.340329  0.170329  1.321136  1.236446 3.17055E-09
 tl  81   0.986998  0.216998  1.367804  1.283114 1.43199E-09
 pb  82   3.026822  0.986822  2.137629  2.052939 1.59114E-07
 bi  83   1.185674  0.535674  1.686480  1.601791 2.31353E-09
 po  84   2.181928 -9.000000  0.000000  0.000000 2.29388E-08
#[ls/Fe]_Thiswork =   0.6412, [hs/Fe]_Thiswork =   1.2755
#[hs/ls]_Thiswork =   0.6343, [Pb/hs]_Thiswork =   0.8621
# Elemental abundance ratios: 
# He/H =  9.4473E-02, C/O =  1.0118E+01, N/O = 3.51277E-01
#
#  TP   Mass     Mcore    Menv    log L
#  9 2.227801 0.671657 1.556144 4.037302
# El  Z   log e(X)   [X/H]    [X/Fe]     [X/O]      X(i)
  p   1  12.000000  0.000000  0.000000  0.000000 7.23482E-01
 he   2  10.982529  0.052528  1.203335  1.118645 2.75982E-01
  c   6   8.776065  0.306065  1.456871  1.372181 5.14768E-03
  n   7   7.211157 -0.658843  0.491964  0.407274 1.63482E-04
  o   8   7.688013 -1.041986  0.108820  0.000000 5.59852E-04
  f   9   4.599425  0.139425  1.290231  1.181411 5.42126E-07
 ne  10   7.426040 -0.543960  0.606847  0.498027 3.86304E-04
 na  11   5.496217 -0.813783  0.337023  0.228203 5.17277E-06
 mg  12   6.513739 -1.126261  0.024546 -0.084274 5.69380E-05
 al  13   5.411170 -1.058830  0.091977 -0.016843 4.99128E-06
 si  14   6.405340 -1.144660  0.006146 -0.102674 5.12622E-05
  p  15   4.366012 -1.103988  0.046819 -0.062001 5.16389E-07
  s  16   6.011924 -1.148076  0.002730 -0.106090 2.36550E-05
 cl  17   4.100090 -1.129910  0.020896 -0.087924 3.20413E-07
 ar  18   5.290770 -1.149230  0.001576 -0.107244 5.60057E-06
  k  19   3.937241 -1.142759  0.008047 -0.100773 2.42863E-07
 ca  20   5.140429 -1.149570  0.001236 -0.107584 3.97468E-06
 sc  21   1.949585 -1.100415  0.050391 -0.058429 2.87303E-09
 ti  22   3.767259 -1.142741  0.008065 -0.100755 2.01031E-07
  v  23   2.806389 -1.153611 -0.002805 -0.111625 2.34117E-08
 cr  24   4.472713 -1.167287 -0.016481 -0.125301 1.10828E-06
 mn  25   4.339001 -1.140999  0.009808 -0.099012 8.60679E-07
 fe  26   6.391492 -1.148508  0.000000 -0.106522 9.87288E-05
 co  27   3.818348 -1.051652  0.096856 -0.009665 2.78403E-07
 ni  28   5.054628 -1.145372  0.003136 -0.103385 4.77729E-06
 cu  29   3.186618 -1.063382  0.085126 -0.021396 7.00929E-08
 zn  30   3.504624 -1.125376  0.023132 -0.083389 1.50048E-07
 ga  31   2.035091 -1.044909  0.103600 -0.002922 5.42543E-09
 ge  32   2.508750 -1.071250  0.077258 -0.029263 1.68226E-08
 as  33   1.219442 -1.080558  0.067950 -0.038571 8.91291E-10
 se  34   2.330953 -1.009047  0.139461  0.032939 1.21430E-08
 br  35   1.489547 -1.050453  0.098055 -0.008467 1.77045E-09
 kr  36   2.381670 -0.868330  0.280178  0.173656 1.44834E-08
 rb  37   1.549286 -0.810714  0.337794  0.231272 2.17298E-09
 sr  38   2.413164 -0.466836  0.681672  0.575150 1.62830E-08
  y  39   1.794667 -0.375333  0.773175  0.666654 3.97709E-09
 zr  40   2.173456 -0.356544  0.791964  0.685443 9.76186E-09
 nb  41   1.002361 -0.407639  0.740869  0.634348 6.70460E-10
 mo  42   1.414469 -0.525531  0.622977  0.516455 1.78828E-09
 tc  43  -0.320654 -9.000000  0.000000  0.000000 3.36155E-11
 ru  44   1.104219 -0.655781  0.492728  0.386206 9.22165E-10
 rh  45   0.214548 -0.845452  0.303056  0.196535 1.21048E-10
 pd  46   1.145975 -0.504025  0.644483  0.537962 1.06897E-09
 ag  47   0.327710 -0.872290  0.276218  0.169697 1.64653E-10
 cd  48   1.302403 -0.407597  0.740911  0.634390 1.61875E-09
 in  49   0.206558 -0.553442  0.595066  0.488545 1.32598E-10
 sn  50   1.744045 -0.325955  0.822553  0.716032 4.72607E-09
 sb  51   0.267282 -0.742718  0.405790  0.299268 1.61716E-10
 te  52   1.355320 -0.824680  0.323828  0.217306 2.07557E-09
  i  53   0.565925 -0.984075  0.164433  0.057911 3.35249E-10
 xe  54   1.565181 -0.674819  0.473689  0.367167 3.46250E-09
 cs  55   0.593325 -0.486675  0.661833  0.555311 3.73967E-10
 ba  56   2.360589  0.180589  1.329097  1.222575 2.26106E-08
 la  57   1.385783  0.215783  1.364291  1.257770 2.42366E-09
 ce  58   1.919675  0.339675  1.488183  1.381661 8.35853E-09
 pr  59   0.903574  0.143574  1.292082  1.185560 8.09986E-10
 nd  60   1.685147  0.235147  1.383655  1.277134 5.01419E-09
 pm  61   0.000000 -9.000000  0.000000  0.000000 0.00000E+00
 sm  62   0.888746 -0.051254  1.097254  0.990733 8.35306E-10
 eu  63  -0.086772 -0.596772  0.551736  0.445215 8.93175E-11
 gd  64   0.784491 -0.265509  0.882999  0.776477 6.87146E-10
 tb  65  -0.196929 -0.516929  0.631579  0.525057 7.24821E-11
 dy  66   0.901573 -0.228427  0.920081  0.813560 9.29810E-10
 ho  67  -0.071962 -0.541962  0.606546  0.500024 1.00301E-10
 er  68   0.755032 -0.164968  0.983540  0.877018 6.82949E-10
 tm  69  -0.194052 -0.314052  0.834456  0.727935 7.75592E-11
 yb  70   1.064525  0.144525  1.293033  1.186511 1.44091E-09
 lu  71   0.101707  0.011707  1.160215  1.053693 1.58719E-10
 hf  72   1.047830  0.337830  1.486338  1.379816 1.43025E-09
 ta  73   0.106722  0.226722  1.375230  1.268708 1.66052E-10
  w  74   0.991898  0.341898  1.490406  1.383884 1.29510E-09
 re  75   0.075094 -0.184906  0.963602  0.857081 1.58876E-10
 os  76   1.019486 -0.330514  0.817994  0.711473 1.42801E-09
 ir  77   0.421643 -0.898357  0.250151  0.143630 3.64252E-10
 pt  78   1.033895 -0.586105  0.562403  0.455881 1.51381E-09
 au  79   0.243795 -0.556205  0.592303  0.485782 2.47831E-10
 hg  80   1.463440  0.293440  1.441948  1.335426 4.18520E-09
 tl  81   1.125524  0.355524  1.504032  1.397510 1.95856E-09
 pb  82   3.160448  1.120448  2.268956  2.162435 2.15182E-07
 bi  83   1.327064  0.677064  1.825572  1.719050 3.18519E-09
 po  84   2.276658 -9.000000  0.000000  0.000000 2.83643E-08
#[ls/Fe]_Thiswork =   0.7489, [hs/Fe]_Thiswork =   1.3939
#[hs/ls]_Thiswork =   0.6449, [Pb/hs]_Thiswork =   0.8751
# Elemental abundance ratios: 
# He/H =  9.6057E-02, C/O =  1.2248E+01, N/O = 3.33537E-01
#
#  TP   Mass     Mcore    Menv    log L
# 10 2.227082 0.673548 1.553534 4.052330
# El  Z   log e(X)   [X/H]    [X/Fe]     [X/O]      X(i)
  p   1  12.000000  0.000000  0.000000  0.000000 7.18977E-01
 he   2  10.990240  0.060240  1.208748  1.102226 2.79178E-01
  c   6   8.865373  0.395372  1.543880  1.437359 6.28357E-03
  n   7   7.213704 -0.656296  0.492212  0.385691 1.63419E-04
  o   8   7.709735 -1.020265  0.128243  0.000000 5.84901E-04
  f   9   4.755270  0.295270  1.443779  1.315535 7.71317E-07
 ne  10   7.532250 -0.437749  0.710759  0.582515 4.90259E-04
 na  11   5.551336 -0.758664  0.389844  0.261601 5.83620E-06
 mg  12   6.528701 -1.111299  0.037209 -0.091034 5.85668E-05
 al  13   5.426190 -1.043809  0.104699 -0.023545 5.13475E-06
 si  14   6.408532 -1.141469  0.007040 -0.121204 5.13188E-05
  p  15   4.378135 -1.091865  0.056643 -0.071600 5.27700E-07
  s  16   6.014474 -1.145526  0.002982 -0.125261 2.36461E-05
 cl  17   4.106879 -1.123121  0.025387 -0.102857 3.23434E-07
 ar  18   5.293051 -1.146949  0.001559 -0.126684 5.59501E-06
  k  19   3.941316 -1.138684  0.009824 -0.118420 2.43627E-07
 ca  20   5.142628 -1.147372  0.001136 -0.127107 3.96998E-06
 sc  21   1.964982 -1.085018  0.063490 -0.064753 2.95818E-09
 ti  22   3.771310 -1.138690  0.009818 -0.118425 2.01651E-07
  v  23   2.807893 -1.152107 -0.003599 -0.131843 2.33466E-08
 cr  24   4.475333 -1.164667 -0.016159 -0.144402 1.10805E-06
 mn  25   4.343363 -1.136637  0.011871 -0.116372 8.63955E-07
 fe  26   6.393962 -1.146038  0.000000 -0.125773 9.86736E-05
 co  27   3.844117 -1.025883  0.120155 -0.005618 2.93582E-07
 ni  28   5.057742 -1.142258  0.003780 -0.121994 4.78170E-06
 cu  29   3.206961 -1.043039  0.102999 -0.022775 7.29968E-08
 zn  30   3.512685 -1.117315  0.028723 -0.097051 1.51907E-07
 ga  31   2.061666 -1.018333  0.127705  0.001931 5.73188E-09
 ge  32   2.537699 -1.042301  0.103737 -0.022037 1.78702E-08
 as  33   1.239403 -1.060597  0.085441 -0.040333 9.27398E-10
 se  34   2.371893 -0.968107  0.177931  0.052158 1.32604E-08
 br  35   1.518728 -1.021272  0.124766 -0.001007 1.88171E-09
 kr  36   2.438823 -0.811177  0.334861  0.209087 1.64176E-08
 rb  37   1.619615 -0.740385  0.405653  0.279879 2.53906E-09
 sr  38   2.494725 -0.385275  0.760763  0.634990 1.95247E-08
  y  39   1.884959 -0.285041  0.860997  0.735224 4.86570E-09
 zr  40   2.270479 -0.259521  0.886517  0.760744 1.21295E-08
 nb  41   1.101262 -0.308738  0.837300  0.711527 8.36682E-10
 mo  42   1.514475 -0.425525  0.720513  0.594739 2.23733E-09
 tc  43  -0.247997 -9.000000  0.000000  0.000000 3.94897E-11
 ru  44   1.192706 -0.567294  0.578744  0.452971 1.12353E-09
 rh  45   0.275784 -0.784215  0.361823  0.236049 1.38510E-10
 pd  46   1.240684 -0.409316  0.736722  0.610948 1.32118E-09
 ag  47   0.387782 -0.812218  0.333820  0.208047 1.87901E-10
 cd  48   1.402665 -0.307335  0.838703  0.712930 2.02642E-09
 in  49   0.299459 -0.460541  0.685497  0.559723 1.63201E-10
 sn  50   1.849374 -0.220626  0.925412  0.799639 5.98571E-09
 sb  51   0.361917 -0.648082  0.497956  0.372182 1.99838E-10
 te  52   1.455054 -0.724946  0.421092  0.295319 2.59513E-09
  i  53   0.607480 -0.942520  0.203518  0.077745 3.66615E-10
 xe  54   1.649549 -0.590451  0.555587  0.429813 4.17873E-09
 cs  55   0.692740 -0.387260  0.758778  0.633005 4.67237E-10
 ba  56   2.450377  0.270377  1.416415  1.290642 2.76304E-08
 la  57   1.472562  0.302562  1.448600  1.322827 2.94129E-09
 ce  58   2.007820  0.427820  1.573858  1.448085 1.01757E-08
 pr  59   0.991840  0.231840  1.377878  1.252105 9.86350E-10
 nd  60   1.770618  0.320618  1.466656  1.340883 6.06679E-09
 pm  61   0.000000 -9.000000  0.000000  0.000000 0.00000E+00
 sm  62   0.973536  0.033536  1.179574  1.053801 1.00908E-09
 eu  63  -0.017262 -0.527261  0.618777  0.493003 1.04168E-10
 gd  64   0.865535 -0.184465  0.961573  0.835799 8.22963E-10
 tb  65  -0.126071 -0.446071  0.699967  0.574194 8.47961E-11
 dy  66   0.982531 -0.147469  0.998569  0.872795 1.11337E-09
 ho  67  -0.001258 -0.471258  0.674780  0.549007 1.17300E-10
 er  68   0.840574 -0.079426  1.066612  0.940839 8.26453E-10
 tm  69  -0.115796 -0.235796  0.910242  0.784469 9.22944E-11
 yb  70   1.154299  0.234299  1.380337  1.254563 1.76076E-09
 lu  71   0.188688  0.098688  1.244726  1.118953 1.92708E-10
 hf  72   1.139750  0.429751  1.575788  1.450015 1.75638E-09
 ta  73   0.196699  0.316699  1.462737  1.336964 2.03005E-10
  w  74   1.085020  0.435020  1.581058  1.455285 1.59483E-09
 re  75   0.164698 -0.095302  1.050736  0.924962 1.94066E-10
 os  76   1.100483 -0.249517  0.896521  0.770748 1.71008E-09
 ir  77   0.467227 -0.852773  0.293265  0.167492 4.02044E-10
 pt  78   1.106895 -0.513105  0.632933  0.507160 1.77975E-09
 au  79   0.317186 -0.482814  0.663224  0.537451 2.91632E-10
 hg  80   1.557972  0.387972  1.534010  1.408237 5.17054E-09
 tl  81   1.234782  0.464782  1.610820  1.485047 2.50312E-09
 pb  82   3.266029  1.226029  2.372067  2.246294 2.72693E-07
 bi  83   1.436936  0.786936  1.932974  1.807201 4.07658E-09
 po  84   2.346557 -9.000000  0.000000  0.000000 3.31099E-08
#[ls/Fe]_Thiswork =   0.8361, [hs/Fe]_Thiswork =   1.4796
#[hs/ls]_Thiswork =   0.6435, [Pb/hs]_Thiswork =   0.8924
# Elemental abundance ratios: 
# He/H =  9.7778E-02, C/O =  1.4310E+01, N/O = 3.19131E-01
#
#  TP   Mass     Mcore    Menv    log L
# 11 2.225707 0.675210 1.550496 4.064525
# El  Z   log e(X)   [X/H]    [X/Fe]     [X/O]      X(i)
  p   1  12.000000  0.000000  0.000000  0.000000 7.14648E-01
 he   2  10.997660  0.067659  1.213697  1.087924 2.82278E-01
  c   6   8.935251  0.465251  1.611289  1.485516 7.33605E-03
  n   7   7.215828 -0.654172  0.491866  0.366093 1.63232E-04
  o   8   7.727855 -1.002145  0.143893  0.000000 6.06149E-04
  f   9   4.885045  0.425045  1.571083  1.427190 1.03368E-06
 ne  10   7.623507 -0.346493  0.799545  0.655652 6.01256E-04
 na  11   5.608286 -0.701714  0.444324  0.300431 6.61389E-06
 mg  12   6.545023 -1.094976  0.051062 -0.092832 6.04437E-05
 al  13   5.438951 -1.031049  0.114989 -0.028904 5.25602E-06
 si  14   6.411567 -1.138433  0.007605 -0.136289 5.13674E-05
  p  15   4.389042 -1.080957  0.065081 -0.078813 5.37862E-07
  s  16   6.016929 -1.143071  0.002967 -0.140926 2.36370E-05
 cl  17   4.113339 -1.116661  0.029377 -0.114516 3.26305E-07
 ar  18   5.295253 -1.144747  0.001291 -0.142602 5.58958E-06
  k  19   3.945267 -1.134733  0.011305 -0.132588 2.44373E-07
 ca  20   5.144747 -1.145253  0.000785 -0.143108 3.96538E-06
 sc  21   1.979833 -1.070167  0.075871 -0.068022 3.04265E-09
 ti  22   3.775240 -1.134760  0.011278 -0.132615 2.02259E-07
  v  23   2.809348 -1.150652 -0.004614 -0.148507 2.32839E-08
 cr  24   4.477873 -1.162127 -0.016089 -0.159982 1.10783E-06
 mn  25   4.347518 -1.132482  0.013556 -0.130337 8.67006E-07
 fe  26   6.396351 -1.143649  0.000000 -0.141504 9.86205E-05
 co  27   3.868822 -1.001178  0.142471  0.000967 3.08896E-07
 ni  28   5.060773 -1.139226  0.004422 -0.137082 4.78621E-06
 cu  29   3.226425 -1.023575  0.120074 -0.021430 7.58832E-08
 zn  30   3.520350 -1.109651  0.033998 -0.107506 1.53680E-07
 ga  31   2.085452 -0.994548  0.149101  0.007597 6.01810E-09
 ge  32   2.563069 -1.016931  0.126718 -0.014786 1.88311E-08
 as  33   1.257069 -1.042931  0.100717 -0.040787 9.60085E-10
 se  34   2.405876 -0.934124  0.209525  0.068021 1.42533E-08
 br  35   1.545155 -0.994845  0.148803  0.007299 1.98772E-09
 kr  36   2.487202 -0.762798  0.380850  0.239347 1.82417E-08
 rb  37   1.678185 -0.681815  0.461833  0.320329 2.88815E-09
 sr  38   2.561791 -0.318209  0.825440  0.683936 2.26478E-08
  y  39   1.959474 -0.210526  0.933122  0.791618 5.74164E-09
 zr  40   2.350685 -0.179315  0.964334  0.822830 1.45019E-08
 nb  41   1.183219 -0.226781  0.916868  0.775364 1.00437E-09
 mo  42   1.597198 -0.342803  0.800846  0.659342 2.69048E-09
 tc  43  -0.193011 -9.000000  0.000000  0.000000 4.45499E-11
 ru  44   1.266274 -0.493726  0.649923  0.508419 1.32290E-09
 rh  45   0.329389 -0.730611  0.413037  0.271533 1.55762E-10
 pd  46   1.318377 -0.331623  0.812025  0.670521 1.57048E-09
 ag  47   0.440740 -0.759260  0.384388  0.242884 2.10991E-10
 cd  48   1.484205 -0.225795  0.917854  0.776350 2.43022E-09
 in  49   0.376201 -0.383799  0.759849  0.618345 1.93572E-10
 sn  50   1.934361 -0.135639  1.008009  0.866505 7.23567E-09
 sb  51   0.439634 -0.570366  0.573283  0.431779 2.37559E-10
 te  52   1.535822 -0.644178  0.499470  0.357967 3.10674E-09
  i  53   0.645165 -0.904835  0.238814  0.097310 3.97440E-10
 xe  54   1.719989 -0.520011  0.623637  0.482134 4.88497E-09
 cs  55   0.774018 -0.305982  0.837667  0.696163 5.60003E-10
 ba  56   2.518470  0.338470  1.482118  1.340615 3.21260E-08
 la  57   1.537084  0.367084  1.510732  1.369228 3.39185E-09
 ce  58   2.069907  0.489907  1.633556  1.492052 1.16688E-08
 pr  59   1.053897  0.293897  1.437546  1.296042 1.13100E-09
 nd  60   1.828712  0.378711  1.522360  1.380856 6.89332E-09
 pm  61   0.000000 -9.000000  0.000000  0.000000 0.00000E+00
 sm  62   1.030513  0.090513  1.234161  1.092658 1.14361E-09
 eu  63   0.031008 -0.478992  0.664656  0.523153 1.15713E-10
 gd  64   0.920290 -0.129710  1.013939  0.872435 9.27923E-10
 tb  65  -0.077504 -0.397504  0.746144  0.604641 9.42583E-11
 dy  66   1.036974 -0.093026  1.050623  0.909119 1.25447E-09
 ho  67   0.047082 -0.422918  0.720731  0.579227 1.30321E-10
 er  68   0.897628 -0.022372  1.121276  0.979773 9.36805E-10
 tm  69  -0.063329 -0.183329  0.960320  0.818816 1.03519E-10
 yb  70   1.213053  0.293053  1.436701  1.295197 2.00369E-09
 lu  71   0.245546  0.155546  1.299195  1.157691 2.18340E-10
 hf  72   1.198937  0.488937  1.632586  1.491082 2.00071E-09
 ta  73   0.254696  0.374696  1.518345  1.376841 2.30612E-10
  w  74   1.144508  0.494508  1.638157  1.496653 1.81794E-09
 re  75   0.222360 -0.037640  1.106008  0.964504 2.20286E-10
 os  76   1.152696 -0.197304  0.946344  0.804840 1.91693E-09
 ir  77   0.498615 -0.821385  0.322264  0.180760 4.29575E-10
 pt  78   1.154241 -0.465759  0.677889  0.536385 1.97279E-09
 au  79   0.364496 -0.435504  0.708145  0.566641 3.23237E-10
 hg  80   1.615602  0.445602  1.589250  1.447746 5.86871E-09
 tl  81   1.301388  0.531388  1.675036  1.533533 2.90044E-09
 pb  82   3.347898  1.307898  2.451546  2.310042 3.27279E-07
 bi  83   1.525033  0.875033  2.018682  1.877178 4.96329E-09
 po  84   2.393741 -9.000000  0.000000  0.000000 3.66876E-08
#[ls/Fe]_Thiswork =   0.9076, [hs/Fe]_Thiswork =   1.5421
#[hs/ls]_Thiswork =   0.6345, [Pb/hs]_Thiswork =   0.9094
# Elemental abundance ratios: 
# He/H =  9.9463E-02, C/O =  1.6121E+01, N/O = 3.07591E-01
#
#  TP   Mass     Mcore    Menv    log L
# 12 2.222976 0.676887 1.546089 4.075630
# El  Z   log e(X)   [X/H]    [X/Fe]     [X/O]      X(i)
  p   1  12.000000  0.000000  0.000000  0.000000 7.10086E-01
 he   2  11.005448  0.075448  1.219097  1.077593 2.85551E-01
  c   6   8.998449  0.528449  1.672098  1.530594 8.43099E-03
  n   7   7.218895 -0.651105  0.492544  0.351040 1.63339E-04
  o   8   7.745561 -0.984438  0.159210  0.000000 6.27341E-04
  f   9   5.000088  0.540088  1.683736  1.524526 1.33858E-06
 ne  10   7.708338 -0.261662  0.881987  0.722777 7.26289E-04
 na  11   5.670979 -0.639020  0.504628  0.345418 7.59222E-06
 mg  12   6.563412 -1.076588  0.067061 -0.092149 6.26553E-05
 al  13   5.451561 -1.018438  0.125210 -0.034000 5.37633E-06
 si  14   6.414761 -1.135239  0.008410 -0.150801 5.14163E-05
  p  15   4.399975 -1.070024  0.073624 -0.085586 5.48053E-07
  s  16   6.019525 -1.140475  0.003174 -0.156036 2.36269E-05
 cl  17   4.120122 -1.109878  0.033771 -0.125440 3.29325E-07
 ar  18   5.297588 -1.142412  0.001236 -0.157974 5.58384E-06
  k  19   3.949452 -1.130548  0.013101 -0.146109 2.45164E-07
 ca  20   5.146992 -1.143008  0.000641 -0.158569 3.96048E-06
 sc  21   1.995361 -1.054639  0.089010 -0.070200 3.13328E-09
 ti  22   3.779404 -1.130596  0.013052 -0.146158 2.02904E-07
  v  23   2.810905 -1.149096 -0.005447 -0.164657 2.32183E-08
 cr  24   4.480568 -1.159431 -0.015783 -0.174993 1.10761E-06
 mn  25   4.351831 -1.128169  0.015480 -0.143730 8.70070E-07
 fe  26   6.398886 -1.141114  0.000000 -0.156675 9.85646E-05
 co  27   3.894395 -0.975605  0.165509  0.008833 3.25539E-07
 ni  28   5.064016 -1.135983  0.005130 -0.151545 4.79129E-06
 cu  29   3.246673 -1.003327  0.137786 -0.018889 7.89971E-08
 zn  30   3.527996 -1.102004  0.039110 -0.117566 1.55412E-07
 ga  31   2.107590 -0.972410  0.168704  0.012028 6.29239E-09
 ge  32   2.586433 -0.993567  0.147547 -0.009128 1.97451E-08
 as  33   1.273715 -1.026285  0.114829 -0.041847 9.91230E-10
 se  34   2.437883 -0.902117  0.238997  0.082322 1.52455E-08
 br  35   1.571660 -0.968340  0.172774  0.016098 2.09932E-09
 kr  36   2.535592 -0.714408  0.426706  0.270030 2.02617E-08
 rb  37   1.737786 -0.622214  0.518900  0.362225 3.29185E-09
 sr  38   2.631604 -0.248396  0.892718  0.736042 2.64276E-08
  y  39   2.034911 -0.135089  1.006025  0.849349 6.78722E-09
 zr  40   2.426515 -0.103485  1.037628  0.880953 1.71583E-08
 nb  41   1.260015 -0.149984  0.991129  0.834454 1.19099E-09
 mo  42   1.671374 -0.268626  0.872488  0.715813 3.17120E-09
 tc  43  -0.147875 -9.000000  0.000000  0.000000 4.91136E-11
 ru  44   1.331517 -0.428483  0.712631  0.555956 1.52753E-09
 rh  45   0.378759 -0.681241  0.459873  0.303198 1.73400E-10
 pd  46   1.386308 -0.263692  0.877421  0.720746 1.82465E-09
 ag  47   0.489459 -0.710541  0.430573  0.273897 2.34532E-10
 cd  48   1.554094 -0.155906  0.985208  0.828533 2.83631E-09
 in  49   0.442279 -0.317721  0.823393  0.666717 2.23944E-10
 sn  50   2.005269 -0.064731  1.076383  0.919708 8.46460E-09
 sb  51   0.504866 -0.505134  0.635979  0.479304 2.74297E-10
 te  52   1.602786 -0.577214  0.563900  0.407224 3.60153E-09
  i  53   0.679145 -0.870855  0.270259  0.113583 4.27042E-10
 xe  54   1.779757 -0.460243  0.680871  0.524196 5.56992E-09
 cs  55   0.841246 -0.238754  0.902359  0.745684 6.49587E-10
 ba  56   2.577896  0.397896  1.539010  1.382334 3.66018E-08
 la  57   1.594231  0.424231  1.565344  1.408669 3.84417E-09
 ce  58   2.124633  0.544633  1.685747  1.529071 1.31514E-08
 pr  59   1.108618  0.348618  1.489732  1.333056 1.27469E-09
 nd  60   1.879530  0.429530  1.570644  1.413968 7.69955E-09
 pm  61   0.000000 -9.000000  0.000000  0.000000 0.00000E+00
 sm  62   1.080510  0.140510  1.281624  1.124949 1.27495E-09
 eu  63   0.074287 -0.435713  0.705401  0.548726 1.27022E-10
 gd  64   0.968583 -0.081417  1.059697  0.903022 1.03044E-09
 tb  65  -0.034339 -0.354339  0.786775  0.630099 1.03443E-10
 dy  66   1.084581 -0.045419  1.095695  0.939020 1.39086E-09
 ho  67   0.089880 -0.380120  0.760994  0.604318 1.42899E-10
 er  68   0.947170  0.027170  1.168284  1.011609 1.04330E-09
 tm  69  -0.017344 -0.137344  1.003770  0.847095 1.14347E-10
 yb  70   1.263967  0.343967  1.485080  1.328405 2.23853E-09
 lu  71   0.295071  0.205071  1.346184  1.189509 2.43152E-10
 hf  72   1.249606  0.539606  1.680720  1.524045 2.23393E-09
 ta  73   0.304220  0.424220  1.565334  1.408659 2.56817E-10
  w  74   1.195448  0.545448  1.686562  1.529886 2.03113E-09
 re  75   0.271996  0.011997  1.153110  0.996435 2.45382E-10
 os  76   1.197504 -0.152496  0.988618  0.831942 2.11170E-09
 ir  77   0.526491 -0.793509  0.347605  0.190930 4.55128E-10
 pt  78   1.194963 -0.425038  0.716076  0.559401 2.15289E-09
 au  79   0.405334 -0.394666  0.746448  0.589773 3.52840E-10
 hg  80   1.664104  0.494105  1.635218  1.478543 6.52024E-09
 tl  81   1.355989  0.585989  1.727103  1.570428 3.26802E-09
 pb  82   3.418671  1.378671  2.519784  2.363109 3.82746E-07
 bi  83   1.601497  0.951497  2.092610  1.935935 5.88101E-09
 po  84   2.431842 -9.000000  0.000000  0.000000 3.97959E-08
#[ls/Fe]_Thiswork =   0.9788, [hs/Fe]_Thiswork =   1.5967
#[hs/ls]_Thiswork =   0.6179, [Pb/hs]_Thiswork =   0.9231
# Elemental abundance ratios: 
# He/H =  1.0126E-01, C/O =  1.7901E+01, N/O = 2.97395E-01
#
#  TP   Mass     Mcore    Menv    log L
# 13 2.217452 0.678423 1.539029 4.085157
# El  Z   log e(X)   [X/H]    [X/Fe]     [X/O]      X(i)
  p   1  12.000000  0.000000  0.000000  0.000000 7.05873E-01
 he   2  11.012571  0.082571  1.223685  1.067009 2.88551E-01
  c   6   9.050615  0.580615  1.721729  1.565053 9.45061E-03
  n   7   7.221660 -0.648340  0.492774  0.336098 1.63407E-04
  o   8   7.760702 -0.969298  0.171816  0.000000 6.45744E-04
  f   9   5.095097  0.635097  1.776211  1.604395 1.65604E-06
 ne  10   7.781539 -0.188461  0.952653  0.780837 8.54527E-04
 na  11   5.735134 -0.574866  0.566247  0.394432 8.74860E-06
 mg  12   6.583045 -1.056955  0.084158 -0.087657 6.51638E-05
 al  13   5.462339 -1.007661  0.133453 -0.038363 5.47872E-06
 si  14   6.417729 -1.132271  0.008843 -0.162973 5.14618E-05
  p  15   4.409847 -1.060153  0.080961 -0.090855 5.57327E-07
  s  16   6.021913 -1.138087  0.003027 -0.168789 2.36162E-05
 cl  17   4.126462 -1.103538  0.037576 -0.134240 3.32186E-07
 ar  18   5.299732 -1.140268  0.000845 -0.170970 5.57818E-06
  k  19   3.953393 -1.126607  0.014507 -0.157309 2.45931E-07
 ca  20   5.149040 -1.140960  0.000154 -0.171662 3.95560E-06
 sc  21   2.010568 -1.039432  0.101681 -0.070134 3.22568E-09
 ti  22   3.783272 -1.126728  0.014386 -0.157430 2.03504E-07
  v  23   2.812323 -1.147677 -0.006564 -0.178380 2.31561E-08
 cr  24   4.483063 -1.156937 -0.015823 -0.187639 1.10739E-06
 mn  25   4.355557 -1.124443  0.016671 -0.155145 8.72359E-07
 fe  26   6.401229 -1.138771  0.000000 -0.169473 9.85098E-05
 co  27   3.920030 -0.949970  0.188800  0.019328 3.43284E-07
 ni  28   5.067105 -1.132895  0.005876 -0.163597 4.79686E-06
 cu  29   3.266908 -0.983092  0.155678 -0.013794 8.22738E-08
 zn  30   3.534887 -1.095113  0.043658 -0.125815 1.56961E-07
 ga  31   2.127343 -0.952657  0.186114  0.016641 6.54614E-09
 ge  32   2.607013 -0.972987  0.165783 -0.003689 2.05804E-08
 as  33   1.288644 -1.011356  0.127414 -0.042058 1.01981E-09
 se  34   2.465378 -0.874622  0.264148  0.094676 1.61455E-08
 br  35   1.595417 -0.944583  0.194188  0.024715 2.20420E-09
 kr  36   2.577680 -0.672320  0.466450  0.296978 2.21911E-08
 rb  37   1.791597 -0.568403  0.570368  0.400895 3.70396E-09
 sr  38   2.690265 -0.189735  0.949035  0.779562 3.00700E-08
  y  39   2.100286 -0.069715  1.069056  0.899583 7.84301E-09
 zr  40   2.495042 -0.034958  1.103812  0.934340 1.99718E-08
 nb  41   1.331039 -0.078961  1.059810  0.890337 1.39428E-09
 mo  42   1.741854 -0.198146  0.940624  0.771152 3.70782E-09
 tc  43  -0.102253 -9.000000  0.000000  0.000000 5.42300E-11
 ru  44   1.389960 -0.370040  0.768731  0.599258 1.73719E-09
 rh  45   0.424949 -0.635051  0.503719  0.334247 1.91714E-10
 pd  46   1.449702 -0.200298  0.938473  0.769000 2.09890E-09
 ag  47   0.537693 -0.662307  0.476464  0.306991 2.60526E-10
 cd  48   1.621514 -0.088486  1.050285  0.880812 3.29298E-09
 in  49   0.507183 -0.252817  0.885954  0.716481 2.58499E-10
 sn  50   2.075990  0.005990  1.144760  0.975288 9.90245E-09
 sb  51   0.571469 -0.438531  0.700240  0.530767 3.17863E-10
 te  52   1.671163 -0.508837  0.629933  0.460460 4.19063E-09
  i  53   0.716603 -0.833397  0.305374  0.135901 4.62747E-10
 xe  54   1.843330 -0.396670  0.742101  0.572628 6.40969E-09
 cs  55   0.912813 -0.167187  0.971584  0.802111 7.61413E-10
 ba  56   2.633873  0.453873  1.592643  1.423171 4.13899E-08
 la  57   1.646067  0.476067  1.614837  1.445365 4.30580E-09
 ce  58   2.171218  0.591218  1.729988  1.560516 1.45536E-08
 pr  59   1.155068  0.395068  1.533839  1.364366 1.41016E-09
 nd  60   1.920451  0.470451  1.609222  1.439749 8.41013E-09
 pm  61   0.000000 -9.000000  0.000000  0.000000 0.00000E+00
 sm  62   1.120786  0.180786  1.319556  1.150084 1.39054E-09
 eu  63   0.109687 -0.400313  0.738457  0.568985 1.36991E-10
 gd  64   1.007714 -0.042286  1.096485  0.927012 1.12091E-09
 tb  65   0.000948 -0.319052  0.819719  0.650246 1.11534E-10
 dy  66   1.122753 -0.007247  1.131524  0.962051 1.50964E-09
 ho  67   0.124230 -0.345770  0.793001  0.623528 1.53743E-10
 er  68   0.986074  0.066074  1.204845  1.035372 1.13430E-09
 tm  69   0.018972 -0.101028  1.037743  0.868270 1.23582E-10
 yb  70   1.303998  0.383998  1.522768  1.353296 2.44012E-09
 lu  71   0.334421  0.244421  1.383192  1.213719 2.64632E-10
 hf  72   1.288879  0.578879  1.717650  1.548177 2.43086E-09
 ta  73   0.341506  0.461506  1.600277  1.430804 2.78180E-10
  w  74   1.234825  0.584825  1.723596  1.554123 2.21071E-09
 re  75   0.310652  0.050652  1.189422  1.019950 2.66633E-10
 os  76   1.232472 -0.117528  1.021243  0.851770 2.27519E-09
 ir  77   0.548410 -0.771590  0.367181  0.197708 4.75847E-10
 pt  78   1.225906 -0.394094  0.744677  0.575204 2.29816E-09
 au  79   0.436280 -0.363720  0.775051  0.605578 3.76652E-10
 hg  80   1.700076  0.530076  1.668847  1.499374 7.04127E-09
 tl  81   1.398235  0.628235  1.767006  1.597533 3.58052E-09
 pb  82   3.472737  1.432737  2.571508  2.402035 4.30917E-07
 bi  83   1.663842  1.013842  2.152613  1.983140 6.74859E-09
 po  84   2.460630 -9.000000  0.000000  0.000000 4.22710E-08
#[ls/Fe]_Thiswork =   1.0406, [hs/Fe]_Thiswork =   1.6458
#[hs/ls]_Thiswork =   0.6052, [Pb/hs]_Thiswork =   0.9257
# Elemental abundance ratios: 
# He/H =  1.0294E-01, C/O =  1.9495E+01, N/O = 2.89040E-01
#
#  TP   Mass     Mcore    Menv    log L
# 14 2.205157 0.679944 1.525213 4.093802
# El  Z   log e(X)   [X/H]    [X/Fe]     [X/O]      X(i)
  p   1  12.000000  0.000000  0.000000  0.000000 7.01403E-01
 he   2  11.020023  0.090023  1.228794  1.059321 2.91686E-01
  c   6   9.101976  0.631976  1.770747  1.601274 1.05697E-02
  n   7   7.225310 -0.644690  0.494081  0.324608 1.63743E-04
  o   8   7.776662 -0.953338  0.185433  0.000000 6.65674E-04
  f   9   5.182024  0.722024  1.860795  1.675362 2.01020E-06
 ne  10   7.852407 -0.117592  1.021178  0.835745 9.99622E-04
 na  11   5.806536 -0.503464  0.635306  0.449873 1.02466E-05
 mg  12   6.606392 -1.033607  0.105163 -0.080270 6.83274E-05
 al  13   5.473460 -0.996540  0.142231 -0.043202 5.58523E-06
 si  14   6.420942 -1.129058  0.009712 -0.175721 5.15156E-05
  p  15   4.420534 -1.049466  0.089304 -0.096128 5.67594E-07
  s  16   6.024430 -1.135570  0.003201 -0.182232 2.36030E-05
 cl  17   4.133410 -1.096590  0.042181 -0.143252 3.35406E-07
 ar  18   5.301983 -1.138017  0.000754 -0.184679 5.57167E-06
  k  19   3.957694 -1.122306  0.016465 -0.168968 2.46806E-07
 ca  20   5.151168 -1.138832 -0.000062 -0.185494 3.94985E-06
 sc  21   2.027594 -1.022406  0.116364 -0.069069 3.33340E-09
 ti  22   3.787400 -1.122600  0.016171 -0.169262 2.04147E-07
  v  23   2.813847 -1.146153 -0.007383 -0.192816 2.30903E-08
 cr  24   4.485705 -1.154295 -0.015524 -0.200957 1.10709E-06
 mn  25   4.359059 -1.120941  0.017829 -0.167603 8.73854E-07
 fe  26   6.403700 -1.136300  0.000000 -0.182962 9.84445E-05
 co  27   3.950706 -0.919293  0.217006  0.034044 3.66076E-07
 ni  28   5.070710 -1.129290  0.007010 -0.175952 4.80621E-06
 cu  29   3.292879 -0.957121  0.179179 -0.003783 8.67908E-08
 zn  30   3.543268 -1.086732  0.049568 -0.133394 1.59006E-07
 ga  31   2.151183 -0.928817  0.207483  0.024521 6.87173E-09
 ge  32   2.630949 -0.949051  0.187249  0.004287 2.16089E-08
 as  33   1.306027 -0.993973  0.142327 -0.040635 1.05473E-09
 se  34   2.494884 -0.845116  0.291183  0.108221 1.71711E-08
 br  35   1.619901 -0.920099  0.216200  0.033238 2.31727E-09
 kr  36   2.618955 -0.631045  0.505254  0.322292 2.42491E-08
 rb  37   1.843920 -0.516080  0.620219  0.437258 4.15174E-09
 sr  38   2.740067 -0.139933  0.996367  0.813405 3.35103E-08
  y  39   2.157246 -0.012754  1.123545  0.940583 8.88554E-09
 zr  40   2.556877  0.026877  1.163177  0.980215 2.28820E-08
 nb  41   1.396788 -0.013212  1.123087  0.940125 1.61190E-09
 mo  42   1.808848 -0.131152  1.005148  0.822186 4.29888E-09
 tc  43  -0.061066 -9.000000  0.000000  0.000000 5.92471E-11
 ru  44   1.441275 -0.318725  0.817574  0.634612 1.94269E-09
 rh  45   0.465786 -0.594214  0.542086  0.359124 2.09283E-10
 pd  46   1.505210 -0.144790  0.991510  0.808548 2.36996E-09
 ag  47   0.582246 -0.617754  0.518545  0.335583 2.86844E-10
 cd  48   1.682612 -0.027388  1.108912  0.925950 3.76641E-09
 in  49   0.567081 -0.192919  0.943381  0.760419 2.94848E-10
 sn  50   2.143418  0.073418  1.209718  1.026756 1.14925E-08
 sb  51   0.636642 -0.373358  0.762941  0.579979 3.66989E-10
 te  52   1.737878 -0.442122  0.694177  0.511215 4.85551E-09
  i  53   0.755645 -0.794355  0.341944  0.158983 5.03069E-10
 xe  54   1.908315 -0.331685  0.804614  0.621652 7.39713E-09
 cs  55   0.984326 -0.095674  1.040626  0.857664 8.92019E-10
 ba  56   2.694201  0.514201  1.650501  1.467539 4.72568E-08
 la  57   1.703444  0.533444  1.669743  1.486781 4.88282E-09
 ce  58   2.223898  0.643898  1.780198  1.597236 1.63265E-08
 pr  59   1.207350  0.447350  1.583649  1.400687 1.58049E-09
 nd  60   1.966002  0.516001  1.652301  1.469339 9.28099E-09
 pm  61   0.000000 -9.000000  0.000000  0.000000 0.00000E+00
 sm  62   1.166602  0.226602  1.362902  1.179940 1.53547E-09
 eu  63   0.150172 -0.359828  0.776472  0.593510 1.49424E-10
 gd  64   1.052715  0.002715  1.139015  0.956053 1.23541E-09
 tb  65   0.042288 -0.277712  0.858587  0.675626 1.21895E-10
 dy  66   1.166636  0.036636  1.172935  0.989973 1.65957E-09
 ho  67   0.163818 -0.306182  0.830118  0.647156 1.67350E-10
 er  68   1.029431  0.109431  1.245731  1.062769 1.24545E-09
 tm  69   0.060387 -0.059613  1.076686  0.893724 1.35086E-10
 yb  70   1.348970  0.428970  1.565270  1.382308 2.68920E-09
 lu  71   0.379453  0.289453  1.425752  1.242790 2.91686E-10
 hf  72   1.332819  0.622819  1.759119  1.576157 2.67264E-09
 ta  73   0.382495  0.502495  1.638795  1.455833 3.03778E-10
  w  74   1.278669  0.628669  1.764969  1.582007 2.43006E-09
 re  75   0.353921  0.093921  1.230221  1.047259 2.92701E-10
 os  76   1.272811 -0.077189  1.059111  0.876149 2.48083E-09
 ir  77   0.573743 -0.746257  0.390042  0.207080 5.01235E-10
 pt  78   1.260355 -0.359645  0.776655  0.593693 2.47212E-09
 au  79   0.470466 -0.329534  0.806765  0.623803 4.04917E-10
 hg  80   1.739062  0.569062  1.705362  1.522400 7.65382E-09
 tl  81   1.444700  0.674700  1.811000  1.628038 3.95960E-09
 pb  82   3.522305  1.482306  2.618605  2.435643 4.79957E-07
 bi  83   1.724098  1.074098  2.210398  2.027436 7.70388E-09
 po  84   2.488107 -9.000000  0.000000  0.000000 4.47465E-08
#[ls/Fe]_Thiswork =   1.0944, [hs/Fe]_Thiswork =   1.7001
#[hs/ls]_Thiswork =   0.6058, [Pb/hs]_Thiswork =   0.9185
# Elemental abundance ratios: 
# He/H =  1.0472E-01, C/O =  2.1150E+01, N/O = 2.80962E-01
#
#  TP   Mass     Mcore    Menv    log L
# 15 2.174059 0.681381 1.492679 4.101086
# El  Z   log e(X)   [X/H]    [X/Fe]     [X/O]      X(i)
  p   1  12.000000  0.000000  0.000000  0.000000 6.97321E-01
 he   2  11.026827  0.096827  1.233126  1.050164 2.94567E-01
  c   6   9.143298  0.673298  1.809597  1.626636 1.15571E-02
  n   7   7.228672 -0.641328  0.494972  0.312010 1.64055E-04
  o   8   7.790838 -0.939161  0.197138  0.000000 6.83759E-04
  f   9   5.257954  0.797954  1.934254  1.737115 2.38031E-06
 ne  10   7.914453 -0.055547  1.080752  0.883614 1.14643E-03
 na  11   5.875482 -0.434518  0.701782  0.504643 1.19397E-05
 mg  12   6.629074 -1.010926  0.125373 -0.071765 7.15717E-05
 al  13   5.483443 -0.986557  0.149743 -0.047396 5.68184E-06
 si  14   6.423882 -1.126119  0.010181 -0.186957 5.15636E-05
  p  15   4.430282 -1.039718  0.096581 -0.100557 5.77100E-07
  s  16   6.026747 -1.133253  0.003047 -0.194092 2.35912E-05
 cl  17   4.139670 -1.090330  0.045970 -0.151168 3.38295E-07
 ar  18   5.304061 -1.135939  0.000361 -0.196777 5.56581E-06
  k  19   3.961634 -1.118366  0.017933 -0.179205 2.47606E-07
 ca  20   5.153136 -1.136864 -0.000565 -0.197703 3.94470E-06
 sc  21   2.042390 -1.007610  0.128690 -0.068449 3.42886E-09
 ti  22   3.791221 -1.118779  0.017520 -0.179618 2.04752E-07
  v  23   2.815277 -1.144723 -0.008423 -0.205562 2.30317E-08
 cr  24   4.488133 -1.151867 -0.015567 -0.212706 1.10682E-06
 mn  25   4.362396 -1.117604  0.018696 -0.178442 8.75470E-07
 fe  26   6.405967 -1.134033  0.000000 -0.194872 9.83837E-05
 co  27   3.976415 -0.893585  0.240448  0.045576 3.86140E-07
 ni  28   5.074103 -1.125896  0.008137 -0.186735 4.81573E-06
 cu  29   3.315458 -0.934542  0.199492  0.004620 9.08905E-08
 zn  30   3.550913 -1.079087  0.054946 -0.139926 1.60888E-07
 ga  31   2.171958 -0.908042  0.225991  0.031119 7.16648E-09
 ge  32   2.652945 -0.927055  0.206978  0.012106 2.25992E-08
 as  33   1.322762 -0.977237  0.156796 -0.038076 1.08979E-09
 se  34   2.524775 -0.815225  0.318808  0.123936 1.82875E-08
 br  35   1.644742 -0.895258  0.238775  0.043903 2.43940E-09
 kr  36   2.659875 -0.590125  0.543908  0.349036 2.64899E-08
 rb  37   1.894615 -0.465385  0.668648  0.473777 4.63864E-09
 sr  38   2.783895 -0.096105  1.037929  0.843057 3.68529E-08
  y  39   2.203053  0.033053  1.167087  0.972215 9.81650E-09
 zr  40   2.602395  0.072395  1.206428  1.011556 2.52625E-08
 nb  41   1.443773  0.033773  1.167807  0.972935 1.78562E-09
 mo  42   1.855557 -0.084443  1.049591  0.854719 4.75915E-09
 tc  43  -0.042308 -9.000000  0.000000  0.000000 6.15022E-11
 ru  44   1.481737 -0.278263  0.855770  0.660898 2.11998E-09
 rh  45   0.498563 -0.561437  0.572596  0.377724 2.24376E-10
 pd  46   1.546762 -0.103238  1.030795  0.835923 2.59273E-09
 ag  47   0.615618 -0.584382  0.549651  0.354779 3.07952E-10
 cd  48   1.725052  0.015052  1.149085  0.954213 4.12888E-09
 in  49   0.608377 -0.151623  0.982411  0.787539 3.22373E-10
 sn  50   2.189822  0.119822  1.253855  1.058984 1.27140E-08
 sb  51   0.682156 -0.327844  0.806189  0.611317 4.05165E-10
 te  52   1.784736 -0.395264  0.738769  0.543897 5.37723E-09
  i  53   0.784680 -0.765320  0.368714  0.173842 5.34722E-10
 xe  54   1.954233 -0.285767  0.848266  0.653394 8.17424E-09
 cs  55   1.033948 -0.046052  1.087981  0.893109 9.94172E-10
 ba  56   2.746401  0.566401  1.700434  1.505562 5.29821E-08
 la  57   1.756399  0.586399  1.720432  1.525560 5.48393E-09
 ce  58   2.278137  0.698137  1.832170  1.637298 1.83906E-08
 pr  59   1.261867  0.501867  1.635900  1.441028 1.78145E-09
 nd  60   2.017134  0.567134  1.701167  1.506295 1.03799E-08
 pm  61   0.000000 -9.000000  0.000000  0.000000 0.00000E+00
 sm  62   1.218658  0.278658  1.412692  1.217820 1.72093E-09
 eu  63   0.197128 -0.312872  0.821162  0.626290 1.65517E-10
 gd  64   1.104122  0.054122  1.188155  0.993284 1.38256E-09
 tb  65   0.089713 -0.230287  0.903746  0.708874 1.35169E-10
 dy  66   1.217310  0.087310  1.221343  1.026471 1.85411E-09
 ho  67   0.210368 -0.259632  0.874401  0.679529 1.85200E-10
 er  68   1.081097  0.161097  1.295130  1.100258 1.39463E-09
 tm  69   0.109472 -0.010528  1.123505  0.928634 1.50370E-10
 yb  70   1.402776  0.482776  1.616809  1.421937 3.02618E-09
 lu  71   0.433134  0.343134  1.477167  1.282295 3.28143E-10
 hf  72   1.386481  0.676481  1.810514  1.615643 3.00654E-09
 ta  73   0.433409  0.553409  1.687442  1.492570 3.39574E-10
  w  74   1.332487  0.682487  1.816520  1.621648 2.73464E-09
 re  75   0.407463  0.147463  1.281496  1.086624 3.29178E-10
 os  76   1.322291 -0.027709  1.106325  0.911453 2.76403E-09
 ir  77   0.606492 -0.713508  0.420525  0.225653 5.37348E-10
 pt  78   1.304500 -0.315500  0.818533  0.623661 2.72069E-09
 au  79   0.514832 -0.285168  0.848866  0.653994 4.45859E-10
 hg  80   1.790267  0.620267  1.754300  1.559428 8.56146E-09
 tl  81   1.503127  0.733127  1.867160  1.672288 4.50344E-09
 pb  82   3.562677  1.522677  2.656711  2.461839 5.23647E-07
 bi  83   1.769855  1.119855  2.253888  2.059016 8.51004E-09
 po  84   2.509691 -9.000000  0.000000  0.000000 4.67530E-08
#[ls/Fe]_Thiswork =   1.1371, [hs/Fe]_Thiswork =   1.7510
#[hs/ls]_Thiswork =   0.6139, [Pb/hs]_Thiswork =   0.9057
# Elemental abundance ratios: 
# He/H =  1.0637E-01, C/O =  2.2514E+01, N/O = 2.74053E-01
#
#  TP   Mass     Mcore    Menv    log L
# 16 1.898533 0.682947 1.215586 4.106857
# El  Z   log e(X)   [X/H]    [X/Fe]     [X/O]      X(i)
  p   1  12.000000  0.000000  0.000000  0.000000 6.93017E-01
 he   2  11.033956  0.103955  1.237988  1.043117 2.97594E-01
  c   6   9.183479  0.713479  1.847512  1.652640 1.25992E-02
  n   7   7.233158 -0.636842  0.497191  0.302319 1.64735E-04
  o   8   7.805625 -0.924375  0.209659  0.000000 7.03074E-04
  f   9   5.329611  0.869611  2.003644  1.793985 2.78999E-06
 ne  10   7.974997  0.004997  1.139030  0.929371 1.30979E-03
 na  11   5.949579 -0.360421  0.773612  0.563953 1.40735E-05
 mg  12   6.653838 -0.986162  0.147871 -0.061787 7.53038E-05
 al  13   5.494095 -0.975905  0.158128 -0.051530 5.78698E-06
 si  14   6.427012 -1.122988  0.011045 -0.198613 5.16161E-05
  p  15   4.440577 -1.029423  0.104610 -0.105048 5.87297E-07
  s  16   6.029202 -1.130798  0.003235 -0.206424 2.35785E-05
 cl  17   4.146288 -1.083712  0.050322 -0.159337 3.41369E-07
 ar  18   5.306264 -1.133736  0.000297 -0.209362 5.55958E-06
  k  19   3.965814 -1.114186  0.019847 -0.189812 2.48457E-07
 ca  20   5.155218 -1.134782 -0.000749 -0.210407 3.93920E-06
 sc  21   2.057988 -0.992012  0.142021 -0.067637 3.53231E-09
 ti  22   3.795296 -1.114704  0.019329 -0.190330 2.05407E-07
  v  23   2.816819 -1.143181 -0.009148 -0.218806 2.29709E-08
 cr  24   4.490706 -1.149293 -0.015260 -0.224919 1.10652E-06
 mn  25   4.365858 -1.114142  0.019891 -0.189767 8.77029E-07
 fe  26   6.408366 -1.131634  0.000000 -0.207259 9.83182E-05
 co  27   4.002559 -0.867441  0.264193  0.056934 4.07569E-07
 ni  28   5.077739 -1.122261  0.009373 -0.197886 4.82623E-06
 cu  29   3.339417 -0.910583  0.221050  0.013791 9.54527E-08
 zn  30   3.559561 -1.070439  0.061194 -0.146065 1.63110E-07
 ga  31   2.195291 -0.884709  0.246924  0.039665 7.51536E-09
 ge  32   2.677748 -0.902252  0.229382  0.022122 2.37797E-08
 as  33   1.342012 -0.957988  0.173646 -0.033613 1.13215E-09
 se  34   2.557887 -0.782113  0.349521  0.142262 1.96145E-08
 br  35   1.671592 -0.868408  0.263226  0.055966 2.57895E-09
 kr  36   2.702303 -0.547697  0.583937  0.376678 2.90282E-08
 rb  37   1.946615 -0.413385  0.718249  0.510990 5.19640E-09
 sr  38   2.826097 -0.053904  1.077730  0.870471 4.03630E-08
  y  39   2.246945  0.076945  1.208579  1.001320 1.07934E-08
 zr  40   2.646235  0.116235  1.247869  1.040610 2.77733E-08
 nb  41   1.488960  0.078960  1.210594  1.003335 1.96919E-09
 mo  42   1.900698 -0.039302  1.092331  0.885072 5.24784E-09
 tc  43  -0.022523 -9.000000  0.000000  0.000000 6.39715E-11
 ru  44   1.519906 -0.240094  0.891540  0.684281 2.30044E-09
 rh  45   0.530040 -0.529960  0.601674  0.394414 2.39753E-10
 pd  46   1.586862 -0.063138  1.068495  0.861236 2.82597E-09
 ag  47   0.649024 -0.550976  0.580658  0.373399 3.30521E-10
 cd  48   1.767354  0.057354  1.188988  0.981729 4.52321E-09
 in  49   0.649712 -0.110288  1.021345  0.814086 3.52375E-10
 sn  50   2.235071  0.165071  1.296705  1.089446 1.40230E-08
 sb  51   0.726458 -0.283542  0.848091  0.640832 4.45908E-10
 te  52   1.830276 -0.349724  0.781910  0.574651 5.93485E-09
  i  53   0.814074 -0.735926  0.395707  0.188448 5.68633E-10
 xe  54   1.999312 -0.240688  0.890946  0.683687 9.01233E-09
 cs  55   1.082190  0.002190  1.133823  0.926564 1.10411E-09
 ba  56   2.798045  0.618045  1.749679  1.542420 5.93040E-08
 la  57   1.808954  0.638954  1.770588  1.563329 6.15119E-09
 ce  58   2.331589  0.751589  1.883222  1.675963 2.06709E-08
 pr  59   1.315462  0.555462  1.687096  1.479837 2.00300E-09
 nd  60   2.067292  0.617292  1.748926  1.541667 1.15787E-08
 pm  61   0.000000 -9.000000  0.000000  0.000000 0.00000E+00
 sm  62   1.269673  0.329673  1.461307  1.254048 1.92349E-09
 eu  63   0.243640 -0.266360  0.865274  0.658015 1.83090E-10
 gd  64   1.154675  0.104676  1.236309  1.029050 1.54365E-09
 tb  65   0.136823 -0.183177  0.948456  0.741197 1.49726E-10
 dy  66   1.267109  0.137109  1.268743  1.061484 2.06655E-09
 ho  67   0.256411 -0.213589  0.918044  0.710785 2.04641E-10
 er  68   1.131342  0.211342  1.342976  1.135716 1.55602E-09
 tm  69   0.157558  0.037558  1.169192  0.961933 1.66939E-10
 yb  70   1.454740  0.534740  1.666373  1.459114 3.38976E-09
 lu  71   0.485133  0.395133  1.526767  1.319508 3.67597E-10
 hf  72   1.438405  0.728405  1.860039  1.652780 3.36746E-09
 ta  73   0.482879  0.602879  1.734512  1.527253 3.78195E-10
  w  74   1.384499  0.734499  1.866132  1.658873 3.06353E-09
 re  75   0.459329  0.199329  1.330962  1.123703 3.68645E-10
 os  76   1.370858  0.020858  1.152492  0.945233 3.07199E-09
 ir  77   0.639812 -0.680189  0.451445  0.244186 5.76616E-10
 pt  78   1.348069 -0.271931  0.859703  0.652444 2.98924E-09
 au  79   0.558389 -0.241611  0.890022  0.682763 4.89852E-10
 hg  80   1.838998  0.668998  1.800632  1.593372 9.51898E-09
 tl  81   1.558837  0.788837  1.920471  1.713212 5.08821E-09
 pb  82   3.601604  1.561604  2.693238  2.485979 5.69216E-07
 bi  83   1.813665  1.163665  2.295299  2.088040 9.35521E-09
 po  84   2.530442 -9.000000  0.000000  0.000000 4.87385E-08
#[ls/Fe]_Thiswork =   1.1781, [hs/Fe]_Thiswork =   1.8012
#[hs/ls]_Thiswork =   0.6231, [Pb/hs]_Thiswork =   0.8921
# Elemental abundance ratios: 
# He/H =  1.0813E-01, C/O =  2.3870E+01, N/O = 2.67629E-01
#
# Final abundances
# El  Z   log e(X)   [X/H]    [X/Fe]     [X/O]      X(i)
  p   1  12.000000  0.000000  0.000000  0.000000 6.88212E-01
 he   2  11.041871  0.111871  1.240806  1.020191 3.00967E-01
  c   6   9.224480  0.754479  1.883415  1.662800 1.37505E-02
  n   7   7.248835 -0.621165  0.507771  0.287156 1.69606E-04
  o   8   7.821679 -0.908320  0.220615  0.000000 7.24492E-04
  f   9   5.402421  0.942421  2.071357  1.850742 3.27636E-06
 ne  10   8.038157  0.068157  1.197092  0.976477 1.50432E-03
 na  11   6.032391 -0.277609  0.851326  0.630712 1.69119E-05
 mg  12   6.681969 -0.958031  0.170905 -0.049710 7.97859E-05
 al  13   5.506205 -0.963795  0.165141 -0.055474 5.90937E-06
 si  14   6.430531 -1.119470  0.009466 -0.211149 5.16752E-05
  p  15   4.451987 -1.018013  0.110922 -0.109693 5.98751E-07
  s  16   6.031965 -1.128035  0.000900 -0.219715 2.35645E-05
 cl  17   4.153638 -1.076362  0.052574 -0.168041 3.44789E-07
 ar  18   5.308747 -1.131253 -0.002318 -0.222933 5.55269E-06
  k  19   3.970437 -1.109563  0.019372 -0.201242 2.49375E-07
 ca  20   5.157573 -1.132427 -0.003492 -0.224107 3.93315E-06
 sc  21   2.074769 -0.975231  0.153704 -0.066911 3.64602E-09
 ti  22   3.799892 -1.110107  0.018828 -0.201787 2.06153E-07
  v  23   2.818583 -1.141418 -0.012482 -0.233097 2.29045E-08
 cr  24   4.493601 -1.146399 -0.017464 -0.238079 1.10620E-06
 mn  25   4.369795 -1.110205  0.018730 -0.201885 8.78880E-07
 fe  26   6.411065 -1.128935  0.000000 -0.220615 9.82451E-05
 co  27   4.029534 -0.840466  0.288469  0.067854 4.30679E-07
 ni  28   5.081847 -1.118153  0.010782 -0.209833 4.83832E-06
 cu  29   3.364891 -0.885109  0.243826  0.023211 1.00517E-07
 zn  30   3.569339 -1.060661  0.068274 -0.152341 1.65668E-07
 ga  31   2.220025 -0.859975  0.268960  0.048346 7.90066E-09
 ge  32   2.703338 -0.876662  0.252273  0.031658 2.50481E-08
 as  33   1.361719 -0.938281  0.190655 -0.029960 1.17650E-09
 se  34   2.590278 -0.749722  0.379213  0.158598 2.09868E-08
 br  35   1.697741 -0.842259  0.286676  0.066061 2.72002E-09
 kr  36   2.744989 -0.505011  0.623925  0.403310 3.18042E-08
 rb  37   1.997044 -0.362956  0.765979  0.545364 5.79574E-09
 sr  38   2.872345 -0.007655  1.121280  0.900665 4.45872E-08
  y  39   2.296103  0.126103  1.255039  1.034424 1.20032E-08
 zr  40   2.696843  0.166843  1.295779  1.075164 3.09895E-08
 nb  41   1.540832  0.130832  1.259767  1.039152 2.20362E-09
 mo  42   1.952801  0.012801  1.141736  0.921121 5.87574E-09
 tc  43   0.027699 -9.000000  0.000000  0.000000 7.13160E-11
 ru  44   1.565017 -0.194983  0.933952  0.713337 2.53455E-09
 rh  45   0.568633 -0.491367  0.637568  0.416954 2.60217E-10
 pd  46   1.634871 -0.015128  1.113807  0.893192 3.13442E-09
 ag  47   0.689034 -0.510967  0.617969  0.397354 3.59905E-10
 cd  48   1.817180  0.107180  1.236115  1.015500 5.03791E-09
 in  49   0.698370 -0.061630  1.067305  0.846690 3.91419E-10
 sn  50   2.286910  0.216910  1.345845  1.125231 1.56913E-08
 sb  51   0.776641 -0.233359  0.895576  0.674961 4.97058E-10
 te  52   1.881223 -0.298777  0.830158  0.609543 6.62729E-09
  i  53   0.848031 -0.701969  0.426966  0.206352 6.10615E-10
 xe  54   2.048203 -0.191797  0.937139  0.716524 1.00163E-08
 cs  55   1.134012  0.054012  1.182948  0.962333 1.23542E-09
 ba  56   2.844758  0.664758  1.793693  1.573078 6.55807E-08
 la  57   1.854453  0.684453  1.813388  1.592774 6.78323E-09
 ce  58   2.376586  0.796586  1.925521  1.704906 2.27686E-08
 pr  59   1.360430  0.600430  1.729365  1.508750 2.20612E-09
 nd  60   2.109866  0.659866  1.788801  1.568187 1.26828E-08
 pm  61   0.000000 -9.000000  0.000000  0.000000 0.00000E+00
 sm  62   1.312746  0.372746  1.501681  1.281066 2.10931E-09
 eu  63   0.283284 -0.226716  0.902220  0.681605 1.99199E-10
 gd  64   1.197227  0.147227  1.276162  1.055547 1.69075E-09
 tb  65   0.176715 -0.143285  0.985650  0.765035 1.62993E-10
 dy  66   1.309170  0.179170  1.308105  1.087490 2.26092E-09
 ho  67   0.295685 -0.174315  0.954620  0.734005 2.22457E-10
 er  68   1.174089  0.254089  1.383025  1.162410 1.70506E-09
 tm  69   0.198635  0.078635  1.207570  0.986956 1.82228E-10
 yb  70   1.498781  0.578781  1.707716  1.487102 3.72555E-09
 lu  71   0.529091  0.439091  1.568026  1.347411 4.03933E-10
 hf  72   1.482569  0.772569  1.901504  1.680889 3.70208E-09
 ta  73   0.525559  0.645559  1.774495  1.553880 4.14357E-10
  w  74   1.428969  0.778969  1.907905  1.687290 3.37032E-09
 re  75   0.503934  0.243934  1.372869  1.152254 4.05688E-10
 os  76   1.412674  0.062674  1.191609  0.970994 3.35904E-09
 ir  77   0.669836 -0.650164  0.478771  0.258156 6.13606E-10
 pt  78   1.386697 -0.233303  0.895632  0.675017 3.24465E-09
 au  79   0.597236 -0.202764  0.926171  0.705556 5.31975E-10
 hg  80   1.882091  0.712091  1.841026  1.620411 1.04391E-08
 tl  81   1.607765  0.837765  1.966701  1.746086 5.65551E-09
 pb  82   3.642897  1.602897  2.731832  2.511217 6.21653E-07
 bi  83   1.858961  1.208961  2.337896  2.117281 1.03116E-08
 po  84   2.551015 -9.000000  0.000000  0.000000 5.07484E-08
#[ls/Fe]_Thiswork =   1.2240, [hs/Fe]_Thiswork =   1.8442
#[hs/ls]_Thiswork =   0.6202, [Pb/hs]_Thiswork =   0.8876
# Elemental abundance ratios: 
# He/H =  1.1012E-01, C/O =  2.5281E+01, N/O = 2.67397E-01
